Segment,1D-CNN,ANN,GRU,Selected
S1,0.1671382555214083,0.19536384715235802,0.6374978973262319,GRU
S2,0.36103160877697155,0.3493076227634939,0.2896607684595345,1D-CNN
S3,0.3396011098396259,0.1933689098738813,0.46702998028649273,GRU
S4,0.29570253423380455,0.3779971117336929,0.32630035403250257,ANN
S5,0.2727879106061693,0.2223091342340847,0.5049029551597458,GRU
S6,0.35725394532126853,0.4253205332115315,0.21742552146719724,ANN
S7,0.12185855951004876,0.6040895183630998,0.2740519221268512,ANN
S8,0.23462020790908417,0.5757079595385121,0.18967183255240436,ANN
S9,0.46432603504816417,0.3320832673243296,0.20359069762750756,1D-CNN
S10,0.37427159399395954,0.4228091014397308,0.2029193045663092,ANN
S11,0.4488710968307988,0.31866687632289653,0.23246202684630385,1D-CNN
S12,0.384597613079883,0.3760114291502715,0.23939095776984531,1D-CNN
S13,0.38207323887346867,0.18328734237629388,0.43463941875023665,GRU
S14,0.4144144134500567,0.4208972091288049,0.16468837742113815,ANN
S15,0.2434838018882383,0.4598421287686758,0.2966740693430872,ANN
S16,0.4568171761215231,0.34421609076824994,0.19896673311022778,1D-CNN
S17,0.16255040530919768,0.3303935546084271,0.5070560400823753,GRU
S18,0.3163920837327451,0.428081324943843,0.2555265913234118,ANN
S19,0.2613035914336944,0.22153337565720047,0.5171630329091046,GRU
S20,0.3957572918383594,0.39729551837631555,0.2069471897853247,ANN
S21,0.19377547029818157,0.30796092477645826,0.4982636049253601,GRU
S22,0.387733730347107,0.4986299731530756,0.11363629649981702,ANN
S23,0.45120919806242915,0.435998504496461,0.11279229744111037,1D-CNN
S24,0.15278971305469355,0.7294690099149015,0.11774127703040674,ANN
S25,0.5931195686055485,0.24359526763901557,0.1632851637554346,1D-CNN
S26,0.5171868819235391,0.38616497445067843,0.09664814362578111,1D-CNN
S27,0.2889018632130157,0.36194413957221294,0.34915399721476903,ANN
S28,0.2950666114833014,0.5701410984202061,0.13479229009649113,ANN
S29,0.4412328311202525,0.3002530231793533,0.2585141457003933,1D-CNN
S30,0.27234712240986503,0.6361493363586044,0.09150354123153016,ANN
S31,0.41396387765697285,0.40014000519377685,0.18589611714924956,1D-CNN
S32,0.22405410219229555,0.7332779194763719,0.04266797833133318,ANN
S33,0.24349152780537092,0.6188737127840107,0.13763475941061815,ANN
S34,0.19364055483810383,0.7724334384229921,0.0339260067389042,ANN
S35,0.36307370151954876,0.4052990022999179,0.23162729618053332,ANN
S36,0.5876465512798295,0.3217618370404762,0.09059161167969364,1D-CNN
S37,0.5812478449855614,0.25108463500815653,0.16766752000628393,1D-CNN
S38,0.3289821355796439,0.5570423737374381,0.1139754906829178,ANN
S39,0.32624302069906597,0.5118662217780466,0.16189075752288667,ANN
S40,0.5008016487248905,0.3609185810460426,0.138279770229066,1D-CNN
S41,0.1841627895533981,0.6261245753084977,0.18971263513810416,ANN
S42,0.322429017577843,0.4098764849292091,0.2676944974929467,ANN
S43,0.5298752928349846,0.28817968485802475,0.18194502230698914,1D-CNN
S44,0.1337383677294553,0.1881722280455674,0.6780894042249773,GRU
S45,0.2915454467898688,0.41522499708599203,0.2932295561241391,ANN
S46,0.3966913108382184,0.21658008284121022,0.3867286063205709,1D-CNN
S47,0.3282158992164679,0.4346202251652257,0.23716387561830726,ANN
S48,0.24495251744882177,0.20656089722240156,0.5484865853287763,GRU
S49,0.3355697433606263,0.2588316395917139,0.4055986170476573,GRU
S50,0.29003934951019833,0.2507759403772152,0.4591847101125854,GRU
S51,0.3249232835266569,0.27195673016611627,0.4031199863072268,GRU
S52,0.352771325374307,0.31281642512787855,0.33441224949781645,1D-CNN
S53,0.26442728056279474,0.37800701845353774,0.35756570098366897,ANN
S54,0.29204079110361414,0.5128253037846542,0.19513390511173245,ANN
S55,0.0868637905739121,0.7987411694880256,0.11439503993806231,ANN
S56,0.04683272999540806,0.8695543128811973,0.08361295712339395,ANN
S57,0.17344514214855833,0.5136673264353904,0.3128875314160524,ANN
S58,0.3975102067660696,0.3128232275887281,0.28966656564520193,1D-CNN
S59,0.5122112336114268,0.1732777076867595,0.3145110587018127,1D-CNN
S60,0.49145003975358315,0.21183012701640902,0.2967198332300075,1D-CNN
S61,0.3467333771808303,0.3184329024458586,0.3348337203733124,1D-CNN
S62,0.16104023815072988,0.7598933580189077,0.07906640383036134,ANN
S63,0.2487260022445848,0.6580454424071374,0.0932285553482776,ANN
S64,0.08181262402220273,0.8476446446437496,0.07054273133404655,ANN
S65,0.16887975466096145,0.5061901634437339,0.32493008189530637,ANN
S66,0.32060765039460565,0.45724968626114026,0.22214266334425462,ANN
S67,0.20747978395115158,0.31235831383792567,0.48016190221092075,GRU
S68,0.34064381850828984,0.3313373805250201,0.3280188009666921,1D-CNN
S69,0.28782828489742934,0.22939271372160208,0.48277900138097063,GRU
S70,0.24626910857308656,0.31716161847726737,0.43656927294964615,GRU
S71,0.27057463041475033,0.4332881508706927,0.2961372187145575,ANN
S72,0.18308522535807578,0.38048927241994396,0.4364255022219802,GRU
S73,0.157007048892127,0.29136750266918665,0.5516254484386841,GRU
S74,0.43981854715435265,0.391862347959577,0.16831910488606933,1D-CNN
S75,0.4695807334751579,0.2905371028766068,0.2398821636482344,1D-CNN
S76,0.3028919858304997,0.2722767879820066,0.4248312261874938,GRU
S77,0.5780439527315322,0.2894307798765412,0.13252526739192655,1D-CNN
S78,0.4389043896087393,0.24803327132634562,0.3130623390649164,1D-CNN
S79,0.3446790986352751,0.4815124595638591,0.17380844180086558,ANN
S80,0.4059774549192982,0.3734089346685615,0.22061361041213864,1D-CNN
S81,0.36403442310814615,0.23637110798655955,0.3995944689052944,GRU
S82,0.31021336767875257,0.32216127126304167,0.3676253610582057,GRU
S83,0.4790160963667755,0.29847301568930373,0.22251088794391996,1D-CNN
S84,0.46999040019283783,0.1777252035606205,0.35228439624654123,1D-CNN
S85,0.715321904527492,0.11183770801359376,0.1728403874589142,1D-CNN
S86,0.49847414630965303,0.29561877521314084,0.20590707847720577,1D-CNN
S87,0.38380530450829586,0.4362460845331087,0.17994861095859557,ANN
S88,0.6331726063814576,0.2928082526296657,0.07401914098887673,1D-CNN
S89,0.3363899712584636,0.3771821388867161,0.28642788985482026,ANN
S90,0.33846623668188036,0.31485697102173194,0.34667679229638765,GRU
S91,0.43777495325462745,0.39600090357413037,0.16622414317124176,1D-CNN
S92,0.4210559111180522,0.32415607110876116,0.25478801777318755,1D-CNN
S93,0.3642782756611606,0.37599137836599067,0.2597303459728473,ANN
S94,0.3276250900164491,0.42106607791391265,0.2513088320696403,ANN
S95,0.5326152272617269,0.32532066104276847,0.1420641116955044,1D-CNN
S96,0.3878736069068738,0.4212280011183918,0.19089839197473352,ANN
S97,0.334704868660607,0.47064708142910894,0.19464804991028692,ANN
S98,0.572356467204473,0.30039087548837506,0.1272526573071516,1D-CNN
S99,0.41645204589174356,0.2890923545830272,0.2944555995252274,1D-CNN
S100,0.3719765388183666,0.5172621324772776,0.11076132870435565,ANN
S101,0.3744186266204184,0.3987361014652701,0.22684527191431134,ANN
S102,0.3435316068477444,0.4032444314122147,0.25322396174004025,ANN
S103,0.37876807941657115,0.3099272586004074,0.31130466198302137,1D-CNN
S104,0.43633447282015203,0.37880967722142433,0.18485584995842302,1D-CNN
S105,0.37901755249601077,0.37351138582810933,0.2474710616758833,1D-CNN
S106,0.49163811444815425,0.3405675587345164,0.16779432681732756,1D-CNN
S107,0.27336010976386443,0.484098138908234,0.24254175132790157,ANN
S108,0.39818352828251213,0.410290928244308,0.19152554347317988,ANN
S109,0.4042933673504438,0.35535528853578097,0.2403513441137752,1D-CNN
S110,0.3293260914935084,0.41286476357950735,0.2578091449269848,ANN
S111,0.6597580318884146,0.25083068189683605,0.08941128621474925,1D-CNN
S112,0.37673630083616494,0.38079139518561234,0.2424723039782224,ANN
S113,0.22284896076413374,0.6100893724128291,0.16706166682303514,ANN
S114,0.4084932894150945,0.3761603509821337,0.21534635960277201,1D-CNN
S115,0.3365612164827184,0.5204844496913286,0.14295433382595102,ANN
S116,0.25770925982043463,0.40055288770690994,0.3417378524726554,ANN
S117,0.4723427035749092,0.37991809270540594,0.14773920371968294,1D-CNN
S118,0.24883333360822124,0.17232932028284834,0.5788373461089291,GRU
S119,0.43289081805058116,0.4615024228194614,0.10560675912995855,ANN
S120,0.3717328159808723,0.23805432818582642,0.3902128558333011,GRU
S121,0.26401253758301996,0.530799073369731,0.20518838904724782,ANN
S122,0.23976263395759162,0.21862787927251243,0.5416094867698945,GRU
S123,0.44440053753697745,0.3468675109934385,0.20873195146958365,1D-CNN
S124,0.32531797682038005,0.3519288120703279,0.322753211109294,ANN
S125,0.3043552087974024,0.3655372790183157,0.33010751218428064,ANN
S126,0.3934854863065814,0.2737712372242015,0.3327432764692167,1D-CNN
S127,0.2691669780357643,0.5040881846246253,0.22674483733961057,ANN
S128,0.10145627552434945,0.7950065942475725,0.10353713022808023,ANN
S129,0.18475225948099602,0.6201116637878561,0.1951360767311474,ANN
S130,0.2584414778686377,0.6041118573830216,0.1374466647483408,ANN
S131,0.5689717098305727,0.29804024725819744,0.13298804291122934,1D-CNN
S132,0.6568088563343428,0.25795968183047246,0.08523146183518657,1D-CNN
S133,0.3301465108874668,0.5194703252564977,0.15038316385603553,ANN
S134,0.2747677873480828,0.5929031796873265,0.13232903296459234,ANN
S135,0.25539371078094686,0.6097237440586432,0.13488254516041293,ANN
S136,0.3149251101435385,0.5491199318523912,0.13595495800406954,ANN
S137,0.32058222587100177,0.4408002375822591,0.2386175365467386,ANN
S138,0.33097260755013297,0.44840553662950683,0.22062185582036012,ANN
S139,0.34951754118165484,0.43972324203229635,0.2107592167860482,ANN
S140,0.4698106404618708,0.44023157901561405,0.08995778052251716,1D-CNN
S141,0.16187462605118366,0.6842818235480923,0.15384355040072592,ANN
S142,0.09011403954875111,0.818185526264353,0.09170043418689534,ANN
S143,0.6476933634098456,0.29655448688477437,0.055752149705381046,1D-CNN
S144,0.2235594710776501,0.6383847921885836,0.13805573673376617,ANN
S145,0.2278576029933299,0.5388882300884804,0.23325416691819023,ANN
S146,0.38116547338788004,0.40624066968985245,0.212593856922267,ANN
S147,0.44249257271084164,0.35794631004129873,0.19956111724786005,1D-CNN
S148,0.283805881726177,0.5455208694624434,0.1706732488113803,ANN
S149,0.3091559375342719,0.5236938313587765,0.16715023110695365,ANN
S150,0.3204546642478467,0.5833491824022052,0.09619615334994751,ANN
S151,0.24815839187643918,0.6164961453769016,0.13534546274665918,ANN
S152,0.29445038011642355,0.5988750636984377,0.10667455618513921,ANN
S153,0.5251784787551486,0.2942201044662343,0.18060141677861638,1D-CNN
S154,0.6793324084689065,0.17240872156103695,0.14825886997005833,1D-CNN
S155,0.40607673503128416,0.3501429490636054,0.24378031590511043,1D-CNN
S156,0.22490273619803833,0.7328578081087882,0.04223945569317411,ANN
S157,0.241663096938241,0.6371403519868014,0.12119655107495661,ANN
S158,0.2473577944511578,0.6535953787075999,0.09904682684124191,ANN
S159,0.30374845065917144,0.5033648825764079,0.19288666676441865,ANN
S160,0.566097663815572,0.28366219698285433,0.15024013920157614,1D-CNN
S161,0.3245451104677566,0.44738430206764246,0.22807058746460096,ANN
S162,0.33053444624155087,0.35791227578753354,0.31155327797091636,ANN
S163,0.3334529626145355,0.4700677230157355,0.19647931436973096,ANN
S164,0.5021365402904865,0.21480555972679882,0.28305789998271463,1D-CNN
S165,0.3041492134757331,0.4805582354558277,0.2152925510684393,ANN
S166,0.34473111344054513,0.2213517451557256,0.4339171414037273,GRU
S167,0.3592283148376304,0.5997192989227281,0.041052386239641116,ANN
S168,0.30917951594299425,0.20980400459414805,0.481016479462859,GRU
S169,0.36892550059372603,0.5120491529009593,0.11902534650531515,ANN
S170,0.4529832624649793,0.2035366340673924,0.3434801034676303,1D-CNN
S171,0.3527301909570613,0.5866153603574684,0.0606544486854693,ANN
S172,0.23182642383976454,0.5716782001233238,0.1964953760369105,ANN
S173,0.2879144317182052,0.5845881701250865,0.1274973981567085,ANN
S174,0.35214957179878464,0.34060298266176753,0.3072474455394464,1D-CNN
S175,0.5016786968186292,0.37525129663831047,0.12307000654305926,1D-CNN
S176,0.4262771267820119,0.4050486357125372,0.1686742375054508,1D-CNN
S177,0.32482063710668163,0.4860598856930495,0.1891194772002686,ANN
S178,0.21772155437622648,0.642070205553431,0.14020824007034127,ANN
S179,0.36310748403923354,0.5012120555845857,0.13568046037617887,ANN
S180,0.514946775876571,0.34264200714757415,0.14241121697585568,1D-CNN
S181,0.41940877693324696,0.4514619151420274,0.12912930792472446,ANN
S182,0.22518355153268035,0.630878851380405,0.1439375970869146,ANN
S183,0.2030263158983321,0.7741192136586975,0.02285447044297081,ANN
S184,0.5685571110995018,0.2595994163549647,0.1718434725455362,1D-CNN
S185,0.22057143556403275,0.6617086380413993,0.11771992639456781,ANN
S186,0.3423230850186838,0.34959330849180686,0.3080836064895078,ANN
S187,0.27703624138518235,0.4936851696034227,0.22927858901139428,ANN
S188,0.1884369430414735,0.20517459142523503,0.6063884655332911,GRU
S189,0.30532568305772617,0.28765495324571866,0.4070193636965538,GRU
S190,0.2512454740190286,0.1431960878500249,0.6055584381309465,GRU
S191,0.4673938217275088,0.16734491308671526,0.36526126518577584,1D-CNN
S192,0.30446759055909756,0.10155820124958198,0.5939742081913206,GRU
S193,0.28947853476548135,0.14567578194940892,0.5648456832851123,GRU
S194,0.3075806467624529,0.22053404461939136,0.4718853086181553,GRU
S195,0.28508897576848824,0.2668959247649336,0.4480150994665775,GRU
S196,0.223806718059989,0.33210975627376854,0.44408352566624254,GRU
S197,0.22433618275381856,0.39872292426057593,0.37694089298560557,ANN
S198,0.21298702392983648,0.5818334538405036,0.20517952222966265,ANN
S199,0.08434645643260383,0.8047769558025339,0.1108765877648613,ANN
S200,0.06336313442842897,0.8740073184565006,0.0626295471150698,ANN
S201,0.10972884024123337,0.7328372686597464,0.15743389109901945,ANN
S202,0.33163988548580936,0.4768936479285192,0.19146646658566918,ANN
S203,0.5009618494678993,0.2353964875026841,0.2636416630294167,1D-CNN
S204,0.5056404493158737,0.2281376419146585,0.26622190876946766,1D-CNN
S205,0.34049477828373387,0.23871019645467234,0.42079502526159307,GRU
S206,0.6098440648078297,0.1817342106602718,0.20842172453189978,1D-CNN
S207,0.3436847125057825,0.20874875201370008,0.4475665354805183,GRU
S208,0.3662828753097287,0.38554091937047846,0.2481762053197922,ANN
S209,0.3318736637608116,0.3216919962373929,0.346434340001796,GRU
S210,0.3510121970076303,0.27049382736621896,0.37849397562615206,GRU
S211,0.27085770757929806,0.27806405057145694,0.451078241849245,GRU
S212,0.4084151247810154,0.3000725534573836,0.29151232176160075,1D-CNN
S213,0.4132803175290521,0.2112827642057867,0.3754369182651611,1D-CNN
S214,0.42727776166130543,0.26689605454201953,0.3058261837966745,1D-CNN
S215,0.42153340389311733,0.3110334740169014,0.26743312208998116,1D-CNN
S216,0.46080216919449285,0.38686335928936577,0.15233447151614057,1D-CNN
S217,0.41796919352633966,0.46290824453390694,0.11912256193975532,ANN
S218,0.3735325681598788,0.4906043098248509,0.13586312201526998,ANN
S219,0.3799474842596231,0.4950046180105434,0.1250478977298341,ANN
S220,0.30134296470382543,0.5990760206126535,0.09958101468352173,ANN
S221,0.35286992315362137,0.5209222633098125,0.12620781353656618,ANN
S222,0.36147310933242294,0.48645468402821285,0.15207220663936283,ANN
S223,0.3936723858867627,0.4088946489210188,0.1974329651922173,ANN
S224,0.4566837724721885,0.45907216792567956,0.0842440596021318,ANN
S225,0.3577173104201423,0.4561856392071658,0.18609705037269136,ANN
S226,0.20040247245860207,0.6897473723359074,0.10985015520548976,ANN
S227,0.4355860313890947,0.4100889957957572,0.15432497281514812,1D-CNN
S228,0.3904258875352168,0.5035565910078653,0.10601752145691784,ANN
S229,0.29226860274822464,0.4377125870602926,0.2700188101914826,ANN
S230,0.3939181217723474,0.5569521046943648,0.04912977353328765,ANN
S231,0.3792460746506782,0.4143129393685032,0.20644098598081612,ANN
S232,0.24417009808940343,0.6491383822912195,0.10669151961937866,ANN
S233,0.36190289197050085,0.4347916961879016,0.20330541184159778,ANN
S234,0.3766827820160348,0.5113444470798642,0.11197277090409992,ANN
S235,0.3487454658138615,0.4443835447772084,0.2068709894089299,ANN
S236,0.3056438099197121,0.6014575983116058,0.09289859176868255,ANN
S237,0.3464867209070178,0.4871083063937851,0.16640497269919644,ANN
S238,0.30559067475030816,0.6123247751452254,0.08208455010446726,ANN
S239,0.22725912833864437,0.6442503284726949,0.1284905431886588,ANN
S240,0.3112208517374285,0.557913839763988,0.13086530849858233,ANN
S241,0.3705878551031624,0.4649514497355371,0.16446069516130254,ANN
S242,0.4206784280177311,0.38830469298009246,0.19101687900217634,1D-CNN
S243,0.5349313766531283,0.3488317990353794,0.1162368243114931,1D-CNN
S244,0.5393407860458248,0.27933320433721776,0.18132600961695727,1D-CNN
S245,0.3020609153246347,0.5820797390928919,0.1158593455824722,ANN
S246,0.3365086835401302,0.5565272877567223,0.10696402870314754,ANN
S247,0.48737824049285317,0.4257309771142071,0.08689078239293846,1D-CNN
S248,0.400064011484906,0.4347919374265977,0.16514405108849906,ANN
S249,0.4004382413196522,0.5643426095671361,0.035219149113210724,ANN
S250,0.2946052438580137,0.6014757504861006,0.10391900565588767,ANN
S251,0.2740861491211019,0.6780560419741367,0.0478578089047618,ANN
S252,0.2813457240839821,0.6633949606982661,0.05525931521775178,ANN
S253,0.25825132099006276,0.669272225209696,0.07247645380024136,ANN
S254,0.24988495479326286,0.6932433910786728,0.056871654128062776,ANN
S255,0.25485359927135526,0.6921266467817925,0.05301975394685344,ANN
S256,0.25935149217550996,0.6728940855272236,0.06775442229726604,ANN
S257,0.2331755923208044,0.7066528266095512,0.06017158106964437,ANN
S258,0.2719761205812425,0.6554832007400194,0.07254067867873715,ANN
S259,0.2805327238187171,0.645933187666159,0.0735340885151238,ANN
S260,0.3423465623530647,0.5547038268601536,0.10294961078678143,ANN
S261,0.36106355875334456,0.5554453398375364,0.08349110140911888,ANN
S262,0.3945092601933978,0.46329007913316905,0.1422006606734331,ANN
S263,0.2811060347065433,0.6296810387302398,0.0892129265632173,ANN
S264,0.3315708443292841,0.5323629477594379,0.1360662079112806,ANN
S265,0.39152363262801904,0.5114951141553489,0.09698125321663206,ANN
S266,0.34640968864312144,0.5109501060539182,0.14264020530296034,ANN
S267,0.3112329093067302,0.560756018178175,0.1280110725150942,ANN
S268,0.33057186169666636,0.5227014817669348,0.14672665653639955,ANN
S269,0.32255876473063727,0.5283084574382646,0.14913277783109777,ANN
S270,0.3277763249675517,0.4939390225504215,0.17828465248202502,ANN
S271,0.369242837051177,0.47569288542013877,0.15506427752868412,ANN
S272,0.40404920619449786,0.43595212401735,0.15999866978815197,ANN
S273,0.3416149100527134,0.5097242580260882,0.14866083192119806,ANN
S274,0.37096340045424314,0.479905432518357,0.1491311670273992,ANN
S275,0.41250403652936657,0.44827514309221966,0.13922082037841457,ANN
S276,0.3615833495275003,0.3909069883380549,0.2475096621344448,ANN
S277,0.46786850741438285,0.4256521475285052,0.10647934505711248,1D-CNN
S278,0.531864084619425,0.34748040231334354,0.12065551306723027,1D-CNN
S279,0.5094035032538194,0.3581327518834438,0.13246374486273588,1D-CNN
S280,0.5380614948195772,0.29597747293845467,0.16596103224197073,1D-CNN
S281,0.49070869098537084,0.28790262179126697,0.22138868722336022,1D-CNN
S282,0.2465857729483799,0.2408090195823816,0.5126052074692367,GRU
S283,0.4701455924583722,0.19492748549390654,0.33492692204772245,1D-CNN
S284,0.3967899819778806,0.2500651016195977,0.3531449164025217,1D-CNN
S285,0.282716511228813,0.11572801576090007,0.6015554730102846,GRU
S286,0.4833653368975585,0.15226557293437393,0.3643690901680683,1D-CNN
S287,0.294901134691643,0.10753006282752267,0.5975688024808361,GRU
S288,0.165877304291625,0.41053150864917115,0.42359118705920656,GRU
S289,0.14679032582663348,0.3817320814204158,0.47147759275295004,GRU
S290,0.2525292420546038,0.48844809796623934,0.2590226599791565,ANN
S291,0.16260868061702322,0.6708515752932873,0.16653974408968802,ANN
S292,0.217814296435735,0.7277503082266622,0.054435395337601146,ANN
S293,0.2525274522985315,0.6672565566990827,0.08021599100238518,ANN
S294,0.15605677954923,0.7855203185468881,0.05842290190388178,ANN
S295,0.1540464344819627,0.7724285936326108,0.07352497188542603,ANN
S296,0.18791996723561216,0.7131497883403817,0.09893024442400501,ANN
S297,0.2419533267710595,0.6214209430205551,0.13662573020838392,ANN
S298,0.34878168049217684,0.42715199277509713,0.22406632673272617,ANN
S299,0.45225027783294736,0.33762303037280883,0.21012669179424137,1D-CNN
S300,0.31359306053782793,0.42065818681390327,0.2657487526482709,ANN
S301,0.1937779998656649,0.654317011063283,0.15190498907105135,ANN
S302,0.257215328678319,0.5220904252071886,0.22069424611449456,ANN
S303,0.3417999495157721,0.4944523712634673,0.16374767922075942,ANN
S304,0.21370625892429987,0.35556165788217486,0.43073208319352524,GRU
S305,0.30092805353467605,0.41134836190591917,0.2877235845594047,ANN
S306,0.28721129695954956,0.32931591368285607,0.38347278935759715,GRU
S307,0.31789191588749366,0.3298450224522677,0.35226306166023946,GRU
S308,0.2886378246400707,0.3211129405794192,0.39024923478050944,GRU
S309,0.3324480014206653,0.2752969056580002,0.39225509292133276,GRU
S310,0.26523455378153266,0.3710528775396946,0.36371256867877233,ANN
S311,0.22966866410215842,0.450602270373651,0.31972906552418934,ANN
S312,0.20196957562423393,0.4970170299926821,0.30101339438308383,ANN
S313,0.1406099515042772,0.5305581859602391,0.3288318625354844,ANN
S314,0.37338647557045634,0.39677062824145815,0.2298428961880881,ANN
S315,0.4389232107187281,0.2976772049556296,0.2633995843256423,1D-CNN
S316,0.6693300026975705,0.21412321973674944,0.1165467775656797,1D-CNN
S317,0.3702706875882959,0.17834481036503283,0.45138450204667047,GRU
S318,0.527705714464556,0.3023099036800467,0.16998438185539733,1D-CNN
S319,0.4756742359189745,0.25510612932564797,0.2692196347553783,1D-CNN
S320,0.4138371633932438,0.4005787118682151,0.18558412473854183,1D-CNN
S321,0.22372655535649627,0.3630136110176473,0.41325983362585633,GRU
S322,0.4124114907590064,0.3405267616865923,0.24706174755440335,1D-CNN
S323,0.29870115703531847,0.1882049176513545,0.5130939253133278,GRU
S324,0.5368536585190641,0.20057895821507138,0.26256738326586443,1D-CNN
S325,0.2643883451724479,0.28203726722553674,0.45357438760201735,GRU
S326,0.254733056040551,0.5267643949534141,0.21850254900603697,ANN
S327,0.18303807472029568,0.663665566101078,0.15329635917862827,ANN
S328,0.2752767082141671,0.5947773083685126,0.12994598341731886,ANN
S329,0.29392178971023314,0.5012322346681976,0.20484597562157134,ANN
S330,0.2773072448966673,0.21463540786279844,0.5080573472405348,GRU
S331,0.3189542426867501,0.1365805271764997,0.5444652301367492,GRU
S332,0.3814793135622404,0.2699092150706625,0.3486114713670951,1D-CNN
S333,0.4554086539309158,0.18468624003497347,0.3599051060341095,1D-CNN
S334,0.1709460842175288,0.5290179252001314,0.30003599058234176,ANN
S335,0.3430892241486835,0.2896276153818749,0.3672831604694407,GRU
S336,0.29718787585377365,0.3738945369348208,0.32891758721140546,ANN
S337,0.15372741661009434,0.1325211560299368,0.7137514273599724,GRU
S338,0.3034317208483783,0.4361325547497134,0.26043572440190826,ANN
S339,0.3228273503477227,0.29745456011392785,0.37971808953834796,GRU
S340,0.21724823759984352,0.5402772938176361,0.24247446858251884,ANN
S341,0.21326992050087062,0.5375703636029228,0.24915971589620783,ANN
S342,0.18566164392463713,0.718471011954242,0.09586734412112083,ANN
S343,0.14444891927264272,0.6240679995408482,0.2314830811865099,ANN
S344,0.2933856210543986,0.5071082049076574,0.19950617403794257,ANN
S345,0.3001688180901299,0.29911671776637305,0.40071446414349715,GRU
S346,0.3308948357858602,0.30530197912937845,0.3638031850847599,GRU
S347,0.3887435354419424,0.2523229471810852,0.35893351737697227,1D-CNN
S348,0.36994423495690437,0.3818476748961304,0.248208090146965,ANN
S349,0.491815794248977,0.2956240946665816,0.21256011108444134,1D-CNN
S350,0.2579289518664767,0.3416919927323208,0.40037905540120255,GRU
S351,0.23459544920031294,0.41381124094638333,0.35159330985330445,ANN
S352,0.4067470406396611,0.31194251007357054,0.2813104492867673,1D-CNN
S353,0.3649727944512296,0.2452382965383727,0.3897889090103969,GRU
S354,0.27190360679448955,0.2794103818822842,0.4486860113232263,GRU
S355,0.3489589340018687,0.22648081025586275,0.4245602557422686,GRU
S356,0.24024749707050147,0.2607747438261022,0.49897775910339687,GRU
S357,0.3565228034713496,0.28894146315527913,0.35453573337337096,1D-CNN
S358,0.2802327942289014,0.5373899134019205,0.1823772923691753,ANN
S359,0.22765897102253663,0.6017800770029547,0.17056095197450846,ANN
S360,0.38071190792639986,0.4010240730880925,0.21826401898550635,ANN
S361,0.5464957364552862,0.3079585553746144,0.14554570817009999,1D-CNN
S362,0.5227580638345826,0.17892484975868156,0.298317086406736,1D-CNN
S363,0.30207140139207744,0.5799631407467845,0.11796545786113884,ANN
S364,0.3143152160714284,0.44138899266531767,0.24429579126325635,ANN
S365,0.2547401975186057,0.548772533205642,0.19648726927575133,ANN
S366,0.2433300496846522,0.5335944648087512,0.22307548550659623,ANN
S367,0.36224806577466756,0.39771070318072255,0.24004123104461048,ANN
S368,0.36322182493145716,0.4547304996975119,0.1820476753710305,ANN
S369,0.25458468631395115,0.6735199227172869,0.07189539096876137,ANN
S370,0.21466651484899874,0.7213421449107069,0.06399134024029422,ANN
S371,0.45885175459085115,0.4064827443134859,0.13466550109566286,1D-CNN
S372,0.4157056697751782,0.3757764669443368,0.2085178632804859,1D-CNN
S373,0.3718480971893518,0.3265323402386461,0.30161956257200123,1D-CNN
S374,0.5745756459790269,0.2569321354502856,0.16849221857068825,1D-CNN
S375,0.3784207406489068,0.26361662188189133,0.3579626374692019,1D-CNN
S376,0.18606743197888287,0.25595771881887425,0.557974849202242,GRU
S377,0.22766683023762097,0.408249337749814,0.3640838320125642,ANN
S378,0.21991042420807072,0.34486086542382627,0.4352287103681031,GRU
S379,0.20824730360368493,0.4398441154460082,0.3519085809503089,ANN
S380,0.566287567070037,0.182185089623713,0.2515273433062526,1D-CNN
S381,0.7766227180726682,0.14725386586800643,0.07612341605932536,1D-CNN
S382,0.6451577328279707,0.25258307520670714,0.1022591919653204,1D-CNN
S383,0.303921827206944,0.6281016851860033,0.06797648760705205,ANN
S384,0.3698719209672199,0.41157299366654154,0.21855508536623738,ANN
S385,0.3202986296064464,0.532729044901921,0.1469723254916323,ANN
S386,0.31195577485638176,0.5464111786851176,0.14163304645850036,ANN
S387,0.2941926713789677,0.5385223253722702,0.1672850032487616,ANN
S388,0.3725450667024156,0.40204876686384516,0.22540616643373876,ANN
S389,0.4143154580268619,0.333776157319757,0.2519083846533804,1D-CNN
S390,0.3887444247630895,0.36962968832371085,0.24162588691320167,1D-CNN
S391,0.312511837480353,0.47879990971391234,0.20868825280573453,ANN
S392,0.3329438168951241,0.49219866836614745,0.1748575147387284,ANN
S393,0.35747538526229883,0.46697757209274293,0.17554704264496,ANN
S394,0.32302781980873957,0.49076188655182523,0.18621029363943495,ANN
S395,0.38033074971061304,0.4976601274331001,0.12200912285628557,ANN
S396,0.31204532520023803,0.5707534540488817,0.11720122075088034,ANN
S397,0.17430845712625884,0.6291459791410099,0.19654556373273102,ANN
S398,0.2606537834629017,0.6454276958868675,0.09391852065023189,ANN
S399,0.3898547866918572,0.4512834561421131,0.15886175716602904,ANN
S400,0.26627297003264383,0.5382587470000628,0.19546828296729324,ANN
S401,0.35272291015778456,0.4091113724311576,0.23816571741105788,ANN
S402,0.4437737544490812,0.4616305067851527,0.09459573876576581,ANN
S403,0.3120004840469914,0.42264262957254445,0.26535688638046384,ANN
S404,0.24209304460036554,0.5906140473713666,0.1672929080282662,ANN
S405,0.2993186982531543,0.3470882041321933,0.35359309761465235,GRU
S406,0.49988800026608826,0.38784703533411674,0.11226496439979394,1D-CNN
S407,0.5848914969552786,0.21691884484100205,0.19818965820371895,1D-CNN
S408,0.3435467977660381,0.43360240530524535,0.2228507969287165,ANN
S409,0.5484557731105657,0.3437997524336461,0.10774447445578829,1D-CNN
S410,0.41677958883997324,0.47908396352412447,0.10413644763590181,ANN
S411,0.3204324341354275,0.49232558398635046,0.18724198187822214,ANN
S412,0.3926146254031231,0.4379352060185867,0.16945016857829234,ANN
S413,0.4324711268462647,0.3454097127778048,0.2221191603759305,1D-CNN
S414,0.32749077739830074,0.5072520222775799,0.1652572003241191,ANN
S415,0.29392531101485286,0.5387858032294155,0.16728888575573164,ANN
S416,0.30893238648303106,0.44373069170247736,0.24733692181449088,ANN
S417,0.37840254029224324,0.3626656774283314,0.25893178227942326,1D-CNN
S418,0.38038592965532403,0.4093877584190536,0.21022631192562202,ANN
S419,0.5710197021529307,0.19225145033449578,0.23672884751257314,1D-CNN
S420,0.415578988663837,0.3243857493329019,0.2600352620032637,1D-CNN
S421,0.22280424036733004,0.5766503004000307,0.20054545923264,ANN
S422,0.2647206325185518,0.4068825630787976,0.3283968044026481,ANN
S423,0.427847042894468,0.24476810028450535,0.32738485682102647,1D-CNN
S424,0.46302144096819897,0.26843587723271967,0.2685426817990795,1D-CNN
S425,0.21449443107914334,0.4500395100812089,0.3354660588396483,ANN
S426,0.27152908289969024,0.44307728912172545,0.2853936279785834,ANN
S427,0.29108665597485256,0.42134579266645406,0.28756755135869466,ANN
S428,0.2185356720283207,0.48549401553186766,0.29597031243981364,ANN
S429,0.25890777569928136,0.35228177195812144,0.3888104523425969,GRU
S430,0.5014656972069887,0.1809347115431444,0.31759959124986537,1D-CNN
S431,0.24719521026887703,0.15576080726876484,0.5970439824623572,GRU
S432,0.19340331859053472,0.3992487714037632,0.4073479100057021,GRU
S433,0.16208989489918038,0.580203330220307,0.25770677488051247,ANN
S434,0.2780551396302161,0.4846195485454861,0.237325311824299,ANN
S435,0.38013680291669955,0.5148563624734446,0.10500683460985341,ANN
S436,0.2562081756033309,0.5537921502547802,0.1899996741418862,ANN
S437,0.21731413378949277,0.6912439079971185,0.0914419582133882,ANN
S438,0.20057771148788775,0.7127909116615286,0.08663137685058245,ANN
S439,0.11041533272847441,0.801237112547113,0.08834755472441136,ANN
S440,0.25276546781717657,0.4209589284855803,0.3262756036972418,ANN
S441,0.4840594126907182,0.25236984242361377,0.2635707448856678,1D-CNN
S442,0.6038529304140243,0.16303653547644226,0.2331105341095335,1D-CNN
S443,0.5155675346445472,0.257544828149708,0.226887637205745,1D-CNN
S444,0.27910861653001845,0.35249707488290166,0.3683943085870793,GRU
S445,0.23090051315555377,0.39938405410973865,0.36971543273470603,ANN
S446,0.31005576129773293,0.42571758925450237,0.26422664944776425,ANN
S447,0.4092222415811417,0.4166353513909062,0.1741424070279529,ANN
S448,0.36433791113409364,0.4553420410057728,0.18032004786013364,ANN
S449,0.18101993811003542,0.6963634677907733,0.12261659409919351,ANN
S450,0.10016503183332663,0.7796910847944118,0.12014388337226053,ANN
S451,0.08339438638383405,0.8191085856403513,0.09749702797581276,ANN
S452,0.24995101323369487,0.6315440351322047,0.11850495163409992,ANN
S453,0.3554692326941317,0.42462841719170125,0.219902350114167,ANN
S454,0.2926982009841194,0.4186014618540037,0.2887003371618771,ANN
S455,0.26437421057600996,0.31003526052651675,0.42559052889747606,GRU
S456,0.30080301009328714,0.16835291190576646,0.5308440780009455,GRU
S457,0.25984229296955924,0.23613739241692747,0.5040203146135133,GRU
S458,0.27741557234463765,0.17947119547317208,0.5431132321821881,GRU
S459,0.33958602247633257,0.3613856113097458,0.29902836621392387,ANN
S460,0.2654587868694913,0.3292167469602705,0.40532446617023954,GRU
S461,0.17199304555867492,0.6282333995760978,0.19977355486522708,ANN
S462,0.10672723565190521,0.7142821874578664,0.17899057689022696,ANN
S463,0.03272624075408048,0.9246882625209709,0.04258549672494851,ANN
S464,0.10121232087541515,0.7148199479277333,0.18396773119685034,ANN
S465,0.2923295947403844,0.46196801985836244,0.2457023854012541,ANN
S466,0.33427220448293066,0.2563072938513655,0.40942050166570426,GRU
S467,0.3948934540053784,0.23401663985169896,0.371089906142922,1D-CNN
S468,0.3004491259054265,0.30402695224653425,0.3955239218480407,GRU
S469,0.2876443695574434,0.3809281354989463,0.33142749494361107,ANN
S470,0.17071089339610862,0.6406160771051996,0.18867302949869164,ANN
S471,0.2686982195291296,0.5381291543865035,0.19317262608436883,ANN
S472,0.24565665113865875,0.6017594002853276,0.1525839485760163,ANN
S473,0.19232994235680514,0.6617503639634263,0.1459196936797679,ANN
S474,0.1544873271470802,0.7273431011492449,0.1181695717036737,ANN
S475,0.1523580702856628,0.7443825122709516,0.10325941744338392,ANN
S476,0.19829469208526138,0.7170807046302062,0.08462460328453572,ANN
S477,0.38530948875746535,0.4312001604491136,0.1834903507934211,ANN
S478,0.41416615289705283,0.2887324595101723,0.29710138759277316,1D-CNN
S479,0.26032625174293517,0.3617057598593816,0.37796798839768236,GRU
S480,0.32075529840337774,0.39407531801783635,0.28516938357878513,ANN
S481,0.3527003396581816,0.4093318444218388,0.23796781591997693,ANN
S482,0.2552512510868266,0.4669738973330784,0.27777485158009757,ANN
S483,0.22598548145371974,0.5329057432531417,0.24110877529313782,ANN
S484,0.2088270971754222,0.6183685538529289,0.17280434897164806,ANN
S485,0.1537518229070246,0.6634910739387974,0.18275710315417654,ANN
S486,0.11739204514710681,0.653589851514328,0.2290181033385659,ANN
S487,0.35376825887214736,0.3338925037787096,0.3123392373491456,1D-CNN
S488,0.3626508094605295,0.25745350895768343,0.3798956815817877,GRU
S489,0.3313848466673054,0.18644006852968908,0.48217508480300764,GRU
S490,0.4732262133505468,0.19637692915723326,0.33039685749221764,1D-CNN
S491,0.19339565246257592,0.4213589351981501,0.3852454123392758,ANN
S492,0.3329843476830791,0.3277173112156435,0.33929834110127804,GRU
S493,0.22748787329300219,0.5461286101698737,0.2263835165371243,ANN
S494,0.22421638560636833,0.41497842855264766,0.3608051858409833,ANN
S495,0.32126213396646425,0.27426530562763435,0.4044725604059005,GRU
S496,0.5854286398765344,0.10830441918463489,0.3062669409388284,1D-CNN
S497,0.10391475956817134,0.22079422009182995,0.6752910203399988,GRU
S498,0.1586687616602579,0.04852900444457065,0.7928022338951715,GRU
S499,0.3030634928723627,0.22697497125061997,0.46996153587701733,GRU
S500,0.6067586864248442,0.2106179622062843,0.1826233513688708,1D-CNN
S501,0.3796331142590748,0.594147187138883,0.02621969860204208,ANN
S502,0.1832298155916861,0.12473188159900343,0.6920383028093106,GRU
S503,0.35387489593967514,0.3729665821602378,0.27315852190008827,ANN
S504,0.3073429445310014,0.18334383432277787,0.5093132211462199,GRU
S505,0.37235322771786367,0.22483910678505237,0.4028076654970839,GRU
S506,0.27732909288241936,0.18969408296604234,0.5329768241515385,GRU
S507,0.3871390773339236,0.30547739317047634,0.30738352949560077,1D-CNN
S508,0.25383251637375526,0.4660561378206853,0.2801113458055602,ANN
S509,0.21091506852642297,0.5451653267983693,0.24391960467520746,ANN
S510,0.14194149875837014,0.6814124097764199,0.17664609146520685,ANN
S511,0.07912367873252987,0.8208901997256486,0.09998612154182394,ANN
S512,0.09192076132931845,0.8003182619749805,0.10776097669570152,ANN
S513,0.25713600950215015,0.4756880897925123,0.2671759007053369,ANN
S514,0.38302340446600763,0.25216223011639693,0.36481436541759493,1D-CNN
S515,0.47789074292348216,0.19469539801117552,0.32741385906534226,1D-CNN
S516,0.5043540320300693,0.20441597105572987,0.2912299969142014,1D-CNN
S517,0.38524550656652057,0.296173574628018,0.3185809188054621,1D-CNN
S518,0.11575214788319083,0.8146812379784221,0.06956661413838755,ANN
S519,0.05231619032817147,0.9051207772243985,0.04256303244743153,ANN
S520,0.07786130607199869,0.8823752257814274,0.03976346814657414,ANN
S521,0.0941773507463986,0.85918669513562,0.0466359541179814,ANN
S522,0.053670161430659995,0.8863985224201884,0.059931316149151544,ANN
S523,0.025143765925057265,0.9631158072092781,0.011740426865664398,ANN
S524,0.13914912250646586,0.8139842468891179,0.04686663060441584,ANN
S525,0.14881026909273878,0.7315267789229959,0.1196629519842639,ANN
S526,0.09943918038745395,0.8099679532632584,0.09059286634928616,ANN
S527,0.42261714311023996,0.3031943879125035,0.2741884689772556,1D-CNN
S528,0.22989422631247372,0.22045356460432955,0.5496522090831958,GRU
S529,0.23966908273969617,0.3208131683835611,0.43951774887674594,GRU
S530,0.29896814410766964,0.3974843497307984,0.303547506161532,ANN
S531,0.30640015958744077,0.4469557367442117,0.24664410366834835,ANN
S532,0.2675705612901933,0.5115355234468802,0.2208939152629275,ANN
S533,0.1594349841719556,0.7242436706350757,0.11632134519296732,ANN
S534,0.06228638105045655,0.887025698665981,0.05068792028356457,ANN
S535,0.08600417355934464,0.7814552784520196,0.13254054798863654,ANN
S536,0.1922296375682188,0.5842225837736575,0.22354777865812372,ANN
S537,0.37905910204501114,0.33465744072915127,0.28628345722583676,1D-CNN
S538,0.4487311113383987,0.25596310390642685,0.29530578475517366,1D-CNN
S539,0.4213920722350797,0.2870601525579569,0.2915477752069635,1D-CNN
S540,0.26354379077540024,0.5726840502429535,0.16377215898164565,ANN
S541,0.223530516634126,0.35267562954590753,0.42379385381996476,GRU
S542,0.2611385215829421,0.5856635656585504,0.15319791275850636,ANN
S543,0.31272222135977074,0.5229540464405089,0.16432373219971977,ANN
S544,0.19223711677160185,0.47674758829989305,0.33101529492850507,ANN
S545,0.19863964222070254,0.4975278629570655,0.30383249482223273,ANN
S546,0.36655404190561525,0.40315954808497884,0.23028641000940567,ANN
S547,0.2944713557201281,0.46482513808230635,0.2407035061975654,ANN
S548,0.1776498937383951,0.5991007573906468,0.22324934887095688,ANN
S549,0.4264484643043027,0.347753293424423,0.22579824227127318,1D-CNN
S550,0.36162233118175235,0.29592105100087895,0.34245661781736836,1D-CNN
S551,0.21707966355896727,0.3227236592404835,0.4601966772005473,GRU
S552,0.3287838891480152,0.18869585903539235,0.4825202518165926,GRU
S553,0.42877143786107713,0.2465281575712529,0.3247004045676719,1D-CNN
S554,0.2779011688439427,0.3045990420225373,0.41749978913352004,GRU
S555,0.22527081228713972,0.6101106062060035,0.1646185815068565,ANN
S556,0.466842726534108,0.25265367876254524,0.2805035947033465,1D-CNN
S557,0.2465369135396825,0.4391755551026579,0.3142875313576595,ANN
S558,0.1592454109654794,0.7045392398477288,0.13621534918679246,ANN
S559,0.37078977912039834,0.5072163827900984,0.1219938380895031,ANN
S560,0.3308974400370726,0.40155287657708544,0.267549683385842,ANN
S561,0.36118314976648036,0.40965634853609545,0.2291605016974243,ANN
S562,0.39690454783831886,0.2517467451840855,0.35134870697759646,1D-CNN
S563,0.37999412366162466,0.24745626428256728,0.3725496120558074,1D-CNN
S564,0.4701499798932479,0.2568853602961147,0.2729646598106375,1D-CNN
S565,0.22421889551504479,0.6130075595866498,0.16277354489830428,ANN
S566,0.27921722297297674,0.38114130353381553,0.3396414734932067,ANN
S567,0.20318661086087156,0.6166058636043332,0.18020752553479505,ANN
S568,0.17207718950774983,0.6373218930787231,0.19060091741352767,ANN
S569,0.20934319567874635,0.5403878227214347,0.2502689815998195,ANN
S570,0.1479662332488595,0.617874288056007,0.23415947869513334,ANN
S571,0.18410470588540032,0.47706617061636575,0.338829123498235,ANN
S572,0.2556902291233349,0.5303127336645931,0.2139970372120706,ANN
S573,0.3232874051451447,0.3486682407646814,0.3280443540901739,ANN
S574,0.41699056006257634,0.3394613260469649,0.2435481138904581,1D-CNN
S575,0.4410145133108972,0.2567750143940296,0.30221047229507325,1D-CNN
S576,0.23185985112274793,0.3138391123685646,0.4543010365086874,GRU
S577,0.28687554774291785,0.3502430893015786,0.36288136295550555,GRU
S578,0.4892713834952565,0.2687872571884888,0.2419413593162565,1D-CNN
S579,0.38620837752395354,0.25310221786683146,0.3606894046092171,1D-CNN
S580,0.3595773369695407,0.3072981023050716,0.3331245607253874,1D-CNN
S581,0.4181222620909601,0.400414291005597,0.18146344690344424,1D-CNN
S582,0.2640371036491577,0.47647607682097537,0.2594868195298657,ANN
S583,0.1995364693909836,0.5269960790187362,0.2734674515902795,ANN
S584,0.32723144170436413,0.32687379684330187,0.3458947614523355,GRU
S585,0.3734801460078837,0.3835105316944904,0.24300932229762526,ANN
S586,0.5714281823969132,0.1736696113105011,0.2549022062925855,1D-CNN
S587,0.3330860417278232,0.2914616352032168,0.3754523230689621,GRU
S588,0.2470691997229857,0.18305270358070982,0.569878096696303,GRU
