Segment,1D-CNN,ANN,GRU,Selected
S1,0.29864572551567503,0.2580422711799903,0.4433120033043339,GRU
S2,0.31532252200107097,0.26200685190882433,0.42267062609010625,GRU
S3,0.30192612741064784,0.2284100578706947,0.4696638147186573,GRU
S4,0.2861271561669683,0.30132318386192636,0.41254965997110526,GRU
S5,0.2770411179737408,0.2750634801908524,0.44789540183540755,GRU
S6,0.31467605605104626,0.32410821715342414,0.36121572679552943,GRU
S7,0.259177820025003,0.3632006087456152,0.3776215712293818,GRU
S8,0.32659698191364855,0.4273905596467263,0.24601245843962397,ANN
S9,0.33848888208355526,0.39896440640754033,0.2625467115089031,ANN
S10,0.7442238459148045,0.12515431408967276,0.1306218399955233,1D-CNN
S11,0.6793822110522008,0.17045092258630026,0.15016686636149876,1D-CNN
S12,0.46601690560071213,0.3438257885982237,0.19015730580106482,1D-CNN
S13,0.5529753035591538,0.23259759075012465,0.2144271056907208,1D-CNN
S14,0.41754065907915444,0.4157473705310847,0.1667119703897606,1D-CNN
S15,0.2737896308178462,0.5325690522561464,0.19364131692600645,ANN
S16,0.30888342109963013,0.3984150890888346,0.2927014898115355,ANN
S17,0.22604974508304293,0.41477429827487533,0.3591759566420807,ANN
S18,0.1860563218270854,0.40182092022850857,0.4121227579444056,GRU
S19,0.23601410390341598,0.20742325649275645,0.5565626396038278,GRU
S20,0.22826578499613595,0.37042478837895393,0.40130942662491,GRU
S21,0.2722937187888033,0.13665008362484382,0.5910561975863525,GRU
S22,0.4325482394746704,0.4024178553408923,0.1650339051844373,1D-CNN
S23,0.42352586450499746,0.48479320650924834,0.09168092898575524,ANN
S24,0.2068996186040591,0.7073897611855454,0.08571062021039531,ANN
S25,0.5576280250187841,0.3023716275391364,0.1400003474420789,1D-CNN
S26,0.5175120439987393,0.381816615092123,0.10067134090913742,1D-CNN
S27,0.3382574254635516,0.42424585212260735,0.2374967224138397,ANN
S28,0.3213158378121575,0.5381640110209209,0.1405201511669212,ANN
S29,0.4240241248200008,0.3818261974154764,0.19414967776452213,1D-CNN
S30,0.29179052732963806,0.6291608878354817,0.07904858483487975,ANN
S31,0.4257790372883691,0.47618822032599395,0.09803274238563657,ANN
S32,0.32944964978659197,0.6200171098843051,0.05053324032910191,ANN
S33,0.33849663854543516,0.5794256003173619,0.08207776113720172,ANN
S34,0.36908485476021397,0.5835458427061991,0.04736930253358718,ANN
S35,0.3747640755295874,0.5338954330262541,0.09134049144415923,ANN
S36,0.5957880125422674,0.34815255451037286,0.05605943294735971,1D-CNN
S37,0.4828751749713546,0.44233479196068964,0.07479003306795752,1D-CNN
S38,0.34123562916988487,0.5962934133664397,0.06247095746367582,ANN
S39,0.3493394830370586,0.5383449674290526,0.11231554953388821,ANN
S40,0.43170259826843205,0.45131032135858895,0.1169870803729771,ANN
S41,0.27055559282177377,0.5466843011869951,0.1827601059912316,ANN
S42,0.3529413837689506,0.38409202846402707,0.2629665877670201,ANN
S43,0.42722276959778327,0.26846183298786275,0.30431539741435215,1D-CNN
S44,0.23353109216268175,0.25463247623904856,0.5118364315982694,GRU
S45,0.301254889807431,0.28224144831730824,0.4165036618752603,GRU
S46,0.3144327582073832,0.23834373320972235,0.44722350858289245,GRU
S47,0.2771742440296848,0.30857750219758784,0.41424825377272684,GRU
S48,0.2630262919336063,0.23977375095170775,0.4971999571146877,GRU
S49,0.28634376318706783,0.2378930179742958,0.47576321883863626,GRU
S50,0.2571134260717589,0.2533090380749225,0.4895775358533186,GRU
S51,0.2591255756913638,0.3029225976077119,0.4379518267009251,GRU
S52,0.3028812978849222,0.2954102447852263,0.40170845732985283,GRU
S53,0.26158366632990354,0.3512609410224892,0.3871553926476086,GRU
S54,0.28461104355140027,0.4103925248427696,0.30499643160582934,ANN
S55,0.2594942879916832,0.47271754730789234,0.267788164700424,ANN
S56,0.25192374426862557,0.5000964984779578,0.2479797572534174,ANN
S57,0.32030100566092357,0.4213810014717278,0.25831799286734786,ANN
S58,0.5478210829509159,0.24529982447506524,0.20687909257401804,1D-CNN
S59,0.6615560461745332,0.14310783752952538,0.19533611629594097,1D-CNN
S60,0.6256532749715563,0.16631136240656896,0.20803536262187466,1D-CNN
S61,0.3854584381267602,0.3027725810698186,0.3117689808034203,1D-CNN
S62,0.24839182060402482,0.5825012367919179,0.16910694260405693,ANN
S63,0.2549578710042225,0.5839313537901912,0.16111077520558645,ANN
S64,0.13710456052793227,0.7527471915264099,0.11014824794565772,ANN
S65,0.21737560805165573,0.4780992176594133,0.3045251742889308,ANN
S66,0.3559286508757886,0.3400394177338645,0.3040319313903496,1D-CNN
S67,0.27799796379832875,0.308995281246525,0.4130067549551455,GRU
S68,0.33593126068312124,0.26774875127421677,0.396319988042664,GRU
S69,0.2794274442457023,0.21781094473909793,0.5027616110152004,GRU
S70,0.23492670640611565,0.32685964681093044,0.4382136467829535,GRU
S71,0.26050786809285553,0.3945344785388617,0.3449576533682826,ANN
S72,0.2135114732897209,0.3795446760172415,0.40694385069303757,GRU
S73,0.211873528293529,0.3016110395768775,0.48651543212959275,GRU
S74,0.4306794901230691,0.3579526789994718,0.21136783087745883,1D-CNN
S75,0.4379400162774689,0.32227468845171586,0.23978529527081502,1D-CNN
S76,0.42018547933577144,0.31059315541512694,0.2692213652491035,1D-CNN
S77,0.4636605668744338,0.35241925389139755,0.18392017923416853,1D-CNN
S78,0.4109477138242273,0.32465658851497364,0.26439569766080123,1D-CNN
S79,0.4446947412136256,0.3755363776917309,0.17976888109464398,1D-CNN
S80,0.38905971062754696,0.3706773530724482,0.24026293630000492,1D-CNN
S81,0.37792377576595204,0.24152120626458132,0.3805550179694661,GRU
S82,0.4232644014483314,0.2796348367863504,0.29710076176531836,1D-CNN
S83,0.5508431450767255,0.299207257121304,0.14994959780197123,1D-CNN
S84,0.564826414365595,0.21769335281904856,0.21748023281535717,1D-CNN
S85,0.7211655795699464,0.14184886624429782,0.13698555418575584,1D-CNN
S86,0.4239995350961859,0.4428819613589189,0.13311850354489463,ANN
S87,0.3901099850139354,0.4775505382043221,0.13233947678174196,ANN
S88,0.5103764039448414,0.4028655635944095,0.0867580324607522,1D-CNN
S89,0.3529164022476722,0.406881961675943,0.24020163607638442,ANN
S90,0.39577168856421,0.32720273527881394,0.277025576156975,1D-CNN
S91,0.4574216110204669,0.40640664220612155,0.13617174677341326,1D-CNN
S92,0.38818664697759364,0.4198337365981581,0.1919796164242508,ANN
S93,0.47894423700335814,0.3135732155993711,0.20748254739727084,1D-CNN
S94,0.3914681373602207,0.4166379454031595,0.1918939172366183,ANN
S95,0.5370633833414304,0.3456521243888527,0.11728449226971696,1D-CNN
S96,0.49172957279504775,0.37436070751236533,0.13390971969258705,1D-CNN
S97,0.36862328783199666,0.5068444665861852,0.12453224558181648,ANN
S98,0.4970653959856236,0.3836833785060166,0.11925122550835898,1D-CNN
S99,0.47979143548384007,0.37692853162066886,0.14328003289549102,1D-CNN
S100,0.39804362550861533,0.49273855602264427,0.10921781846874118,ANN
S101,0.3761633483387088,0.4363275178122907,0.18750913384900006,ANN
S102,0.3464875073637838,0.3842860095927638,0.2692264830434525,ANN
S103,0.401494145220975,0.35234458621158016,0.2461612685674447,1D-CNN
S104,0.4297105903325212,0.4122669125255259,0.1580224971419543,1D-CNN
S105,0.40641279906250394,0.41543928552671155,0.1781479154107852,ANN
S106,0.4929202392390684,0.35357586008356773,0.15350390067736322,1D-CNN
S107,0.3060950896119586,0.4906119977330295,0.20329291265501087,ANN
S108,0.42146040404881147,0.43582392547620935,0.14271567047497982,ANN
S109,0.4092163431684932,0.4261525853126542,0.16463107151885045,ANN
S110,0.38620986341393293,0.45092864702191787,0.1628614895641488,ANN
S111,0.4768580799029617,0.37568965456163966,0.14745226553539847,1D-CNN
S112,0.30679655066615386,0.5457646415131553,0.14743880782069013,ANN
S113,0.255064334230086,0.6002428007653775,0.14469286500453665,ANN
S114,0.3550254842846984,0.4645011204474597,0.18047339526784162,ANN
S115,0.31084140419115003,0.5365369104925537,0.15262168531629408,ANN
S116,0.29830520760444434,0.4543717759197067,0.24732301647584887,ANN
S117,0.4351396871238606,0.38868075641228406,0.17617955646385475,1D-CNN
S118,0.35463631726878686,0.2965088035291416,0.34885487920207,1D-CNN
S119,0.4581714854713088,0.36652233842258924,0.175306176106104,1D-CNN
S120,0.37213354206506444,0.32502216070900547,0.3028442972259301,1D-CNN
S121,0.33232850490702787,0.3920389773712798,0.2756325177216899,ANN
S122,0.29283588596006394,0.27180163075617747,0.43536248328375854,GRU
S123,0.3743221274696431,0.3286368732182578,0.29704099931209826,1D-CNN
S124,0.3246669654959692,0.31046861161440925,0.36486442288962134,GRU
S125,0.3142214656440189,0.3539288379645463,0.3318496963914348,ANN
S126,0.373033022173321,0.2708542369686508,0.3561127408580294,1D-CNN
S127,0.3012679059896128,0.43571584571626726,0.26301624829412074,ANN
S128,0.23907504596892523,0.581824340014744,0.17910061401633154,ANN
S129,0.29292453911951066,0.5017774689545927,0.2052979919258964,ANN
S130,0.46889879792991884,0.3674330557059246,0.16366814636415614,1D-CNN
S131,0.6166671896617385,0.28260276580496735,0.10073004453329298,1D-CNN
S132,0.5901877235956616,0.301519109547318,0.10829316685702008,1D-CNN
S133,0.31011199622438756,0.5538619231703122,0.13602608060530097,ANN
S134,0.28727459216464074,0.6015382934653882,0.11118711436997093,ANN
S135,0.25372733207716014,0.6409309593966721,0.10534170852616714,ANN
S136,0.2966583890227427,0.5764111184588945,0.12693049251836258,ANN
S137,0.31517919035521147,0.5096091728156266,0.17521163682916208,ANN
S138,0.38816896107627363,0.41969677296752783,0.1921342659561973,ANN
S139,0.40117616282569774,0.4360889900495056,0.1627348471247971,ANN
S140,0.42090134834815796,0.43584391849318865,0.14325473315865325,ANN
S141,0.23742840608549196,0.6121817055960556,0.15038988831845254,ANN
S142,0.18675650859830878,0.7030160011616836,0.11022749024000743,ANN
S143,0.5834976514047272,0.3625844212561645,0.05391792733911006,1D-CNN
S144,0.24811097118373168,0.6212829389797784,0.13060608983649105,ANN
S145,0.26951823689394466,0.5158586680025602,0.21462309510349575,ANN
S146,0.3754949895696851,0.40258815756895777,0.2219168528613568,ANN
S147,0.4304466286335959,0.4006190112878207,0.16893436007858523,1D-CNN
S148,0.3084217519153105,0.5584062556286028,0.13317199245608533,ANN
S149,0.3248254162656203,0.5420048480130469,0.13316973572133275,ANN
S150,0.3987591432956269,0.49822277376598695,0.10301808293838594,ANN
S151,0.40325912666713865,0.5039779352057799,0.09276293812708379,ANN
S152,0.40232179711739463,0.5265676909190627,0.07111051196354243,ANN
S153,0.46287258582342183,0.44954535742657253,0.08758205675000627,1D-CNN
S154,0.5419279059343668,0.38295733247763075,0.07511476158800325,1D-CNN
S155,0.3798787096322097,0.5404772547483657,0.07964403561942378,ANN
S156,0.14927023997409333,0.8185423069304392,0.03218745309546757,ANN
S157,0.1866112856277665,0.7717236020992647,0.04166511227296896,ANN
S158,0.24006267935536196,0.6952347670147454,0.06470255362989308,ANN
S159,0.3759334818809635,0.4885993916235863,0.13546712649544973,ANN
S160,0.5402396321405565,0.31258556893918715,0.1471747989202564,1D-CNN
S161,0.3546123579672595,0.4424612738134998,0.20292636821924342,ANN
S162,0.35808682000486997,0.40303397825837106,0.23887920173675956,ANN
S163,0.35198960422011466,0.42716353446515287,0.22084686131473255,ANN
S164,0.44302633252579643,0.3342000264288228,0.22277364104538067,1D-CNN
S165,0.32118163315450154,0.4822605049104838,0.19655786193501518,ANN
S166,0.4167416400551223,0.3608656186131355,0.22239274133174217,1D-CNN
S167,0.419496102050343,0.5146420497968813,0.06586184815277371,ANN
S168,0.43178457308405516,0.3820291671877429,0.1861862597282027,1D-CNN
S169,0.3848305513458938,0.5030857675665609,0.1120836810875444,ANN
S170,0.4739906194909981,0.3132460540399174,0.212763326469084,1D-CNN
S171,0.45846546747455713,0.4627017006508737,0.07883283187456926,ANN
S172,0.2949129537355657,0.5645678383796159,0.14051920788481836,ANN
S173,0.2951223633123826,0.5820571286279361,0.12282050805967959,ANN
S174,0.33495861881224515,0.43369767467921055,0.23134370650854422,ANN
S175,0.5721971137488578,0.3397998345621808,0.08800305168896193,1D-CNN
S176,0.45324027427770264,0.4236120798480689,0.12314764587422954,1D-CNN
S177,0.39050590609405683,0.48324262394354894,0.1262514699623937,ANN
S178,0.30770528142760656,0.5947398815739546,0.09755483699843778,ANN
S179,0.3262409085827775,0.5997588139103542,0.0740002775068683,ANN
S180,0.44238929164738194,0.48406563190673924,0.07354507644587847,ANN
S181,0.34566239809954663,0.5772532883253907,0.07708431357506274,ANN
S182,0.23181714346159393,0.6981280846370705,0.07005477190133498,ANN
S183,0.22050428234826647,0.7519601564792259,0.027535561172506374,ANN
S184,0.563112312334339,0.3221998045733658,0.1146878830922949,1D-CNN
S185,0.3035005048829921,0.5369786513127676,0.1595208438042405,ANN
S186,0.32881683985347837,0.3186141620590277,0.35256899808749387,GRU
S187,0.29820186123446973,0.24793244034070464,0.4538656984248238,GRU
S188,0.19635263602963451,0.1755717896601741,0.62807557431019,GRU
S189,0.24161852081033036,0.20003815558118684,0.5583433236084809,GRU
S190,0.22125924355287474,0.2080816204607963,0.5706591359863309,GRU
S191,0.2517696938512731,0.2496779571620744,0.4985523489866521,GRU
S192,0.22936050743728215,0.1980163001911919,0.5726231923715258,GRU
S193,0.22044468185136146,0.19880073061187087,0.5807545875367697,GRU
S194,0.2115700906296296,0.20565318306895305,0.5827767263014186,GRU
S195,0.21660733246265096,0.25015490343595265,0.5332377641013961,GRU
S196,0.22075299410801408,0.2714163320084953,0.50783067388349,GRU
S197,0.2221511006054929,0.3330128855508351,0.4448360138436699,GRU
S198,0.2369393472310953,0.4148319433580935,0.3482287094108141,ANN
S199,0.21602346727776364,0.5489445226238905,0.23503201009834532,ANN
S200,0.26428766530419817,0.5327741473340742,0.20293818736172597,ANN
S201,0.3212903941230969,0.45894539290309144,0.2197642129738115,ANN
S202,0.6121199292073535,0.22696014510566204,0.16091992568698413,1D-CNN
S203,0.7051106901543505,0.15434068388362351,0.14054862596202594,1D-CNN
S204,0.6608517810295678,0.17837113603442634,0.1607770829360049,1D-CNN
S205,0.5412907181913152,0.2352003751513112,0.2235089066573724,1D-CNN
S206,0.4362148050907376,0.3571120582228761,0.2066731366863854,1D-CNN
S207,0.38513573759747616,0.3713063831966359,0.2435578792058879,1D-CNN
S208,0.3526480312254628,0.3774069596790686,0.2699450090954685,ANN
S209,0.3112275656147286,0.37889297052880305,0.3098794638564677,ANN
S210,0.33418261542964084,0.2891174380593248,0.376699946511035,GRU
S211,0.32361285154309605,0.3173363065586236,0.35905084189828235,GRU
S212,0.3359293583714208,0.3176358081618229,0.3464348334667571,GRU
S213,0.41209638570085216,0.2207327329896533,0.3671708813094943,1D-CNN
S214,0.47124103294063346,0.2685846642751685,0.2601743027841978,1D-CNN
S215,0.4705083791014713,0.33993051821587655,0.1895611026826517,1D-CNN
S216,0.4556174758510891,0.44235967030429474,0.10202285384461729,1D-CNN
S217,0.41229299936880914,0.5105715466028404,0.07713545402835138,ANN
S218,0.35900111546416147,0.569261780096083,0.07173710443975527,ANN
S219,0.39926933814003385,0.5238556182081724,0.07687504365179292,ANN
S220,0.34837647901962704,0.5875618299977361,0.06406169098263562,ANN
S221,0.34840938668258337,0.5653144539519148,0.08627615936550082,ANN
S222,0.37009998551944573,0.5347195949995397,0.09518041948101578,ANN
S223,0.4053144421131758,0.497104615780086,0.09758094210673816,ANN
S224,0.4353884319935951,0.481329256540288,0.08328231146611773,ANN
S225,0.3736666190851255,0.5263660920083854,0.09996728890648983,ANN
S226,0.25082009296388863,0.6646192509951904,0.08456065604092065,ANN
S227,0.3636279806199414,0.5367947209012891,0.09957729847877168,ANN
S228,0.36482781039882184,0.5507944714557131,0.08437771814546668,ANN
S229,0.32519527505416784,0.5748642430277096,0.09994048191812371,ANN
S230,0.33988905855008944,0.589803257382456,0.07030768406745626,ANN
S231,0.32147163877165397,0.5792821951613478,0.0992461660669973,ANN
S232,0.3044447915743369,0.6167949922029949,0.07876021622267008,ANN
S233,0.31913911256650296,0.5801183139577322,0.10074257347576449,ANN
S234,0.3238011318116504,0.5879438051185456,0.08825506306980359,ANN
S235,0.3654607565570645,0.518994086051126,0.11554515739180916,ANN
S236,0.2771712534102842,0.6442870348941543,0.07854171169556044,ANN
S237,0.3306033804915465,0.5674816162031602,0.10191500330529343,ANN
S238,0.3402286174785939,0.5810529399607821,0.07871844256062367,ANN
S239,0.25352763687406993,0.652625833496518,0.09384652962941208,ANN
S240,0.2946367806078932,0.6082934036117529,0.09706981578035365,ANN
S241,0.3630794612250012,0.5326499882875296,0.10427055048746903,ANN
S242,0.3619940220298461,0.55654088238902,0.08146509558113245,ANN
S243,0.37022647286866234,0.545032159117289,0.08474136801404782,ANN
S244,0.28893051559687677,0.6424589647340412,0.06861051966908098,ANN
S245,0.2669129281625042,0.6690976523773243,0.06398941946017016,ANN
S246,0.2531974605654305,0.6967170468673354,0.05008549256723354,ANN
S247,0.2656337065047075,0.6915129938566021,0.042853299638689835,ANN
S248,0.275883654917854,0.6789012006994836,0.04521514438266139,ANN
S249,0.2288191552598995,0.7427827610660238,0.028398083674076598,ANN
S250,0.20987322181443113,0.7634394696229537,0.02668730856261457,ANN
S251,0.23058762437346808,0.7434557845046439,0.025956591121887883,ANN
S252,0.2307539679998951,0.7404324557873817,0.028813576212722604,ANN
S253,0.22480618045458692,0.7387383294876743,0.036455490057739764,ANN
S254,0.24232965072010568,0.7248012502651685,0.03286909901472494,ANN
S255,0.2663030658764212,0.7014636739427001,0.032233260180878576,ANN
S256,0.275765843810269,0.6843614889816362,0.03987266720809531,ANN
S257,0.2742235070293457,0.6851721803796701,0.04060431259098386,ANN
S258,0.3018085334403411,0.651335147709298,0.04685631885036082,ANN
S259,0.33618601705864565,0.6143379229668616,0.04947605997449211,ANN
S260,0.37161517388792564,0.5784304395515266,0.049954386560546085,ANN
S261,0.35561663531160015,0.5970414302112914,0.04734193447710855,ANN
S262,0.36667838351645493,0.5782717903959679,0.05504982608757731,ANN
S263,0.3075284529477098,0.6367395897428495,0.05573195730944065,ANN
S264,0.3026345817608152,0.6331745261872401,0.06419089205194313,ANN
S265,0.31639917500642895,0.6141042728708453,0.06949655212272438,ANN
S266,0.31410769050603166,0.6017622232642985,0.08413008622966979,ANN
S267,0.3110817047625614,0.5997445774126817,0.08917371782475614,ANN
S268,0.31209119318034895,0.5844932225358088,0.1034155842838424,ANN
S269,0.3180543189213674,0.5710186047088001,0.11092707636983257,ANN
S270,0.34016191234694265,0.5372985648323969,0.12253952282066034,ANN
S271,0.37272882699067117,0.5151392306447885,0.11213194236453988,ANN
S272,0.38956841034106315,0.506111531580848,0.10432005807808936,ANN
S273,0.3751574564535972,0.5309422484276182,0.09390029511878693,ANN
S274,0.33941133727655626,0.5744224364046845,0.08616622631875893,ANN
S275,0.326247561592318,0.5948280416076073,0.07892439680007415,ANN
S276,0.33554832685431807,0.5869878906157088,0.07746378252997262,ANN
S277,0.31269884220139754,0.6218018492153545,0.0654993085832485,ANN
S278,0.30067303364048403,0.6429238966220945,0.056403069737421346,ANN
S279,0.4089929427979914,0.5028605348645786,0.08814652233743181,ANN
S280,0.4461644818774911,0.42813003883186224,0.12570547929064851,1D-CNN
S281,0.4620059642954839,0.3768747332586818,0.16111930244583297,1D-CNN
S282,0.3422758587018354,0.30421502150579466,0.3535091197923687,GRU
S283,0.4494055621856351,0.2525095067581522,0.2980849310562147,1D-CNN
S284,0.3818875182706479,0.2385342232690757,0.3795782584602758,1D-CNN
S285,0.3052679074176758,0.15898735245130888,0.5357447401310148,GRU
S286,0.35089219761504287,0.16993451805620274,0.47917328432875406,GRU
S287,0.20275495690031548,0.11202777395540613,0.6852172691442797,GRU
S288,0.184835244962676,0.22484501842227292,0.590319736615051,GRU
S289,0.15894969016474547,0.20847427484138542,0.6325760349938697,GRU
S290,0.2669260432966762,0.3708261016298034,0.36224785507352053,ANN
S291,0.2786272523896292,0.5239764927729474,0.19739625483742143,ANN
S292,0.40685237326710616,0.5109013457887787,0.0822462809441135,ANN
S293,0.384479271239521,0.5026769705296691,0.11284375823080935,ANN
S294,0.4369323134131843,0.46573076131363655,0.09733692527318061,ANN
S295,0.3368933692233807,0.5491791712827664,0.11392745949385272,ANN
S296,0.37182598673212786,0.5017409585518112,0.1264330547160605,ANN
S297,0.47279767876739626,0.39001845419989223,0.1371838670327116,1D-CNN
S298,0.4779771361168605,0.38886550028039424,0.1331573636027448,1D-CNN
S299,0.4533402944457538,0.3916424526615736,0.15501725289267237,1D-CNN
S300,0.3583183306403849,0.4827157044532803,0.1589659649063344,ANN
S301,0.2896568700391928,0.528354710190764,0.1819884197700437,ANN
S302,0.2969542586110557,0.4740222352602413,0.229023506128703,ANN
S303,0.3295702691856591,0.444031104660236,0.22639862615410422,ANN
S304,0.32266402046369724,0.3599494832402607,0.31738649629604193,ANN
S305,0.31703118946908476,0.3817102426076025,0.30125856792331274,ANN
S306,0.3141176380253604,0.30721407743973034,0.37866828453491136,GRU
S307,0.3301337092762116,0.2966153513227697,0.3732509394010184,GRU
S308,0.296056726374991,0.288804063113365,0.4151392105116441,GRU
S309,0.30165972655943635,0.28881012983734106,0.40953014360321965,GRU
S310,0.28244067173845083,0.31637040951277856,0.40118891874876805,GRU
S311,0.2738847520210752,0.35950456340176706,0.3666106845771585,GRU
S312,0.26842472147295265,0.34315681583185026,0.3884184626951953,GRU
S313,0.25482788840946735,0.43440223683570234,0.3107698747548303,ANN
S314,0.4529283678850725,0.34231441904977816,0.20475721306514938,1D-CNN
S315,0.5304499115520831,0.29040496593191945,0.17914512251599826,1D-CNN
S316,0.6807563379340799,0.18841545264412704,0.1308282094217929,1D-CNN
S317,0.47723029450229276,0.3247903371425807,0.197979368355126,1D-CNN
S318,0.5192839772814066,0.3215426876770825,0.15917333504151193,1D-CNN
S319,0.4285133059831618,0.3471240214552484,0.22436267256159056,1D-CNN
S320,0.3318766313980656,0.45696724507670317,0.21115612352522958,ANN
S321,0.2661703582295666,0.399259295288584,0.3345703464818475,ANN
S322,0.36216670152447394,0.35662170491102035,0.28121159356450776,1D-CNN
S323,0.27982075312098453,0.23380054137600256,0.4863787055030127,GRU
S324,0.5212268834619032,0.16881821189425783,0.30995490464383907,1D-CNN
S325,0.3083899431759483,0.2776558028567154,0.41395425396733837,GRU
S326,0.35431189914100786,0.3997619576446869,0.24592614321430506,ANN
S327,0.35920597963879064,0.4262985451593946,0.21449547520181592,ANN
S328,0.29399482974122687,0.5796432404364582,0.12636192982231495,ANN
S329,0.38894947952844966,0.40592138973393144,0.20512913073761874,ANN
S330,0.29487225892838703,0.18741334077091892,0.5177144003006938,GRU
S331,0.29850234839781925,0.13831686941225435,0.5631807821899242,GRU
S332,0.3205806206170479,0.21358543021953155,0.46583394916342175,GRU
S333,0.36658284133691527,0.16585082497810114,0.4675663336849838,GRU
S334,0.26430988924682575,0.2924402132770575,0.4432498974761175,GRU
S335,0.2675321745611093,0.2719584217510931,0.46050940368779847,GRU
S336,0.2349517426866544,0.23192238625350386,0.5331258710598404,GRU
S337,0.18220749851845025,0.22828177581023798,0.5895107256713118,GRU
S338,0.22789499626168302,0.3558763891229502,0.41622861461536675,GRU
S339,0.24583559424036627,0.361419378524539,0.39274502723509486,GRU
S340,0.2666706936346784,0.4276878053102744,0.30564150105504645,ANN
S341,0.2943297162680486,0.419116080316093,0.28655420341586013,ANN
S342,0.32060200800309746,0.4645527391366238,0.21484525286027858,ANN
S343,0.3427337771176017,0.43463393003255407,0.2226322928498433,ANN
S344,0.4282370788327145,0.35603623028348197,0.21572669088380364,1D-CNN
S345,0.34081714644711325,0.3502912139954283,0.3088916395574576,ANN
S346,0.45535270874219913,0.2560976947246394,0.2885495965331614,1D-CNN
S347,0.4402583123240033,0.2531429878435408,0.30659869983245536,1D-CNN
S348,0.3653643755091334,0.372259101234891,0.26237652325597505,ANN
S349,0.41315757228135536,0.3058883745297977,0.2809540531888463,1D-CNN
S350,0.3191213483088992,0.3736283974900723,0.3072502542010285,ANN
S351,0.2918465220368592,0.3750462678218808,0.33310721014125966,ANN
S352,0.36644367453519716,0.32470596949726244,0.30885035596753996,1D-CNN
S353,0.3509427401072773,0.22928447997228638,0.419772779920435,GRU
S354,0.2800298005149463,0.2589841721983904,0.46098602728666244,GRU
S355,0.3232078305266984,0.21181685190989047,0.4649753175634104,GRU
S356,0.3020054613894617,0.3160774869891211,0.381917051621416,GRU
S357,0.5998355986648846,0.14307321298661776,0.2570911883484984,1D-CNN
S358,0.612841769134581,0.2129033838692821,0.1742548469961361,1D-CNN
S359,0.596522502569932,0.25795915325247404,0.145518344177593,1D-CNN
S360,0.5661029609558064,0.3071528765411456,0.1267441625030478,1D-CNN
S361,0.536150418486794,0.35691428166196315,0.10693529985124524,1D-CNN
S362,0.504886137681348,0.35855076976499733,0.13656309255365373,1D-CNN
S363,0.40359948958567887,0.4562084858810635,0.14019202453325796,ANN
S364,0.2538264605201766,0.5838365677033185,0.162336971776505,ANN
S365,0.2518658768414543,0.5849502650084993,0.1631838581500456,ANN
S366,0.21169458363803262,0.5728099854377483,0.2154954309242184,ANN
S367,0.32340705374356576,0.3905008127736336,0.2860921334828007,ANN
S368,0.40395733419760443,0.3481239127545183,0.24791875304787692,1D-CNN
S369,0.33436151614245385,0.582887084483849,0.08275139937369763,ANN
S370,0.2725580199084142,0.6621351821435127,0.06530679794807218,ANN
S371,0.4633686760830312,0.42366175099784364,0.11296957291912432,1D-CNN
S372,0.4114230128019076,0.4133022009161115,0.17527478628198184,ANN
S373,0.39136494801882,0.34383439375537844,0.2648006582258009,1D-CNN
S374,0.4901796610227678,0.2791196051432748,0.2307007338339565,1D-CNN
S375,0.3130718538454043,0.2030710695829527,0.48385707657164356,GRU
S376,0.17807554864142727,0.17882909298665753,0.643095358371915,GRU
S377,0.19591343706648987,0.2146925753946534,0.5893939875388587,GRU
S378,0.18805837037844036,0.2241279252739803,0.5878137043475806,GRU
S379,0.21590356175391764,0.41707878364709294,0.36701765459899016,ANN
S380,0.5058447197908662,0.30298162720262506,0.1911736530065087,1D-CNN
S381,0.6419583969601548,0.27537338095797553,0.08266822208186932,1D-CNN
S382,0.6103988055781278,0.31741484546109006,0.07218634896078217,1D-CNN
S383,0.3497121152341819,0.5710758844500315,0.07921200031578643,ANN
S384,0.37393425008557196,0.3865611237821989,0.239504626132229,ANN
S385,0.33689683068142173,0.5334353749453465,0.12966779437323045,ANN
S386,0.35993040300613466,0.5184386979526817,0.12163089904118284,ANN
S387,0.3734609839399776,0.48480541266777355,0.14173360339224872,ANN
S388,0.43615586775211573,0.3982178138753725,0.16562631837251177,1D-CNN
S389,0.48091634919407333,0.36262120525753666,0.15646244554839087,1D-CNN
S390,0.5304544801439612,0.31622817241438894,0.1533173474416505,1D-CNN
S391,0.48405819370648695,0.36096211178608234,0.15497969450743332,1D-CNN
S392,0.43248351457484335,0.4200904163796165,0.14742606904553995,1D-CNN
S393,0.38428168581868893,0.4694107870774283,0.14630752710388265,ANN
S394,0.3571542653989679,0.5259275379494874,0.11691819665154479,ANN
S395,0.3276089197995611,0.557678344863344,0.11471273533709363,ANN
S396,0.3195865400841498,0.5597386304764281,0.12067482943942028,ANN
S397,0.27079573881488583,0.6087708108051438,0.12043345037996958,ANN
S398,0.2638933935679156,0.6396702056939887,0.0964364007380943,ANN
S399,0.3521946066639622,0.5225905631945947,0.12521483014144374,ANN
S400,0.29962376342330005,0.5436521436748256,0.156724092901875,ANN
S401,0.3503079311195738,0.4759128525010933,0.17377921637933236,ANN
S402,0.4230469042755484,0.47488099016351426,0.10207210556093906,ANN
S403,0.33966975675023847,0.4416660008745643,0.21866424237519802,ANN
S404,0.26636011557286615,0.5749411816010491,0.15869870282608337,ANN
S405,0.3009894331611089,0.40414539541923733,0.29486517141965374,ANN
S406,0.47225662492390763,0.42608950058920675,0.10165387448688575,1D-CNN
S407,0.5897375704068646,0.3018514343132665,0.10841099527986887,1D-CNN
S408,0.39633460019472927,0.4684708387725333,0.13519456103273925,ANN
S409,0.5275211294555615,0.3807856570306467,0.09169321351379277,1D-CNN
S410,0.420243634238417,0.48762600861808797,0.09213035714349477,ANN
S411,0.35187126814161973,0.4959787014665425,0.15215003039183841,ANN
S412,0.38825615308551403,0.4553072161699144,0.1564366307445715,ANN
S413,0.410829265201942,0.3996182324831725,0.18955250231488485,1D-CNN
S414,0.37994700538704773,0.46615686761839326,0.15389612699455754,ANN
S415,0.3095915105731917,0.5281468418007171,0.16226164762609172,ANN
S416,0.3065635411433366,0.46933893782684927,0.22409752102981415,ANN
S417,0.4348942196814078,0.35908110863870435,0.20602467167988833,1D-CNN
S418,0.46016349450401417,0.3924483008147601,0.14738820468122796,1D-CNN
S419,0.5183582027031293,0.32291293861199355,0.15872885868487638,1D-CNN
S420,0.4207454645822094,0.3983437512807078,0.18091078413708245,1D-CNN
S421,0.2750211216344222,0.5702689435540693,0.15470993481150738,ANN
S422,0.32900735414717,0.431661767786523,0.23933087806630599,ANN
S423,0.38540339254586,0.3151277438336725,0.29946886362046676,1D-CNN
S424,0.3766712638198804,0.28049563794107873,0.34283309823904035,1D-CNN
S425,0.3171645214605753,0.3142698324784858,0.3685656460609398,GRU
S426,0.32549241203450596,0.2647982406838223,0.40970934728167135,GRU
S427,0.31999696289627183,0.2520292649778917,0.42797377212583465,GRU
S428,0.2906950058540255,0.26621958093759784,0.44308541320837663,GRU
S429,0.2649151533767669,0.2514822610432795,0.48360258557995345,GRU
S430,0.2416558531416967,0.23162977484751515,0.5267143720107867,GRU
S431,0.18737292055014934,0.21977055963561198,0.5928565198142383,GRU
S432,0.17657891671329945,0.2552438283733479,0.5681772549133506,GRU
S433,0.18311506586976553,0.3210643344522014,0.4958205996780331,GRU
S434,0.16672870690618033,0.4218838712427542,0.41138742185106536,ANN
S435,0.15977560791128514,0.5815259084821113,0.2586984836066038,ANN
S436,0.19167798566778793,0.5890174183608543,0.21930459597135646,ANN
S437,0.24891323765125015,0.5877625139396926,0.16332424840905735,ANN
S438,0.3282448017410391,0.5072107138164277,0.16454448444253386,ANN
S439,0.3549375519629008,0.45540005767931563,0.1896623903577836,ANN
S440,0.43760199128620797,0.33338922475171956,0.22900878396207225,1D-CNN
S441,0.5320328124259273,0.23262722486885962,0.23533996270521382,1D-CNN
S442,0.5305245098767792,0.2121269523929892,0.25734853773023164,1D-CNN
S443,0.5609535960729403,0.19332686365643506,0.24571954027062393,1D-CNN
S444,0.3366993139398102,0.33687187691231063,0.32642880914787764,ANN
S445,0.26898207366186505,0.41047344677792647,0.32054447956020665,ANN
S446,0.3001807912094958,0.3735430553570305,0.3262761534334731,ANN
S447,0.3232747881592606,0.42781462479238397,0.2489105870483554,ANN
S448,0.32836623631342216,0.40007852309766806,0.27155524058890906,ANN
S449,0.2692488211083488,0.5087183423200576,0.2220328365715935,ANN
S450,0.15783794785715025,0.6830577868225737,0.1591042653202746,ANN
S451,0.15516868031279785,0.726245034539117,0.11858628514808359,ANN
S452,0.3189040363802329,0.5131197280346848,0.16797623558508096,ANN
S453,0.3318498964698044,0.34945328442980605,0.31869681910039016,ANN
S454,0.28218661124370575,0.29055086767501664,0.4272625210812774,GRU
S455,0.2495316705640815,0.18992697562348973,0.560541353812429,GRU
S456,0.2302249017887234,0.17598193574695212,0.5937931624643246,GRU
S457,0.20683322840302,0.20588666998672223,0.5872801016102571,GRU
S458,0.2125467036254293,0.24496625020344215,0.5424870461711286,GRU
S459,0.2483147477441992,0.32634605301531466,0.42533919924048436,GRU
S460,0.24657125673226257,0.3381935277450071,0.41523521552273024,GRU
S461,0.25044263809054046,0.41106479234041843,0.338492569569041,ANN
S462,0.2261154958608292,0.46307950387669544,0.3108050002624745,ANN
S463,0.2045103328185764,0.6031568619380411,0.19233280524338262,ANN
S464,0.2718683067333072,0.522277155434164,0.20585453783252858,ANN
S465,0.4302647553828289,0.36424232670908585,0.20549291790808522,1D-CNN
S466,0.46438686262314766,0.2595317679237859,0.27608136945306716,1D-CNN
S467,0.4814075748801428,0.20953557895631564,0.30905684616353996,1D-CNN
S468,0.33305017991087393,0.3077055584599095,0.35924426162921674,GRU
S469,0.32117195991994363,0.3363170730960245,0.3425109669840317,GRU
S470,0.3187289219193274,0.34706753048182926,0.33420354759884247,ANN
S471,0.3302617116578987,0.331583951368,0.33815433697410197,GRU
S472,0.33466493574348605,0.33246496574284223,0.33287009851367355,1D-CNN
S473,0.32562958312049417,0.3420777756949175,0.33229264118458834,ANN
S474,0.326663741300571,0.34553897534531053,0.3277972833541168,ANN
S475,0.3229733326649644,0.3464418201450531,0.3305848471899796,ANN
S476,0.3189095645194814,0.344604911785163,0.3364855236953561,ANN
S477,0.30048818167098995,0.35231266610476014,0.3471991522242513,ANN
S478,0.2846117796736642,0.36545345765214826,0.3499347626741876,ANN
S479,0.2538346797922089,0.38056820139697783,0.36559711881081447,ANN
S480,0.22687396268595875,0.43199277513791584,0.341133262176125,ANN
S481,0.21922179159579322,0.4624188670554883,0.31835934134871746,ANN
S482,0.19654797125022141,0.5023446036108525,0.30110742513892597,ANN
S483,0.19660603944015886,0.5303150532226578,0.2730789073371814,ANN
S484,0.2005751187904541,0.5597202199440737,0.23970466126547194,ANN
S485,0.22036349084229392,0.5335992800749139,0.24603722908279088,ANN
S486,0.24787449493982705,0.49048923053158927,0.2616362745285833,ANN
S487,0.3736196197048539,0.34211933793536525,0.28426104235978206,1D-CNN
S488,0.4530401143840675,0.2411160417333429,0.30584384388259167,1D-CNN
S489,0.49712708588432597,0.1802484676604396,0.32262444645523397,1D-CNN
S490,0.5234421422204092,0.16069033596265878,0.3158675218169313,1D-CNN
S491,0.22758916722588982,0.3455045819939272,0.4269062507801817,GRU
S492,0.18347674660653365,0.416661190792354,0.39986206260111246,ANN
S493,0.20145669561985755,0.35043243675408764,0.44811086762605473,GRU
S494,0.14784022302413144,0.2980419974306334,0.5541177795452339,GRU
S495,0.12627655329591783,0.10189547851618626,0.7718279681878941,GRU
S496,0.10057561502333079,0.08134294243050251,0.8180814425461668,GRU
S497,0.0641969648563939,0.06643273558498074,0.8693702995586253,GRU
S498,0.057073429608399846,0.017031226473169275,0.9258953439184308,GRU
S499,0.24880199685645554,0.11660173755571407,0.6345962655878303,GRU
S500,0.6349888266952645,0.13366284556648325,0.23134832773825223,1D-CNN
S501,0.3125926428308649,0.6087743281735449,0.07863302899559112,ANN
S502,0.28850713768672814,0.20918385582461,0.5023090064886625,GRU
S503,0.27919729231567664,0.2787254718798033,0.44207723580451797,GRU
S504,0.26864548101724517,0.2467621724795271,0.4845923465032277,GRU
S505,0.24970965715057986,0.2738394531869009,0.47645088966251936,GRU
S506,0.24939581966898325,0.266385113264736,0.4842190670662794,GRU
S507,0.26849094524648753,0.32097701055283767,0.41053204420067485,GRU
S508,0.26920864452106946,0.34592279784756136,0.38486855763137184,GRU
S509,0.26401417701213775,0.3850781286218197,0.35090769436604197,ANN
S510,0.2745561465623192,0.39326190746386275,0.33218194597381817,ANN
S511,0.24971372144212392,0.4860039487491815,0.2642823298086952,ANN
S512,0.28278820911575836,0.5010536148955395,0.21615817598869932,ANN
S513,0.45089472559296867,0.329343858211383,0.2197614161956481,1D-CNN
S514,0.6097775704225512,0.17954314633488502,0.21067928324256388,1D-CNN
S515,0.6500932269836248,0.15653507077197287,0.19337170224440212,1D-CNN
S516,0.6100371065571114,0.17346520707423313,0.21649768636865535,1D-CNN
S517,0.41642077713328995,0.29598946035967477,0.28758976250703444,1D-CNN
S518,0.28919054711718806,0.46700804398332624,0.2438014088994858,ANN
S519,0.15431129958760623,0.6766793721975882,0.16900932821480674,ANN
S520,0.09695518702720796,0.823481864182225,0.07956294879056683,ANN
S521,0.09846458661235478,0.8287631731273863,0.07277224026025879,ANN
S522,0.10757274131479261,0.8156362045681386,0.0767910541170673,ANN
S523,0.06289603587029197,0.9135390702107424,0.02356489391896555,ANN
S524,0.1858117982859099,0.7357088102520205,0.07847939146206956,ANN
S525,0.2160742908061235,0.5752213728011483,0.208704336392728,ANN
S526,0.19730260359478544,0.49133095066206395,0.31136644574314865,ANN
S527,0.19373423672498447,0.30016546219993906,0.5061003010750762,GRU
S528,0.17277143133590347,0.22503937703028223,0.6021891916338156,GRU
S529,0.20436907329981352,0.28407380909026625,0.5115571176099208,GRU
S530,0.23741450302217845,0.32381946850011456,0.4387660284777097,GRU
S531,0.2629116856301064,0.3958289299301436,0.34125938443974874,ANN
S532,0.293573231546548,0.4279260092135658,0.2785007592398868,ANN
S533,0.2986791157381934,0.4690449981105028,0.23227588615130174,ANN
S534,0.3133114453055942,0.4691349824137657,0.21755357228064195,ANN
S535,0.3484886111315868,0.4243038540105896,0.22720753485782247,ANN
S536,0.42882734774884057,0.3497126815929332,0.22145997065822595,1D-CNN
S537,0.5407663222720632,0.25025205647603027,0.20898162125190656,1D-CNN
S538,0.6130695751411956,0.19293735022224845,0.19399307463655718,1D-CNN
S539,0.5196480679184587,0.24667820565975304,0.23367372642179082,1D-CNN
S540,0.3407106881223536,0.4103945728646848,0.2488947390129622,ANN
S541,0.26586217495074144,0.5027830768007919,0.23135474824846852,ANN
S542,0.26012179586422307,0.5602616867965169,0.17961651733925885,ANN
S543,0.261617433977607,0.5396124749264594,0.19877009109593333,ANN
S544,0.22002869732004676,0.5103844395962548,0.26958686308369806,ANN
S545,0.2308227225669009,0.5049955329323267,0.2641817445007725,ANN
S546,0.3432802646433969,0.3889895539200646,0.2677301814365372,ANN
S547,0.3117120497383918,0.4183169639751239,0.2699709862864841,ANN
S548,0.2765919039875594,0.4417219889412945,0.28168610707114583,ANN
S549,0.34368116343721045,0.3428663036148827,0.3134525329479069,1D-CNN
S550,0.31767486441844117,0.2927395784043795,0.38958555717717763,GRU
S551,0.25930108936843516,0.26533391320369937,0.4753649974278647,GRU
S552,0.28952168961437036,0.2088817490010391,0.5015965613845893,GRU
S553,0.29609743903940056,0.27227500213110223,0.43162755882949916,GRU
S554,0.2892948511984018,0.3145936439732597,0.3961115048283371,GRU
S555,0.31423034825195456,0.3810512956528553,0.30471835609518944,ANN
S556,0.3741059973743448,0.2761517580493385,0.34974224457631675,1D-CNN
S557,0.3081119341141463,0.3680058610268325,0.32388220485902136,ANN
S558,0.32691557048556863,0.4646636929244772,0.2084207365899538,ANN
S559,0.4217667223938353,0.3886704249599661,0.18956285264619843,1D-CNN
S560,0.4924744889336952,0.30795318705228364,0.19957232401402106,1D-CNN
S561,0.5451172034824145,0.2671885050500156,0.18769429146756936,1D-CNN
S562,0.370010704769055,0.38952924010500284,0.24046005512594493,ANN
S563,0.41193594817646806,0.35798337561045035,0.23008067621308143,1D-CNN
S564,0.44488638620885596,0.2921049691455111,0.26300864464563267,1D-CNN
S565,0.26820324975971244,0.48241092381911277,0.24938582642117538,ANN
S566,0.24873428803615344,0.5353797880701359,0.21588592389371053,ANN
S567,0.1994301211067463,0.5801413829369647,0.22042849595628858,ANN
S568,0.23001009876040593,0.47651524008317087,0.2934746611564239,ANN
S569,0.26670353879915404,0.3914636862086108,0.3418327749922351,ANN
S570,0.22349945720544445,0.45100650030133077,0.32549404249322395,ANN
S571,0.23383334433979544,0.435001387478293,0.33116526818191216,ANN
S572,0.2752692267198478,0.48796263223976377,0.2367681410403889,ANN
S573,0.30750932060361047,0.4570949284415319,0.23539575095485746,ANN
S574,0.3868831048425598,0.3607629365306438,0.25235395862679716,1D-CNN
S575,0.3994198465212242,0.31951135522072666,0.2810687982580489,1D-CNN
S576,0.2874140933345823,0.37250469748059445,0.3400812091848228,ANN
S577,0.3198165586270367,0.3668641672662976,0.31331927410666766,ANN
S578,0.4389211943507286,0.32023248681519595,0.24084631883407523,1D-CNN
S579,0.3988595839295567,0.3350797594358617,0.26606065663458084,1D-CNN
S580,0.37703304322055287,0.37153756021644213,0.2514293965630047,1D-CNN
S581,0.3988837904488878,0.40304642761165654,0.19806978193945585,ANN
S582,0.33917804838620147,0.41555668000561385,0.2452652716081819,ANN
S583,0.27136074641888613,0.4667798322483854,0.26185942133272994,ANN
S584,0.35587339419456715,0.3552837331718355,0.2888428726335994,1D-CNN
S585,0.47115126564245063,0.34944943094024544,0.17939930341730376,1D-CNN
S586,0.7465454750111657,0.14545813192996584,0.10799639305886741,1D-CNN
S587,0.3938091816776605,0.33619451685418905,0.26999630146815035,1D-CNN
S588,0.32873411423256027,0.3133763116460866,0.3578895741213507,GRU
