Segment,1D-CNN,ANN,GRU,Selected
S1,0.3076637116690878,0.2795843883621036,0.4127518999688085,GRU
S2,0.32516981925169475,0.29225132419283245,0.38257885655547347,GRU
S3,0.31977332256668806,0.2618339469597715,0.4183927304735402,GRU
S4,0.3067110392394086,0.31098335527268567,0.38230560548790626,GRU
S5,0.29851489171995427,0.2881071313872703,0.413377976892776,GRU
S6,0.32030228696263163,0.32711187843280176,0.35258583460456633,GRU
S7,0.27205461040097645,0.35250458629101833,0.37544080330800517,GRU
S8,0.30507040746544195,0.41237804332747063,0.2825515492070874,ANN
S9,0.3289489341945428,0.3785260575940179,0.2925250082114393,ANN
S10,0.6418103361866321,0.17935741133943678,0.1788322524739318,1D-CNN
S11,0.5925833231475629,0.21253719313827737,0.1948794837141595,1D-CNN
S12,0.4320426424941712,0.345220565080576,0.2227367924252529,1D-CNN
S13,0.4954202732373542,0.257680089041928,0.2468996377207178,1D-CNN
S14,0.40188853804096525,0.3961052522708979,0.20200620968813676,1D-CNN
S15,0.29453351513055887,0.47695098754152565,0.2285154973279153,ANN
S16,0.31846976536637006,0.37561503977653177,0.30591519485709806,ANN
S17,0.2550381050198752,0.3784351757466957,0.36652671923342905,ANN
S18,0.2202851378063422,0.38109050236322123,0.3986243598304363,GRU
S19,0.26342791516231173,0.23269401125840908,0.5038780735792792,GRU
S20,0.2568288547061206,0.3618215652854042,0.38134958000847535,GRU
S21,0.2936760517859154,0.178563356760491,0.5277605914535931,GRU
S22,0.40839711091628267,0.3917512103856946,0.19985167869802262,1D-CNN
S23,0.40644658428106234,0.45198249355635267,0.1415709221625856,ANN
S24,0.25143034452539825,0.6084802871687641,0.1400893683058382,ANN
S25,0.5052648830921409,0.31235417416919375,0.18238094273866587,1D-CNN
S26,0.4749550940582208,0.3808680704561141,0.14417683548566496,1D-CNN
S27,0.339513941488715,0.4018371334236241,0.25864892508765985,ANN
S28,0.32734135337147013,0.4944333576327008,0.1782252889958291,ANN
S29,0.41586801193097156,0.36406805343629106,0.22006393463273705,1D-CNN
S30,0.3263511574677214,0.553357169296264,0.1202916732360143,ANN
S31,0.4204933910863157,0.4361108590333015,0.14339574988038203,ANN
S32,0.3538180686509614,0.5553456484713528,0.09083628287768647,ANN
S33,0.3488546923359175,0.5278491671809908,0.1232961404830917,ANN
S34,0.37815323193892086,0.5388880925600358,0.08295867550104317,ANN
S35,0.38436935001230954,0.47041126482612666,0.14521938516156344,ANN
S36,0.5362926795915213,0.3652291917259726,0.09847812868250586,1D-CNN
S37,0.46147845959502815,0.4198355934778397,0.11868594692713211,1D-CNN
S38,0.35860793209845215,0.5342467672930068,0.10714530060854086,ANN
S39,0.3595383935428797,0.4732101534213922,0.16725145303572783,ANN
S40,0.4187027092101545,0.40844117539524305,0.1728561153946014,1D-CNN
S41,0.2942588429397466,0.46934750351854615,0.2363936535417076,ANN
S42,0.33954145134494085,0.35557336384024224,0.30488518481481675,ANN
S43,0.38866765478679605,0.2830262112777614,0.3283061339354422,1D-CNN
S44,0.25905438543259646,0.26761514027212785,0.4733304742952759,GRU
S45,0.29686332241243524,0.29518579650148047,0.4079508810860843,GRU
S46,0.31269795233626824,0.26523347069446024,0.42206857696927114,GRU
S47,0.29267279869276036,0.31161283661542766,0.3957143646918119,GRU
S48,0.2839293329122392,0.26357267490620434,0.45249799218155645,GRU
S49,0.29648152080665796,0.26210015158227185,0.4414183276110693,GRU
S50,0.2772200446276254,0.27238218040433093,0.45039777496804323,GRU
S51,0.2744706954597774,0.3034860870924781,0.42204321744774514,GRU
S52,0.3094897358415212,0.2976939265902823,0.3928163375681972,GRU
S53,0.2795309338058817,0.3387817664133625,0.38168729978075583,GRU
S54,0.2961579477706477,0.3841576397545795,0.319684412474773,ANN
S55,0.27087980938142825,0.43377832911493536,0.29534186150363717,ANN
S56,0.2608520024234536,0.46235782984565876,0.2767901677308882,ANN
S57,0.3091667371155558,0.40476517917944094,0.28606808370500386,ANN
S58,0.49531220318731206,0.2620677216662758,0.24262007514641212,1D-CNN
S59,0.5864331741377424,0.1795132066622111,0.2340536192000464,1D-CNN
S60,0.5471481384563636,0.20235169648527887,0.2505001650583573,1D-CNN
S61,0.36658244391960004,0.3110358728094694,0.32238168327093036,1D-CNN
S62,0.2754620122694579,0.5244229198018228,0.20011506792871947,ANN
S63,0.27412708719262635,0.5275880448762998,0.19828486793107386,ANN
S64,0.18240556233526245,0.66515272806479,0.15244170959994754,ANN
S65,0.24842057136779447,0.42913026467436993,0.32244916395783535,ANN
S66,0.34282222332023576,0.3403476633069376,0.3168301133728267,1D-CNN
S67,0.29295802976251456,0.3043638758976139,0.40267809433987106,GRU
S68,0.32722597923004093,0.2818764512563315,0.3908975695136274,GRU
S69,0.2969436562341976,0.24456086983341466,0.45849547393238765,GRU
S70,0.26949332155812006,0.31995880694563483,0.4105478714962449,GRU
S71,0.2791966122956362,0.38351207930349895,0.33729130840086496,ANN
S72,0.24488453859068884,0.36278148855787096,0.3923339728514401,GRU
S73,0.2453635605067499,0.3211802575356923,0.43345618195755714,GRU
S74,0.40291835117087266,0.3677383225743668,0.2293433262547597,1D-CNN
S75,0.40978389377300983,0.3345188654167246,0.25569724081026557,1D-CNN
S76,0.39845582340195596,0.3203533032422751,0.2811908733557691,1D-CNN
S77,0.4297654615504121,0.3523675655056212,0.21786697294396662,1D-CNN
S78,0.39580703078841345,0.3286541604096774,0.27553880880191,1D-CNN
S79,0.4246478775173442,0.36408520129100214,0.21126692119165388,1D-CNN
S80,0.3766097089142752,0.3622255051632486,0.26116478592247605,1D-CNN
S81,0.3653175212396731,0.25595413281840407,0.37872834594192245,GRU
S82,0.402626729330393,0.29896822933171663,0.2984050413378897,1D-CNN
S83,0.48957883821371145,0.3164740676177789,0.19394709416850972,1D-CNN
S84,0.5017859636073353,0.24868581038746343,0.24952822600520183,1D-CNN
S85,0.6237910844221274,0.1881566722861975,0.18805224329167577,1D-CNN
S86,0.41750600371039076,0.39965306413882645,0.18284093215078284,1D-CNN
S87,0.3891139784308053,0.42871477962196985,0.182171241947225,ANN
S88,0.46638745059782205,0.404236436561581,0.129376112840597,1D-CNN
S89,0.34261421546868714,0.39922676781520705,0.2581590167161066,ANN
S90,0.3701437585455413,0.3344158615059307,0.295440379948528,1D-CNN
S91,0.4068922418371831,0.4098079518577996,0.18329980630501735,ANN
S92,0.38718048311152314,0.38495645400435596,0.22786306288412098,1D-CNN
S93,0.42817264072003025,0.3297984675521359,0.24202889172783365,1D-CNN
S94,0.36587639841416275,0.40579068051580286,0.22833292107003433,ANN
S95,0.4749275267254042,0.3523101342918906,0.17276233898270513,1D-CNN
S96,0.4437393726055313,0.36929591540927914,0.18696471198518932,1D-CNN
S97,0.3624483195957147,0.4659932851122497,0.17155839529203562,ANN
S98,0.4607981478490211,0.37837272920437315,0.1608291229466056,1D-CNN
S99,0.43631447551900865,0.37731764848339455,0.18636787599759633,1D-CNN
S100,0.38859344588742056,0.45625073854422615,0.15515581556835328,ANN
S101,0.36899509972636646,0.4159639129977595,0.21504098727587448,ANN
S102,0.3463564350011086,0.3893734607166102,0.264270104282281,ANN
S103,0.38669502317918203,0.3533296809230905,0.2599752958977272,1D-CNN
S104,0.41084277864247637,0.3926218611095673,0.19653536024795623,1D-CNN
S105,0.39120529919414365,0.39769754219848685,0.21109715860737016,ANN
S106,0.457323517902501,0.3500138318024012,0.1926626502950975,1D-CNN
S107,0.3178423439988941,0.4574514527310475,0.22470620327005864,ANN
S108,0.3994269464587464,0.41752870127196884,0.18304435226928453,ANN
S109,0.39187511985574497,0.40831762079006634,0.19980725935418855,ANN
S110,0.3784798547206019,0.4234284426946909,0.19809170258470765,ANN
S111,0.44425346174570174,0.37048756459468324,0.18525897365961574,1D-CNN
S112,0.32868087334252677,0.48148818324746057,0.18983094341001253,ANN
S113,0.28229858809392383,0.5298992790415905,0.18780213286448558,ANN
S114,0.36038275399053404,0.4218577391024624,0.21775950690700355,ANN
S115,0.32236537912410596,0.4851616795330495,0.19247294134284426,ANN
S116,0.3040370144645442,0.41620659903861573,0.2797563864968402,ANN
S117,0.4061380152757292,0.37969261698508944,0.21416936773918138,1D-CNN
S118,0.3461841485497005,0.305331925055737,0.3484839263945617,GRU
S119,0.422475049731552,0.36956497278585226,0.20795997748259598,1D-CNN
S120,0.36088598736173894,0.3281909996666952,0.310923012971566,1D-CNN
S121,0.33247853176362285,0.38563794117772343,0.2818835270586533,ANN
S122,0.3053316338985493,0.28740557291987257,0.40726279318157815,GRU
S123,0.37844007266186636,0.32038043948425937,0.30117948785387433,1D-CNN
S124,0.32949241533247836,0.3144857479009402,0.3560218367665814,GRU
S125,0.32088297160188894,0.3369010772064783,0.34221595119163245,GRU
S126,0.36978721179217944,0.2724789220630413,0.35773386614477937,1D-CNN
S127,0.3106627137768023,0.4069876706864686,0.282349615536729,ANN
S128,0.2616115355498537,0.5103875800056755,0.2280008844444706,ANN
S129,0.30719926159498145,0.4519079314215423,0.240892806983477,ANN
S130,0.4335925699845323,0.3643261606424925,0.2020812693729759,1D-CNN
S131,0.5531552023124875,0.3023121138558681,0.14453268383164442,1D-CNN
S132,0.5291344551403262,0.31893447681543546,0.15193106804423923,1D-CNN
S133,0.3274817060306715,0.49317417535901864,0.17934411861031066,ANN
S134,0.31019123604139304,0.5299055391852374,0.15990322477337038,ANN
S135,0.28759994887335677,0.5559986482709358,0.15640140285570744,ANN
S136,0.3186921502107974,0.5130630736528018,0.1682447761364006,ANN
S137,0.3247564843977391,0.45893738720034893,0.21630612840191207,ANN
S138,0.3655156580528301,0.41052051144590085,0.22396383050126883,ANN
S139,0.37772183033023354,0.42111372419382487,0.2011644454759406,ANN
S140,0.4045999816849514,0.41421939429124793,0.1811806240238007,ANN
S141,0.2658862959132384,0.5396113684685461,0.19450233561821542,ANN
S142,0.22354900209759437,0.6288968695434818,0.14755412835892398,ANN
S143,0.5051613878790997,0.39439332619392936,0.10044528592697086,1D-CNN
S144,0.2908548884786992,0.5429292313219802,0.1662158801993206,ANN
S145,0.2827743470052724,0.4838413523827491,0.2333843006119782,ANN
S146,0.3722044950111317,0.39662245217836545,0.2311730528105031,ANN
S147,0.40890630643187764,0.39343442891408825,0.1976592646540347,1D-CNN
S148,0.3303823770914597,0.4956892516742484,0.173928371234292,ANN
S149,0.3345265711069211,0.49638171348067833,0.16909171541240023,ANN
S150,0.39643415033900176,0.46399491539499477,0.13957093426600334,ANN
S151,0.3982064752138326,0.4679914603856774,0.13380206440049017,ANN
S152,0.40118227029391806,0.4818033789842258,0.11701435072185613,ANN
S153,0.44902540384389134,0.42055248139016826,0.13042211476594054,1D-CNN
S154,0.50582154068994,0.37247763884341845,0.12170082046664216,1D-CNN
S155,0.39043693066745755,0.4779246896138673,0.131638379718675,ANN
S156,0.21669534388925416,0.7117229839842172,0.07158167212652854,ANN
S157,0.23682195794087194,0.6800594274901414,0.08311861456898709,ANN
S158,0.2916108347743019,0.5942149770018449,0.11417418822385306,ANN
S159,0.342336658087036,0.4718317599693547,0.185831581943609,ANN
S160,0.4799057169322667,0.3256907675670408,0.19440351550069296,1D-CNN
S161,0.3479725946794936,0.42444778271925776,0.2275796226012488,ANN
S162,0.3577654801274769,0.38246600017689486,0.2597685196956288,ANN
S163,0.34413213375772317,0.4084180738665148,0.24744979237576206,ANN
S164,0.42561851681351554,0.31579135713128637,0.2585901260551988,1D-CNN
S165,0.3358017148545728,0.42811439210475366,0.23608389304067437,ANN
S166,0.39001234532271023,0.34056779505063045,0.26941985962665876,1D-CNN
S167,0.4107822417114427,0.47209562294308677,0.11712213534547063,ANN
S168,0.4035861091130065,0.35458178095811305,0.24183210992888052,1D-CNN
S169,0.38119814344720826,0.45062438974913177,0.16817746680366,ANN
S170,0.42581367044342755,0.30715398297957724,0.26703234657699526,1D-CNN
S171,0.43181824352252735,0.4427213566941316,0.1254603997833418,ANN
S172,0.3126253189729598,0.49614443001197567,0.19123025101506452,ANN
S173,0.31915118806240084,0.505390593868217,0.17545821806938164,ANN
S174,0.3502863697254181,0.3827259169131104,0.2669877133614709,ANN
S175,0.5131781819377826,0.35343118373548504,0.1333906343267324,1D-CNN
S176,0.42665006246231507,0.4078945224693709,0.1654554150683138,1D-CNN
S177,0.3828375713481968,0.44802820583523484,0.16913422281656837,ANN
S178,0.3200072063042247,0.5342740533050219,0.14571874039075328,ANN
S179,0.34570278512800107,0.5328188404609544,0.12147837441104425,ANN
S180,0.42728337841801617,0.4536793731854683,0.1190372483965151,ANN
S181,0.3594877877147463,0.5202600656817248,0.12025214660352901,ANN
S182,0.2867942788431002,0.5922443967752264,0.12096132438167352,ANN
S183,0.2747243904678872,0.6663350984636885,0.0589405110684241,ANN
S184,0.512425840249013,0.32783689697286184,0.15973726277812592,1D-CNN
S185,0.3349734015028249,0.45344356241965383,0.21158303607752113,ANN
S186,0.32719117463034836,0.31530662932469034,0.3575021960449613,GRU
S187,0.29816807890825114,0.2684360103615679,0.43339591073018047,GRU
S188,0.24077268882680827,0.22555832556142422,0.5336689856117675,GRU
S189,0.25893170454941855,0.2305338249951038,0.5105344704554772,GRU
S190,0.25325796850280063,0.24367884778701968,0.5030631837101802,GRU
S191,0.2680306122817263,0.2682711364456596,0.463698251272614,GRU
S192,0.25860586856600165,0.23013616189665992,0.5112579695373386,GRU
S193,0.2532764005047199,0.23072817374126817,0.5159954257540119,GRU
S194,0.2506484658383228,0.24306539494441692,0.5062861392172598,GRU
S195,0.24534020433458817,0.26602274135231213,0.4886370543130997,GRU
S196,0.24837153064508652,0.28532737720507195,0.4663010921498416,GRU
S197,0.2451645839061063,0.32598561922168745,0.42884979687220565,GRU
S198,0.2530854445015542,0.3918294551384651,0.3550851003599815,ANN
S199,0.23997129217574314,0.4897445583995564,0.2702841494247004,ANN
S200,0.27251963399493856,0.48871222106019435,0.23876814494486764,ANN
S201,0.31377361284331523,0.4363914602277924,0.24983492692889223,ANN
S202,0.5449828148764074,0.254725062434863,0.20029212268872962,1D-CNN
S203,0.6167089190181445,0.19893272369171291,0.18435835729014266,1D-CNN
S204,0.5796895982872587,0.21715442856751102,0.2031559731452302,1D-CNN
S205,0.4870713933765491,0.2606095614658902,0.2523190451575602,1D-CNN
S206,0.412464024959426,0.3522543221782792,0.23528165286229488,1D-CNN
S207,0.37314626970962145,0.36060982739235575,0.26624390289802347,1D-CNN
S208,0.35218989764228925,0.3582720742582925,0.2895380280994183,ANN
S209,0.32257470606022853,0.35125000927683675,0.3261752846629348,ANN
S210,0.33709038588724655,0.2841990187297336,0.37871059538302004,GRU
S211,0.32656464312057665,0.30619443946036967,0.3672409174190544,GRU
S212,0.3369578194526781,0.3103268638112308,0.35271531673609097,GRU
S213,0.38941237808571894,0.23824084241051857,0.37234677950376327,1D-CNN
S214,0.42880551441602427,0.2789179045419999,0.292276581041976,1D-CNN
S215,0.42851477321091413,0.3342473388690107,0.23723788792007497,1D-CNN
S216,0.4334536277582658,0.41464900255252696,0.15189736968920733,1D-CNN
S217,0.40816477232017623,0.46831431638260185,0.12352091129722188,ANN
S218,0.3729028593287938,0.5056161465137262,0.12148099415748005,ANN
S219,0.3801341067657493,0.49437377522141807,0.12549211801283208,ANN
S220,0.3625236375880067,0.527946125621118,0.10953023679087504,ANN
S221,0.3666604028282308,0.5004178493747703,0.13292174779699867,ANN
S222,0.3667522107867592,0.4884944156012563,0.14475337361198448,ANN
S223,0.3943695913036779,0.4609428949015385,0.14468751379478342,ANN
S224,0.4202800173894777,0.45426006269892666,0.1254599199115957,ANN
S225,0.3739016846322392,0.4796821417006284,0.14641617366713236,ANN
S226,0.2842145224040393,0.5823405947164196,0.1334448828795408,ANN
S227,0.37240471187133556,0.47733312597746924,0.15026216215119523,ANN
S228,0.3648089478040062,0.5071137276529503,0.12807732454304432,ANN
S229,0.3468114958784447,0.5029048405389309,0.15028366358262438,ANN
S230,0.3591987358920146,0.5298092996133393,0.11099196449464592,ANN
S231,0.33561767102974543,0.517952272765436,0.14643005620481803,ANN
S232,0.325653457837902,0.5488054488224984,0.12554109333960037,ANN
S233,0.3347858787338684,0.5134391436096833,0.15177497765644796,ANN
S234,0.3347011103460298,0.5322726757650168,0.1330262138889532,ANN
S235,0.36540293112409405,0.472769536010997,0.16182753286490895,ANN
S236,0.31188375717625394,0.5665988995061372,0.12151734331760848,ANN
S237,0.3268288679335559,0.5268344228222216,0.146336709244222,ANN
S238,0.35097898630042673,0.5271100160396175,0.12191099765995594,ANN
S239,0.28511694652172387,0.5807892025646582,0.13409385091361797,ANN
S240,0.3157700346103948,0.5433589678451933,0.14087099754441273,ANN
S241,0.359989420438359,0.49704508944637416,0.1429654901152666,ANN
S242,0.36981764628740404,0.5057596493067332,0.12442270440586259,ANN
S243,0.375434515807169,0.49916697934301796,0.1253985048498131,ANN
S244,0.32153673820747924,0.5683673745916213,0.11009588720089951,ANN
S245,0.30099524138120926,0.5936493756043257,0.10535538301446452,ANN
S246,0.29535046833053147,0.6145995966297088,0.09004993503975985,ANN
S247,0.30863934857313613,0.6107234866918094,0.08063716473505397,ANN
S248,0.31701392169189674,0.5966293413035445,0.08635673700455891,ANN
S249,0.28809722242075414,0.6509583779198311,0.06094439965941435,ANN
S250,0.2647497063200939,0.6740052313352268,0.061245062344679496,ANN
S251,0.2855493014413322,0.6551320220153733,0.059318676543294487,ANN
S252,0.28697975217198246,0.6475530000161422,0.06546724781187602,ANN
S253,0.28283032827780724,0.6405591818163536,0.07661048990583928,ANN
S254,0.2890138160232071,0.641917982782291,0.0690682011945021,ANN
S255,0.2980685631980101,0.634345361184676,0.06758607561731388,ANN
S256,0.30894672117246813,0.6119394789672447,0.07911379986028719,ANN
S257,0.30783365267406004,0.6142329794477612,0.07793336787817862,ANN
S258,0.3271053169304665,0.5885234848746217,0.08437119819491194,ANN
S259,0.3473062593872137,0.5658560929712001,0.08683764764158697,ANN
S260,0.3725078230285979,0.538035150401455,0.08945702656994707,ANN
S261,0.36728593861740627,0.5479050604269733,0.08480900095562051,ANN
S262,0.37721971321366016,0.5283215434392515,0.09445874334708812,ANN
S263,0.33069298574755135,0.574018274851297,0.09528873940115154,ANN
S264,0.3294879692777316,0.5631033563697002,0.10740867435256815,ANN
S265,0.34145884951260974,0.5455659319026517,0.11297521858473832,ANN
S266,0.336704343707288,0.5307683934776388,0.13252726281507304,ANN
S267,0.3304205702316863,0.5323033198937673,0.13727610987454614,ANN
S268,0.33436895903308195,0.5126974578085051,0.15293358315841316,ANN
S269,0.3379752791677112,0.5031685995335219,0.15885612129876675,ANN
S270,0.3461334833116936,0.4850099441366542,0.16885657255165223,ANN
S271,0.3644005527196786,0.47925593780118514,0.1563435094791362,ANN
S272,0.3817344914331458,0.47113425070649767,0.14713125786035722,ANN
S273,0.37406504359360765,0.48987402351625237,0.1360609328901399,ANN
S274,0.3522258724195423,0.5193562115421392,0.12841791603831845,ANN
S275,0.3456291719435959,0.5331391283806093,0.12123169967579477,ANN
S276,0.35301633335356,0.5255692064481966,0.12141446019824305,ANN
S277,0.3416189638178733,0.5512405198540189,0.10714051632810774,ANN
S278,0.34537646403994343,0.5543743241906293,0.10024921176942742,ANN
S279,0.4055355908418656,0.4625933167518857,0.1318710924062485,ANN
S280,0.4342447741846172,0.3858326628222384,0.1799225629931443,1D-CNN
S281,0.4346646247622067,0.3444916251969335,0.22084375004085907,1D-CNN
S282,0.333331298364302,0.2952813778054845,0.3713873238302132,GRU
S283,0.40370782501192315,0.25313558148793286,0.34315659350014344,1D-CNN
S284,0.3568743738283451,0.25929506839923366,0.38383055777242087,GRU
S285,0.2956293145728623,0.19536454748562646,0.5090061379415106,GRU
S286,0.3339167410713023,0.2033217615209473,0.4627614974077503,GRU
S287,0.24074945175324836,0.15282494912840813,0.6064255991183437,GRU
S288,0.21196073589464015,0.2567890636199357,0.531250200485424,GRU
S289,0.1986884838666867,0.24785650404667986,0.5534550120866334,GRU
S290,0.28892035480469397,0.3620492570566508,0.34903038813865456,ANN
S291,0.29110073980913587,0.49944236868157305,0.20945689150929078,ANN
S292,0.38756474818481285,0.49105988802469586,0.12137536379049117,ANN
S293,0.38854743984486023,0.46548312023433563,0.14596943992080375,ANN
S294,0.42629722743401954,0.43372174357373217,0.13998102899224893,ANN
S295,0.34986265821714346,0.4983790685206977,0.15175827326215877,ANN
S296,0.3733895425299023,0.46322643804594105,0.16338401942415676,ANN
S297,0.43542903673790795,0.38850898357625013,0.17606197968584164,1D-CNN
S298,0.4408149383606814,0.383457990367969,0.1757270712713496,1D-CNN
S299,0.42471489480229385,0.38085641492888106,0.19442869026882464,1D-CNN
S300,0.3573097450914195,0.443522768620467,0.1991674862881136,ANN
S301,0.30482977095029035,0.47594201178713014,0.21922821726257952,ANN
S302,0.3114235104766857,0.4236862604489094,0.26489022907440474,ANN
S303,0.3375988261350465,0.3947226750124766,0.26767849885247696,ANN
S304,0.3236565533531474,0.3391068396459264,0.3372366070009266,ANN
S305,0.32784326976643563,0.34147197836155074,0.33068475187201385,ANN
S306,0.3260164548252177,0.3016778053768333,0.3723057397979497,GRU
S307,0.32421318501379426,0.29765461471070576,0.3781322002755002,GRU
S308,0.30677719037126583,0.2979816191676754,0.39524119046105877,GRU
S309,0.3083269721358231,0.2927966965355165,0.3988763313286602,GRU
S310,0.2864701329135566,0.31719949144356113,0.3963303756428824,GRU
S311,0.27918927309273434,0.3435019564996363,0.3773087704076294,GRU
S312,0.27701867985710654,0.32871407422904075,0.39426724591385187,GRU
S313,0.2629629638288287,0.4087271817587493,0.3283098544124219,ANN
S314,0.43549430046466153,0.33500474871183555,0.22950095082350283,1D-CNN
S315,0.4917325265200989,0.29510602370508315,0.21316144977481777,1D-CNN
S316,0.5978527060570759,0.22642558486371228,0.1757217090792117,1D-CNN
S317,0.438183146893226,0.33053112449958505,0.2312857286071883,1D-CNN
S318,0.4736430210592496,0.32839805940390066,0.1979589195368498,1D-CNN
S319,0.40463009456422655,0.34194072324556957,0.25342918219020466,1D-CNN
S320,0.34398159967344855,0.41273936885962637,0.2432790314669245,ANN
S321,0.2812410562347249,0.3767506784493792,0.34200826531589595,ANN
S322,0.36009743571292885,0.3338873590099709,0.30601520527710074,1D-CNN
S323,0.30663703675462783,0.24600960124220908,0.44735336200316295,GRU
S324,0.4715663842482624,0.20768655212093085,0.320747063630806,1D-CNN
S325,0.30940499241185637,0.3051830739453381,0.38541193364280574,GRU
S326,0.3482877811579377,0.3847214485530878,0.26699077028897444,ANN
S327,0.35858585822025324,0.40015872322829305,0.24125541855145427,ANN
S328,0.3178137576415825,0.5156025219319437,0.16658372042647357,ANN
S329,0.3599379520911645,0.40301486280079973,0.2370471851080358,ANN
S330,0.30294818938028323,0.21590675617285215,0.4811450544468646,GRU
S331,0.30856162232840384,0.17052795661220327,0.5209104210593929,GRU
S332,0.32125958822268497,0.23934772081504493,0.43939269096226996,GRU
S333,0.36568721003419113,0.20032603028685267,0.4339867596789564,GRU
S334,0.28746517162425866,0.30248431385278296,0.4100505145229585,GRU
S335,0.29317544228701703,0.295318999159742,0.4115055585532408,GRU
S336,0.2688286781277632,0.26506514624623123,0.4661061756260055,GRU
S337,0.22478429425632424,0.255889069629313,0.5193266361143628,GRU
S338,0.26574807892545393,0.33898379817106383,0.395268122903482,GRU
S339,0.27393643362243375,0.330603399175307,0.39546016720225885,GRU
S340,0.2876155921316518,0.3871304510926257,0.325253956775722,ANN
S341,0.3019022576181797,0.39206009835370836,0.30603764402811257,ANN
S342,0.31989146660031553,0.43258735925939723,0.24752117414028732,ANN
S343,0.33094643061744927,0.41116887389285334,0.25788469548969695,ANN
S344,0.3962365403835138,0.36052888240420106,0.2432345772122854,1D-CNN
S345,0.3376575781592836,0.3385088652581954,0.32383355658252055,ANN
S346,0.42067530817608734,0.28098286421108604,0.2983418276128266,1D-CNN
S347,0.41835518849531833,0.26885929573655537,0.31278551576812613,1D-CNN
S348,0.361492737109819,0.3568917669347478,0.28161549595543345,1D-CNN
S349,0.3941377715515953,0.3142415307792415,0.29162069766916315,1D-CNN
S350,0.32465285823123635,0.35535901496548844,0.3199881268032752,ANN
S351,0.30140280585562423,0.3577282826430028,0.3408689115013728,ANN
S352,0.3638664265956739,0.30672031357833046,0.32941325982599545,1D-CNN
S353,0.3560997822548772,0.24911888625938672,0.394781331485736,GRU
S354,0.29185214033609985,0.2738587195609986,0.4342891401029011,GRU
S355,0.3318519525014588,0.23837452298594444,0.429773524512596,GRU
S356,0.30274979439521243,0.3189514617335032,0.3782987438712842,GRU
S357,0.5326639358644011,0.1874296056451174,0.2799064584904823,1D-CNN
S358,0.5273698591470188,0.2560927913951057,0.2165373494578749,1D-CNN
S359,0.5178333876968501,0.2931007434026575,0.18906586890049243,1D-CNN
S360,0.5047917622568555,0.3255692755097637,0.16963896223338043,1D-CNN
S361,0.4927323162794125,0.3587238453727885,0.1485438383477988,1D-CNN
S362,0.4695437849971348,0.35330100522047975,0.1771552097823853,1D-CNN
S363,0.3917356573121936,0.4300441585083828,0.1782201841794244,ANN
S364,0.28621359450680506,0.5073009153903025,0.20648549010289236,ANN
S365,0.28403394108782987,0.507518255513443,0.2084478033987265,ANN
S366,0.24957093551620116,0.49544882409471325,0.254980240389085,ANN
S367,0.3285170531354051,0.37334250909089706,0.2981404377736978,ANN
S368,0.3820432522649884,0.3495088776540042,0.26844787008100734,1D-CNN
S369,0.344830289440724,0.5285897729878632,0.1265799375714126,ANN
S370,0.30640924778456213,0.59132553454919,0.10226521766624798,ANN
S371,0.4300223876552177,0.42036841236182815,0.1496091999829542,1D-CNN
S372,0.4011222581402506,0.39960109282585443,0.19927664903389566,1D-CNN
S373,0.3799427810960451,0.3557877104659176,0.2642695084380369,1D-CNN
S374,0.4665556309970454,0.29678415128661384,0.23666021771634085,1D-CNN
S375,0.34896825623586053,0.2571196218538207,0.39391212191031877,GRU
S376,0.2266763363357252,0.2358921165973808,0.5374315470668938,GRU
S377,0.252325148989061,0.28045420831568685,0.4672206426952521,GRU
S378,0.2529670337864528,0.2913376341608472,0.45569533205269985,GRU
S379,0.26218337616332793,0.4316170252056708,0.30619959863100144,ANN
S380,0.4826311006367152,0.3082072975938851,0.2091616017694006,1D-CNN
S381,0.5971960321641006,0.28752060856982886,0.11528335926607046,1D-CNN
S382,0.5695608634219066,0.320590294368632,0.10984884220946149,1D-CNN
S383,0.36882670257490713,0.520700091228533,0.11047320619655948,ANN
S384,0.37577210543462114,0.39729315992780057,0.22693473463757832,ANN
S385,0.35889805458018154,0.48388583223249604,0.15721611318732212,ANN
S386,0.368629180596906,0.4761864810746596,0.15518433832843445,ANN
S387,0.37718839262399273,0.44403712543626683,0.1787744819397402,ANN
S388,0.42305302155948266,0.3777601726622387,0.1991868057782784,1D-CNN
S389,0.4435914478975353,0.3590331619788583,0.1973753901236069,1D-CNN
S390,0.47327551680541696,0.33102540888026377,0.19569907431432007,1D-CNN
S391,0.4417654260041512,0.3638806247082368,0.19435394928761215,1D-CNN
S392,0.4089496098022495,0.40520247160869827,0.18584791858905225,1D-CNN
S393,0.37642683851948255,0.43799249842257637,0.1855806630579409,ANN
S394,0.3611125244917043,0.48167095898064166,0.15721651652765486,ANN
S395,0.33913583743711995,0.5043908473846302,0.15647331517824958,ANN
S396,0.3374125546724429,0.5008240680404535,0.16176337728710327,ANN
S397,0.2952722862007162,0.5461141087810242,0.15861360501825986,ANN
S398,0.2936700273746153,0.5664072515344589,0.13992272109092585,ANN
S399,0.3565505655194792,0.4753269427448251,0.16812249173569577,ANN
S400,0.31119104786504664,0.4851402886640818,0.20366866347087148,ANN
S401,0.3614015714015405,0.41514276632870595,0.22345566226975414,ANN
S402,0.4179527224473981,0.43540171052574594,0.1466455670268564,ANN
S403,0.331126762582877,0.4065573934655059,0.26231584395161783,ANN
S404,0.2909259872145392,0.507407075072497,0.20166693771296293,ANN
S405,0.320730500171256,0.3683396079871846,0.3109298918415592,ANN
S406,0.45632088894625566,0.41438565470767763,0.12929345634606676,1D-CNN
S407,0.5236974032329778,0.335974270050658,0.14032832671636367,1D-CNN
S408,0.38168758431661887,0.4538151722520625,0.16449724343131947,ANN
S409,0.4790284016304668,0.3981357663421308,0.12283583202740217,1D-CNN
S410,0.4032362654974511,0.4663369395574891,0.1304267949450599,ANN
S411,0.3539084384961267,0.4672669178049445,0.1788246436989294,ANN
S412,0.3788642657690127,0.4375934836668863,0.18354225056410098,ANN
S413,0.39668306589367747,0.39113892244416343,0.21217801166215902,1D-CNN
S414,0.37518868517483983,0.44024242461099017,0.1845688902141699,ANN
S415,0.32683155043453727,0.47711659922935873,0.19605185033610392,ANN
S416,0.3187546609884764,0.441169442437053,0.24007589657447062,ANN
S417,0.40851855871396847,0.35976605894504465,0.2317153823409868,1D-CNN
S418,0.4322344287755276,0.3831160879894284,0.18464948323504374,1D-CNN
S419,0.474173767975028,0.33086794144620835,0.19495829057876365,1D-CNN
S420,0.4031156059972696,0.38613194979192034,0.21075244421081094,1D-CNN
S421,0.2958798098119425,0.5145162278847429,0.18960396230331442,ANN
S422,0.3383639101644923,0.39822032690101133,0.2634157629344959,ANN
S423,0.37262598224575516,0.3082036571830777,0.3191703605711671,1D-CNN
S424,0.3719093216619064,0.28243977972037376,0.3456508986177187,1D-CNN
S425,0.32101549204056395,0.3092633139370416,0.36972119402239517,GRU
S426,0.32580852875017874,0.2717498395780683,0.4024416316717527,GRU
S427,0.3299533388843786,0.2661225702368999,0.40392409087872105,GRU
S428,0.3006314330452489,0.2828789036089915,0.4164896633457597,GRU
S429,0.28512712247974886,0.2749482096595326,0.4399246678607193,GRU
S430,0.26936462237978365,0.25838671291483034,0.47224866470538596,GRU
S431,0.22447197209968692,0.2506415721657526,0.5248864557345605,GRU
S432,0.21398521303883808,0.277699068601367,0.5083157183597945,GRU
S433,0.21548963616101705,0.32668196343012745,0.45782840040885514,GRU
S434,0.20190145080686037,0.3992444759978737,0.3988540731952655,ANN
S435,0.2049263794161842,0.5148924181669893,0.2801812024168265,ANN
S436,0.2430965037099026,0.508076876973299,0.2488266193167978,ANN
S437,0.29278651491233987,0.5107646581438098,0.1964488269438511,ANN
S438,0.355130354165961,0.44849103189550793,0.19637861393853118,ANN
S439,0.37157752310188036,0.4111772111998929,0.21724526569822655,ANN
S440,0.4257996494957345,0.32494064178996757,0.24925970871429767,1D-CNN
S441,0.48924868134681004,0.2530835053851792,0.2576678132680109,1D-CNN
S442,0.48479814499338225,0.23841780194460233,0.276784053062016,1D-CNN
S443,0.5030956455786687,0.22637219704177608,0.27053215737955505,1D-CNN
S444,0.33567717545089676,0.33556252023487987,0.328760304314223,1D-CNN
S445,0.28654660060223597,0.3856920309389416,0.32776136845882214,ANN
S446,0.31067896142122464,0.36184519721270686,0.32747584136606855,ANN
S447,0.33048364419049775,0.4030749386417666,0.26644141716773573,ANN
S448,0.33050254172779797,0.38970847722206714,0.27978898105013456,ANN
S449,0.28120790998080797,0.478489547189141,0.24030254283005154,ANN
S450,0.1875166160115664,0.6179846452425958,0.1944987387458375,ANN
S451,0.19445852909768027,0.6407818612253464,0.16475960967697273,ANN
S452,0.32554415424715377,0.4681946180415964,0.20626122771124972,ANN
S453,0.3349455897527785,0.34462995957801884,0.32042445066920283,ANN
S454,0.3030105013751405,0.3049372305892433,0.3920522680356163,GRU
S455,0.27724415997346613,0.2305159803536892,0.49223985967284534,GRU
S456,0.2687870807567774,0.21917741428748247,0.5120355049557401,GRU
S457,0.2466953299770151,0.2445292899440206,0.5087753800789644,GRU
S458,0.24952481776626537,0.257954480013769,0.4925207022199648,GRU
S459,0.27614738274047396,0.31676160419932364,0.40709101306020234,GRU
S460,0.26480278637327437,0.3116756505945064,0.4235215630322187,GRU
S461,0.2624070994104518,0.37343702097586323,0.36415587961368473,ANN
S462,0.24475922075263198,0.40259435355011497,0.3526464256972528,ANN
S463,0.22497296416876958,0.5284932996526998,0.2465337361785306,ANN
S464,0.26620636784269414,0.4830840856236842,0.25070954653362176,ANN
S465,0.3914964518931653,0.3666822255692137,0.24182132253762184,1D-CNN
S466,0.4179736429357965,0.2798283276257381,0.30219802943846547,1D-CNN
S467,0.4277530264952995,0.2428296850066763,0.3294172884980239,1D-CNN
S468,0.32448363138192277,0.3169242283027703,0.35859214031530673,GRU
S469,0.3202075241359027,0.32987599067203316,0.349916485192064,GRU
S470,0.32028223232742725,0.3396127806158506,0.34010498705672143,GRU
S471,0.3305053885738735,0.32994162628666945,0.33955298513945664,GRU
S472,0.3330994391325352,0.3327133692378306,0.33418719162963434,GRU
S473,0.32662360088696213,0.34109891832976974,0.332277480783268,ANN
S474,0.32738182056067194,0.3439556697784365,0.3286625096608917,ANN
S475,0.3256370565393802,0.3451891721082256,0.3291737713523938,ANN
S476,0.3229786524639303,0.3433591150010511,0.3336622325350193,ANN
S477,0.30955199824690527,0.3476305265591983,0.34281747519389655,ANN
S478,0.2979435363328692,0.3563301299887748,0.3457263336783559,ANN
S479,0.27412320751205566,0.3650995040227365,0.3607772884652076,ANN
S480,0.25334790115572287,0.3983373979320439,0.3483147009122329,ANN
S481,0.24691074359495988,0.4176887332586439,0.3354005231463959,ANN
S482,0.22919824336041117,0.4445271409434516,0.3262746156961378,ANN
S483,0.22548103131777233,0.4718135759722865,0.3027053927099406,ANN
S484,0.22738223389590922,0.49813780139165853,0.2744799647124323,ANN
S485,0.23882580033061723,0.48618475181447274,0.2749894478549101,ANN
S486,0.2578444138393563,0.4582027884240615,0.2839527977365823,ANN
S487,0.3572721925937181,0.3416719851571032,0.3010558222491786,1D-CNN
S488,0.42180425550238876,0.25857807934980603,0.3196176651478059,1D-CNN
S489,0.45713317581505875,0.2085764890154422,0.3342903351694992,1D-CNN
S490,0.4764465138827634,0.195690014209652,0.32786347190758375,1D-CNN
S491,0.24946838473446,0.3475445353207114,0.4029870799448285,GRU
S492,0.22005270564528295,0.3917732222319165,0.3881740721228006,ANN
S493,0.2340804801231276,0.34718029512916926,0.4187392247477032,GRU
S494,0.18971723434743537,0.3091223496335438,0.5011604160190208,GRU
S495,0.18235489018421955,0.1535425649618006,0.6641025448539795,GRU
S496,0.1601391185819144,0.12303994660962762,0.716820934808458,GRU
S497,0.11111724705920659,0.11970659357334547,0.7691761593674479,GRU
S498,0.11370510058357178,0.046727709671184475,0.8395671897452437,GRU
S499,0.2901553601514573,0.17067635586018443,0.5391682839883581,GRU
S500,0.5738467511488682,0.19168522829219678,0.23446802055893476,1D-CNN
S501,0.3260775515257523,0.5660276907844777,0.10789475768976979,ANN
S502,0.3080323719951124,0.2491052985147474,0.442862329490141,GRU
S503,0.29456454738478594,0.2939595365055295,0.4114759161096845,GRU
S504,0.2930576209850179,0.2738599794979163,0.4330823995170658,GRU
S505,0.2752470067245569,0.2852649389166686,0.43948805435877447,GRU
S506,0.2731472454711242,0.2792706913400172,0.44758206318885835,GRU
S507,0.27948011092697306,0.31602255523891887,0.4044973338341089,GRU
S508,0.28140357695672835,0.3367452447886372,0.38185117825463466,GRU
S509,0.27256603994001616,0.3695505487033549,0.35788341135662854,ANN
S510,0.2826382930462765,0.37525882763852103,0.34210287931520195,ANN
S511,0.26126082386603583,0.45092908180210733,0.28781009433185756,ANN
S512,0.2961899468802821,0.45621110090463146,0.24759895221508604,ANN
S513,0.4317327591908562,0.3212865137407855,0.24698072706835794,1D-CNN
S514,0.5475668273339281,0.21093873659289872,0.24149443607317322,1D-CNN
S515,0.56972727827415,0.1960204876615056,0.23425223406434453,1D-CNN
S516,0.5380223316027908,0.2086992954512087,0.2532783729459997,1D-CNN
S517,0.3945428583964424,0.3031352950147372,0.30232184658882044,1D-CNN
S518,0.29766830587198384,0.4416810303334471,0.2606506637945691,ANN
S519,0.19010434635985285,0.6066485036797403,0.20324714996040652,ANN
S520,0.13937097150908057,0.737988739156436,0.12264028933448358,ANN
S521,0.14874641607403358,0.7237177789696395,0.12753580495632677,ANN
S522,0.1557834923145853,0.7172502579126047,0.12696624977280996,ANN
S523,0.11171624923395478,0.8340466304787992,0.054237120287245956,ANN
S524,0.22996548828392194,0.650166679397034,0.11986783231904387,ANN
S525,0.24319515083293872,0.5192186529512229,0.23758619621583793,ANN
S526,0.23057891878166858,0.45693207972251826,0.31248900149581244,ANN
S527,0.23871373935019263,0.3175716124304721,0.4437146482193352,GRU
S528,0.22064935754112053,0.26074184375947573,0.5186087986994037,GRU
S529,0.24404407710042808,0.29729959970011915,0.4586563231994535,GRU
S530,0.2720906931488435,0.3270880258989862,0.4008212809521711,GRU
S531,0.2930107831298352,0.37455779424416147,0.3324314226260029,ANN
S532,0.31664928954751137,0.3994096599824264,0.283941050470063,ANN
S533,0.3174998164942454,0.4334824029047034,0.24901778060105065,ANN
S534,0.32596692216399875,0.43655653740605066,0.23747654042995126,ANN
S535,0.35358339648294534,0.39779303307675534,0.24862357044030006,ANN
S536,0.41240830236248366,0.34361998818950545,0.24397170944801075,1D-CNN
S537,0.49064931075331475,0.27181659249219875,0.23753409675448647,1D-CNN
S538,0.5361151853106871,0.2309768188482575,0.23290799584105543,1D-CNN
S539,0.4703768386530001,0.2695374292685017,0.26008573207849806,1D-CNN
S540,0.33960206080786165,0.39185004269418167,0.2685478964979566,ANN
S541,0.28777982769993804,0.4527102153407839,0.2595099569592779,ANN
S542,0.2852214824148899,0.49607552908966224,0.21870298849544745,ANN
S543,0.29085324031593884,0.46869803359760054,0.24044872608646042,ANN
S544,0.25549580639155156,0.44069974181608973,0.30380445179235954,ANN
S545,0.26180455130877195,0.44251709421106483,0.2956783544801638,ANN
S546,0.3435644778251881,0.3721981562614727,0.28423736591333915,ANN
S547,0.32169248665451106,0.39066226737566356,0.2876452459698252,ANN
S548,0.28451681216682384,0.4146894047731184,0.3007937830600583,ANN
S549,0.3318674092224419,0.3410906629301476,0.32704192784741026,ANN
S550,0.31943128713909624,0.2980996846324775,0.3824690282284257,GRU
S551,0.27652621917737713,0.27356171171829374,0.44991206910432835,GRU
S552,0.29864914894529876,0.23743352739027873,0.4639173236644225,GRU
S553,0.30188859973129695,0.28784135979562475,0.410270040473079,GRU
S554,0.30199510495822024,0.32204062535162664,0.37596426969015284,GRU
S555,0.3215242704929547,0.3636741240417066,0.31480160546533875,ANN
S556,0.3609515597132298,0.28787105359078113,0.3511773866959892,1D-CNN
S557,0.3155427670735306,0.36587697376428563,0.3185802591621838,ANN
S558,0.3393449504736167,0.4335086095326612,0.22714643999372194,ANN
S559,0.41795884016333995,0.36406606543145975,0.21797509440520058,1D-CNN
S560,0.4641210306934879,0.3103936310053791,0.22548533830113304,1D-CNN
S561,0.4925758889757206,0.287325250168648,0.22009886085563124,1D-CNN
S562,0.3609580582196697,0.379896863230943,0.25914507854938734,ANN
S563,0.39265176292176096,0.35176754974980334,0.2555806873284357,1D-CNN
S564,0.41613807363809074,0.3032106925367966,0.2806512338251127,1D-CNN
S565,0.28606501844521254,0.443244747720127,0.2706902338346604,ANN
S566,0.27485489815837977,0.47728978245611864,0.24785531938550118,ANN
S567,0.23455305492970077,0.5139591095113946,0.2514878355589048,ANN
S568,0.25768516937201336,0.43493500311698247,0.30737982751100407,ANN
S569,0.28396041640031866,0.3738977529543122,0.34214183064536974,ANN
S570,0.24809907538438727,0.41694918456256247,0.33495174005305023,ANN
S571,0.25554826290276367,0.39555327758077297,0.3488984595164639,ANN
S572,0.30748005521549326,0.41512191974357004,0.2773980250409363,ANN
S573,0.33620252023353087,0.3715788638558125,0.2922186159106562,ANN
S574,0.3713593004294054,0.3309874079404692,0.2976532916301253,1D-CNN
S575,0.3732793747822465,0.2968371443637222,0.32988348085403135,1D-CNN
S576,0.2955120866358858,0.31820116042342206,0.38628675294069165,GRU
S577,0.31550358186426924,0.32424498848856137,0.36025142964717033,GRU
S578,0.3854668202992024,0.31589888820987083,0.2986342914909265,1D-CNN
S579,0.3613253487309164,0.3134338990745203,0.3252407521945632,1D-CNN
S580,0.3518459495190654,0.3337427326110986,0.31441131786983606,1D-CNN
S581,0.37479607949511884,0.35441716876694407,0.27078675173793765,1D-CNN
S582,0.3169867976886747,0.3761985242173368,0.3068146780939882,ANN
S583,0.2783463705926296,0.40123111124379296,0.3204225181635773,ANN
S584,0.3296225831338556,0.3289296748177105,0.341447742048434,GRU
S585,0.4043880468891256,0.3664030614371752,0.22920889167369912,1D-CNN
S586,0.6514705036930845,0.19074558875955713,0.15778390754735802,1D-CNN
S587,0.371658309707818,0.3310577279537137,0.2972839623384684,1D-CNN
S588,0.3260727541319459,0.30556858734749326,0.3683586585205604,GRU
