Segment,1D-CNN,ANN,GRU,Selected
S1,0.18582061523424873,0.2315107673873006,0.58266861737845,GRU
S2,0.36247943108007413,0.3765725665004242,0.2609480024195017,ANN
S3,0.357120649647685,0.2323325392448183,0.41054681110749663,GRU
S4,0.3106257354314666,0.3934283456402765,0.29594591892825683,ANN
S5,0.30081843518594026,0.2510216946904978,0.44815987012356195,GRU
S6,0.36432425791465656,0.42769729103087206,0.20797845105447058,ANN
S7,0.143156985651408,0.5971067910430939,0.25973622330549784,ANN
S8,0.25920555898565895,0.5202564658829738,0.22053797513136741,ANN
S9,0.4704901653574117,0.30642890601366435,0.22308092862892456,1D-CNN
S10,0.2035081750942409,0.5378538470613243,0.25863797784443465,ANN
S11,0.2862607803219353,0.4025811535090346,0.3111580661690298,ANN
S12,0.32221622306105996,0.365843345483582,0.31194043145535805,ANN
S13,0.281572672115227,0.2088518328367521,0.5095754950480207,GRU
S14,0.376771880392922,0.386381523534551,0.236846596072527,ANN
S15,0.2622861794052409,0.35921520772923266,0.3784986128655269,GRU
S16,0.47116709485681924,0.3180391222410218,0.210793782902159,1D-CNN
S17,0.19952827093455094,0.31173840381415907,0.4887333252512901,GRU
S18,0.4027815619712957,0.37815949781257724,0.21905894021612698,1D-CNN
S19,0.31198174468115153,0.2873033545078626,0.40071490081098576,GRU
S20,0.454422790045741,0.36300371558756855,0.18257349436669035,1D-CNN
S21,0.20185906484503713,0.4469879972654066,0.35115293788955637,ANN
S22,0.3578916082786509,0.4731998578361735,0.1689085338851756,ANN
S23,0.4157652065755352,0.3742912391214772,0.20994355430298756,1D-CNN
S24,0.20890989617329866,0.5533321024167377,0.23775800140996428,ANN
S25,0.47416191531975355,0.2683497605069223,0.2574883241733238,1D-CNN
S26,0.4388301544035642,0.37961250792839457,0.18155733766804072,1D-CNN
S27,0.2802249143375537,0.3137638865608546,0.4060111991015911,GRU
S28,0.3171695938704015,0.46553153088850224,0.21729887524109573,ANN
S29,0.3789116930302851,0.2817557432029523,0.3393325637667624,1D-CNN
S30,0.3033755033066596,0.4983522397602048,0.19827225693313552,ANN
S31,0.34923597803022427,0.329465498787777,0.32129852318199864,1D-CNN
S32,0.256761362128401,0.6221901902438971,0.12104844762770194,ANN
S33,0.24635285016163944,0.4750787107537867,0.27856843908457374,ANN
S34,0.21590520293604148,0.6801019152399949,0.1039928818239638,ANN
S35,0.31285612942702573,0.30523855757289636,0.381905313000078,GRU
S36,0.4577620879581675,0.3238041617662792,0.21843375027555312,1D-CNN
S37,0.4601170235052039,0.21169401670427118,0.32818895979052565,1D-CNN
S38,0.3253872698286331,0.42237841644412544,0.25223431372724153,ANN
S39,0.3191888943806138,0.4169883307395316,0.2638227748798544,ANN
S40,0.4482867901697409,0.32846074998344504,0.22325245984681388,1D-CNN
S41,0.21356058979618153,0.5318670596345713,0.2545723505692473,ANN
S42,0.3200272065186927,0.39450103775591383,0.285471755725393,ANN
S43,0.48633468321865203,0.3267830530747228,0.1868822637066247,1D-CNN
S44,0.17333084126901124,0.2386504143048808,0.588018744426108,GRU
S45,0.308326298155948,0.4407868516978256,0.25088685014622625,ANN
S46,0.4153678278139074,0.2530831320310144,0.33154904015507797,1D-CNN
S47,0.3495364958314305,0.44390243984494226,0.2065610643236273,ANN
S48,0.2835036971654377,0.2512261464760936,0.46527015635846863,GRU
S49,0.36174538715585597,0.30291757183932283,0.33533704100482037,1D-CNN
S50,0.33108301372074883,0.28964307452365995,0.37927391175559083,GRU
S51,0.36845581471111616,0.2884092299402513,0.3431349553486325,1D-CNN
S52,0.3678281190109098,0.3347280214709005,0.2974438595181903,1D-CNN
S53,0.2979527807068065,0.3746976492130278,0.3273495700801662,ANN
S54,0.321402018029586,0.47451547480473666,0.2040825071656775,ANN
S55,0.11159240616444381,0.7496774926915291,0.13873010114402717,ANN
S56,0.06496300135947448,0.8235512955575808,0.11148570308294424,ANN
S57,0.18606565226402524,0.4604464142178423,0.35348793351813296,ANN
S58,0.29623645718800073,0.3563686426563635,0.3473949001556357,ANN
S59,0.3475211391078049,0.25883495080815255,0.3936439100840423,GRU
S60,0.3505106642743616,0.2932299179892022,0.3562594177364361,GRU
S61,0.3250188572658113,0.33304657804165266,0.3419345646925367,GRU
S62,0.21370119213931868,0.656465574986954,0.1298332328737268,ANN
S63,0.3149538426299387,0.5385421298142813,0.14650402755578007,ANN
S64,0.15760246146275625,0.6892355015634939,0.1531620369737493,ANN
S65,0.21281619214305886,0.44307074099024096,0.34411306686670085,ANN
S66,0.31611796169453393,0.4530290574344364,0.2308529808710299,ANN
S67,0.2304329873986991,0.33819211304947094,0.43137489955182934,GRU
S68,0.3413322339752159,0.3667243971843464,0.29194336884043826,ANN
S69,0.31619226389690225,0.28680634923991577,0.3970013868631826,GRU
S70,0.2867328366418364,0.32934477350998875,0.3839223898481748,GRU
S71,0.3066729842556038,0.3974226321539867,0.2959043835904097,ANN
S72,0.230405730177497,0.36846245987612175,0.40113180994638115,GRU
S73,0.20181581767665874,0.31298100405748835,0.48520317826585224,GRU
S74,0.39934172794104694,0.3781436560196605,0.22251461603929223,1D-CNN
S75,0.4152938268372482,0.2941730723588279,0.2905331008039236,1D-CNN
S76,0.2625260052436803,0.2729370843006292,0.46453691045569057,GRU
S77,0.5175498288666311,0.29581930120006233,0.18663086993330655,1D-CNN
S78,0.3924988391252544,0.25107760732804674,0.35642355354669936,1D-CNN
S79,0.2984153058750242,0.4619174497080357,0.23966724441693998,ANN
S80,0.37913567229944944,0.3578922829247977,0.26297204477575237,1D-CNN
S81,0.34545605551864067,0.28434810865381915,0.3701958358275402,GRU
S82,0.2692874756345262,0.3410468672951644,0.38966565707030926,GRU
S83,0.37110884390072973,0.30929953894749235,0.3195916171517778,1D-CNN
S84,0.3573983711565073,0.21580306364982652,0.426798565193666,GRU
S85,0.5304925824231164,0.18440770829637093,0.28509970928051265,1D-CNN
S86,0.4297621084730937,0.2624040717048051,0.3078338198221012,1D-CNN
S87,0.35172410907960144,0.3747672594276207,0.27350863149277793,ANN
S88,0.5606793133505986,0.28522220170085866,0.1540984849485427,1D-CNN
S89,0.3288521284269674,0.3329909929168675,0.3381568786561649,GRU
S90,0.3138997455468854,0.3124481390679332,0.37365211538518145,GRU
S91,0.3927092529702881,0.3535485681869353,0.2537421788427766,1D-CNN
S92,0.3795816090114099,0.29335092336713847,0.3270674676214517,1D-CNN
S93,0.30568956225069766,0.3754961031418491,0.3188143346074529,ANN
S94,0.30770632096312434,0.36908901814367173,0.32320466089320465,ANN
S95,0.4407640944906213,0.32852798575355374,0.23070791975582486,1D-CNN
S96,0.3222550135628207,0.395544810505376,0.28220017593180297,ANN
S97,0.3177857566130394,0.3779306385769705,0.30428360480999095,ANN
S98,0.48851387241509436,0.29238673310452473,0.21909939448038093,1D-CNN
S99,0.3320700396610675,0.25395860465714437,0.41397135568178756,GRU
S100,0.3573200053474007,0.4464577966160668,0.19622219803653235,ANN
S101,0.35068500425711197,0.34479044565262745,0.3045245500902605,1D-CNN
S102,0.3368732208334036,0.36574021994363937,0.2973865592229569,ANN
S103,0.3401434282493916,0.2955793425063075,0.3642772292443009,GRU
S104,0.38648031340876204,0.3458303578593457,0.2676893287318922,1D-CNN
S105,0.3378586795022069,0.3293169919824457,0.33282432851534827,1D-CNN
S106,0.4106391994796502,0.33997246088923033,0.24938833963111884,1D-CNN
S107,0.2851232630747177,0.3961035626043235,0.3187731743209588,ANN
S108,0.35591992012875356,0.35606422378545544,0.28801585608579094,ANN
S109,0.35885021227009256,0.30688744740571566,0.33426234032419183,1D-CNN
S110,0.2968527411574336,0.34532756580295826,0.35781969303960826,GRU
S111,0.5981200779347865,0.25665859638298844,0.145221325682225,1D-CNN
S112,0.36877805344550635,0.28898411172862104,0.3422378348258724,1D-CNN
S113,0.26435174508450354,0.47560007348071426,0.26004818143478164,ANN
S114,0.3896138618920748,0.32301385184827797,0.2873722862596473,1D-CNN
S115,0.36015267040205534,0.42410321034254284,0.21574411925540105,ANN
S116,0.27304442457436245,0.34422422787755674,0.38273134754808075,GRU
S117,0.4309503322085784,0.36253863748374765,0.20651103030767332,1D-CNN
S118,0.2457617835400954,0.18506389742567245,0.5691743190342317,GRU
S119,0.3911018188366505,0.4558538094758325,0.15304437168751764,ANN
S120,0.35191461789746253,0.2400922039120529,0.40799317819048453,GRU
S121,0.2710890282222984,0.49371165657200783,0.2351993152056935,ANN
S122,0.2622174615394647,0.24894499927924618,0.4888375391812887,GRU
S123,0.4133744946397631,0.3605401100846308,0.22608539527560598,1D-CNN
S124,0.3269958652643054,0.3649096466901393,0.3080944880455561,ANN
S125,0.3123339495400183,0.363133527021703,0.3245325234382783,ANN
S126,0.36800309477802295,0.31385079081151135,0.3181461144104654,1D-CNN
S127,0.28885040063574463,0.4518173684260948,0.25933223093816044,ANN
S128,0.14011008966509228,0.7031786687627113,0.15671124157219732,ANN
S129,0.20673943188112898,0.5364760707415802,0.25678449737729075,ANN
S130,0.22173692779030985,0.5820864840112137,0.19617658819847633,ANN
S131,0.42453524167703094,0.33267916493827226,0.24278559338469657,1D-CNN
S132,0.5409593848665774,0.29775143813222843,0.16128917700119483,1D-CNN
S133,0.34745187539203964,0.41610841121761616,0.23643971339034414,ANN
S134,0.3068351415211102,0.4633158291131809,0.22984902936570953,ANN
S135,0.3002017292591832,0.46182718234502057,0.23797108839579714,ANN
S136,0.3412627411157215,0.4331940461446445,0.22554321273963376,ANN
S137,0.325965369802992,0.3559126537077406,0.31812197648926727,ANN
S138,0.31467345741594654,0.3945661052559506,0.2907604373281028,ANN
S139,0.3238476043065366,0.3789363697507471,0.2972160259427162,ANN
S140,0.44452146073686466,0.4100605941928914,0.14541794507024436,1D-CNN
S141,0.20799731165995317,0.548517621422927,0.24348506691712044,ANN
S142,0.14496160009598152,0.6604518605801875,0.19458653932383074,ANN
S143,0.5578229977629852,0.3012300991992631,0.14094690303775215,1D-CNN
S144,0.2645299899328489,0.49825677232788923,0.23721323773926178,ANN
S145,0.2620100813733489,0.4331562617827597,0.3048336568438916,ANN
S146,0.3587102738046312,0.3664514567941573,0.27483826940121137,ANN
S147,0.3902862621360733,0.32393868353430877,0.2857750543296181,1D-CNN
S148,0.2950694565412287,0.4327653544253325,0.2721651890334389,ANN
S149,0.3170423605564883,0.41281971112713206,0.2701379283163804,ANN
S150,0.3085330172851192,0.5057107270186332,0.18575625569624735,ANN
S151,0.22940112689303732,0.5117335131245463,0.25886535998241644,ANN
S152,0.2759485727505993,0.496744907061864,0.22730652018753678,ANN
S153,0.4220622475700673,0.24700690977611045,0.33093084265382205,1D-CNN
S154,0.5332218021542571,0.16595214397570632,0.30082605387003714,1D-CNN
S155,0.3341346162633169,0.25177905993400357,0.4140863238026794,GRU
S156,0.34870264269998447,0.514247901760267,0.13704945553974857,ANN
S157,0.3018485373937213,0.3939102039397921,0.30424125866648644,ANN
S158,0.2947996841685592,0.4846374239144978,0.22056289191694287,ANN
S159,0.30373378383174143,0.40641803767793866,0.28984817849031935,ANN
S160,0.46868885938256366,0.30410832809759775,0.22720281251983934,1D-CNN
S161,0.31845276699161745,0.3845308622928871,0.2970163707154955,ANN
S162,0.31225854018558924,0.3234034345210245,0.36433802529338627,GRU
S163,0.3342554818492839,0.4203567028621909,0.24538781528852602,ANN
S164,0.43331591991790935,0.2261735699162267,0.3405105101658639,1D-CNN
S165,0.3087287919134104,0.4148760653436672,0.2763951427429223,ANN
S166,0.301789032716903,0.2121073501509662,0.4861036171321302,GRU
S167,0.3590150561552095,0.5462749890310442,0.0947099548137459,ANN
S168,0.2545390246280811,0.18829435452656024,0.5571666208453592,GRU
S169,0.35737829584157144,0.44366850265557556,0.19895320150285314,ANN
S170,0.3855638303020593,0.21539335588580177,0.3990428138121395,GRU
S171,0.3302891736882569,0.5402384398355455,0.1294723864761972,ANN
S172,0.2507080048348359,0.4543957198474338,0.29489627531772983,ANN
S173,0.3170201333078602,0.4737903831275538,0.209189483564586,ANN
S174,0.3381353527705151,0.308296638479546,0.3535680087499384,GRU
S175,0.3904068355863424,0.37444627891522436,0.23514688549843296,1D-CNN
S176,0.3672170584982085,0.3595455793954458,0.27323736210634575,1D-CNN
S177,0.29840105893082014,0.402086368544788,0.2995125725243917,ANN
S178,0.23903603696243708,0.5008890997187754,0.26007486331878704,ANN
S179,0.35907972381635733,0.37147189508479433,0.2694483810988478,ANN
S180,0.43712628366172857,0.2794665535660735,0.2834071627721981,1D-CNN
S181,0.4031870214341773,0.3392077453993345,0.2576052331664879,1D-CNN
S182,0.258786080036347,0.44709170523040176,0.29412221473325106,ANN
S183,0.2918637498762907,0.6164604907832352,0.09167575934047423,ANN
S184,0.44006793541417294,0.2706230626493082,0.2893090019365196,1D-CNN
S185,0.23943322792944186,0.5869847205400291,0.1735820515305291,ANN
S186,0.3454108291493905,0.36155579598233933,0.2930333748682698,ANN
S187,0.28119352637800993,0.5374429912404626,0.18136348238152725,ANN
S188,0.24812586027904251,0.2821814450683757,0.4696926946525817,GRU
S189,0.34894465289165655,0.35522112904814834,0.29583421806019466,ANN
S190,0.3215359582414445,0.18802949185499446,0.49043454990356095,GRU
S191,0.5262881675058317,0.18831870622449787,0.28539312626967045,1D-CNN
S192,0.3847604342050297,0.13871817358235836,0.47652139221261197,GRU
S193,0.36367881464668117,0.1947534097856141,0.44156777556770554,GRU
S194,0.3714783173896406,0.271859629860662,0.3566620527496973,1D-CNN
S195,0.34725294172093274,0.3080165814758479,0.34473047680321917,1D-CNN
S196,0.2734739376200876,0.36996730962053415,0.3565587527593784,ANN
S197,0.2756912448870681,0.4052295006073438,0.3190792545055882,ANN
S198,0.2624743030931059,0.5357707972187481,0.20175489968814672,ANN
S199,0.12278217697012345,0.7281213473048856,0.14909647572499043,ANN
S200,0.08753189811158966,0.8179772175725909,0.09449088431581905,ANN
S201,0.12452787921695285,0.667493082404443,0.20797903837860374,ANN
S202,0.22159060202484676,0.5290705348857166,0.24933886308943592,ANN
S203,0.3148466376159016,0.3145408538148356,0.37061250856926276,GRU
S204,0.3415950330890955,0.29658642469262936,0.36181854221827514,GRU
S205,0.2512756738948037,0.26728782315387506,0.481436502951321,GRU
S206,0.5470628310245816,0.18110966120178912,0.2718275077736298,1D-CNN
S207,0.307475423303409,0.19105941829904208,0.501465158397549,GRU
S208,0.35552999139500135,0.36997529379438887,0.2744947148106096,ANN
S209,0.3387536447123348,0.3102373338949636,0.3510090213927018,GRU
S210,0.3494982085916913,0.3017838417524544,0.3487179496558546,1D-CNN
S211,0.27688147272499114,0.296719048522846,0.42639947875216294,GRU
S212,0.4051003898627846,0.3144303985602994,0.2804692115769158,1D-CNN
S213,0.37801961027004144,0.2681612549577506,0.35381913477220794,1D-CNN
S214,0.3628172548905647,0.3018855917303212,0.33529715337911375,1D-CNN
S215,0.35565205039798753,0.3096936953563611,0.33465425424565143,1D-CNN
S216,0.39528425189180616,0.34181725099128274,0.262898497116911,1D-CNN
S217,0.3783843392493872,0.3823688086213454,0.23924685212926822,ANN
S218,0.35206490569537546,0.3774640131761795,0.270471081128445,ANN
S219,0.3593901756691479,0.39298210009841367,0.24762772423243856,ANN
S220,0.30476088398418016,0.47156820180565184,0.22367091421016816,ANN
S221,0.3444371330719517,0.41325909316668413,0.24230377376136436,ANN
S222,0.3455972456809126,0.38418939561110654,0.27021335870798047,ANN
S223,0.3430920428466766,0.3211623931168133,0.33574556403650974,1D-CNN
S224,0.42239538557696726,0.40315685246996097,0.17444776195307182,1D-CNN
S225,0.3276464972080307,0.3538966257438981,0.3184568770480711,ANN
S226,0.2474681074630081,0.5279819072689429,0.2245499852680489,ANN
S227,0.4087113719601484,0.32609933904965577,0.26518928899019584,1D-CNN
S228,0.38742679811454,0.40118011096778267,0.21139309091767738,ANN
S229,0.2643852092944454,0.30906453636823333,0.42655025433732136,GRU
S230,0.42300502535016166,0.461566455320419,0.11542851932941928,ANN
S231,0.3617523751420381,0.29592996022711615,0.342317664630845,1D-CNN
S232,0.27010661145792375,0.5070742446493648,0.22281914389271207,ANN
S233,0.35022452774812884,0.316388873854355,0.3333865983975162,1D-CNN
S234,0.39273170487020337,0.39130534114921367,0.21596295398058246,1D-CNN
S235,0.3231948297922253,0.34683971712940204,0.32996545307837266,ANN
S236,0.3458449017303782,0.4571044646519999,0.19705063361762218,ANN
S237,0.3517188303701631,0.3596654264476581,0.2886157431821786,ANN
S238,0.32557373426647945,0.49744408925285954,0.17698217648066122,ANN
S239,0.27034038435796154,0.4769218267232677,0.25273778891877,ANN
S240,0.33685846092234795,0.4205347982417771,0.24260674083587447,ANN
S241,0.3529553055360772,0.35713479888017513,0.2899098955837485,ANN
S242,0.3720447393243024,0.278727555123648,0.34922770555204946,1D-CNN
S243,0.5023373307528887,0.2709187318961753,0.22674393735093612,1D-CNN
S244,0.4899128961732774,0.1735584763652861,0.3365286274614364,1D-CNN
S245,0.3336034511625031,0.40876301572046964,0.2576335331170269,ANN
S246,0.36814127775449096,0.37353821623399047,0.2583205060115186,ANN
S247,0.5024010366343317,0.2784351865881125,0.2191637767775554,1D-CNN
S248,0.37101777473855757,0.2645224487043678,0.3644597765570754,1D-CNN
S249,0.48398217829721313,0.39612047661307886,0.11989734508970779,1D-CNN
S250,0.329915881363609,0.36126753587619176,0.30881658276019996,ANN
S251,0.34247062327684624,0.48704598732232884,0.17048338940082497,ANN
S252,0.3452211634601232,0.4731656574355791,0.18161317910429758,ANN
S253,0.3151527613522293,0.4735790952973254,0.21126814335044541,ANN
S254,0.31049309104990386,0.5060074990165361,0.18349940993355954,ANN
S255,0.31241114228110894,0.5128003855614073,0.17478847215748408,ANN
S256,0.3036859033612044,0.49957331432999613,0.19674078230879918,ANN
S257,0.2811419667434971,0.5375728150068292,0.1812852182496736,ANN
S258,0.30418675457805083,0.49558742567810016,0.20022581974384868,ANN
S259,0.3008978820101116,0.5003734012468601,0.19872871674302817,ANN
S260,0.32825402706966195,0.4162507949216787,0.2554951780086591,ANN
S261,0.3580796053283001,0.42192630285002125,0.2199940918216786,ANN
S262,0.35144288961742826,0.32969667319400675,0.31886043718856494,1D-CNN
S263,0.3050300976400905,0.47307063452462567,0.221899267835284,ANN
S264,0.33449284037476434,0.37570989493819124,0.2897972646870452,ANN
S265,0.4042524051602304,0.38642348781072655,0.20932410702904305,1D-CNN
S266,0.350182428669702,0.381339619749211,0.26847795158108717,ANN
S267,0.32789162572004354,0.42989000381270437,0.2422183704672521,ANN
S268,0.3405030918616335,0.40490400533389886,0.25459290280446767,ANN
S269,0.33101524557916245,0.415822146169983,0.2531626082508545,ANN
S270,0.3245536531223847,0.3905808033068812,0.2848655435707336,ANN
S271,0.3556866940741341,0.3817302395504101,0.26258306637545575,ANN
S272,0.37238030820791973,0.349195834653734,0.2784238571383464,1D-CNN
S273,0.3225219751462663,0.40203728163726354,0.27544074321647016,ANN
S274,0.35889617175589666,0.35839676959365796,0.2827070586504453,1D-CNN
S275,0.40118804441050493,0.3265710167687122,0.27224093882078304,1D-CNN
S276,0.3102115453872902,0.2572169356964099,0.43257151891629997,GRU
S277,0.46418305121929704,0.3069640844873472,0.22885286429335602,1D-CNN
S278,0.5014948001693419,0.23899518889777163,0.259510010932886,1D-CNN
S279,0.45581353927976725,0.2935321860372872,0.2506542746829454,1D-CNN
S280,0.4650819887091974,0.27680898474176285,0.2581090265490405,1D-CNN
S281,0.4177739849234251,0.28620716415902603,0.2960188509175483,1D-CNN
S282,0.25043711590272416,0.26515310248045,0.4844097816168252,GRU
S283,0.4237538927727382,0.23982645312057072,0.33641965410669167,1D-CNN
S284,0.38057353327765886,0.2967643418503836,0.32266212487195756,1D-CNN
S285,0.3310472635547925,0.17861249574618016,0.49034024069902654,GRU
S286,0.48901405805701037,0.2144291153185612,0.2965568266244286,1D-CNN
S287,0.38636599018964024,0.1907361628451443,0.42289784696521615,GRU
S288,0.21921392992887406,0.4773976878253438,0.303388382245783,ANN
S289,0.20548650063576251,0.4611327927740642,0.333380706590173,ANN
S290,0.2802389758040161,0.4663466567277233,0.2534143674682606,ANN
S291,0.19401944048872105,0.5585128809689562,0.24746767854232224,ANN
S292,0.22751232711603223,0.6491935329852784,0.12329413989868876,ANN
S293,0.2529981842769228,0.5926454829402366,0.15435633278284044,ANN
S294,0.14787429635258356,0.7358143818286564,0.11631132181875987,ANN
S295,0.1726048928098291,0.6836256965548697,0.1437694106353011,ANN
S296,0.1922966911024912,0.6320607807872777,0.17564252811023073,ANN
S297,0.20816551356858984,0.5768646514715048,0.21496983495990502,ANN
S298,0.28328532050014865,0.38072540329994436,0.3359892761999069,ANN
S299,0.3868437675503332,0.31056053387541105,0.3025956985742549,1D-CNN
S300,0.2930326941443141,0.34032846874878797,0.3666388371068987,GRU
S301,0.22294080588452278,0.5593394709473284,0.21771972316814864,ANN
S302,0.27708923595672336,0.45807850406914186,0.26483225997413534,ANN
S303,0.34932330649038706,0.45532265967245594,0.19535403383715663,ANN
S304,0.21863116627981127,0.35262107205980386,0.4287477616603849,GRU
S305,0.30478971384091363,0.4054663163370089,0.2897439698220773,ANN
S306,0.29158535390120416,0.35207963946835485,0.3563350066304419,GRU
S307,0.32273223083878416,0.35450163419006225,0.3227661349711537,ANN
S308,0.3052316122820843,0.3462233787955909,0.3485450089223247,GRU
S309,0.35076556924180996,0.3006478616058603,0.3485865691523293,1D-CNN
S310,0.293123971423578,0.3831376805624676,0.3237383480139543,ANN
S311,0.259901514027428,0.4440993877446111,0.2959990982279605,ANN
S312,0.22865125679604253,0.5020181485527994,0.2693305946511581,ANN
S313,0.17155537249324926,0.4824236183921435,0.3460210091146074,ANN
S314,0.31160373326682245,0.39440089717583043,0.293995369557348,ANN
S315,0.33323084810867726,0.31764069835470404,0.34912845353661864,GRU
S316,0.49874787008099025,0.304801446081398,0.19645068383761163,1D-CNN
S317,0.29004203434275866,0.1685896723586794,0.5413682932985616,GRU
S318,0.4333628749438103,0.3169173277366635,0.24971979731952612,1D-CNN
S319,0.42138098446175376,0.2528275618538622,0.32579145368438417,1D-CNN
S320,0.4128536150330191,0.35391097959722034,0.23323540536976073,1D-CNN
S321,0.2527460222028115,0.33747337922735954,0.409780598569829,GRU
S322,0.39430950747123,0.3424031277400766,0.26328736478869397,1D-CNN
S323,0.3262487134774052,0.23808088953433765,0.43567039698825727,GRU
S324,0.4390190540438546,0.28335823181224956,0.27762271414389583,1D-CNN
S325,0.28102271053838573,0.3025405120946968,0.41643677736691825,GRU
S326,0.25257142483999356,0.488776022903853,0.258652552256154,ANN
S327,0.1831194196774119,0.6171388187644153,0.19974176155817353,ANN
S328,0.30385416782373526,0.47550521866431467,0.22064061351194972,ANN
S329,0.2855310963797486,0.45157678181661165,0.2628921218036404,ANN
S330,0.3015697862218018,0.2925472050259486,0.40588300875224964,GRU
S331,0.3521303054585849,0.22390374439684166,0.423965950144573,GRU
S332,0.3842332130609278,0.33079550548372155,0.28497128145535,1D-CNN
S333,0.43275702221591517,0.26213537234397355,0.305107605440111,1D-CNN
S334,0.18599679769500557,0.5563800861565628,0.2576231161484322,ANN
S335,0.37119136135014824,0.31183263675747974,0.31697600189237163,1D-CNN
S336,0.3292885803463885,0.418192921839014,0.2525184978145974,ANN
S337,0.22484959690368872,0.17778786414949924,0.5973625389468133,GRU
S338,0.34713242210165624,0.42420929387101175,0.22865828402733207,ANN
S339,0.3658041718355915,0.2973449939701523,0.33685083419425577,1D-CNN
S340,0.24580517414877337,0.5014431081843629,0.2527517176668632,ANN
S341,0.23389868568008182,0.4953086492549406,0.27079266506497807,ANN
S342,0.20932969864341833,0.6624255762811933,0.12824472507538845,ANN
S343,0.15081196184855253,0.5637826084334668,0.28540542971798083,ANN
S344,0.26439245936873185,0.48669160312702175,0.2489159375042459,ANN
S345,0.2969549548098143,0.2954178542204958,0.4076271909696899,GRU
S346,0.27855214889155605,0.33634957177214775,0.38509827933629565,GRU
S347,0.33417594186413063,0.29126091642493745,0.374563141710932,GRU
S348,0.35292238079965654,0.36740224342161887,0.27967537577872464,ANN
S349,0.448953390212889,0.3138544116812528,0.2371921981058583,1D-CNN
S350,0.2621486744484936,0.32697683795556054,0.41087448759594597,GRU
S351,0.2528938695899878,0.3979395335240947,0.3491665968859176,ANN
S352,0.38484159084277614,0.3307489647851543,0.28440944437206933,1D-CNN
S353,0.3509153400364244,0.2992082264696683,0.3498764334939069,1D-CNN
S354,0.29956368435648345,0.321174350482889,0.3792619651606275,GRU
S355,0.35295947741985195,0.2856087951671051,0.361431727413043,GRU
S356,0.260508341751457,0.27310804117826915,0.46638361707027404,GRU
S357,0.24078162355534927,0.39152178205035854,0.36769659439429203,ANN
S358,0.18932098989080512,0.587644418417274,0.22303459169192008,ANN
S359,0.15798547138974037,0.6103124516424439,0.23170207696781592,ANN
S360,0.2779974997174648,0.39227815038619085,0.32972434989634414,ANN
S361,0.43693449315839294,0.30424426369079766,0.25882124315080945,1D-CNN
S362,0.3989362466243752,0.16505456147934744,0.43600919189627735,GRU
S363,0.28865352838602326,0.5207800974195961,0.19056637419438086,ANN
S364,0.3418729609268874,0.32779617958801,0.33033085948510327,1D-CNN
S365,0.2931682528008307,0.42890150874579175,0.27793023845337744,ANN
S366,0.3037634615582104,0.4217106620283773,0.2745258764134122,ANN
S367,0.36831347895534916,0.37131783732561086,0.26036868371904015,ANN
S368,0.33754079665463,0.4484128426678255,0.21404636067754435,ANN
S369,0.2824222758686218,0.5620068683498836,0.1555708557814945,ANN
S370,0.2640345563083953,0.5723841985762269,0.16358124511537786,ANN
S371,0.4011749508194655,0.3608090219605782,0.23801602721995613,1D-CNN
S372,0.36956293484426445,0.33491311598428786,0.29552394917144775,1D-CNN
S373,0.3389027929298023,0.31092379851848173,0.3501734085517157,GRU
S374,0.484115385667138,0.2926814910975243,0.22320312323533792,1D-CNN
S375,0.36677168876457933,0.3132040560094027,0.320024255226018,1D-CNN
S376,0.24837911034670068,0.33271675729766786,0.4189041323556312,GRU
S377,0.26797248225892706,0.4478318543156938,0.28419566342537905,ANN
S378,0.2656694659749913,0.3791851353902893,0.3551453986347194,ANN
S379,0.24760528399209167,0.37510285814932826,0.3772918578585806,GRU
S380,0.4526048070165345,0.19635555479450925,0.3510396381889571,1D-CNN
S381,0.624172606350549,0.19266072715070867,0.18316666649874233,1D-CNN
S382,0.48801564079840204,0.28026270032996364,0.23172165887163382,1D-CNN
S383,0.3182874310600329,0.5226895914948185,0.1590229774451485,ANN
S384,0.3449196303652516,0.36981886613821563,0.2852615034965323,ANN
S385,0.3166203324298232,0.43149481683492075,0.25188485073525607,ANN
S386,0.30441221841452243,0.44953507738911647,0.24605270419636102,ANN
S387,0.2795456137266272,0.458969601040851,0.2614847852325217,ANN
S388,0.3161020339847179,0.3678857903671553,0.3160121756481268,ANN
S389,0.3366095734632332,0.31223605405900506,0.3511543724777613,GRU
S390,0.3006097578626154,0.3627501112034808,0.3366401309339044,ANN
S391,0.2565415865684976,0.4473017246087896,0.2961566888227128,ANN
S392,0.29621573365029447,0.4405982180600359,0.2631860482896696,ANN
S393,0.3369577469782885,0.3978944526644581,0.265147800357254,ANN
S394,0.30700143694351023,0.38491603181278244,0.3080825312437071,ANN
S395,0.3934663231766949,0.39513902238864473,0.21139465443465993,ANN
S396,0.3312556255168521,0.4656341499937731,0.20311022448937466,ANN
S397,0.19600838383742566,0.46953412720124055,0.33445748896133365,ANN
S398,0.31360183936511643,0.5011672784020759,0.1852308822328079,ANN
S399,0.38047612318308255,0.3636020100278838,0.25592186678903345,1D-CNN
S400,0.28757658486702314,0.4323718511545457,0.2800515639784313,ANN
S401,0.33469216275382563,0.35392816829126933,0.3113796689549051,ANN
S402,0.40970917041465177,0.4147312351030616,0.17555959448228653,ANN
S403,0.3149803520274221,0.37212008122488155,0.3128995667476962,ANN
S404,0.2804275415904897,0.4721640477265872,0.24740841068292257,ANN
S405,0.30642807374132497,0.32401300284132284,0.36955892341735214,GRU
S406,0.42590116202241285,0.352376487681593,0.22172235029599394,1D-CNN
S407,0.4321814269146936,0.21547869044600101,0.3523398826393054,1D-CNN
S408,0.3066075446026243,0.344805850732842,0.34858660466453373,GRU
S409,0.45540775738781186,0.3229370378275198,0.22165520478466835,1D-CNN
S410,0.38856541951401974,0.40539265142519937,0.20604192906078048,ANN
S411,0.3127209462545441,0.3992302665371045,0.2880487872083513,ANN
S412,0.36860283735358185,0.3734885058858941,0.25790865676052466,ANN
S413,0.38674647181805416,0.3118020092489127,0.3014515189330331,1D-CNN
S414,0.31229999255536706,0.4348124336539771,0.2528875737906558,ANN
S415,0.310111682642081,0.4417368228193023,0.24815149453861687,ANN
S416,0.32013444336797037,0.3702449245061069,0.3096206321259225,ANN
S417,0.32875536129979804,0.3429411752656235,0.3283034634345777,ANN
S418,0.3183994323713015,0.3713715593660136,0.31022900826268474,ANN
S419,0.4591919781749182,0.19651758398408586,0.3442904378409958,1D-CNN
S420,0.3613436398931713,0.290262619970196,0.34839374013663343,1D-CNN
S421,0.24995284603636497,0.44736085559863725,0.30268629836499783,ANN
S422,0.2600935269701675,0.358633908841748,0.3812725641880837,GRU
S423,0.40037267759063966,0.25994868716043895,0.3396786352489213,1D-CNN
S424,0.43374912529276805,0.30210095849730306,0.26414991620992845,1D-CNN
S425,0.21860860069420196,0.47021907493606946,0.3111723243697286,ANN
S426,0.2663414148185538,0.4904906333589835,0.24316795182246265,ANN
S427,0.28297765019488447,0.47273278085981363,0.2442895689453022,ANN
S428,0.2270985072805347,0.5254100352295377,0.24749145748992837,ANN
S429,0.2841947308972176,0.39617419975100976,0.3196310693517724,ANN
S430,0.553538880110786,0.20534103160481462,0.241120088284399,1D-CNN
S431,0.33824575317309685,0.19802644329340946,0.46372780353349347,GRU
S432,0.25522410295732595,0.442833965842171,0.30194193120050306,ANN
S433,0.21392879211376195,0.58026670662129,0.2058045012649482,ANN
S434,0.3775843271930243,0.41771907209773584,0.20469660070924045,ANN
S435,0.5109686693817779,0.37445068898780925,0.11458064163041216,1D-CNN
S436,0.32760850005117825,0.43318683739734004,0.23920466255148104,ANN
S437,0.2670937704400412,0.5862651129355073,0.14664111662445126,ANN
S438,0.21355233009043736,0.6495406170405525,0.13690705286900962,ANN
S439,0.11201706959349872,0.7597945192883307,0.12818841111817028,ANN
S440,0.20665868863338316,0.41213854445500314,0.38120276691161326,ANN
S441,0.37821717423362766,0.30600173564809274,0.31578109011827943,1D-CNN
S442,0.5014343284535939,0.2172948111139078,0.28127086043249827,1D-CNN
S443,0.3974222528248354,0.3380942443941335,0.26448350278103117,1D-CNN
S444,0.27765661064015684,0.35074315891842706,0.37160023044141594,GRU
S445,0.2575444895738219,0.36541621020487447,0.3770393002213031,GRU
S446,0.326462749013448,0.4049251944127923,0.2686120565737596,ANN
S447,0.41961460617499613,0.3742458051090815,0.20613958871592244,1D-CNN
S448,0.3741378433543669,0.41894298584033507,0.20691917080529804,ANN
S449,0.2246551708217149,0.6063583497344197,0.1689864794438663,ANN
S450,0.17588626761570034,0.6182248958831197,0.20588883650117976,ANN
S451,0.14834038555818724,0.6579736270440784,0.19368598739773363,ANN
S452,0.27580341223224714,0.546937050316266,0.17725953745148657,ANN
S453,0.3559668651974258,0.4172191397466002,0.22681399505597402,ANN
S454,0.3072384136196636,0.4375432176519251,0.25521836872841125,ANN
S455,0.2920412093244128,0.38732636518049773,0.3206324254950903,ANN
S456,0.35847149526931416,0.2298625040521849,0.4116660006785006,GRU
S457,0.3214073830852084,0.2938083421526597,0.38478427476213184,GRU
S458,0.3475897206109913,0.21994356864912418,0.43246671073988374,GRU
S459,0.37721786484066827,0.3663409679748709,0.25644116718446147,1D-CNN
S460,0.30969927367421485,0.3445387774871249,0.3457619488386607,GRU
S461,0.20744319222084887,0.5988915035296609,0.19366530424949008,ANN
S462,0.1404959611805532,0.6747963035764897,0.18470773524295675,ANN
S463,0.054904529337881786,0.8778788970240221,0.06721657363809604,ANN
S464,0.130909310960725,0.621437537763059,0.2476531512762155,ANN
S465,0.2624907800562673,0.43332301735250867,0.3041862025912243,ANN
S466,0.2838993677477497,0.2844438472496929,0.4316567850025576,GRU
S467,0.3352504180020598,0.2897768292642241,0.374972752733716,GRU
S468,0.3067938578561029,0.3153644547347504,0.3778416874091472,GRU
S469,0.29547911457348813,0.38361999728754376,0.32090088813896817,ANN
S470,0.17634507018501513,0.6364034914068851,0.18725143840809982,ANN
S471,0.26946187227702145,0.5402731542948606,0.19026497342811866,ANN
S472,0.2456237177284202,0.6021440231432492,0.1522322591283314,ANN
S473,0.19635861797766307,0.6563599212202238,0.14728146080211296,ANN
S474,0.1582641649702249,0.7209919925987819,0.12074384243099281,ANN
S475,0.15692813369519276,0.7374783153258582,0.1055935509789488,ANN
S476,0.20452872544385534,0.7100595064448375,0.08541176811130809,ANN
S477,0.4031125283802244,0.4175475750542656,0.17933989656551005,ANN
S478,0.4408455531431689,0.27276904357288134,0.28638540328394924,1D-CNN
S479,0.2979086015055995,0.34193498517988663,0.36015641331451365,GRU
S480,0.3805650345447361,0.3457894793736708,0.2736454860815929,1D-CNN
S481,0.4223802607305272,0.3452746879039035,0.23234505136556863,1D-CNN
S482,0.3293483088340122,0.38742604920624335,0.28322564195974514,ANN
S483,0.3013723138235982,0.43440970864557404,0.26421797753082754,ANN
S484,0.2869116946854011,0.5036706604748492,0.2094176448397493,ANN
S485,0.20970523452514495,0.5633918827846046,0.22690288269024997,ANN
S486,0.15095969241555374,0.572876626804035,0.27616368078041154,ANN
S487,0.33761335839667067,0.32827211211621127,0.3341145294871187,1D-CNN
S488,0.3082495293567292,0.3032439734267963,0.3885064972164745,GRU
S489,0.2672453956129207,0.2536890594317718,0.47906554495530823,GRU
S490,0.377820537469831,0.28375110047247043,0.3384283620576978,1D-CNN
S491,0.23846041346176775,0.4165097391679934,0.34502984737023945,ANN
S492,0.42230735988944984,0.28294294087209004,0.2947496992384601,1D-CNN
S493,0.2839929112473494,0.5242248347822214,0.19178225397042928,ANN
S494,0.3145926284576065,0.42049190212896137,0.264915469413432,ANN
S495,0.40171810043571266,0.38461407109030266,0.2136678284739845,1D-CNN
S496,0.707641455074843,0.15605810509723123,0.13630043982792525,1D-CNN
S497,0.2078555047012758,0.4202562933819687,0.37188820191675553,ANN
S498,0.34830528772149466,0.19272599737449667,0.4589687149040088,GRU
S499,0.3233353090786879,0.3449337268967344,0.3317309640245777,ANN
S500,0.4409868946131676,0.3179629484601159,0.2410501569267163,1D-CNN
S501,0.4488474232853109,0.4863524095011198,0.06480016721356929,ANN
S502,0.2105610582322429,0.16513344166004554,0.6243055001077117,GRU
S503,0.3740957553614926,0.39481921033073164,0.23108503430777627,ANN
S504,0.3446636346636202,0.21510715915122644,0.4402292061851532,GRU
S505,0.4199047781107858,0.2475808393990196,0.3325143824901945,1D-CNN
S506,0.32715326126041394,0.22049087376311666,0.45235586497646957,GRU
S507,0.4259778141957318,0.3096855114906452,0.2643366743136232,1D-CNN
S508,0.2833424234926954,0.4615527309638526,0.25510484554345214,ANN
S509,0.2454291809901169,0.5178596855214391,0.23671113348844383,ANN
S510,0.1647499554708146,0.654725563361907,0.1805244811672774,ANN
S511,0.10643899349379607,0.7674616860063482,0.1260993204998564,ANN
S512,0.11300509690313269,0.7377061790894719,0.14928872400739546,ANN
S513,0.2100621709701531,0.4732118833116302,0.3167259457182165,ANN
S514,0.25724426773678666,0.3198803920859989,0.4228753401772143,GRU
S515,0.32586172926670376,0.27037764127925074,0.4037606294540454,GRU
S516,0.36816006600799944,0.2805448160389008,0.3512951179530999,1D-CNN
S517,0.3443496809880181,0.31558293837667956,0.3400673806353024,1D-CNN
S518,0.1415075067739473,0.7655743635097849,0.09291812971626796,ANN
S519,0.1024587551009313,0.817816974678561,0.07972427022050824,ANN
S520,0.1891621204514853,0.7056361410865669,0.10520173846194776,ANN
S521,0.21159609193371692,0.6723058675159235,0.11609804055035965,ANN
S522,0.12125093557640161,0.7235717947034568,0.15517726972014162,ANN
S523,0.08486410133164456,0.850986793733457,0.06414910493489835,ANN
S524,0.22493602679433944,0.6580918592539668,0.11697211395169363,ANN
S525,0.20913626689078774,0.6200542476115494,0.17080948549766242,ANN
S526,0.1447856153247679,0.7475054309328851,0.10770895374234656,ANN
S527,0.49449550311305335,0.2932874795868892,0.21221701730005718,1D-CNN
S528,0.31148569693221223,0.2672320213260695,0.42128228174171817,GRU
S529,0.29606124502689146,0.3474329526791608,0.3565058022939487,GRU
S530,0.3378155026656282,0.39725933460476354,0.26492516272960825,ANN
S531,0.33574204921516204,0.4158063093473293,0.24845164143750884,ANN
S532,0.28365534426942096,0.4645171285914989,0.25182752713908063,ANN
S533,0.18021567299465463,0.6651839774172791,0.15460034958806584,ANN
S534,0.07285380021627662,0.8539201729910719,0.07322602679265229,ANN
S535,0.0881147893467747,0.7401559366385446,0.17172927401468085,ANN
S536,0.1644043624099515,0.5642921625314452,0.27130347505860325,ANN
S537,0.28298111220816846,0.37038028456674554,0.34663860322508583,ANN
S538,0.31773864546622504,0.3177271670962953,0.3645341874374795,GRU
S539,0.33173661202833465,0.3275652774561295,0.34069811051553567,GRU
S540,0.2701257879712483,0.5335747759649554,0.19629943606379613,ANN
S541,0.2382279501566382,0.2778804456207191,0.48389160422264205,GRU
S542,0.30759832001509074,0.4769990927858219,0.21540258719908695,ANN
S543,0.3554703603130161,0.43247593655480004,0.21205370313218372,ANN
S544,0.23482686138675954,0.40491117835201795,0.3602619602612224,ANN
S545,0.23948948489537153,0.4227362509712109,0.33777426413341766,ANN
S546,0.3628995416490423,0.37839742407888916,0.25870303427206837,ANN
S547,0.3060465474258203,0.4244179175880129,0.2695355349861667,ANN
S548,0.20685566106940795,0.5426573050429653,0.2504870338876263,ANN
S549,0.4281962585498037,0.34285527993924597,0.22894846151095002,1D-CNN
S550,0.3708157363599393,0.31775274786263735,0.31143151577742345,1D-CNN
S551,0.24814706899660285,0.37157074948587276,0.38028218151752385,GRU
S552,0.36193553408076545,0.24204484771028054,0.3960196182089541,GRU
S553,0.4523364996162292,0.26847137549807754,0.27919212488569395,1D-CNN
S554,0.29866075287410976,0.31362388800822655,0.38771535911766364,GRU
S555,0.23607523152384374,0.5889633690742194,0.17496139940193675,ANN
S556,0.44618014010195245,0.2807798226678825,0.27304003723016496,1D-CNN
S557,0.25768553637823444,0.4159059021736957,0.3264085614480699,ANN
S558,0.17019389255166242,0.6395551921266356,0.19025091532170219,ANN
S559,0.3324904047203073,0.4986702446037698,0.168839350675923,ANN
S560,0.2567288869972907,0.4073831545807809,0.33588795842192837,ANN
S561,0.26952774873485297,0.43788684726550453,0.2925854039996424,ANN
S562,0.36804197414288775,0.2256156328954725,0.40634239296163993,GRU
S563,0.3326582095057908,0.23310647624911005,0.43423531424509904,GRU
S564,0.41156800362266976,0.2777195781874607,0.31071241818986944,1D-CNN
S565,0.26350687468014944,0.5380215388341734,0.19847158648567678,ANN
S566,0.3078768277249459,0.29089418268547795,0.40122898958957576,GRU
S567,0.2743145570623939,0.4934423619448234,0.2322430809927827,ANN
S568,0.21751293281863232,0.5682821433693834,0.21420492381198436,ANN
S569,0.23783817694231707,0.5110517488971454,0.2511100741605376,ANN
S570,0.19048823126807776,0.5627302828168109,0.2467814859151112,ANN
S571,0.22563365382859504,0.4369478105648546,0.33741853560655105,ANN
S572,0.2782181503583448,0.47238660026088536,0.24939524938076943,ANN
S573,0.3201988556791212,0.3230552338177723,0.35674591050310656,GRU
S574,0.391255009549909,0.3439107448904748,0.264834245559616,1D-CNN
S575,0.41280566410935565,0.2800202448955754,0.30717409099506904,1D-CNN
S576,0.2546230584152468,0.32806631712246614,0.4173106244622871,GRU
S577,0.29790779528935113,0.35714550244447046,0.34494670226617913,ANN
S578,0.4517668717920477,0.2833996018370958,0.26483352637085716,1D-CNN
S579,0.3673367013079166,0.2646713333821377,0.36799196530994616,GRU
S580,0.34676187140480746,0.3069677692136385,0.34627035938155376,1D-CNN
S581,0.39478474693851645,0.3924219905471509,0.21279326251433311,1D-CNN
S582,0.27668292289540125,0.4454250381289782,0.27789203897562026,ANN
S583,0.23161729786806948,0.4793838605170868,0.28899884161484357,ANN
S584,0.32972880189541365,0.3298308581326445,0.34044033997194245,GRU
S585,0.3282267544266233,0.35995084025312324,0.3118224053202533,ANN
S586,0.3524434440369415,0.2429284631639327,0.4046280927991257,GRU
S587,0.3073796516042223,0.2905317555126299,0.4020885928831486,GRU
S588,0.25640041194757357,0.19837193291773567,0.5452276551346902,GRU
S589,0.2962405434480892,0.42115457681709195,0.28260487973481874,ANN
