Segment,1D-CNN,ANN,GRU,Selected
S1,0.34943135234974665,0.3204285483084308,0.3301400993418223,1D-CNN
S2,0.2861656589546805,0.28784000268014676,0.4259943383651726,GRU
S3,0.25598650161329145,0.2103217817238588,0.5336917166628498,GRU
S4,0.291518941446964,0.30920595730083256,0.39927510125220533,GRU
S5,0.27348171426040074,0.2647298536425724,0.4617884320970253,GRU
S6,0.28858447096683687,0.30478315152369423,0.40663237750946885,GRU
S7,0.22675046368660776,0.3269777310552561,0.44627180525813603,GRU
S8,0.23541377653339443,0.410825750925667,0.35376047254093845,ANN
S9,0.2771526033062521,0.37065709526458634,0.3521903014291605,ANN
S10,0.7585991463655278,0.05937658215057392,0.1820242714838967,1D-CNN
S11,0.7277257126660671,0.07721763790946261,0.1950566494244701,1D-CNN
S12,0.5088889092386996,0.2548220034415752,0.23628908731972545,1D-CNN
S13,0.6267022631951283,0.13549383983864036,0.23780389696623197,1D-CNN
S14,0.45841446714670214,0.36393267627069614,0.17765285658260183,1D-CNN
S15,0.23155550739656774,0.6181674844011482,0.15027700820228407,ANN
S16,0.28849732898886066,0.47224551480792565,0.2392571562032132,ANN
S17,0.12304182004681113,0.7226876380619947,0.15427054189119366,ANN
S18,0.17646247212289498,0.6198665565388422,0.2036709713382627,ANN
S19,0.24696574740615432,0.3945335493379756,0.35850070325586875,ANN
S20,0.2714254455109738,0.4603027751320127,0.2682717793570135,ANN
S21,0.3357644131891349,0.2812755304496131,0.3829600563612513,GRU
S22,0.3616755868999605,0.5419854675081935,0.09633894559184537,ANN
S23,0.16767175122576203,0.7987156059375683,0.03361264283666963,ANN
S24,0.13299711557597346,0.835196845565392,0.03180603885863387,ANN
S25,0.593381768528326,0.30391298092502483,0.10270525054664904,1D-CNN
S26,0.6660222934444947,0.2596520407989201,0.07432566575658506,1D-CNN
S27,0.22406891059505282,0.6024005229383266,0.1735305664666214,ANN
S28,0.13925104733951818,0.182835693472262,0.6779132591882188,GRU
S29,0.2989043726945026,0.2300392479589012,0.47105637934659556,GRU
S30,0.21320462998201642,0.5118791692159043,0.27491620080207935,ANN
S31,0.41779553264272395,0.27345684695771905,0.3087476203995559,1D-CNN
S32,0.45363236885544433,0.49129314017433395,0.0550744909702215,ANN
S33,0.32106621811310604,0.4649740616242052,0.21395972026268767,ANN
S34,0.41352336389677913,0.507201443611268,0.07927519249195292,ANN
S35,0.4421048806502103,0.3797711257512434,0.17812399359854683,1D-CNN
S36,0.7278336631785546,0.20590448508280884,0.0662618517386358,1D-CNN
S37,0.5240097590011411,0.3878400134813443,0.08815022751751403,1D-CNN
S38,0.3908400326226256,0.5302356776409997,0.07892428973637448,ANN
S39,0.2844216934201614,0.6548883297666719,0.0606899768131664,ANN
S40,0.09314412307049379,0.8999484048439438,0.006907472085562845,ANN
S41,0.2071597015392265,0.7541771885376135,0.038663109923159765,ANN
S42,0.4371407642318149,0.5373480825300798,0.025511153238104146,ANN
S43,0.44175565355593793,0.500061395225228,0.05818295121883325,ANN
S44,0.18012550545241474,0.650750466798998,0.16912402774858593,ANN
S45,0.38963262380574365,0.24915615845329953,0.36121121774095516,1D-CNN
S46,0.510484425091367,0.2170620571705492,0.27245351773808346,1D-CNN
S47,0.26478291990458497,0.4602994267305188,0.2749176533648956,ANN
S48,0.21358386548163913,0.23749945416955884,0.548916680348802,GRU
S49,0.2702464949830942,0.2248137827741049,0.5049397222428017,GRU
S50,0.16188243861851734,0.20364338764027298,0.6344741737412093,GRU
S51,0.1781024766964858,0.31848701683028063,0.5034105064732343,GRU
S52,0.25276468538985747,0.26497892234912396,0.48225639226101863,GRU
S53,0.20436508229163844,0.32970279022568283,0.46593212748267887,GRU
S54,0.19797544264812722,0.35665336348638615,0.44537119386548646,GRU
S55,0.18667599097571486,0.41753108962365115,0.3957929194006348,ANN
S56,0.16594932092373185,0.49713615291795354,0.3369145261583126,ANN
S57,0.21227661647833748,0.4242308459286433,0.3634925375930177,ANN
S58,0.42497264952771124,0.2464689801959542,0.32855837027633394,1D-CNN
S59,0.6383379994079279,0.1121940346296315,0.2494679659624398,1D-CNN
S60,0.6237759193382085,0.13789354797210715,0.23833053268968435,1D-CNN
S61,0.37054812747661253,0.30609252903019096,0.32335934349319634,1D-CNN
S62,0.25483931177702684,0.5854884700481252,0.15967221817484914,ANN
S63,0.2295753312138535,0.6258418825612181,0.1445827862249278,ANN
S64,0.08607337205457628,0.850667217330677,0.06325941061474553,ANN
S65,0.038197614840887704,0.9192281872970833,0.04257419786202981,ANN
S66,0.47750001824900973,0.2772629621076463,0.24523701964334382,1D-CNN
S67,0.3639218687540717,0.34758019390486006,0.28849793734107015,1D-CNN
S68,0.23291433602959918,0.3817242426936918,0.3853614212767096,GRU
S69,0.20926216585405805,0.2936586530606676,0.49707918108527455,GRU
S70,0.11919190664624837,0.37752880656423066,0.5032792867895203,GRU
S71,0.06758949824171932,0.25307401325765977,0.6793364885006221,GRU
S72,0.07403238873956351,0.7698397619868219,0.15612784927361473,ANN
S73,0.11493682700211844,0.275361900615358,0.6097012723825236,GRU
S74,0.6041403571058004,0.24332653955834907,0.15253310333585,1D-CNN
S75,0.4728987851113564,0.35663468152400946,0.17046653336463352,1D-CNN
S76,0.4122200824380171,0.2808506880825102,0.3069292294794725,1D-CNN
S77,0.41549041801940384,0.29296282496588405,0.2915467570147106,1D-CNN
S78,0.3817884520860149,0.2798142079407371,0.33839733997324667,1D-CNN
S79,0.35151503376075544,0.3701960871859969,0.2782888790532478,ANN
S80,0.34788566259773873,0.32384861803679105,0.3282657193654697,1D-CNN
S81,0.3741699942653864,0.1622988325993793,0.4635311731352357,GRU
S82,0.20108198088931614,0.3178494486873302,0.4810685704233525,GRU
S83,0.47980275748429796,0.37230456015086777,0.14789268236483374,1D-CNN
S84,0.5410601588974806,0.2023512278347446,0.25658861326777416,1D-CNN
S85,0.7076828077603858,0.14280665172693818,0.1495105405126764,1D-CNN
S86,0.28294591920869216,0.6318744243912177,0.08517965640009216,ANN
S87,0.40197827803461705,0.4869466876477507,0.11107503431763203,ANN
S88,0.43676223790685065,0.5117185612095705,0.05151920088357863,ANN
S89,0.42018121218112703,0.2777318932269338,0.30208689459193994,1D-CNN
S90,0.4393534360052626,0.2741617084102862,0.2864848555844525,1D-CNN
S91,0.8063407414503844,0.14475504814131662,0.04890421040830003,1D-CNN
S92,0.3198453530492425,0.4957472984363959,0.1844073485143609,ANN
S93,0.46314966236374744,0.3877201805411748,0.14913015709507854,1D-CNN
S94,0.5076779756509641,0.3281733628680334,0.16414866148100218,1D-CNN
S95,0.6773538951087839,0.2495218124408455,0.07312429245037062,1D-CNN
S96,0.5109617748481718,0.3767063275623513,0.11233189758947758,1D-CNN
S97,0.3092104433358266,0.5533076414070242,0.13748191525715048,ANN
S98,0.5596544698617935,0.30408680657683157,0.13625872356137464,1D-CNN
S99,0.6042385892477862,0.3146853174227121,0.08107609332950187,1D-CNN
S100,0.44953856862409913,0.44627673061089324,0.10418470076500683,1D-CNN
S101,0.34270855608567685,0.5132142704998793,0.1440771734144437,ANN
S102,0.26197743682616664,0.23211108947758266,0.5059114736962496,GRU
S103,0.2703719547226975,0.275917822309861,0.45371022296744395,GRU
S104,0.6161262357448791,0.29477648744113555,0.0890972768139871,1D-CNN
S105,0.46419955894545883,0.28583472602734267,0.24996571502719814,1D-CNN
S106,0.5368266041163378,0.3434631848140424,0.11971021106961911,1D-CNN
S107,0.3366371938055352,0.39807315315287883,0.2652896530415853,ANN
S108,0.5181438406784279,0.3457054752526077,0.13615068406896713,1D-CNN
S109,0.4738346162462562,0.3775925299082052,0.1485728538455384,1D-CNN
S110,0.4573835601567968,0.3951195777651847,0.14749686207801832,1D-CNN
S111,0.5004344396572618,0.3417767321527824,0.15778882818995504,1D-CNN
S112,0.16701946272665597,0.7678970464548841,0.06508349081846163,ANN
S113,0.254525712167784,0.5905453196029472,0.15492896822926894,ANN
S114,0.3921898587360814,0.45248808234204596,0.15532205892187315,ANN
S115,0.3633434527786571,0.5088809118045061,0.127775635416837,ANN
S116,0.2572852472382914,0.4705274042917669,0.2721873484699442,ANN
S117,0.4629518646009225,0.3404290121164483,0.19661912328262876,1D-CNN
S118,0.39283053089318365,0.3277505646455986,0.27941890446121764,1D-CNN
S119,0.6229099373986408,0.27176694463304135,0.10532311796831864,1D-CNN
S120,0.33254725644000516,0.5305990236884139,0.13685371987158074,ANN
S121,0.232040489168077,0.6688241326106107,0.09913537822131123,ANN
S122,0.27737410440292576,0.32281625462593483,0.39980964097113814,GRU
S123,0.41770185244330693,0.42278317630435935,0.1595149712523358,ANN
S124,0.18986090582946,0.1617460237413284,0.6483930704292122,GRU
S125,0.24843612361909717,0.29163513378563194,0.45992874259527133,GRU
S126,0.27043005522482455,0.11880343879906227,0.6107665059761126,GRU
S127,0.2318109990976726,0.27659939220639,0.4915896086959373,GRU
S128,0.20684191521574216,0.47332889462326033,0.3198291901609971,ANN
S129,0.24316080502489726,0.4036191086923631,0.35322008628273865,ANN
S130,0.43031969678986326,0.3357205601266218,0.23395974308351625,1D-CNN
S131,0.6831716648165108,0.17614407371568377,0.14068426146780655,1D-CNN
S132,0.6876911539840584,0.18778976588818086,0.12451908012776107,1D-CNN
S133,0.3594147255030095,0.4989154751859741,0.14166979931101617,ANN
S134,0.29911364329176443,0.6588084784628634,0.04207787824537313,ANN
S135,0.2842916065344293,0.6640726257640676,0.05163576770150321,ANN
S136,0.2793586640537526,0.6186630665436552,0.10197826940259408,ANN
S137,0.3218843409686982,0.5033841709978124,0.1747314880334894,ANN
S138,0.30621202485010535,0.5515109284907277,0.14227704665916713,ANN
S139,0.3649708863381038,0.46911371141141683,0.1659154022504786,ANN
S140,0.4147008010645292,0.4335831001779193,0.15171609875755085,ANN
S141,0.22717805389036577,0.6313172430219901,0.14150470308764487,ANN
S142,0.20013704652837072,0.71718527664878,0.08267767682284874,ANN
S143,0.3374168929574811,0.6430692800765396,0.019513826965979458,ANN
S144,0.19284565902703513,0.7211923592826536,0.08596198169031148,ANN
S145,0.2274674660758904,0.43686195218985163,0.3356705817342576,ANN
S146,0.06204737544807573,0.01590875220071654,0.9220438723512072,GRU
S147,0.4101052091937112,0.30723011808600975,0.2826646727202818,1D-CNN
S148,0.13194874965236103,0.6484301546484174,0.2196210956992211,ANN
S149,0.3492982811471899,0.36341266067850103,0.2872890581743117,ANN
S150,0.4417661853702941,0.4228064292833486,0.1354273853463593,1D-CNN
S151,0.41400771594003855,0.46020900604014325,0.1257832780198187,ANN
S152,0.484958975689325,0.40929185732802403,0.10574916698265084,1D-CNN
S153,0.5293306786438385,0.3249712208368758,0.14569810051928575,1D-CNN
S154,0.5824096077320821,0.31096198733463576,0.10662840493328453,1D-CNN
S155,0.42012104684010537,0.4680303162810515,0.11184863687884294,ANN
S156,0.19694059126821795,0.7499088262960651,0.05315058243571903,ANN
S157,0.18880425416341728,0.7679905999941485,0.04320514584243457,ANN
S158,0.11557400328213974,0.860408691537877,0.024017305179983146,ANN
S159,0.27274145479310913,0.6706280709753217,0.0566304742315697,ANN
S160,0.532951435734167,0.4177571067345062,0.0492914575313269,1D-CNN
S161,0.2927992272819166,0.3622726578954813,0.3449281148226014,ANN
S162,0.43559060070193456,0.3997964312247732,0.16461296807329226,1D-CNN
S163,0.2002502271551659,0.21918412823550218,0.5805656446093345,GRU
S164,0.2034324399297071,0.7363008759208539,0.06026668414943864,ANN
S165,0.23914673689277385,0.4798992526219575,0.28095401048527,ANN
S166,0.5381353508809441,0.23665443071883085,0.22521021840022462,1D-CNN
S167,0.5633479675493189,0.3709632689532109,0.06568876349747063,1D-CNN
S168,0.39545207410621835,0.4445997700231429,0.1599481558706383,ANN
S169,0.3720294198985101,0.4145435195890012,0.21342706051249022,ANN
S170,0.41687517293114984,0.18856552618201308,0.39455930088683644,1D-CNN
S171,0.5293216403822171,0.36988671848281846,0.10079164113496429,1D-CNN
S172,0.2563529844117986,0.48895034705088825,0.25469666853731204,ANN
S173,0.2710221570826276,0.5821481517810995,0.1468296911362721,ANN
S174,0.2462690263380589,0.2619870410585643,0.491743932603376,GRU
S175,0.7964241919886724,0.17443215871948783,0.029143649291838557,1D-CNN
S176,0.5710719527541506,0.32243809588611466,0.10648995135973553,1D-CNN
S177,0.41567405838898946,0.43844814076233674,0.14587780084867574,ANN
S178,0.26230504829080253,0.6534863056184826,0.08420864609071448,ANN
S179,0.417958968012185,0.4917816912461566,0.09025934074165659,ANN
S180,0.5409290819932988,0.36757717147657565,0.0914937465301264,1D-CNN
S181,0.3914694830155948,0.5133606926826538,0.09516982430174978,ANN
S182,0.2193071809174857,0.7165012694229466,0.06419154965956814,ANN
S183,0.16069894375927007,0.815144557274522,0.024156498966207682,ANN
S184,0.3279420087097455,0.6091661776942924,0.06289181359596006,ANN
S185,0.24929764454775735,0.6755522138409841,0.07515014161125819,ANN
S186,0.4226258692682307,0.2367162895631737,0.34065784116859454,1D-CNN
S187,0.2652304440834534,0.3440596576407951,0.39070989827575353,GRU
S188,0.08605230322837885,0.13170365704150958,0.782244039730111,GRU
S189,0.24146626454361966,0.2563576928956797,0.5021760425607007,GRU
S190,0.18545323523600035,0.18487059254478702,0.6296761722192125,GRU
S191,0.3146024629504301,0.4067192421765082,0.27867829487306384,ANN
S192,0.1693513498959706,0.18134311836369296,0.6493055317403356,GRU
S193,0.2050883426628685,0.25343804892336713,0.5414736084137638,GRU
S194,0.15290111281490362,0.19362586691802236,0.6534730202670744,GRU
S195,0.16527308383037534,0.29075781903472736,0.5439690971348993,GRU
S196,0.18737396533733483,0.2725396865284795,0.5400863481341858,GRU
S197,0.1777027665961412,0.30443178851782365,0.5178654448860337,GRU
S198,0.15911510254295114,0.352409334832295,0.4884755626247538,GRU
S199,0.09038657923195159,0.5091836973154885,0.40042972345256184,ANN
S200,0.09465524684605649,0.606801103463372,0.29854364969057046,ANN
S201,0.15366304614605927,0.4748707168701183,0.37146623698382486,ANN
S202,0.4692838250958787,0.2207217802730263,0.3099943946310937,1D-CNN
S203,0.7287858713670501,0.0909766900684678,0.18023743856448132,1D-CNN
S204,0.7030607573127926,0.11507399193550634,0.18186525075170326,1D-CNN
S205,0.5511729755180567,0.19845761978034124,0.25036940470160235,1D-CNN
S206,0.4025929242142004,0.41804674800264463,0.17936032778315572,ANN
S207,0.37991001354534365,0.44311470316061274,0.17697528329404352,ANN
S208,0.23495868851287818,0.6342222202734804,0.1308190912136411,ANN
S209,0.14611723023775977,0.7599734808478735,0.09390928891436709,ANN
S210,0.18137998472075917,0.7058266300424403,0.1127933852368016,ANN
S211,0.1939528899211045,0.6670378076656184,0.1390093024132772,ANN
S212,0.3179146451873516,0.5206569398808075,0.16142841493183901,ANN
S213,0.40199384387688997,0.3998473125764484,0.1981588435466614,1D-CNN
S214,0.45853458379763085,0.4376502795748562,0.1038151366275129,1D-CNN
S215,0.5187376973026265,0.42896559420736274,0.052296708490010446,1D-CNN
S216,0.46994793858482337,0.49700283321107075,0.033049228204105885,ANN
S217,0.3420374075855486,0.6324504313676588,0.025512161046793193,ANN
S218,0.3722303054526903,0.6078951362110003,0.019874558336307774,ANN
S219,0.7712618561448267,0.2192077238183716,0.009530420036800361,1D-CNN
S220,0.39009823603530625,0.5778635469385578,0.032038217026134554,ANN
S221,0.27691659799434004,0.6686203432220432,0.054463058783617756,ANN
S222,0.4044709551444519,0.528458566710486,0.06707047814506256,ANN
S223,0.5366460766104741,0.40489226754204954,0.05846165584747562,1D-CNN
S224,0.5823122005957568,0.36580463949932096,0.051883159904922024,1D-CNN
S225,0.40334488527444207,0.5301735810119403,0.06648153371361594,ANN
S226,0.1882965771214449,0.7657379980366795,0.045965424841875366,ANN
S227,0.4287232932494695,0.48781400184293305,0.08346270490759812,ANN
S228,0.46463033366733747,0.4800443419503612,0.055325324382300936,ANN
S229,0.35199179838669065,0.5546063659292596,0.09340183568404972,ANN
S230,0.3845577070380326,0.5593365891096487,0.05610570385231839,ANN
S231,0.34103579282795193,0.5615276539426033,0.0974365532294448,ANN
S232,0.316850595921126,0.6093582132051901,0.07379119087368424,ANN
S233,0.40716679481535484,0.5082903170189238,0.0845428881657231,ANN
S234,0.439627901708986,0.4946540186025566,0.06571807968845678,ANN
S235,0.3780345959414885,0.5252205815212339,0.09674482253727748,ANN
S236,0.2521461651477041,0.7123514703222554,0.035502364530041616,ANN
S237,0.6503561803424959,0.2756828904523045,0.07396092920520037,1D-CNN
S238,0.40620818257293895,0.5680786971556036,0.025713120271457574,ANN
S239,0.24528808903238986,0.671549618288918,0.08316229267869146,ANN
S240,0.37472929477991335,0.5351480156879557,0.09012268953213272,ANN
S241,0.4824074883653757,0.3898402015255788,0.12775231010904528,1D-CNN
S242,0.48757583356283163,0.42866225353896953,0.08376191289819927,1D-CNN
S243,0.4871333479073282,0.42351997280590165,0.08934667928676972,1D-CNN
S244,0.3756235594738784,0.5445058956005728,0.07987054492555097,ANN
S245,0.3496053039737345,0.5766875313117402,0.0737071647145229,ANN
S246,0.3667904154450685,0.5756874620355283,0.05752212251940372,ANN
S247,0.4148350563381309,0.532055087710761,0.05310985595110813,ANN
S248,0.3805660894294863,0.5553759124785018,0.06405799809201287,ANN
S249,0.2974235368934336,0.6694672701623091,0.03310919294425723,ANN
S250,0.3401346275157288,0.6207946792361296,0.03907069324814099,ANN
S251,0.32628161711066533,0.6470010699432414,0.026717312946093096,ANN
S252,0.40252185994690703,0.5795432444823669,0.017934895570725577,ANN
S253,0.3223104953400614,0.6587582648093684,0.018931239850570134,ANN
S254,0.4182645629099767,0.5651493945115917,0.016586042578431333,ANN
S255,0.6868769967802268,0.3034522748919436,0.00967072832782868,1D-CNN
S256,0.43331114052609493,0.5541666316235766,0.012522227850330081,ANN
S257,0.334662616454311,0.6528815753045272,0.012455808241160887,ANN
S258,0.43950487358510926,0.5344514836069758,0.0260436428079171,ANN
S259,0.4999664446316887,0.4628328227768834,0.037200732591427935,1D-CNN
S260,0.5611225202609429,0.39786884187954846,0.04100863785950821,1D-CNN
S261,0.5420831897190803,0.41094097965920356,0.04697583062171595,1D-CNN
S262,0.5075453754269437,0.4336684044339268,0.05878622013913084,1D-CNN
S263,0.424190449727829,0.5182093384627947,0.057600211809376314,ANN
S264,0.38950620095306493,0.5518905878767918,0.05860321117014271,ANN
S265,0.3751379550762826,0.5792684589023778,0.045593586021339526,ANN
S266,0.33872697302648563,0.6218221686470575,0.03945085832645686,ANN
S267,0.26210280828320776,0.7175613925805746,0.020335799136217757,ANN
S268,0.23084702864075646,0.7469582520502985,0.02219471930894551,ANN
S269,0.26965520811986243,0.692532241360679,0.037812550519460156,ANN
S270,0.36209216223030555,0.5693931830727956,0.0685146546968979,ANN
S271,0.4888947755480512,0.4383326515277862,0.07277257292416255,1D-CNN
S272,0.503959898338521,0.4152979755367437,0.08074212612473554,1D-CNN
S273,0.4652448478151515,0.4505376522342391,0.08421749995060869,1D-CNN
S274,0.41817466644833823,0.4917539842841828,0.09007134926747888,ANN
S275,0.4223579859367151,0.48523471160661563,0.09240730245667234,ANN
S276,0.4297726380286574,0.47391181390117076,0.09631554807017402,ANN
S277,0.4073081498215516,0.5072735394864211,0.08541831069202659,ANN
S278,0.3788429481778485,0.5464692401412836,0.07468781168086654,ANN
S279,0.341049480845314,0.6012189427175046,0.05773157643718023,ANN
S280,0.22825530979671607,0.7372223018914213,0.03452238831186216,ANN
S281,0.18690549891597835,0.7963151407537019,0.01677936033032011,ANN
S282,0.22906681232663223,0.7383838542716911,0.03254933340167491,ANN
S283,0.3795084336310997,0.5944077628555126,0.026083803513386798,ANN
S284,0.5710333744055945,0.3541526964850054,0.07481392910939826,1D-CNN
S285,0.44192311626627234,0.3133873611199335,0.24468952261379304,1D-CNN
S286,0.3540326140278354,0.24102905789416856,0.40493832807799507,GRU
S287,0.24510178449150194,0.2321577013322264,0.5227405141762714,GRU
S288,0.1550566542959334,0.2556891506977521,0.5892541950063132,GRU
S289,0.10865596404091603,0.16341510282029853,0.7279289331387853,GRU
S290,0.13803206681138996,0.20291189296091514,0.6590560402276933,GRU
S291,0.03761233130888863,0.09750941776123989,0.8648782509298711,GRU
S292,0.32863153739961765,0.4397689343043966,0.23159952829598404,ANN
S293,0.2479090221675968,0.197356474534654,0.5547345032977482,GRU
S294,0.5352161403101346,0.4014129111903162,0.06337094849954901,1D-CNN
S295,0.21110177229567031,0.700161769566131,0.08873645813819929,ANN
S296,0.4373928335758595,0.41142495987252364,0.15118220655161704,1D-CNN
S297,0.5571083627166156,0.2895981166085148,0.1532935206748697,1D-CNN
S298,0.5307162376368473,0.33128157900289673,0.13800218336025377,1D-CNN
S299,0.48073163923695644,0.35207595113407864,0.16719240962896267,1D-CNN
S300,0.36859331535255596,0.4603080294892429,0.17109865515820136,ANN
S301,0.2803896944382132,0.5799965627102344,0.13961374285155112,ANN
S302,0.23787752783548993,0.625572987659812,0.13654948450469992,ANN
S303,0.1941178689755798,0.7154063773131593,0.090475753711261,ANN
S304,0.1587733986918453,0.7799707732272478,0.0612558280809056,ANN
S305,0.05394398904950602,0.9257222956284905,0.02033371532200349,ANN
S306,0.17875402501960616,0.7153929467483972,0.10585302823199591,ANN
S307,0.3034045243361871,0.404535382175694,0.29206009348811895,ANN
S308,0.2707809296256499,0.27949016216420697,0.44972890821014244,GRU
S309,0.3002034283973605,0.30699048157169057,0.3928060900309477,GRU
S310,0.2452591137460744,0.2702291044501547,0.4845117818037708,GRU
S311,0.23507913338402964,0.318555536385877,0.4463653302300958,GRU
S312,0.23158443996160952,0.29317266974025313,0.4752428902981394,GRU
S313,0.12464431672514009,0.39367936998996056,0.481676313284898,GRU
S314,0.3551480155650217,0.33739320695460845,0.3074587774803728,1D-CNN
S315,0.6133498285939443,0.16404092532523915,0.22260924608081548,1D-CNN
S316,0.7598305265867026,0.09574114495288331,0.1444283284604141,1D-CNN
S317,0.5157537494422828,0.2958661849834251,0.18838006557429143,1D-CNN
S318,0.5627809097055241,0.21507944615240723,0.22213964414206874,1D-CNN
S319,0.4531713315075336,0.282123268632597,0.2647053998598687,1D-CNN
S320,0.30930773993620353,0.5080872063061694,0.1826050537576267,ANN
S321,0.22504870450528455,0.4428766370356182,0.3320746584590969,ANN
S322,0.3677939700279909,0.4196255744903975,0.21258045548161145,ANN
S323,0.32363160329284135,0.17445490067564856,0.5019134960315106,GRU
S324,0.5347825344944512,0.2022860385396821,0.26293142696586586,1D-CNN
S325,0.27284090392725086,0.3876834069548826,0.33947568911786724,ANN
S326,0.3552200885243453,0.43034215868609044,0.21443775278956398,ANN
S327,0.4479532586399517,0.3626367605174153,0.1894099808426329,1D-CNN
S328,0.14746557330627588,0.8097425641776022,0.04279186251612238,ANN
S329,0.2409497877604777,0.7030856237257589,0.05596458851376324,ANN
S330,0.38864669478703634,0.5136265953648572,0.09772670984810702,ANN
S331,0.484712454750339,0.2605980351879432,0.2546895100617173,1D-CNN
S332,0.3838023487390742,0.3751221089775779,0.24107554228334996,1D-CNN
S333,0.3432023188074513,0.13594717305640308,0.5208505081361456,GRU
S334,0.19338584543092602,0.25994541727603987,0.5466687372930342,GRU
S335,0.11578191625339948,0.16152241883258053,0.722695664914021,GRU
S336,0.07786449430801633,0.13880313645483752,0.7833323692371446,GRU
S337,0.07619401544563349,0.1878869880412298,0.7359189965131366,GRU
S338,0.0881487788854744,0.21249708078660381,0.6993541403279235,GRU
S339,0.1250175694826751,0.37223975277350374,0.5027426777438219,GRU
S340,0.1837782407264326,0.3709049252966452,0.4453168339769224,GRU
S341,0.18336063620946552,0.2980382208158153,0.5186011429747189,GRU
S342,0.20998370321111726,0.41253124960331333,0.37748504718556986,ANN
S343,0.20335662905984644,0.4007872590217672,0.3958561119183882,ANN
S344,0.33095229401480786,0.38198543646228145,0.28706226952291053,ANN
S345,0.3421374994304641,0.33507008747633604,0.3227924130932018,1D-CNN
S346,0.6381609356025651,0.15267023749664732,0.20916882690078656,1D-CNN
S347,0.5420760998361099,0.20445410998016877,0.2534697901837195,1D-CNN
S348,0.39797761514460234,0.3572122579940425,0.24481012686135464,1D-CNN
S349,0.4402318167454617,0.29139830211636686,0.2683698811381721,1D-CNN
S350,0.2614290656419141,0.5468690482349146,0.19170188612317174,ANN
S351,0.2728491548900476,0.43183351482138094,0.2953173302885714,ANN
S352,0.3720062026594346,0.3530508805985552,0.2749429167420107,1D-CNN
S353,0.3875796937453075,0.23383623700576422,0.3785840692489283,1D-CNN
S354,0.31006824434259617,0.26999805715005837,0.4199336985073456,GRU
S355,0.3252962616421048,0.19390471479239202,0.4807990235655032,GRU
S356,0.2245125286093041,0.2792910788858536,0.49619639250484154,GRU
S357,0.6396301457773215,0.09492475560818242,0.26544509861449567,1D-CNN
S358,0.7238908436204715,0.11143808675634562,0.16467106962318204,1D-CNN
S359,0.6954927428066782,0.1511430516506311,0.15336420554269078,1D-CNN
S360,0.6590840551961814,0.20328411669266952,0.13763182811114846,1D-CNN
S361,0.6566157391810744,0.23094790976079643,0.11243635105812978,1D-CNN
S362,0.6160510240539795,0.22795828095902623,0.15599069498699494,1D-CNN
S363,0.43074520905295594,0.4384068626959647,0.13084792825108,ANN
S364,0.09272025504723565,0.8577132839303316,0.04956646102243409,ANN
S365,0.1110769332691882,0.8367320883472401,0.0521909783835712,ANN
S366,0.12208793271063055,0.7836980711678202,0.09421399612154983,ANN
S367,0.29168675209125733,0.5410917010987419,0.16722154681000084,ANN
S368,0.34921476334641344,0.4890192663031215,0.16176597035046505,ANN
S369,0.30916148087179096,0.6199576887892632,0.07088083033894575,ANN
S370,0.29630127133181394,0.646937144950572,0.05676158371761524,ANN
S371,0.32188458791270697,0.6319956360549791,0.04611977603231355,ANN
S372,0.38761781536325607,0.559192123157254,0.053190061479491665,ANN
S373,0.4581747497497942,0.38777683085355646,0.15404841939664995,1D-CNN
S374,0.3299585397619355,0.32323288248757737,0.3468085777504889,GRU
S375,0.12984249027432848,0.14436318828671355,0.725794321438958,GRU
S376,0.0572237735383708,0.06026233095360285,0.882513895508026,GRU
S377,0.07125292026207378,0.08037276515717617,0.84837431458075,GRU
S378,0.17687192007517893,0.487349535940133,0.3357785439846864,ANN
S379,0.17201769317774024,0.5226208114188946,0.3053614954033664,ANN
S380,0.5223526602929746,0.2824135340339919,0.19523380567303408,1D-CNN
S381,0.7049437262157519,0.19549948145540716,0.09955679232884106,1D-CNN
S382,0.6298737692333078,0.2604656605859475,0.10966057018074525,1D-CNN
S383,0.2483151499756892,0.5879396270900475,0.1637452229342634,ANN
S384,0.0018379044346974811,0.000878530472072822,0.9972835650932296,GRU
S385,0.029326522211678883,0.07911694256914702,0.8915565352191742,GRU
S386,0.165881215754977,0.3890083206567187,0.4451104635883049,GRU
S387,0.23580890383843778,0.6264497379464772,0.13774135821508557,ANN
S388,0.27698043901246583,0.5848003914586778,0.13821916952885627,ANN
S389,0.5011075859662897,0.404466515380112,0.09442589865359743,1D-CNN
S390,0.72130435387882,0.1921949846716387,0.08650066144954194,1D-CNN
S391,0.6119629095933684,0.270475783472819,0.11756130693381282,1D-CNN
S392,0.488968639995965,0.3970003727081253,0.11403098729591013,1D-CNN
S393,0.40724111583749445,0.4736066425601141,0.11915224160239116,ANN
S394,0.38968955607046696,0.5053459066341173,0.10496453729541373,ANN
S395,0.31708674833940476,0.5801251260363907,0.10278812562420435,ANN
S396,0.29885728292487107,0.5992423178203653,0.10190039925476328,ANN
S397,0.25612533549705485,0.6607677100207159,0.08310695448222838,ANN
S398,0.17523897191974455,0.7656376603986791,0.05912336768157645,ANN
S399,0.19221856402796145,0.7571864543042285,0.050594981667810034,ANN
S400,0.20727989715339473,0.6911201705379113,0.10159993230869553,ANN
S401,0.33211986492119777,0.40680662408349544,0.26107351099530673,ANN
S402,0.4985197808934959,0.3862601311764555,0.11522008793004804,1D-CNN
S403,0.185323755922957,0.3268289055926179,0.487847338484427,GRU
S404,0.22934159470000673,0.387020014862178,0.38363839043781794,ANN
S405,0.23845740686408706,0.23401315029045405,0.5275294428454602,GRU
S406,0.3654942411662597,0.5405056520949595,0.09400010673878118,ANN
S407,0.706542866514658,0.26362037013334233,0.029836763351999338,1D-CNN
S408,0.540155311703261,0.35922966924689914,0.10061501904984031,1D-CNN
S409,0.8079369334278749,0.14194977052676974,0.05011329604535427,1D-CNN
S410,0.40720603519058046,0.5567496579657855,0.03604430684363338,ANN
S411,0.3116877135507522,0.49638843249959125,0.1919238539496558,ANN
S412,0.4129238093280373,0.34381702872440667,0.24325916194755423,1D-CNN
S413,0.4217101568952437,0.13768707604232863,0.44060276706242846,GRU
S414,0.3941486309773756,0.44452224566418524,0.16132912335843833,ANN
S415,0.2597229791378391,0.5747936893828047,0.16548333147935626,ANN
S416,0.31487242261138526,0.35474351086995026,0.3303840665186659,ANN
S417,0.43233320505012224,0.34854346072652387,0.21912333422335495,1D-CNN
S418,0.501960154029517,0.3417286740632156,0.15631117190726954,1D-CNN
S419,0.5774734046181852,0.2648724646843581,0.15765413069745732,1D-CNN
S420,0.44456443477997004,0.38349701059122443,0.17193855462880756,1D-CNN
S421,0.23673975873063324,0.6579926994690184,0.10526754180034854,ANN
S422,0.26871427722934815,0.6361962991811903,0.09508942358946178,ANN
S423,0.2713957517428269,0.6362179401053176,0.09238630815185532,ANN
S424,0.21704709890289284,0.7034417713920592,0.07951112970504849,ANN
S425,0.23185134626425244,0.6023254377473014,0.16582321598844596,ANN
S426,0.33399853928387857,0.40470261806942576,0.2612988426466939,ANN
S427,0.267817167297309,0.3055808310690422,0.4266020016336482,GRU
S428,0.2427231022709104,0.3007904961868828,0.45648640154220665,GRU
S429,0.22238356252203897,0.2673642652843239,0.5102521721936362,GRU
S430,0.2172832792445533,0.25585398969302475,0.5268627310624211,GRU
S431,0.1689257212557507,0.2800012345649575,0.55107304417929,GRU
S432,0.14943822003342383,0.32062996784407277,0.5299318121225022,GRU
S433,0.1262674007034093,0.3355888618504132,0.5381437374461775,GRU
S434,0.06648532242540252,0.43163076177292586,0.5018839158016717,GRU
S435,0.045364121644033195,0.4725295936746536,0.4821062846813133,GRU
S436,0.030611839075451446,0.5728235177126162,0.3965646432119313,ANN
S437,0.02844461684281956,0.5723114741605488,0.3992439089966321,ANN
S438,0.09846624736784554,0.6222761167631047,0.2792576358690499,ANN
S439,0.1819033042750699,0.530998288853256,0.28709840687167276,ANN
S440,0.3353538436955859,0.3236898769356779,0.3409562793687388,GRU
S441,0.5173526018068002,0.20836430532162772,0.2742830928715699,1D-CNN
S442,0.5352921034108676,0.20231562035749528,0.2623922762316368,1D-CNN
S443,0.5853083936792548,0.1775669354726548,0.23712467084808964,1D-CNN
S444,0.2776269383437791,0.4442230230459572,0.2781500386102659,ANN
S445,0.19087343892272118,0.6104809901331054,0.19864557094417343,ANN
S446,0.2531669224069113,0.5343244212423306,0.21250865635075758,ANN
S447,0.23744533425360315,0.6096239160315536,0.1529307497148427,ANN
S448,0.29110386966449026,0.4923441452886306,0.21655198504687917,ANN
S449,0.2103970796173572,0.6152078893409835,0.1743950310416591,ANN
S450,0.11484731381758452,0.763082004709338,0.12207068147307859,ANN
S451,0.12543175990910788,0.7685271570589705,0.10604108303192138,ANN
S452,0.1232185584876849,0.7965529899316348,0.08022845158068084,ANN
S453,0.2921020322348991,0.4026694455916092,0.3052285221734924,ANN
S454,0.18617101668850708,0.25038290056657514,0.5634460827449179,GRU
S455,0.12698575098104106,0.11176381365279488,0.7612504353661659,GRU
S456,0.07952032569288088,0.08357571017435876,0.8369039641327602,GRU
S457,0.07802170178109645,0.12195973527993767,0.8000185629389659,GRU
S458,0.0978565595694446,0.1817171482877899,0.7204262921427655,GRU
S459,0.13970778170593431,0.25363955098176155,0.6066526673123054,GRU
S460,0.14647846607329154,0.2768964917591789,0.5766250421675309,GRU
S461,0.17055141820825181,0.2922180089012893,0.5372305728904591,GRU
S462,0.15205846887050456,0.32289917754907405,0.5250423535804214,GRU
S463,0.13123943359280077,0.5022005037360894,0.36656006267110997,ANN
S464,0.1687600270902605,0.4662845525017546,0.3649554204079848,ANN
S465,0.34751991938530435,0.373051546605771,0.2794285340089235,ANN
S466,0.5322204695284735,0.21409613001949654,0.25368340045203114,1D-CNN
S467,0.7669521096132325,0.08772160207791288,0.1453262883088544,1D-CNN
S468,0.544031466220172,0.2195820690088123,0.23638646477101524,1D-CNN
S469,0.4170486255672918,0.3953390015006327,0.1876123729320755,1D-CNN
S470,0.20976556047460446,0.6808925052461234,0.10934193427927245,ANN
S471,0.3177138916928124,0.4025347796550548,0.27975132865213476,ANN
S472,0.30723211207815354,0.32084693087185956,0.3719209570499868,GRU
S473,0.3353611029131952,0.2997972611393792,0.36484163594742564,GRU
S474,0.3383080855586587,0.313089557868283,0.3486023565730571,GRU
S475,0.316063252604952,0.3273257119462415,0.3566110354488074,GRU
S476,0.31302718617135455,0.3273203583338501,0.3596524554947932,GRU
S477,0.27835520501954847,0.3604849146796868,0.3611598803007644,GRU
S478,0.25433931950224115,0.3970464433345527,0.34861423716320705,ANN
S479,0.20171281474654046,0.4727349348340563,0.32555225041940394,ANN
S480,0.1442351037098484,0.5814384683718736,0.2743264279182799,ANN
S481,0.13362911934645633,0.6048009738539928,0.26156990679955344,ANN
S482,0.1306389345717672,0.6075009021333861,0.2618601632948465,ANN
S483,0.14749945996676836,0.5851382653645268,0.2673622746687034,ANN
S484,0.14011613300047718,0.6011609146190054,0.2587229523805167,ANN
S485,0.15720192252289117,0.5826600024133636,0.2601380750637472,ANN
S486,0.16299926568625925,0.5674617569211178,0.2695389773926236,ANN
S487,0.2671113843214114,0.41148513562801364,0.32140348005057207,ANN
S488,0.37523307136196915,0.2579521196446869,0.3668148089933465,1D-CNN
S489,0.449373404054233,0.1644394432804561,0.3861871526653116,1D-CNN
S490,0.5158078595019749,0.1441920956956848,0.34000004480233975,1D-CNN
S491,0.18610704665939,0.4203279676592707,0.3935649856813378,ANN
S492,0.1534600006522914,0.5788114184917177,0.2677285808559904,ANN
S493,0.18698091446563353,0.5492195787819517,0.26379950675241604,ANN
S494,0.09914278171344611,0.6859440843214847,0.21491313396506898,ANN
S495,0.1909902126130391,0.28931697577386867,0.5196928116130918,GRU
S496,0.12101776639467479,0.45671333125452496,0.4222689023507996,ANN
S497,0.0827739193139333,0.21096676105460288,0.7062593196314644,GRU
S498,0.12728170814396553,0.045809566128376916,0.8269087257276564,GRU
S499,0.0457382805850837,0.01670615942284911,0.9375555599920672,GRU
S500,0.08254682594956705,0.009948579704668616,0.9075045943457647,GRU
S501,0.2882134888831203,0.4818262831641884,0.22996022795269155,ANN
S502,0.13077513511656935,0.050290490560938074,0.8189343743224936,GRU
S503,0.2288814449791744,0.3090878395572607,0.4620307154635641,GRU
S504,0.11366846673846961,0.10879731847261619,0.7775342147889152,GRU
S505,0.18332775927551526,0.34569859201026343,0.4709736487142206,GRU
S506,0.20677921962608461,0.2631043018362076,0.5301164785377076,GRU
S507,0.24662731197472168,0.3265708245522169,0.4268018634730638,GRU
S508,0.22572914469282748,0.3306552271229873,0.4436156281841854,GRU
S509,0.21666092632508036,0.3636992494334761,0.4196398242414456,GRU
S510,0.22236001722814105,0.34678002278298103,0.43085995998887844,GRU
S511,0.13569842918683936,0.5171197225574488,0.34718184825571297,ANN
S512,0.10113207591191754,0.6276568635548446,0.2712110605332379,ANN
S513,0.2810829008727576,0.36651651366821175,0.3524005854590305,ANN
S514,0.5249340775607109,0.15770158587201058,0.3173643365672773,1D-CNN
S515,0.6361282210906759,0.12363139507075799,0.2402403838385661,1D-CNN
S516,0.5967439624454136,0.1513853250413369,0.25187071251324955,1D-CNN
S517,0.4151946130352067,0.27682663380355943,0.3079787531612331,1D-CNN
S518,0.2731178434532856,0.512050625165112,0.21483153138160216,ANN
S519,0.10974549613815579,0.7889635961224488,0.10129090773939542,ANN
S520,0.02735533044016625,0.9479146801728796,0.02472998938695361,ANN
S521,0.026229252871125066,0.9367821686497972,0.036988578479077626,ANN
S522,0.014664386313460344,0.9522864196493201,0.03304919403721928,ANN
S523,0.017880292986097484,0.9430367365818175,0.03908297043208478,ANN
S524,0.15207288531503282,0.579538774405842,0.26838834027912445,ANN
S525,0.13402086360176038,0.5101652694024305,0.35581386699580875,ANN
S526,0.1073712115531006,0.4395365572543835,0.453092231192516,GRU
S527,0.08988101360435737,0.2398309039532437,0.6702880824423991,GRU
S528,0.052145203130605916,0.1667091625839935,0.781145634285401,GRU
S529,0.06265735870142389,0.21775711710699305,0.7195855241915831,GRU
S530,0.08135121062187221,0.20338247309833954,0.7152663162797872,GRU
S531,0.09412399426335318,0.2620331169418303,0.6438428887948161,GRU
S532,0.12457639982636771,0.31682731436822326,0.5585962858054083,GRU
S533,0.11944528673964304,0.3326933490439805,0.5478613642163767,GRU
S534,0.14791364776218216,0.455827832469947,0.3962585197678709,ANN
S535,0.1881003853481824,0.47381046938508103,0.33808914526673833,ANN
S536,0.31077646258043545,0.3661244000603639,0.3230991373592006,ANN
S537,0.5105643377400448,0.22094708230461768,0.2684885799553388,1D-CNN
S538,0.6217018672089117,0.1609720729839252,0.21732605980716288,1D-CNN
S539,0.5109660863385541,0.23303726664671842,0.25599664701472624,1D-CNN
S540,0.3143749524298891,0.4417283623712822,0.24389668519882732,ANN
S541,0.23411148766158885,0.5822420631460996,0.18364644919231116,ANN
S542,0.1830232436983532,0.7042678814591472,0.11270887484249906,ANN
S543,0.0772164243820556,0.8719680774373837,0.05081549818056087,ANN
S544,0.04791505876764326,0.9162349784059588,0.03584996282639924,ANN
S545,0.10350617518751205,0.785469406790034,0.1110244180224537,ANN
S546,0.26604801186866106,0.49268047978467333,0.2412715083466657,ANN
S547,0.20206931060024078,0.5284254392402774,0.26950525015948124,ANN
S548,0.2600438030556144,0.4635396287204952,0.2764165682238899,ANN
S549,0.49149533070988966,0.24147995273964026,0.2670247165504715,1D-CNN
S550,0.29537399711783446,0.4528057477977272,0.2518202550844375,ANN
S551,0.24487663458241693,0.37840766345692506,0.37671570196065823,ANN
S552,0.29232881149823114,0.24564064039004682,0.4620305481117221,GRU
S553,0.27947701482890913,0.26097547412219996,0.45954751104888913,GRU
S554,0.28178949497903555,0.30766718429075,0.4105433207302145,GRU
S555,0.279881176902319,0.2877611753959046,0.43235764770177565,GRU
S556,0.3136069845314504,0.21640651750565892,0.46998649796289077,GRU
S557,0.1833688703680098,0.31153479488812724,0.5050963347438651,GRU
S558,0.13340776251591002,0.35450955375502424,0.5120826837290638,GRU
S559,0.3237009888715938,0.3653631211493125,0.3109358899790952,ANN
S560,0.40226466375788633,0.277730634027141,0.3200047022149725,1D-CNN
S561,0.5546655400136684,0.2210047104635468,0.2243297495227859,1D-CNN
S562,0.41141422855071996,0.29577206977539616,0.2928137016738815,1D-CNN
S563,0.49579770908397214,0.24172783593256905,0.26247445498345806,1D-CNN
S564,0.46508099006503306,0.27740768721298703,0.257511322721979,1D-CNN
S565,0.21444616852760112,0.5961317262400356,0.1894221052323637,ANN
S566,0.22351205114478073,0.5925833300191004,0.1839046188361203,ANN
S567,0.13590493527227746,0.7340294189598087,0.13006564576791338,ANN
S568,0.14883897945801988,0.6931345586837283,0.15802646185825364,ANN
S569,0.21486940025775636,0.5987515847305638,0.18637901501167958,ANN
S570,0.16680670079082408,0.6795546195038673,0.15363867970531025,ANN
S571,0.14095256503426729,0.753370950402626,0.10567648456310656,ANN
S572,0.10608220499116594,0.8503229288662619,0.04359486614257116,ANN
S573,0.08946461731533362,0.890044003564954,0.020491379119712175,ANN
S574,0.18574941060888586,0.7954742411359053,0.018776348255209494,ANN
S575,0.1604054975019596,0.8154905072260449,0.0241039952719965,ANN
S576,0.1406940874940875,0.8335244518938892,0.02578146061202312,ANN
S577,0.3660839056389225,0.5731544572890263,0.060761637072050505,ANN
S578,0.6953950811540164,0.2834001265492434,0.02120479229674162,1D-CNN
S579,0.41525303053749774,0.33249346557761333,0.252253503884888,1D-CNN
S580,0.34714035966351775,0.261632738449169,0.3912269018873138,GRU
S581,0.3644074538161887,0.29420262821861776,0.34138991796519313,1D-CNN
S582,0.2890567630772483,0.3771585508526646,0.3337846860700864,ANN
S583,0.2418200666159033,0.344726239441949,0.4134536939421495,GRU
S584,0.31823612572136595,0.279109323661378,0.40265455061725797,GRU
S585,0.4123511698138012,0.34293670474789684,0.2447121254383017,1D-CNN
S586,0.7812869072097058,0.1021761333615409,0.11653695942875275,1D-CNN
S587,0.4250391599651996,0.40042351001757664,0.17453733001722435,1D-CNN
