Segment,1D-CNN,ANN,GRU,Selected
S1,0.3635620497589385,0.29953865707197835,0.3368992931690838,1D-CNN
S2,0.2962096512839921,0.3030437585717669,0.40074659014424174,GRU
S3,0.28982147453074786,0.25422355810683667,0.45595496736241614,GRU
S4,0.3078770640520957,0.32018388610724097,0.3719390498406635,GRU
S5,0.29652144590199453,0.2835528951073582,0.41992565899064727,GRU
S6,0.30912178438230326,0.3183581314427025,0.37252008417499427,GRU
S7,0.25635451255488145,0.33546421433750695,0.408181273107611,GRU
S8,0.24631439498080604,0.4015258107240337,0.3521597942951602,ANN
S9,0.2897221319346849,0.35705716923087477,0.3532206988344402,ANN
S10,0.6521212828638452,0.10997391652252533,0.23790480061362945,1D-CNN
S11,0.6334540370495696,0.12306539134224574,0.24348057160818445,1D-CNN
S12,0.4584194147182153,0.27896245155474175,0.262618133727043,1D-CNN
S13,0.5527526274989182,0.17683312504908194,0.270414247452,1D-CNN
S14,0.4290069972355183,0.3590599500959949,0.2119330526684866,1D-CNN
S15,0.26569579741678534,0.5413294633320683,0.1929747392511464,ANN
S16,0.30850706561159286,0.42256175394096407,0.268931180447443,ANN
S17,0.17828041550664508,0.6048168780764454,0.21690270641690976,ANN
S18,0.22096917123814852,0.5309562438543388,0.24807458490751255,ANN
S19,0.265171272067001,0.35868400511466064,0.3761447228183377,GRU
S20,0.29088280437504843,0.41957091511781675,0.2895462805071347,ANN
S21,0.3267760977503785,0.2937640912868724,0.3794598109627486,GRU
S22,0.3596943426563205,0.5013628213243799,0.13894283601929946,ANN
S23,0.2110947745658299,0.7190660085766579,0.0698392168575123,ANN
S24,0.20656276614971955,0.7214876935934774,0.0719495402568032,ANN
S25,0.5276654622846377,0.3268165439747627,0.1455179937405993,1D-CNN
S26,0.6033627077671694,0.284377853433178,0.11225943879965247,1D-CNN
S27,0.2423979995617427,0.5631086443382369,0.19449335610002022,ANN
S28,0.16962918110916847,0.23502148296816514,0.5953493359226659,GRU
S29,0.330925757365546,0.25644291694811394,0.4126313256863401,GRU
S30,0.25283213847491204,0.4519621280866377,0.2952057334384503,ANN
S31,0.38851852361239053,0.26936620835534847,0.34211526803226106,1D-CNN
S32,0.46099538977650284,0.43802516179997897,0.10097944842351814,1D-CNN
S33,0.31982471618418423,0.4328823162297723,0.2472929675860436,ANN
S34,0.397039382445693,0.48483141957626197,0.11812919797804514,ANN
S35,0.4126926894430207,0.3664842347609618,0.22082307579601732,1D-CNN
S36,0.6296843430099534,0.2562246188041389,0.11409103818590752,1D-CNN
S37,0.4891787729520866,0.3798900230840168,0.13093120396389732,1D-CNN
S38,0.3858538833104384,0.49261574828890836,0.12153036840065355,ANN
S39,0.3040184550423896,0.590237693729484,0.10574385122812668,ANN
S40,0.1590514630404603,0.8184046637937028,0.022543873165836587,ANN
S41,0.26954253290940494,0.654709403208385,0.07574806388221003,ANN
S42,0.4369189682361937,0.5098651551166239,0.05321587664718228,ANN
S43,0.40545968418975337,0.5006684770905454,0.09387183871970085,ANN
S44,0.21344677359403555,0.5896709776400685,0.1968822487658955,ANN
S45,0.3377250237867939,0.2821645262107117,0.3801104500024941,GRU
S46,0.43118073639540877,0.2492579151707764,0.3195613484338145,1D-CNN
S47,0.27911644837913613,0.416631679173635,0.30425187244722846,ANN
S48,0.23798726456675007,0.254173339336145,0.507839396097105,GRU
S49,0.2818247107282674,0.2515554167202861,0.46661987255144705,GRU
S50,0.19577211014906903,0.23614155462334882,0.5680863352275821,GRU
S51,0.21026055613418398,0.3271315295370139,0.4626079143288018,GRU
S52,0.27981984491806444,0.2852764061674493,0.43490374891448647,GRU
S53,0.24701356712889927,0.32862549771692673,0.42436093515417417,GRU
S54,0.24071530601055774,0.35072222345174187,0.40856247053770056,GRU
S55,0.21919262502487574,0.3979996698090683,0.38280770516605583,ANN
S56,0.19735502731650154,0.4608400642693242,0.34180490841417355,ANN
S57,0.22978013139930573,0.4078912840082097,0.36232858459248446,ANN
S58,0.41312150096691513,0.2534226012752567,0.33345589775782775,1D-CNN
S59,0.5773964782087333,0.15078360237005073,0.2718199194212158,1D-CNN
S60,0.553667350935778,0.17765465106736267,0.2686779979968597,1D-CNN
S61,0.3614458580450986,0.31209741299946003,0.3264567289554412,1D-CNN
S62,0.2824724591568057,0.5191548022770943,0.19837273856610055,ANN
S63,0.2626065429686918,0.5491370530803872,0.18825640395092097,ANN
S64,0.1406328774171167,0.7477542187196804,0.11161290386320273,ANN
S65,0.08033739094256481,0.8358866872928616,0.08377592176457334,ANN
S66,0.422785608659858,0.2940325689475812,0.28318182239256146,1D-CNN
S67,0.36116574780140287,0.32367271834562916,0.3151615338529682,1D-CNN
S68,0.2348803983234393,0.38973542793784416,0.3753841737387166,ANN
S69,0.23863293362816576,0.31751806499339624,0.4438490013784381,GRU
S70,0.17212656763750697,0.37290916336608776,0.4549642689964052,GRU
S71,0.10541924931712131,0.30162423866643406,0.5929565120164444,GRU
S72,0.1176364587844599,0.6588201888679227,0.22354335234761744,ANN
S73,0.14877338645759616,0.29727190425171707,0.553954709290687,GRU
S74,0.5135900232515821,0.2897311846302481,0.19667879211816985,1D-CNN
S75,0.42663536423905846,0.36729022227679087,0.20607441348415056,1D-CNN
S76,0.38766299502915724,0.2990945749526438,0.313242430018199,1D-CNN
S77,0.3975960784555127,0.3028630191692393,0.29954090237524744,1D-CNN
S78,0.377156547055152,0.29842220323936763,0.3244212497054806,1D-CNN
S79,0.36343622898982225,0.35396560648787884,0.2825981645222989,1D-CNN
S80,0.3430168533346281,0.3332450025471357,0.32373814411823565,1D-CNN
S81,0.3748265337835563,0.19304728175107913,0.4321261844653642,GRU
S82,0.23314803349004937,0.33407139634265703,0.4327805701672937,GRU
S83,0.4441220319540032,0.3683177307343612,0.1875602373116357,1D-CNN
S84,0.47942768738177516,0.24275350926777975,0.27781880335044484,1D-CNN
S85,0.6137082222806785,0.18631741729638837,0.19997436042293332,1D-CNN
S86,0.32326476199115983,0.5445404500174545,0.1321947879913863,ANN
S87,0.39896334339688616,0.4330700122101377,0.16796664439297695,ANN
S88,0.408627965167499,0.5017849115332553,0.08958712329924597,ANN
S89,0.4026196961866642,0.3164937275257196,0.2808865762876163,1D-CNN
S90,0.41071734266721616,0.2938196328521084,0.29546302448067535,1D-CNN
S91,0.7107311547803356,0.20768123317039905,0.08158761204926543,1D-CNN
S92,0.32497677514638373,0.46689496515042445,0.2081282597031918,ANN
S93,0.42881476646772015,0.38743072365648545,0.18375450987579442,1D-CNN
S94,0.4770880643954435,0.32673232320382917,0.19617961240072798,1D-CNN
S95,0.5947262142171805,0.2797433858947706,0.1255303998880486,1D-CNN
S96,0.4572650530079374,0.38694641565967836,0.15578853133238407,1D-CNN
S97,0.3219089982501166,0.49974484546861075,0.1783461562812724,ANN
S98,0.5006357573952929,0.32076280319969064,0.17860143940501663,1D-CNN
S99,0.5376822139408339,0.34505835472662316,0.1172594313325436,1D-CNN
S100,0.43027142287106634,0.4227542666115056,0.1469743105174282,1D-CNN
S101,0.3493249770028811,0.47856423542765897,0.1721107875694598,ANN
S102,0.3077243877149435,0.30781237269613637,0.3844632395889196,GRU
S103,0.3001311088627422,0.30440674630951775,0.3954621448277409,GRU
S104,0.5767130812037307,0.3026772433077197,0.12060967548854974,1D-CNN
S105,0.42504104428072126,0.29412495198248473,0.2808340037367941,1D-CNN
S106,0.5023410171919772,0.335892926424006,0.16176605638401687,1D-CNN
S107,0.34092728399979066,0.3943350257023215,0.26473769029788724,ANN
S108,0.460816838658833,0.34942244525404936,0.18976071608711773,1D-CNN
S109,0.4342214147731319,0.37789137225196406,0.18788721297490374,1D-CNN
S110,0.4275381315994033,0.38129929377465027,0.1911625746259465,1D-CNN
S111,0.46176285664442845,0.3439238781100042,0.19431326524556705,1D-CNN
S112,0.22597654111555926,0.6597556232292423,0.11426783565519838,ANN
S113,0.2824533223468743,0.5164263976765967,0.2011202799765287,ANN
S114,0.3961497514963256,0.40965338661506717,0.194196861888607,ANN
S115,0.37255031446091547,0.4511578763541546,0.17629180918493048,ANN
S116,0.2767981653859369,0.42276679354870705,0.30043504106535673,ANN
S117,0.41704937331677333,0.33609333835675353,0.24685728832647305,1D-CNN
S118,0.3741283256638335,0.31622481231998867,0.3096468620161777,1D-CNN
S119,0.5459450050735783,0.3050276483550744,0.14902734657134734,1D-CNN
S120,0.3390021901566179,0.4759321090056354,0.18506570083774657,ANN
S121,0.26968966426688074,0.5908317692854164,0.1394785664477029,ANN
S122,0.2985138772016424,0.3189611832601545,0.382524939538203,GRU
S123,0.42384171886122696,0.40226112112296897,0.17389716001580496,1D-CNN
S124,0.22933201208805598,0.21769712858968582,0.5529708593222588,GRU
S125,0.27430766474799134,0.30412319228291784,0.42156914296909087,GRU
S126,0.3026041693535511,0.16232640574436752,0.5350694249020815,GRU
S127,0.2656825398653343,0.3139476302798282,0.42036982985483745,GRU
S128,0.23020087512200096,0.44433817697743017,0.32546094790056845,ANN
S129,0.2663146865590044,0.3890918250610729,0.3445934883799229,ANN
S130,0.40917695384154834,0.3335997418565221,0.25722330430192963,1D-CNN
S131,0.6063550137112889,0.21064972017809877,0.18299526611061276,1D-CNN
S132,0.6004227083846738,0.22974313748930567,0.16983415412602007,1D-CNN
S133,0.3631146817470615,0.4536350882432925,0.18325023000964594,ANN
S134,0.3423096842003846,0.5748741351671355,0.08281618063248007,ANN
S135,0.3289691176082191,0.5729674283303535,0.0980634540614278,ANN
S136,0.30478849589726054,0.5513389718530247,0.14387253224971472,ANN
S137,0.32217813419639224,0.4594186652474042,0.21840320055620377,ANN
S138,0.30614679462089106,0.5125802593815333,0.1812729459975758,ANN
S139,0.353536045872238,0.4401046265312091,0.20635932759655298,ANN
S140,0.3980001514056068,0.4143326717967794,0.18766717679761363,ANN
S141,0.2570627302772671,0.5559701900328909,0.18696707968984141,ANN
S142,0.2406333420619739,0.6343542300466932,0.12501242789133307,ANN
S143,0.32978043430849874,0.6235595899620816,0.04665997572941985,ANN
S144,0.24768048689931826,0.6336063193081819,0.11871319379249903,ANN
S145,0.25552547665381264,0.41231516568423726,0.33215935766195004,ANN
S146,0.1308574110601617,0.04407108959340441,0.8250714993464339,GRU
S147,0.36028773982472145,0.3101201523787597,0.32959210779651876,1D-CNN
S148,0.17359810639148462,0.5653784805933566,0.2610234130151587,ANN
S149,0.34939261148163664,0.3566825741152859,0.2939248144030774,ANN
S150,0.4340229344857783,0.4015791501478763,0.164397915366346,1D-CNN
S151,0.39901084582002244,0.43874603505217563,0.16224311912780254,ANN
S152,0.44890867723683603,0.3975533188348027,0.15353800392836126,1D-CNN
S153,0.4834499789213948,0.33849230965180876,0.17805771142679613,1D-CNN
S154,0.5222776320325573,0.3277724329238104,0.1499499350436331,1D-CNN
S155,0.4051449996222094,0.4393325901661996,0.155522410211591,ANN
S156,0.250111517743517,0.6552957924905906,0.09459268976589309,ANN
S157,0.2440736142620811,0.6710302232971871,0.08489616244073163,ANN
S158,0.17030842752126382,0.778020647371538,0.05167092510719739,ANN
S159,0.2942188753162599,0.6084713009324533,0.09730982375128712,ANN
S160,0.4972444458344038,0.4171559074471399,0.0855996467184564,1D-CNN
S161,0.29594195313748556,0.3626706870935863,0.34138735976892787,ANN
S162,0.42141788115591244,0.3984233091249955,0.18015880971909196,1D-CNN
S163,0.1971444075037324,0.2596227013406867,0.5432328911555816,GRU
S164,0.26879026291768243,0.627886437507142,0.1033232995751754,ANN
S165,0.2756250275418132,0.42779147048620203,0.2965835019719849,ANN
S166,0.48431114618142046,0.25420295855516956,0.2614858952634102,1D-CNN
S167,0.5050349932161367,0.38732834749541134,0.10763665928845147,1D-CNN
S168,0.37704952743934594,0.42092071249109075,0.20202976006956352,ANN
S169,0.35646368053915,0.3912041419984513,0.25233217746239867,ANN
S170,0.379715472228105,0.2092910365546216,0.41099349121727335,GRU
S171,0.47192778279980707,0.37584802846298154,0.15222418873721144,1D-CNN
S172,0.2677507619439662,0.4308995667514004,0.3013496713046331,ANN
S173,0.30534270372855143,0.4788245237155264,0.21583277255592231,ANN
S174,0.2779691805231118,0.24283590129629096,0.4791949181805973,GRU
S175,0.7141747119697993,0.22247838980247014,0.06334689822773015,1D-CNN
S176,0.5133723992379209,0.3325216643174259,0.1541059364446539,1D-CNN
S177,0.39608861013531743,0.41466794271589036,0.18924344714879301,ANN
S178,0.2881051277463989,0.5792916134329834,0.13260325882061746,ANN
S179,0.3980504937696651,0.4670043619425111,0.13494514428782328,ANN
S180,0.4959450269760238,0.3669294150434451,0.1371255579805311,1D-CNN
S181,0.3894127034459955,0.47449042964609894,0.1360968669079051,ANN
S182,0.2705373246104021,0.615859716458577,0.11360295893102088,ANN
S183,0.23432591262455874,0.7094488117424427,0.0562252756329987,ANN
S184,0.33725605671403874,0.5620470394804334,0.10069690380552787,ANN
S185,0.2878730768725296,0.5983917993472475,0.11373512378022273,ANN
S186,0.3957783351616172,0.2450838009750827,0.35913786386329966,1D-CNN
S187,0.2763510189388658,0.3585803890574157,0.36506859200371894,GRU
S188,0.12516504487659183,0.18999400438001515,0.6848409507433931,GRU
S189,0.24554006385520605,0.26933770732753015,0.4851222288172644,GRU
S190,0.22122521209177046,0.21796213931861222,0.5608126485896173,GRU
S191,0.28876120643873476,0.37606236196755455,0.3351764315937108,ANN
S192,0.19766097493617676,0.2056222149138981,0.596716810149925,GRU
S193,0.2383609729690621,0.26430749273681436,0.49733153429412313,GRU
S194,0.2033701857945038,0.23284307170918295,0.5637867424963132,GRU
S195,0.20103197127601405,0.3016611062562826,0.4973069224677034,GRU
S196,0.22522711899941078,0.2945838438430925,0.4801890371574967,GRU
S197,0.2199663495201501,0.3137267986888567,0.46630685179099246,GRU
S198,0.20179886197044625,0.354392760299979,0.44380837772957554,GRU
S199,0.13863103073300037,0.4596238882696916,0.4017450809973086,ANN
S200,0.13242095848085073,0.5442586351872055,0.32332040633194375,ANN
S201,0.17821439967722055,0.45043683258081163,0.3713487677419683,ANN
S202,0.43700285637155933,0.23740594706658477,0.3255911965618552,1D-CNN
S203,0.63822274519783,0.13742970850247171,0.22434754629969814,1D-CNN
S204,0.6119115692765404,0.16088475985803338,0.2272036708654263,1D-CNN
S205,0.4945642301695726,0.2304398574388813,0.27499591239154614,1D-CNN
S206,0.38958700545610975,0.39765256352693135,0.21276043101695855,ANN
S207,0.3725054612069056,0.41672283264541415,0.21077170614768018,ANN
S208,0.2697086475528732,0.55552633586655,0.17476501658057675,ANN
S209,0.2002832032356007,0.6536055250111548,0.1461112717532452,ANN
S210,0.22958444106698406,0.6054057340257086,0.16500982490730712,ANN
S211,0.23775455421186734,0.5626478511795282,0.19959759460860454,ANN
S212,0.3370530391741054,0.45487087327663017,0.20807608754926413,ANN
S213,0.37224493096816175,0.383951298189099,0.24380377084273944,ANN
S214,0.4193933930053203,0.42882685387850134,0.15177975311617897,ANN
S215,0.4862733133300938,0.41966288070009106,0.0940638059698153,1D-CNN
S216,0.4549505333930717,0.4784180652604173,0.06663140134651088,ANN
S217,0.35851033935216775,0.5857406000738333,0.05574906057399891,ANN
S218,0.4066549733222067,0.5401994230889758,0.05314560358881728,ANN
S219,0.6782504425830088,0.29307070089659615,0.028678856520394917,1D-CNN
S220,0.4138361317694118,0.5171084305894109,0.06905543764117673,ANN
S221,0.30969637856929416,0.5947268549991499,0.09557676643155599,ANN
S222,0.3764147640216201,0.5042439577861128,0.11934127819226693,ANN
S223,0.4979560155401087,0.4029230871753951,0.09912089728449623,1D-CNN
S224,0.5376723613881048,0.37107335359871246,0.09125428501318282,1D-CNN
S225,0.3947866472750994,0.49815371185403634,0.10705964087086367,ANN
S226,0.24252600646083503,0.6631058921104439,0.09436810142872117,ANN
S227,0.41388919686880776,0.4408675021698272,0.14524330096136576,ANN
S228,0.4290844534231029,0.4769193776364538,0.0939961689404434,ANN
S229,0.37626840122849364,0.4726142811974249,0.1511173175740809,ANN
S230,0.39804183539571275,0.5071515064249164,0.09480665817937088,ANN
S231,0.3349436551624816,0.5233497359009949,0.14170660893652348,ANN
S232,0.33431710232292083,0.5431435093261107,0.12253938835096922,ANN
S233,0.41117480993179256,0.4518011244326832,0.1370240656355247,ANN
S234,0.4122557012733874,0.4826544415217652,0.10508985720484683,ANN
S235,0.3818595439966178,0.4715373233471386,0.14660313265624372,ANN
S236,0.3032026835740202,0.6306049114938258,0.06619240493215396,ANN
S237,0.5181636532332624,0.34889614960728166,0.13294019715945662,1D-CNN
S238,0.40860933378541114,0.5381914158331337,0.05319925038145562,ANN
S239,0.2789421018278655,0.6026377391282203,0.11842015904391372,ANN
S240,0.37372965147227244,0.4896358739362137,0.13663447459151382,ANN
S241,0.434596165045583,0.39992784975367535,0.16547598520074128,1D-CNN
S242,0.4578829978925092,0.4130914583649041,0.12902554374258723,1D-CNN
S243,0.458872704475445,0.4092089475946194,0.1319183479299357,1D-CNN
S244,0.38147448459316957,0.4983912050128685,0.1201343103939621,ANN
S245,0.3586447149644028,0.5252617488644679,0.11609353617112907,ANN
S246,0.3782701468779411,0.5220531374178717,0.09967671570418736,ANN
S247,0.40768070196669703,0.5010859521403949,0.09123334589290787,ANN
S248,0.37907304600817804,0.5100602385274382,0.11086671546438356,ANN
S249,0.3410473822778774,0.5915542469837114,0.06739837073841183,ANN
S250,0.34629650591931144,0.5750258532087511,0.07867764087193738,ANN
S251,0.34846043764212375,0.591809572726225,0.05972998963165101,ANN
S252,0.430241337952141,0.5249482396656595,0.044810422382200246,ANN
S253,0.38747374018308395,0.5675848563905993,0.04494140342631679,ANN
S254,0.4399616711449465,0.5196146416947114,0.040423687160341934,ANN
S255,0.6131492059861438,0.357221393797902,0.029629400215953897,1D-CNN
S256,0.42502814702392655,0.5386331380917266,0.036338714884346965,ANN
S257,0.36418433590424754,0.6024894945268883,0.033326169568864396,ANN
S258,0.4263146565949279,0.5194621697324708,0.05422317367260127,ANN
S259,0.4550045654236041,0.4717107494841025,0.07328468509229318,ANN
S260,0.4893047158849912,0.4286142067855261,0.08208107732948304,1D-CNN
S261,0.49614159388051077,0.4171955206353251,0.08666288548416415,1D-CNN
S262,0.4757225695303141,0.42450718763182393,0.09977024283786269,1D-CNN
S263,0.4159726139281196,0.48713489300218915,0.09689249306969118,ANN
S264,0.39607191982714773,0.5029921178018537,0.10093596237099821,ANN
S265,0.3913286823581672,0.5256665735609564,0.08300474408087612,ANN
S266,0.36856726274701546,0.5519289180748425,0.07950381917814217,ANN
S267,0.30428094350217844,0.6485534078954749,0.04716564860234612,ANN
S268,0.29843045589960954,0.648645496600604,0.05292404749978668,ANN
S269,0.32903307071564336,0.5935675294092241,0.07739939987513285,ANN
S270,0.3681877387194046,0.5142418257629452,0.11757043551764958,ANN
S271,0.4385682781382981,0.4406866729849994,0.12074504887670234,ANN
S272,0.4619974396199878,0.4125275080643106,0.1254750523157024,1D-CNN
S273,0.4379548301329497,0.4347891096344838,0.1272560602325659,1D-CNN
S274,0.40705615745220475,0.46033417539012744,0.13260966715766762,ANN
S275,0.41294260804431465,0.4517112876389088,0.135346104316777,ANN
S276,0.41466261353560135,0.4439034845451351,0.14143390191926344,ANN
S277,0.40514384364520845,0.4658632209804438,0.12899293537434794,ANN
S278,0.3940493253145689,0.4858335294005901,0.12011714528484053,ANN
S279,0.359913130090858,0.5395197912151661,0.10056707869397574,ANN
S280,0.2741689649424648,0.6536108684320886,0.07222016662544631,ANN
S281,0.24536140515417573,0.7127690744927542,0.041869520353070636,ANN
S282,0.29134530221650046,0.6397656745433624,0.06888902324013646,ANN
S283,0.3937177802195811,0.5476974515560381,0.05858476822438149,ANN
S284,0.5085648200963886,0.3773723746214271,0.11406280528218413,1D-CNN
S285,0.371874928097783,0.31975254899996153,0.3083725229022556,1D-CNN
S286,0.3220235045510095,0.24613656914035645,0.43183992630863416,GRU
S287,0.2670481854952894,0.2509136280735324,0.48203818643117813,GRU
S288,0.1873371404909806,0.27498110435044615,0.5376817551585727,GRU
S289,0.1538477283703672,0.21605006543571803,0.6301022061939144,GRU
S290,0.18239828904467761,0.23758329613699988,0.5800184148183222,GRU
S291,0.06859231395036497,0.15141528072114624,0.7799924053284887,GRU
S292,0.3008608499865394,0.4462370331215659,0.25290211689189424,ANN
S293,0.288607302193562,0.22078129571905686,0.4906114020873811,GRU
S294,0.5333798486308993,0.3663995900512357,0.10022056131786515,1D-CNN
S295,0.24740309142482753,0.63363982436149,0.11895708421368253,ANN
S296,0.42891718594738487,0.3891061288787326,0.18197668517388266,1D-CNN
S297,0.4853695102028351,0.32118723601175375,0.193443253785411,1D-CNN
S298,0.47008614548486094,0.34441763594567343,0.18549621856946497,1D-CNN
S299,0.442507929217611,0.35323745283087915,0.2042546179515094,1D-CNN
S300,0.36532546951296047,0.425536425092106,0.20913810539493352,ANN
S301,0.3009302598101906,0.5199828305413041,0.1790869096485051,ANN
S302,0.2698151843684412,0.5504597697744503,0.17972504585710855,ANN
S303,0.23985502670147163,0.6187430821192638,0.1414018911792647,ANN
S304,0.20976585116331756,0.6828991099879281,0.10733503884875366,ANN
S305,0.11185762958031248,0.8356773986276564,0.05246497179203115,ANN
S306,0.22520098237644748,0.6322654859009151,0.14253353172263714,ANN
S307,0.3044273206152239,0.3589588583412343,0.3366138210435417,ANN
S308,0.29317575262178236,0.3009968148629651,0.40582743251525233,GRU
S309,0.3076920505128083,0.3042587186065483,0.38804923088064325,GRU
S310,0.26880485491145695,0.2962219441232335,0.4349732009653091,GRU
S311,0.25309036469690416,0.32064683821980533,0.42626279708329107,GRU
S312,0.2536983043605802,0.3073377243500546,0.43896397128936593,GRU
S313,0.15565401844179075,0.390012771381291,0.4543332101769184,GRU
S314,0.3831903915943134,0.31050787149301906,0.30630173691266754,1D-CNN
S315,0.5611458826277239,0.19506444982539198,0.2437896675468834,1D-CNN
S316,0.6676552193084107,0.14238094504813184,0.18996383564345745,1D-CNN
S317,0.46946721359360494,0.3107537764651257,0.21977900994126925,1D-CNN
S318,0.5009094724659315,0.24640400393351633,0.2526865236005521,1D-CNN
S319,0.4202643231587896,0.2957560390282805,0.28397963781293,1D-CNN
S320,0.3346899349642457,0.4426811525589969,0.22262891247675737,ANN
S321,0.24860579855638518,0.40153642206928886,0.34985777937432583,ANN
S322,0.37525203795383,0.35983345551141965,0.26491450653475007,1D-CNN
S323,0.3465429525344153,0.1938566559528052,0.4596003915127802,GRU
S324,0.47691029657085976,0.23694149840676695,0.28614820502237254,1D-CNN
S325,0.27752286712100993,0.3919381859580085,0.3305389469209822,ANN
S326,0.3475926410387151,0.40857508909772283,0.24383226986356274,ANN
S327,0.4189339394706817,0.3592846493989005,0.2217814111304178,1D-CNN
S328,0.2081125489044769,0.7035872085801994,0.08830024251532342,ANN
S329,0.26316343176608237,0.6425390307892196,0.09429753744469825,ANN
S330,0.372485245948954,0.4822592775713314,0.1452554764797143,ANN
S331,0.4177056193617047,0.27927443855049167,0.3030199420878038,1D-CNN
S332,0.3600181979111099,0.34760940395939993,0.2923723981294906,1D-CNN
S333,0.3417426954843938,0.17017990126803606,0.48807740324757004,GRU
S334,0.2233409747584403,0.2729682635536538,0.5036907616879055,GRU
S335,0.16014912172714732,0.21053605559896185,0.6293148226738909,GRU
S336,0.1258717068027249,0.19823500890791063,0.6758932842893645,GRU
S337,0.12426205329806721,0.23475138179152735,0.6409865649104055,GRU
S338,0.14694687619181018,0.25174166388181896,0.6013114599263714,GRU
S339,0.18284668741198937,0.3485909953387048,0.46856231724930575,GRU
S340,0.22962677324146713,0.34739709297414234,0.42297613378439053,GRU
S341,0.22629891182790257,0.3135083392838218,0.46019274888827555,GRU
S342,0.23609945966255014,0.3961045781804055,0.3677959621570443,ANN
S343,0.22011702882051973,0.3816295482690802,0.3982534229103997,GRU
S344,0.31605064821704654,0.3805335722386102,0.3034157795443433,ANN
S345,0.3366788426259388,0.3229867237413686,0.3403344336326927,GRU
S346,0.5551548728201595,0.1999507745516849,0.24489435262815543,1D-CNN
S347,0.48479611493759356,0.2363715396185865,0.27883234544382,1D-CNN
S348,0.3835257493454222,0.3498857043296068,0.2665885463249712,1D-CNN
S349,0.4110571705869765,0.30322518200928994,0.2857176474037334,1D-CNN
S350,0.2855554734447902,0.4894053315711782,0.22503919498403166,ANN
S351,0.29493855194644,0.3840861137898466,0.3209753342637133,ANN
S352,0.37447563831218933,0.31418187109343076,0.3113424905943801,1D-CNN
S353,0.3874234987194531,0.24376475476302964,0.3688117465175179,1D-CNN
S354,0.3080954830322847,0.27986510827023375,0.4120394086974817,GRU
S355,0.33477836722568594,0.2273074144425786,0.43791421833173527,GRU
S356,0.24343524667756852,0.2936897918322908,0.4628749614901408,GRU
S357,0.5690463064098157,0.14413664289649447,0.28681705069368985,1D-CNN
S358,0.5995338285174842,0.1734734553946892,0.22699271608782665,1D-CNN
S359,0.5814259987437316,0.20985925283724885,0.20871474841901974,1D-CNN
S360,0.5657329635398151,0.24751885802045429,0.18674817843973052,1D-CNN
S361,0.5784170392194007,0.2644285312701107,0.15715442951048886,1D-CNN
S362,0.5477152929122693,0.25461982842511355,0.1976648786626173,1D-CNN
S363,0.4113571057858266,0.41905387030331803,0.1695890239108554,ANN
S364,0.1502912685651257,0.7551789553507434,0.09452977608413078,ANN
S365,0.17179383468133583,0.7281530411550251,0.10005312416363905,ANN
S366,0.18238533447502714,0.6623591357290106,0.15525552979596205,ANN
S367,0.309775756729001,0.47728270725704464,0.21294153601395446,ANN
S368,0.3479129773872774,0.44103705265472115,0.21104996995800132,ANN
S369,0.33865282721933637,0.5432514635368875,0.1180957092437761,ANN
S370,0.32145720678883793,0.5788829894762862,0.09965980373487568,ANN
S371,0.33377733613622595,0.5790298619381428,0.08719280192563114,ANN
S372,0.3956440723800131,0.5132719632106703,0.09108396440931722,ANN
S373,0.421492043725509,0.37702166008700916,0.20148629618748182,1D-CNN
S374,0.3472837900484899,0.3073926354999478,0.34532357445156225,1D-CNN
S375,0.1840064434708832,0.1955067741344094,0.6204867823947073,GRU
S376,0.098652844903429,0.10743085215550151,0.7939163029410694,GRU
S377,0.12382996271264786,0.13852794809985722,0.7376420891874949,GRU
S378,0.22548182740808348,0.4751840033115064,0.2993341692804099,ANN
S379,0.23161140546096604,0.5012701389893053,0.26711845554972885,ANN
S380,0.5034820558045,0.28603109478206395,0.2104868494134361,1D-CNN
S381,0.6581978298481452,0.21469097381571378,0.12711119633614057,1D-CNN
S382,0.584569837028629,0.268339991450023,0.14709017152134785,1D-CNN
S383,0.29546311318837504,0.5383809837209687,0.16615590309065642,ANN
S384,0.01063588530019875,0.005997730434083762,0.9833663842657174,GRU
S385,0.06792001321051111,0.14202881011226967,0.7900511766772194,GRU
S386,0.20330174921864322,0.3952011514396081,0.4014970993417494,GRU
S387,0.27787870188245994,0.5533074002812641,0.1688138978362759,ANN
S388,0.31655532375621553,0.5126647556054191,0.17077992063836542,ANN
S389,0.4597926736037377,0.3989259689127764,0.14128135748348583,1D-CNN
S390,0.6227740326026683,0.24018991980938167,0.13703604758794996,1D-CNN
S391,0.5342588636898121,0.30106187066999435,0.16467926564019358,1D-CNN
S392,0.450773062790352,0.3941020080518862,0.15512492915776174,1D-CNN
S393,0.3953626402413858,0.442172487022929,0.1624648727356851,ANN
S394,0.38646205615068246,0.4627767446564109,0.15076119919290648,ANN
S395,0.3351935988969807,0.5179990561623921,0.14680734494062742,ANN
S396,0.3234183487655587,0.5290045650715265,0.14757708616291498,ANN
S397,0.2876883849509148,0.5869533500920533,0.12535826495703212,ANN
S398,0.2246433077342499,0.6725897376111886,0.10276695465456143,ANN
S399,0.24115817182306915,0.667167417226047,0.09167441095088369,ANN
S400,0.2501536086120368,0.5908567248748315,0.1589896665131321,ANN
S401,0.3431303555207066,0.35399721464816786,0.30287242983112617,ANN
S402,0.482952781875234,0.348959216082918,0.16808800204184865,1D-CNN
S403,0.19572155402801616,0.3104787822055044,0.4937996637664796,GRU
S404,0.2451710858679044,0.3632807903317237,0.39154812380037196,GRU
S405,0.2488235877104391,0.2173602136864135,0.5338161986031473,GRU
S406,0.3688894144808601,0.49879368212115766,0.13231690339798224,ANN
S407,0.6124143902237262,0.3244685224230149,0.06311708735325848,1D-CNN
S408,0.47917737428348817,0.3740161578249458,0.14680646789156673,1D-CNN
S409,0.7087738898722122,0.20315165381625222,0.08807445631153522,1D-CNN
S410,0.4024399009657793,0.5292702792070944,0.06828981982712581,ANN
S411,0.32512986029430024,0.45886310566038707,0.2160070340453128,ANN
S412,0.3993889137991545,0.34381166287888487,0.25679942332196054,1D-CNN
S413,0.4279631964637178,0.183314605109322,0.38872219842696015,1D-CNN
S414,0.3911838180179628,0.43393882865618405,0.17487735332585244,ANN
S415,0.2957102336626476,0.5080659375548778,0.19622382878247477,ANN
S416,0.3319775234430813,0.36380068415066485,0.3042217924062541,ANN
S417,0.40346410251686954,0.35806880125852314,0.2384670962246082,1D-CNN
S418,0.4648459554134565,0.34268214478009,0.19247189980645413,1D-CNN
S419,0.5145553701553006,0.2877055915848014,0.19773903825989783,1D-CNN
S420,0.4185875851016166,0.3750294728598306,0.20638294203855337,1D-CNN
S421,0.2709444698504591,0.5808830422385508,0.14817248791098978,ANN
S422,0.29728587057124684,0.5636034742711804,0.13911065515757268,ANN
S423,0.3022952091519434,0.5576915230069538,0.14001326784110252,ANN
S424,0.2618093694285507,0.6176994408553788,0.12049118971607047,ANN
S425,0.2654938063615043,0.5186661013435717,0.21584009229492396,ANN
S426,0.33729948018119543,0.3453828573770963,0.31731766244170795,ANN
S427,0.29642156755667365,0.2964756884932562,0.4071027439500703,GRU
S428,0.2586544588767416,0.3115371508177004,0.42980839030555806,GRU
S429,0.2528066683857537,0.2932659472376685,0.4539273843765776,GRU
S430,0.25072518955188944,0.27952415599490105,0.46975065445320946,GRU
S431,0.20867416648000842,0.2991863656672004,0.4921394678527908,GRU
S432,0.1910182460930846,0.33342544980478345,0.4755563041021321,GRU
S433,0.16550368532160709,0.3449951411688115,0.4895011735095814,GRU
S434,0.10424469278586314,0.4225018979337305,0.4732534092804069,GRU
S435,0.08415744387225416,0.43688372995246877,0.4789588261752766,GRU
S436,0.0692211830780433,0.4980860739696341,0.43269274295232224,ANN
S437,0.06342638567621407,0.5203178525079418,0.4162557618158442,ANN
S438,0.16218351663982242,0.5295252215666914,0.30829126179348637,ANN
S439,0.2474196643991451,0.45120057852476475,0.3013797570760901,ANN
S440,0.36301803081238454,0.3061398156487817,0.3308421535388337,1D-CNN
S441,0.4891647556872847,0.22674537515997445,0.28408986915274054,1D-CNN
S442,0.49463712234261686,0.2266715925166453,0.278691285140738,1D-CNN
S443,0.5224093760913183,0.2131812295967258,0.26440939431195554,1D-CNN
S444,0.29131866182434857,0.41593658426010144,0.2927447539155502,ANN
S445,0.23087234566160117,0.5297163866284077,0.23941126770999122,ANN
S446,0.2837740980924371,0.46423689643689126,0.25198900547067166,ANN
S447,0.2756213641389073,0.5228058695843263,0.201572766276766,ANN
S448,0.3053202035177126,0.4468593738828209,0.24782042259946643,ANN
S449,0.24548986139311332,0.5387812201680107,0.2157289184388758,ANN
S450,0.1631771516024447,0.6635934334765976,0.17322941492095778,ANN
S451,0.17670222675036618,0.6622580717701401,0.16103970147949387,ANN
S452,0.16660429558537554,0.7106659290542078,0.12272977536041645,ANN
S453,0.29609951367505216,0.3773148781271598,0.3265856081977884,ANN
S454,0.22334575721883318,0.26911412265804446,0.5075401201231224,GRU
S455,0.16358115847071647,0.15800415047376293,0.6784146910555212,GRU
S456,0.1321278833430619,0.13978047271577254,0.7280916439411654,GRU
S457,0.1354322361029724,0.18609643120566335,0.6784713326913643,GRU
S458,0.16104412453462674,0.22851631577423795,0.6104395596911353,GRU
S459,0.20199264474674408,0.28069771847102126,0.5173096367822346,GRU
S460,0.1942384507392662,0.28427349994821893,0.5214880493125148,GRU
S461,0.21230214168196593,0.3052724379302156,0.4824254203878183,GRU
S462,0.19145034545504272,0.3263102103564319,0.48223944418852477,GRU
S463,0.16535948183413676,0.4611168951477194,0.3735236230181445,ANN
S464,0.19089913388715563,0.43923251187728807,0.3698683542355562,ANN
S465,0.3344835125278501,0.36907048107716584,0.2964460063949833,ANN
S466,0.46974161434618383,0.24768773953346282,0.28257064612035343,1D-CNN
S467,0.6730203311544432,0.13228387488862037,0.19469579395693634,1D-CNN
S468,0.49247291201940424,0.24467462341476512,0.26285246456583056,1D-CNN
S469,0.3976212960859152,0.3827401883533373,0.21963851556074737,1D-CNN
S470,0.23729680118418214,0.6056533894575012,0.15704980935831667,ANN
S471,0.3198735020813703,0.35101556421456537,0.32911093370406436,ANN
S472,0.29354691808025474,0.3170095479230904,0.38944353399665477,GRU
S473,0.32986333186404154,0.3108350682563325,0.3593015998796262,GRU
S474,0.3342118966806192,0.3206231248901179,0.34516497842926236,GRU
S475,0.3208660419740659,0.33371512081092164,0.34541883721501265,GRU
S476,0.3193683637981203,0.33131147958195056,0.3493201566199288,GRU
S477,0.2926578042099091,0.35431924961099115,0.35302294617909985,ANN
S478,0.2743191654355764,0.38011637547515914,0.345564459089265,ANN
S479,0.23221948266390965,0.43617501129066744,0.3316055060454231,ANN
S480,0.1872877768910319,0.5121769668166157,0.30053525629235234,ANN
S481,0.18141205635473615,0.5242349206426921,0.29435302300257193,ANN
S482,0.18241298789375662,0.5186319328501416,0.29895507925610176,ANN
S483,0.19431375825430566,0.5087814536028137,0.2969047881428807,ANN
S484,0.18758074283842152,0.521479665296615,0.29093959186496343,ANN
S485,0.19554466205476073,0.5189016704095998,0.28555366753563927,ANN
S486,0.19807377123078448,0.5101857067756014,0.29174052199361394,ANN
S487,0.28124998091788,0.3892114893797416,0.32953852970237824,ANN
S488,0.3696083141995221,0.26652137959089783,0.3638703062095807,1D-CNN
S489,0.427258063614833,0.19305877832414667,0.379683158061021,1D-CNN
S490,0.4731758692268492,0.18178551520792666,0.3450386155652241,1D-CNN
S491,0.21702638291458992,0.4018521151251027,0.381121501960307,ANN
S492,0.1985582558256399,0.5051986358851879,0.2962431082891716,ANN
S493,0.2207142274433064,0.49360642237009184,0.2856793501866016,ANN
S494,0.1452527481110576,0.5924369281690635,0.2623103237198788,ANN
S495,0.2261439526014188,0.3024297969564379,0.4714262504421429,GRU
S496,0.17031925408947468,0.40989331024224773,0.4197874356682769,GRU
S497,0.12401174891060361,0.26240925123346226,0.6135789998559342,GRU
S498,0.1796925810448144,0.08884331057148605,0.7314641083836992,GRU
S499,0.08120178241784275,0.043200051916855796,0.8755981656653014,GRU
S500,0.14635387073965853,0.03577172929558478,0.8178743999647572,GRU
S501,0.29778760328871096,0.4492160848190162,0.2529963118922727,ANN
S502,0.20738238885929347,0.0982571658770519,0.6943604452636547,GRU
S503,0.25183594575076707,0.31490926641284817,0.4332547878363848,GRU
S504,0.17632591854828206,0.16951505752469204,0.6541590239270257,GRU
S505,0.22747045464886645,0.34384219724273,0.4286873481084035,GRU
S506,0.24796330300547442,0.28123122106454884,0.47080547592997685,GRU
S507,0.2671554059593457,0.3209541792339948,0.41189041480666,GRU
S508,0.254996353187264,0.3329127267057652,0.4120909201069704,GRU
S509,0.2397173894157194,0.3572412764691906,0.4030413341150895,GRU
S510,0.2475960531188992,0.3471165921042739,0.40528735477682754,GRU
S511,0.17069978628278495,0.47428874867932014,0.3550114650378951,ANN
S512,0.142579671686833,0.5532181576553773,0.30420217065778943,ANN
S513,0.313481085671308,0.336018267400132,0.3505006469285606,GRU
S514,0.4991107459359827,0.18725796772941297,0.31363128633460446,1D-CNN
S515,0.5628718579985043,0.16687368567348304,0.2702544563280126,1D-CNN
S516,0.5315879092946723,0.18953038495766755,0.2788817057476601,1D-CNN
S517,0.39525887540180155,0.2895820588864996,0.31515906571169805,1D-CNN
S518,0.2906813508889602,0.4658891065942172,0.24342954251682256,ANN
S519,0.15534594163204016,0.6959770041711111,0.1486770541968488,ANN
S520,0.06457968121264487,0.8744027755271765,0.06101754326017886,ANN
S521,0.06582136031282124,0.8467429565185872,0.08743568316859157,ANN
S522,0.03990491291609076,0.8878724592992264,0.07222262778468277,ANN
S523,0.04619924638256058,0.8778046927868891,0.07599606083055013,ANN
S524,0.1811832845614085,0.5268219133901453,0.291994802048446,ANN
S525,0.15849011227567184,0.486620721693425,0.3548891660309032,ANN
S526,0.14165560203395247,0.42923589793006245,0.4291085000359851,ANN
S527,0.14478794020562277,0.2867146021304316,0.5684974576639457,GRU
S528,0.09806588597275379,0.2302418375106558,0.6716922765165906,GRU
S529,0.10447092658532717,0.2467031903290229,0.64882588308565,GRU
S530,0.132885098866758,0.24660917537073218,0.6205057257625093,GRU
S531,0.15179783835382865,0.28796807797388374,0.5602340836722874,GRU
S532,0.17639249949173438,0.31514086415963694,0.5084666363486284,GRU
S533,0.169767829026557,0.345029163564503,0.48520300740893985,GRU
S534,0.19004927790097764,0.43681360060753177,0.37313712149149064,ANN
S535,0.2300696753588538,0.434368307128297,0.33556201751284986,ANN
S536,0.33020381695521805,0.349457645092437,0.3203385379523445,ANN
S537,0.47392853171065064,0.24494232678485098,0.28112914150449797,1D-CNN
S538,0.5392837754808121,0.20516754473570778,0.25554867978348006,1D-CNN
S539,0.4646294855763387,0.2581287626909111,0.2772417517327495,1D-CNN
S540,0.3206575461042609,0.41400072777592417,0.2653417261198149,ANN
S541,0.2652207526733105,0.5122057552984386,0.22257349202825155,ANN
S542,0.22344746233005855,0.618478466587785,0.1580740710821559,ANN
S543,0.1273254813235936,0.7779949579171028,0.09467956075930371,ANN
S544,0.09908048386302294,0.8196796841943019,0.08123983194267516,ANN
S545,0.1590509032693963,0.6684896067082071,0.17245949002239616,ANN
S546,0.2865976967769434,0.4431108532974727,0.2702914499255833,ANN
S547,0.22978060889269342,0.4739004634342658,0.2963189276730406,ANN
S548,0.26126010401791677,0.43224023089508357,0.3064996650869993,ANN
S549,0.43285622977396265,0.2633988137088434,0.30374495651719374,1D-CNN
S550,0.29909690290801794,0.41991989504963834,0.28098320204234384,ANN
S551,0.26140735441726126,0.3541209263177577,0.38447171926498097,GRU
S552,0.2972002917473618,0.26608054623488403,0.4367191620177542,GRU
S553,0.28447664565111647,0.27916466595066486,0.4363586883982188,GRU
S554,0.29279556257229855,0.3179745915201183,0.38922984590758264,GRU
S555,0.29360778932563586,0.29593103662610004,0.4104611740482641,GRU
S556,0.3188903688518714,0.2427430535856172,0.4383665775625114,GRU
S557,0.21665524996687935,0.325737196791239,0.4576075532418813,GRU
S558,0.18059215642000728,0.3671076474712499,0.4523001961087428,GRU
S559,0.3605254285201657,0.32815405724215163,0.3113205142376826,1D-CNN
S560,0.4100668515624286,0.2786549501976954,0.31127819823987585,1D-CNN
S561,0.5008208507916706,0.249461911012324,0.2497172381960055,1D-CNN
S562,0.3910678905596725,0.31440896686480396,0.294523142575523,1D-CNN
S563,0.45076568768829217,0.26568729657345863,0.2835470157382499,1D-CNN
S564,0.4305842669491382,0.29256067705030026,0.2768550560005612,1D-CNN
S565,0.24727625499473319,0.5271179288519953,0.22560581615327166,ANN
S566,0.25750358927718753,0.518327348227448,0.2241690624953646,ANN
S567,0.18338749726653472,0.6373004382601437,0.17931206447332163,ANN
S568,0.19576857045492532,0.5964125661060584,0.20781886343901623,ANN
S569,0.24562938900172168,0.528586557943662,0.22578405305461652,ANN
S570,0.20685494515680297,0.5912382839543759,0.20190677088882172,ANN
S571,0.18015407556564472,0.6631227599479044,0.15672316448645082,ANN
S572,0.18887125946752387,0.7144520572000238,0.09667668333245208,ANN
S573,0.15239747971036144,0.7972219991170355,0.05038052117260312,ANN
S574,0.27046898001908687,0.682396355837522,0.047134664143391465,ANN
S575,0.1767094474063852,0.7707705350778059,0.05252001751580874,ANN
S576,0.19623014660116417,0.7467885560900506,0.05698129730878583,ANN
S577,0.4045548509250213,0.4935186270325842,0.10192652204239448,ANN
S578,0.6095842397682463,0.33864383796259645,0.05177192226915738,1D-CNN
S579,0.3454554395528783,0.3236981915101445,0.33084636893697694,1D-CNN
S580,0.3134255250384095,0.26786641011967494,0.4187080648419157,GRU
S581,0.3344086475214457,0.2820255740404074,0.3835657784381463,GRU
S582,0.28464577764476295,0.3445777290723603,0.37077649328287676,GRU
S583,0.2529976381010261,0.3364139956652544,0.41058836623372014,GRU
S584,0.30432041238987945,0.28922399926841,0.40645558834171064,GRU
S585,0.35936676020374325,0.35973270039472893,0.2809005394015277,ANN
S586,0.677709310105203,0.15176008284400275,0.17053060705079437,1D-CNN
S587,0.3978218847710855,0.3927141780368863,0.20946393719202827,1D-CNN
S588,0.4332720712234603,0.3902267071860584,0.17650122159048112,1D-CNN
