Segment,1D-CNN,ANN,GRU,Selected
S1,0.276317784394413,0.374286492424763,0.34939572318082385,ANN
S2,0.2936696129297133,0.390844206570722,0.31548618049956473,ANN
S3,0.20331804140198254,0.13791213527783733,0.6587698233201802,GRU
S4,0.33090488648775296,0.4407573443863216,0.22833776912592668,ANN
S5,0.18022032831523754,0.10754550117870872,0.712234170506052,GRU
S6,0.40009202661899146,0.5151658141391772,0.08474215924183141,ANN
S7,0.10044604713250681,0.4031816201492978,0.4963723327181953,GRU
S8,0.2368602751081079,0.4425968888274498,0.32054283606444206,ANN
S9,0.49339693845716237,0.1030520586766076,0.4035510028662298,1D-CNN
S10,0.00023041389124769712,0.9993158494800787,0.0004537366286695227,ANN
S11,0.27121602326869143,0.32095583342911727,0.4078281433021913,GRU
S12,0.22836750705635514,0.4592281275970632,0.31240436534658234,ANN
S13,0.4690656571302002,0.12263464556954898,0.4082996973002513,1D-CNN
S14,0.17674145679551626,0.17486015066294144,0.6483983925415431,GRU
S15,0.23500459313542532,0.573198454535105,0.19179695232946978,ANN
S16,0.4402922130715059,0.353505066353951,0.20620272057454317,1D-CNN
S17,0.13453124469156666,0.33469888567698375,0.5307698696314483,GRU
S18,0.4885434538366913,0.3715063819724084,0.13995016419090028,1D-CNN
S19,0.15436028969741566,0.20272694578230732,0.6429127645202758,GRU
S20,0.31078749546229767,0.5657627259988992,0.123449778538803,ANN
S21,0.1372114368195405,0.27970070306767336,0.5830878601127859,GRU
S22,0.2101820584366626,0.7341100256285688,0.05570791593476843,ANN
S23,0.08491913413270578,0.8766823958054982,0.0383984700617959,ANN
S24,0.1397424596603717,0.7883632569742114,0.0718942833654159,ANN
S25,0.5626139010910338,0.2555753596606838,0.18181073924828248,1D-CNN
S26,0.661129627746057,0.2239989628837886,0.11487140937015429,1D-CNN
S27,0.18102167594470686,0.6696157030152265,0.14936262104006728,ANN
S28,0.21313149148059873,0.34544558427013744,0.44142292424926377,GRU
S29,0.35016856851336525,0.2048614447157804,0.4449699867708533,GRU
S30,0.24653024842429652,0.5054216509436462,0.248048100632057,ANN
S31,0.3024455250467389,0.15467512550672766,0.542879349446533,GRU
S32,0.5084862882286775,0.4578806516613335,0.033633060109988525,1D-CNN
S33,0.1640301447370747,0.2777655230445719,0.5582043322183518,GRU
S34,0.1876346413656346,0.7520221732943174,0.06034318534004788,ANN
S35,0.3385014032860816,0.28876211079840447,0.3727364859155146,GRU
S36,0.5755525236321669,0.2419263503854524,0.18252112598237913,1D-CNN
S37,0.5361994761424008,0.16500982124637514,0.29879070261122254,1D-CNN
S38,0.31293581591883846,0.5628036973284976,0.12426048675266363,ANN
S39,0.25133701379973333,0.5846843562981768,0.16397862990208908,ANN
S40,0.23315941440470367,0.746344924071291,0.020495661524005154,ANN
S41,0.21988093705415263,0.6130933734195125,0.16702568952633398,ANN
S42,0.4841067351573074,0.4468091902679952,0.06908407457469624,1D-CNN
S43,0.45153222356708045,0.44117964549689026,0.10728813093602875,1D-CNN
S44,0.20047874915995786,0.5327141288819095,0.2668071219581314,ANN
S45,0.4303803353568333,0.26571143617678794,0.3039082284663774,1D-CNN
S46,0.6091944330316729,0.1024835462836351,0.28832202068469126,1D-CNN
S47,0.20951207598916416,0.6601422067179746,0.13034571729286,ANN
S48,0.20267531589998702,0.223324766724482,0.573999917375531,GRU
S49,0.5968460259308708,0.27903311826263383,0.12412085580649537,1D-CNN
S50,0.13375032603361633,0.13383632977475607,0.7324133441916272,GRU
S51,0.3462178282166821,0.3302800055723041,0.32350216621101385,1D-CNN
S52,0.31246558518725237,0.26288471990298307,0.42464969490976373,GRU
S53,0.45424945252199783,0.21855014478363383,0.32720040269436734,1D-CNN
S54,0.4189992808179219,0.2936492778253741,0.28735144135670376,1D-CNN
S55,0.11992021526848519,0.6649438891522291,0.21513589557928636,ANN
S56,0.021322622210654285,0.9148555341222392,0.06382184366710521,ANN
S57,0.05657011268170691,0.3225660481070194,0.6208638392112721,GRU
S58,0.21189777950874364,0.3168797177619278,0.47122250272932764,GRU
S59,0.4683698838944247,0.11714457143497928,0.41448554467059584,1D-CNN
S60,0.16816688797981735,0.5222867653610666,0.3095463466591159,ANN
S61,0.40577841070710974,0.20470666887770259,0.3895149204151878,1D-CNN
S62,0.5688623996115957,0.3240374093657244,0.10710019102268063,1D-CNN
S63,0.25078732006795934,0.5433883441344642,0.2058243357975757,ANN
S64,0.07112862841828049,0.7332903148973465,0.1955810566843717,ANN
S65,0.008425474340033903,0.9774082174003946,0.014166308259572052,ANN
S66,0.30058538903463095,0.5388052057922846,0.16060940517308428,ANN
S67,0.2145662154871866,0.6473203848544244,0.13811339965839095,ANN
S68,0.09018231968337385,0.8028802028626594,0.10693747745396687,ANN
S69,0.2789894841249637,0.22916142988101,0.49184908599402616,GRU
S70,0.3462869532488738,0.2726242063846172,0.38108884036650814,GRU
S71,0.07063333879772433,0.19577522588971202,0.7335914353125652,GRU
S72,0.026009946349142755,0.9445412842636797,0.029448769387177626,ANN
S73,0.0939161730495013,0.1787836278669864,0.7273001990835121,GRU
S74,0.5927238511787314,0.2529361869154612,0.15433996190580734,1D-CNN
S75,0.26219350740316616,0.5649145755435431,0.17289191705329068,ANN
S76,0.24284190621901622,0.26180898958914417,0.4953491041918392,GRU
S77,0.5604679460959874,0.20007442303983253,0.23945763086417984,1D-CNN
S78,0.6065686093909685,0.18769142609399725,0.20573996451503296,1D-CNN
S79,0.34477139014269237,0.3973122307553726,0.2579163791019346,ANN
S80,0.2924576354722935,0.5085399653991951,0.1990023991285101,ANN
S81,0.4306378062105778,0.23738273401079604,0.3319794597786281,1D-CNN
S82,0.06917201677764732,0.14854076530409643,0.7822872179182557,GRU
S83,0.41137705397523944,0.3688177962438416,0.21980514978091897,1D-CNN
S84,0.23173199050570484,0.1510361766578992,0.6172318328363955,GRU
S85,0.552157885894851,0.14477059672863563,0.30307151737651405,1D-CNN
S86,0.49237098306436755,0.41444414389137124,0.09318487304426316,1D-CNN
S87,0.2570072787451426,0.42257220391560185,0.32042051733925425,ANN
S88,0.2663232127482078,0.7069712758469868,0.02670551140480512,ANN
S89,0.34708614689739814,0.27405342934192056,0.37886042376068085,GRU
S90,0.3331187252275638,0.20061266354958016,0.46626861122285745,GRU
S91,0.8368398995838319,0.10936311857446779,0.053796981841701376,1D-CNN
S92,0.26856491986441816,0.2748290213993552,0.4566060587362255,GRU
S93,0.3982788737934429,0.3804871032579521,0.2212340229486055,1D-CNN
S94,0.4664310547233261,0.24646503524100466,0.287103910035668,1D-CNN
S95,0.6124143338326691,0.17582293463801363,0.2117627315293171,1D-CNN
S96,0.1529984253048373,0.776430522557917,0.07057105213724564,ANN
S97,0.24002128020661803,0.5179338763159297,0.24204484347745356,ANN
S98,0.56535814029483,0.2072888648855307,0.22735299481963783,1D-CNN
S99,0.6654596782387682,0.21907583187649393,0.115464489884738,1D-CNN
S100,0.38984407131403337,0.4359545655852278,0.17420136310073836,ANN
S101,0.3400877235464357,0.4990103647955238,0.16090191165804046,ANN
S102,0.26238679480226246,0.3291627731158133,0.4084504320819235,GRU
S103,0.18806282410233413,0.15094233694616638,0.6609948389515009,GRU
S104,0.8403853354798207,0.12458433609436771,0.03503032842581255,1D-CNN
S105,0.20361532589707998,0.10906532697889626,0.6873193471240232,GRU
S106,0.5358168618397133,0.34820180640398873,0.11598133175629784,1D-CNN
S107,0.32001639407004684,0.32814165401264456,0.3518419519173082,GRU
S108,0.4181502558633427,0.2718501860709161,0.30999955806574403,1D-CNN
S109,0.4662748038968085,0.29058181267794086,0.2431433834252506,1D-CNN
S110,0.23926783760382037,0.1977619131929531,0.562970249203226,GRU
S111,0.7224721706109308,0.15338779725157176,0.12414003213749589,1D-CNN
S112,0.25802434629792204,0.5948563610449439,0.14711929265713608,ANN
S113,0.21633521932889485,0.569815160112348,0.21384962055875759,ANN
S114,0.44605887069071537,0.2778251936877956,0.27611593562148956,1D-CNN
S115,0.4258895813261651,0.44786942340428276,0.12624099526955285,ANN
S116,0.22497130484048833,0.4019555808653422,0.37307311429417134,ANN
S117,0.48224027959749455,0.3438313591764372,0.1739283612260679,1D-CNN
S118,0.3288315736246733,0.20337949446738954,0.4677889319079371,GRU
S119,0.49172054959055317,0.40121942181353815,0.10706002859590923,1D-CNN
S120,0.19738267816177046,0.19436011849807988,0.6082572033401495,GRU
S121,0.09509078562540922,0.8649120622103555,0.039997152164234294,ANN
S122,0.1497622778745816,0.15831650256721144,0.6919212195582057,GRU
S123,0.6882710445526533,0.26613773796652834,0.04559121748082017,1D-CNN
S124,0.16541791004366865,0.17659501194875998,0.6579870780075714,GRU
S125,0.2474916961856012,0.5280865842516346,0.2244217195627648,ANN
S126,0.44324317823113607,0.09552223098708905,0.46123459078177437,GRU
S127,0.2681731433667134,0.34816129300005516,0.38366556363323123,GRU
S128,0.0482732951543887,0.8822195868110174,0.06950711803459335,ANN
S129,0.16026892201437654,0.5118385524555135,0.3278925255301098,ANN
S130,0.28371516305884376,0.4755412546781414,0.24074358226301704,ANN
S131,0.2984931466905349,0.19157986433474142,0.5099269889747271,GRU
S132,0.5296721038788949,0.3119397883116885,0.15838810780941737,1D-CNN
S133,0.3505156277643355,0.4119149731636747,0.23756939907198982,ANN
S134,0.39983660710188623,0.4700876879062976,0.1300757049918181,ANN
S135,0.34299914905190765,0.5662417288315525,0.09075912211653964,ANN
S136,0.2689239371827874,0.5754169697785415,0.1556590930386731,ANN
S137,0.3090877888332457,0.420714157842179,0.270198053324576,ANN
S138,0.35553651808127557,0.42845586761767535,0.21600761430104906,ANN
S139,0.2848172002834559,0.22901592999938636,0.48616686971715717,GRU
S140,0.24663113063825848,0.704068463231347,0.04930040613039404,ANN
S141,0.1652274233212813,0.6657383548235207,0.16903422185519854,ANN
S142,0.09267307436533874,0.8380230763381477,0.06930384929651376,ANN
S143,0.41715753752828494,0.5358017402728025,0.047040722198912865,ANN
S144,0.14599150262265287,0.7209528129636824,0.1330556844136645,ANN
S145,0.16107117256664688,0.6467195914227168,0.19220923601063564,ANN
S146,0.2687606682211516,0.05797681307198532,0.6732625187068629,GRU
S147,0.41042563864713527,0.36435019933293183,0.22522416201993545,1D-CNN
S148,0.1328078658201264,0.6752578330616552,0.19193430111821813,ANN
S149,0.3647939436337503,0.29166986173718207,0.34353619462907037,1D-CNN
S150,0.3513957615964458,0.4840621529327985,0.16454208547075774,ANN
S151,0.19662812875253435,0.5937744062965602,0.20959746495090564,ANN
S152,0.28647790477644025,0.554867737426559,0.1586543577970007,ANN
S153,0.4181378294579697,0.24641297683193103,0.33544919371009935,1D-CNN
S154,0.5000732027703183,0.25187651870616096,0.24805027852352268,1D-CNN
S155,0.35124923248512047,0.374405633471077,0.27434513404380256,ANN
S156,0.2786763539820155,0.6476850683144201,0.07363857770356608,ANN
S157,0.26209641660096394,0.5285639355783693,0.2093396478206674,ANN
S158,0.12197056812511163,0.8262004908983025,0.051828940976585844,ANN
S159,0.23042491089863953,0.6212722437698669,0.1483028453314935,ANN
S160,0.28166204236874,0.6835590152376756,0.03477894239358445,ANN
S161,0.20532738718771285,0.341411614610064,0.4532609982022234,GRU
S162,0.3477311679477877,0.5667522928496265,0.08551653920258581,ANN
S163,0.23350699624918947,0.2035091665677919,0.5629838371830211,GRU
S164,0.20021947074127394,0.6861455821763435,0.11363494708238166,ANN
S165,0.2501977595799865,0.4660070003778987,0.2837952400421162,ANN
S166,0.401880415878934,0.12842294136781027,0.46969664275325534,GRU
S167,0.4962862678750039,0.4436299795280225,0.060083752596974196,1D-CNN
S168,0.2203430016125291,0.3591844993696396,0.42047249901783024,GRU
S169,0.3665117710182909,0.4568141162691194,0.17667411271259123,ANN
S170,0.25324152232066216,0.06762071808606429,0.6791377595932727,GRU
S171,0.548393453973719,0.40271674209318586,0.048889803933095735,1D-CNN
S172,0.1540075867791539,0.4570189519606792,0.3889734612601653,ANN
S173,0.19783081435800492,0.722766407771677,0.07940277787031784,ANN
S174,0.24358811473844919,0.21088804949430562,0.5455238357672445,GRU
S175,0.7828900005888422,0.15780455139625182,0.05930544801490485,1D-CNN
S176,0.5230009359698884,0.25284973796473936,0.22414932606537283,1D-CNN
S177,0.29612080197550744,0.4353457435667424,0.26853345445775095,ANN
S178,0.28383213471299645,0.5799087725094477,0.13625909277755557,ANN
S179,0.41954597825697787,0.31863354111543185,0.26182048062758856,1D-CNN
S180,0.3848306068104036,0.1836195351050952,0.4315498580845013,GRU
S181,0.4877106586469484,0.38441357390445646,0.12787576744859394,1D-CNN
S182,0.2559827986770961,0.502098301932372,0.24191889939053268,ANN
S183,0.2014609489234463,0.7506436498237212,0.04789540125283255,ANN
S184,0.31772158249644483,0.5209331279317863,0.16134528957176641,ANN
S185,0.1734114342705115,0.7569597194340262,0.06962884629546218,ANN
S186,0.39431527157800556,0.23240918651623757,0.3732755419057561,1D-CNN
S187,0.18937465454543348,0.6680367777556464,0.1425885676989221,ANN
S188,0.13047163593694297,0.18916049504872062,0.6803678690143358,GRU
S189,0.373251291491172,0.30234445831642015,0.32440425019240754,1D-CNN
S190,0.18752757036625417,0.06324072221789162,0.749231707415854,GRU
S191,0.4495650170714188,0.34806777302474184,0.20236720990384058,1D-CNN
S192,0.2674452095468209,0.16651763686882504,0.5660371535843529,GRU
S193,0.44019363069759576,0.2762265756708065,0.2835797936315968,1D-CNN
S194,0.27767275942718195,0.1517399610455566,0.570587279527262,GRU
S195,0.36419087142636886,0.4013525832555789,0.23445654531805366,ANN
S196,0.23137784956314017,0.3141924816838084,0.45442966875305213,GRU
S197,0.4394508301993222,0.20234299746901285,0.35820617233166296,1D-CNN
S198,0.5502859175028543,0.2390724548694089,0.21064162762773683,1D-CNN
S199,0.09220302531736253,0.5838486583025373,0.32394831638010185,ANN
S200,0.0421664925934137,0.831916415137997,0.12591709226858813,ANN
S201,0.035453338724439544,0.615929911472765,0.3486167498027978,ANN
S202,0.1623555634132792,0.3746183931623354,0.46302604342438375,GRU
S203,0.2568946696455276,0.11642780421892195,0.6266775261355503,GRU
S204,0.3008751254089742,0.128801918424454,0.5703229561665739,GRU
S205,0.29110061855539276,0.15577495090808993,0.5531244305365174,GRU
S206,0.3942110897270611,0.12697828802267344,0.4788106222502654,GRU
S207,0.6719040209520547,0.18797181588400583,0.14012416316394005,1D-CNN
S208,0.2196266165676084,0.6809516228666898,0.09942176056570176,ANN
S209,0.21268379245353777,0.5377940040217527,0.24952220352471005,ANN
S210,0.2783349078738462,0.6396331872832756,0.08203190484287932,ANN
S211,0.10951059945795415,0.19641489151968092,0.6940745090223651,GRU
S212,0.5759258587259499,0.2919606258882043,0.13211351538584373,1D-CNN
S213,0.307470326814964,0.3069369323603231,0.3855927408247121,GRU
S214,0.3511592449825927,0.49447342439061975,0.1543673306267876,ANN
S215,0.6916026681576269,0.1932044464411071,0.1151928854012649,1D-CNN
S216,0.42331670991645154,0.43240581693910657,0.14427747314444092,ANN
S217,0.2257238388327548,0.7141645073865979,0.0601116537806479,ANN
S218,0.40940486003659293,0.49991853395889885,0.09067660600450628,ANN
S219,0.8646228576542154,0.09242867149065485,0.04294847085512831,1D-CNN
S220,0.33144698938627165,0.5822310112826165,0.08632199933111048,ANN
S221,0.21918286084499458,0.666243275184099,0.11457386397090812,ANN
S222,0.39564705362946434,0.44194776052617774,0.16240518584435812,ANN
S223,0.5544824304628352,0.2784237399749029,0.16709382956226126,1D-CNN
S224,0.5578158738479329,0.18735893729852662,0.2548251888535403,1D-CNN
S225,0.2870364066977876,0.6186981911908044,0.09426540211140644,ANN
S226,0.17376158676576725,0.7451047062397765,0.08113370699445627,ANN
S227,0.4334348108597831,0.3243545529130137,0.2422106362272037,1D-CNN
S228,0.5248862665930372,0.39563855550607924,0.0794751779008833,1D-CNN
S229,0.2380218689604232,0.3431293272280121,0.41884880381156464,GRU
S230,0.49953270164959923,0.44832743010141135,0.05213986824898934,1D-CNN
S231,0.3877036086686762,0.35010245634199255,0.2621939349893308,1D-CNN
S232,0.26008183308681293,0.6086204390243862,0.1312977278888009,ANN
S233,0.4787940769116997,0.32873225566814634,0.1924736674201552,1D-CNN
S234,0.5376541940056184,0.35525702634567324,0.10708877964870703,1D-CNN
S235,0.2522704868063916,0.3894574275300004,0.358272085663607,ANN
S236,0.3080813455381684,0.6356198554415906,0.05629879902024209,ANN
S237,0.34601501634520565,0.10354136289171877,0.5504436207630755,GRU
S238,0.18093743958133723,0.80214927149807,0.01691328892059265,ANN
S239,0.21684863399710969,0.6070356681762792,0.1761156978266104,ANN
S240,0.3689391227073687,0.4813808151988634,0.14968006209376983,ANN
S241,0.43357185466223497,0.3056981757500729,0.260729969587693,1D-CNN
S242,0.45552090827863145,0.3235318998403358,0.22094719188103348,1D-CNN
S243,0.4499163148726035,0.21953946442702088,0.33054422070037437,1D-CNN
S244,0.7673813517251122,0.17480845874800263,0.05781018952688775,1D-CNN
S245,0.2885969642976233,0.5609836992833611,0.15041933641901314,ANN
S246,0.2923285261140467,0.5422464960398957,0.1654249778460573,ANN
S247,0.5217720583509425,0.4118877606528342,0.06634018099622345,1D-CNN
S248,0.28464651333045043,0.40001094604066845,0.31534254062888295,ANN
S249,0.3703284666289953,0.5896580575297576,0.04001347584124638,ANN
S250,0.3634494160085736,0.4709217122602372,0.1656288717311885,ANN
S251,0.2777659203410384,0.6596795305890722,0.06255454906988896,ANN
S252,0.3652741044017438,0.5808479052586677,0.05387799033958849,ANN
S253,0.3040523670840859,0.6246520612245872,0.07129557169132686,ANN
S254,0.37100363452119506,0.5620354797493003,0.06696088572950525,ANN
S255,0.6324943795689114,0.3430926993197034,0.024412921111384676,1D-CNN
S256,0.31639039988455936,0.6259484286912038,0.05766117142423877,ANN
S257,0.24966799150830488,0.7004404276326873,0.04989158085900744,ANN
S258,0.3599961525759562,0.5470842212821116,0.09291962614193484,ANN
S259,0.3898386012272503,0.48321758197978465,0.12694381679296593,ANN
S260,0.43935626511182957,0.42153930604495066,0.13910442884321927,1D-CNN
S261,0.46275614924300457,0.3877658609967499,0.14947798976024607,1D-CNN
S262,0.416501006111896,0.3536077326349803,0.2298912612531253,1D-CNN
S263,0.3583364096721859,0.5314620484850382,0.11020154184277581,ANN
S264,0.35671956282195016,0.36868809319652257,0.27459234398152654,ANN
S265,0.4844594064487337,0.43079575198345893,0.08474484156780729,1D-CNN
S266,0.35987745953551675,0.45097892603354356,0.18914361443093908,ANN
S267,0.25070229450414694,0.7111551614925413,0.038142544003312,ANN
S268,0.2789465401121842,0.6180911210438625,0.10296233884395382,ANN
S269,0.2726242242198064,0.6386668913335777,0.08870888444661706,ANN
S270,0.3475917906147313,0.49113712984705715,0.1612710795382114,ANN
S271,0.47520327194308515,0.3531923599326062,0.1716043681243083,1D-CNN
S272,0.47291705796741135,0.322192943030958,0.20488999900163135,1D-CNN
S273,0.36522660015255326,0.4160810817730976,0.21869231807434866,ANN
S274,0.3764945050902513,0.42328419039483656,0.20022130451491219,ANN
S275,0.4556971478953422,0.38487349157637035,0.15942936052828988,1D-CNN
S276,0.3501694830189664,0.39141880611617874,0.25841171086485787,ANN
S277,0.41751498842034623,0.43442160483213543,0.14806340674751786,ANN
S278,0.44539028235181166,0.35770173594448873,0.1969079817036988,1D-CNN
S279,0.32647648168208643,0.5508413902637573,0.1226821280541544,ANN
S280,0.19187392855007432,0.7160366813997927,0.0920893900501328,ANN
S281,0.06294381654170003,0.9263085669022488,0.010747616556051724,ANN
S282,0.1412287199374061,0.7771419462788967,0.08162933378369595,ANN
S283,0.281134977322516,0.6725747801380534,0.04629024253942939,ANN
S284,0.5110619987755705,0.32312333752865224,0.1658146636957752,1D-CNN
S285,0.4523993927099,0.28862397990462607,0.258976627385473,1D-CNN
S286,0.45842729090977336,0.19738132851397355,0.3441913805762521,1D-CNN
S287,0.454824865728984,0.23096682763434342,0.3142083066366717,1D-CNN
S288,0.18410903659495317,0.499675789578051,0.3162151738269949,ANN
S289,0.14583322246816743,0.35396048099496397,0.5002062965368682,GRU
S290,0.26473385542956884,0.40488235974792075,0.33038378482250885,ANN
S291,0.03790767463352484,0.07232773999311612,0.8897645853733589,GRU
S292,0.5251669330129846,0.32037819188961214,0.15445487509740177,1D-CNN
S293,0.23363238038594764,0.07663683145719927,0.6897307881568522,GRU
S294,0.28457143689015313,0.6361482645139919,0.07928029859585442,ANN
S295,0.10102778447534203,0.7842852269482643,0.11468698857639416,ANN
S296,0.28046315211008005,0.45888892964567823,0.26064791824424166,ANN
S297,0.26354939903629054,0.46645833184148716,0.2699922691222224,ANN
S298,0.22186911860433858,0.2743061978035253,0.5038246835921331,GRU
S299,0.37642707651882046,0.34645821893628626,0.2771147045448908,1D-CNN
S300,0.22114420229392884,0.17743323376254216,0.6014225639435289,GRU
S301,0.11729224873772631,0.8430183208219473,0.03968943044032544,ANN
S302,0.2518235761822704,0.6000653433826959,0.1481110804350348,ANN
S303,0.19409457577204953,0.6478846010316502,0.15802082319630018,ANN
S304,0.1555196591396461,0.7186895837350606,0.12579075712529225,ANN
S305,0.05793796934371882,0.9122598645922407,0.029802166064040507,ANN
S306,0.1417816494283392,0.5355285942260858,0.3226897563455743,ANN
S307,0.2193513099982844,0.6231772977779565,0.15747139222375975,ANN
S308,0.20434972470042884,0.3581599138443903,0.43749036145518005,GRU
S309,0.5395356023204387,0.3205606387548752,0.13990375892468485,1D-CNN
S310,0.21522292328015952,0.3819014499567422,0.40287562676309907,GRU
S311,0.20147746805871808,0.5404213685816551,0.2581011633596296,ANN
S312,0.195243093631213,0.5619709998061059,0.24278590656268315,ANN
S313,0.04874398031704096,0.26278559725765827,0.6884704224253002,GRU
S314,0.13014145013334388,0.6172256880713453,0.25263286179531347,ANN
S315,0.1596191391530781,0.0824758310805811,0.7579050297663398,GRU
S316,0.4210687923634143,0.31879984871783595,0.2601313589187498,1D-CNN
S317,0.6462770757027357,0.11614869253111944,0.23757423176614417,1D-CNN
S318,0.4853049800316627,0.1832619285916716,0.33143309137666566,1D-CNN
S319,0.4724476549325522,0.2541353242919542,0.2734170207754928,1D-CNN
S320,0.407542192849277,0.5029875132225141,0.0894702939282096,ANN
S321,0.11584091076411619,0.2843215306728909,0.5998375585629927,GRU
S322,0.4234283897691898,0.45315638233695293,0.12341522789385681,ANN
S323,0.27557606506906857,0.1502141226101274,0.574209812320804,GRU
S324,0.5297545694725659,0.190913645181708,0.2793317853457256,1D-CNN
S325,0.28770882029365197,0.2139290615697996,0.49836211813654957,GRU
S326,0.2992519760889877,0.4361496555818307,0.2645983683291811,ANN
S327,0.4879632462896886,0.3430280819581609,0.16900867175215106,1D-CNN
S328,0.1607061739438553,0.723694982305377,0.11559884375076816,ANN
S329,0.07031528594135229,0.9040209585422122,0.02566375551643553,ANN
S330,0.35117994158308363,0.48788045601005575,0.16093960240686142,ANN
S331,0.36129586162154176,0.34727942754227864,0.29142471083617894,1D-CNN
S332,0.4156252831328305,0.4140828895381643,0.1702918273290064,1D-CNN
S333,0.38875993072728526,0.23424712138176776,0.3769929478909468,1D-CNN
S334,0.22279359474979987,0.5549459769524431,0.22226042829775697,ANN
S335,0.18660364562032677,0.450173378549116,0.36322297583055957,ANN
S336,0.12424191344515724,0.5408140227837748,0.33494406377106584,ANN
S337,0.2190362285479732,0.20483012364773528,0.576133647804291,GRU
S338,0.269417122152122,0.18883182665070583,0.5417510511971744,GRU
S339,0.28135082430448777,0.32823194674417205,0.39041722895134023,GRU
S340,0.22484049963021832,0.41836754869151954,0.35679195167826133,ANN
S341,0.26285267800908263,0.2243135524030237,0.5128337695878937,GRU
S342,0.4675955756303909,0.38531791392730746,0.14708651044230237,1D-CNN
S343,0.12355630765054712,0.3874398017237647,0.48900389062569016,GRU
S344,0.1911778362938235,0.5508665720028697,0.2579555917033069,ANN
S345,0.24926268991914338,0.14312026357150984,0.6076170465093487,GRU
S346,0.13678956459758002,0.34132816217299305,0.5218822732294262,GRU
S347,0.09227537561180131,0.0509694732508238,0.8567551511373717,GRU
S348,0.4973489578481955,0.13763675656063945,0.36501428559116517,1D-CNN
S349,0.3957910772615551,0.223469382624199,0.38073954011424643,1D-CNN
S350,0.2257848359829677,0.47429616042857753,0.2999190035884548,ANN
S351,0.1483099808553902,0.5482583597649909,0.30343165937961886,ANN
S352,0.4563459553238851,0.35503627685826744,0.1886177678178474,1D-CNN
S353,0.3896826243388524,0.3060035192504857,0.30431385641066194,1D-CNN
S354,0.2593067051269917,0.38152690996219246,0.35916638491081654,ANN
S355,0.3973399115045868,0.22966408813225184,0.3729960003631614,1D-CNN
S356,0.15326359869670783,0.15385319959921362,0.6928832017040777,GRU
S357,0.22235079408849925,0.2689485159985188,0.508700689912981,GRU
S358,0.2872482137558642,0.3504699837375848,0.3622818025065503,GRU
S359,0.041861865277505454,0.8768703134792708,0.08126782124322474,ANN
S360,0.18175071778790694,0.18976907279441918,0.6284802094176722,GRU
S361,0.6176725889939748,0.16414216632184714,0.21818524468417816,1D-CNN
S362,0.27177843888034875,0.0736005133258614,0.6546210477937907,GRU
S363,0.24456447357868458,0.6513092825779879,0.10412624384332747,ANN
S364,0.2850318459966057,0.530879444730168,0.18408870927322937,ANN
S365,0.14346832827710948,0.763761771131677,0.09276990059121361,ANN
S366,0.1681711476749985,0.6806923454968211,0.1511365068281807,ANN
S367,0.3663807394859522,0.4321102143193529,0.20150904619469498,ANN
S368,0.33357745652730786,0.37500771346472844,0.2914148300079636,ANN
S369,0.4960377458704187,0.3185074284926825,0.18545482563689877,1D-CNN
S370,0.28365729023055813,0.6040556960018538,0.11228701376758984,ANN
S371,0.25223236010679057,0.6428053928897265,0.10496224700348233,ANN
S372,0.39342792067730326,0.48952846105087394,0.11704361827182476,ANN
S373,0.43376301248424265,0.3423000629289134,0.22393692458684392,1D-CNN
S374,0.37804344810096313,0.33543492208012526,0.2865216298189143,1D-CNN
S375,0.2120942563568154,0.3865473630716151,0.4013583805715698,GRU
S376,0.14555706952838837,0.3548738834711856,0.4995690470004255,GRU
S377,0.16824075573667854,0.17709463265674638,0.6546646116065752,GRU
S378,0.14682762661929918,0.6006741387533974,0.25249823462730203,ANN
S379,0.1346708782341282,0.5004732564026058,0.36485586536326803,ANN
S380,0.4715931268487428,0.21164718127158785,0.3167596918796693,1D-CNN
S381,0.7864105579841936,0.10253676907433322,0.11105267294147332,1D-CNN
S382,0.52546680768688,0.2652265205158637,0.20930667179725645,1D-CNN
S383,0.19614834634074887,0.6844337203132287,0.11941793334602253,ANN
S384,0.013060630940375538,0.0058682783796943526,0.9810710906799297,GRU
S385,0.27253769001250405,0.43166650220161573,0.2957958077858802,ANN
S386,0.14426820045880484,0.5209988800457438,0.3347329194954516,ANN
S387,0.18954042836111828,0.6043497391514419,0.2061098324874403,ANN
S388,0.1738322741676832,0.5803155135461293,0.24585221228618676,ANN
S389,0.3218232328770534,0.3087177815199686,0.36945898560297724,GRU
S390,0.5011773497714327,0.20824114685822484,0.29058150337034233,1D-CNN
S391,0.2671464747723955,0.2519988158491841,0.4808547093784204,GRU
S392,0.2700476830864746,0.5903607610779236,0.1395915558356024,ANN
S393,0.3752099768876558,0.3965176327191401,0.22827239039320354,ANN
S394,0.3315061371623869,0.3613453052370674,0.3071485576005431,ANN
S395,0.3869230462546653,0.4168188256783039,0.19625812806702994,ANN
S396,0.31507803898272124,0.32566540255487664,0.359256558462402,GRU
S397,0.1854837172929548,0.751248897549297,0.06326738515774771,ANN
S398,0.13615102392470638,0.7599951217453295,0.10385385432996426,ANN
S399,0.13402234166390276,0.8036071743143918,0.06237048402170544,ANN
S400,0.1729177449913013,0.7181582051736831,0.10892404983501712,ANN
S401,0.2610966707237679,0.3514126549806143,0.3874906742956177,GRU
S402,0.520599296065922,0.4380814421118081,0.04131926182226824,1D-CNN
S403,0.16640255973776646,0.43778231082801705,0.3958151294342191,ANN
S404,0.2437398716593643,0.5144426822294469,0.24181744611119146,ANN
S405,0.33892805575346846,0.266662717885356,0.3944092263611768,GRU
S406,0.24002400920142897,0.42882789907917357,0.33114809171939835,ANN
S407,0.29244392532850516,0.6477241532612891,0.05983192141020511,ANN
S408,0.45561174179154146,0.33495860578687503,0.20942965242158326,1D-CNN
S409,0.7275540628341107,0.08333454231291437,0.18911139485297396,1D-CNN
S410,0.2780127050674518,0.6840936331442485,0.03789366178829939,ANN
S411,0.23277868559554452,0.4543383527941149,0.31288296161033996,ANN
S412,0.42726273437826373,0.32764825619532056,0.24508900942641437,1D-CNN
S413,0.5163053438135689,0.09073025165694075,0.39296440452949044,1D-CNN
S414,0.3166592318453017,0.47772012800563274,0.20562064014906523,ANN
S415,0.2047855452835133,0.650232423860897,0.144982030855589,ANN
S416,0.30866173568788513,0.32426388663332895,0.367074377678787,GRU
S417,0.36433474187100023,0.28629309881306775,0.34937215931593335,1D-CNN
S418,0.33645230951149324,0.2776433715662078,0.385904318922302,GRU
S419,0.38072229112762085,0.18663476120122496,0.43264294767115496,GRU
S420,0.34853026227085837,0.247939438683254,0.4035302990458897,GRU
S421,0.1843486641528541,0.7097723098960781,0.10587902595106762,ANN
S422,0.18799196102613047,0.7381197265227718,0.07388831245109753,ANN
S423,0.24551578404714086,0.5596360770930041,0.19484813885985508,ANN
S424,0.22914639786070867,0.6321832620067724,0.13867034013251964,ANN
S425,0.17755523109525123,0.6405230361597984,0.18192173274495022,ANN
S426,0.22836612585685237,0.5987038093088661,0.17293006483428108,ANN
S427,0.10195103200122838,0.7676362641284763,0.13041270387029458,ANN
S428,0.11282660470209536,0.7386851894919774,0.14848820580592711,ANN
S429,0.20312902690930845,0.47278398773664004,0.324086985354051,ANN
S430,0.5021329317584315,0.23096064003415517,0.26690642820741234,1D-CNN
S431,0.287289308604023,0.24651817343259072,0.4661925179633842,GRU
S432,0.25994968663861207,0.40241818097264664,0.3376321323887399,ANN
S433,0.09448789195794041,0.6431405485196875,0.26237155952237184,ANN
S434,0.04051959540560227,0.6553799202224252,0.3041004843719726,ANN
S435,0.19910145237537732,0.3131490026864308,0.4877495449381928,GRU
S436,0.16423176700377148,0.4829162326144083,0.3528520003818191,ANN
S437,0.10299642071017545,0.4860788429240485,0.4109247363657759,ANN
S438,0.08721750058543436,0.7144826333677612,0.1982998660468043,ANN
S439,0.01868846372269268,0.9125197433137742,0.06879179296353195,ANN
S440,0.07772707997968505,0.31706174872925946,0.6052111712910576,GRU
S441,0.488703546615111,0.2007648916723863,0.31053156171250124,1D-CNN
S442,0.6659062160909457,0.11484002714712989,0.2192537567619237,1D-CNN
S443,0.49618331259244136,0.2724817829507619,0.23133490445679597,1D-CNN
S444,0.20799488296646437,0.524732391539864,0.2672727254936737,ANN
S445,0.26493287835145357,0.39124082144559863,0.34382630020294785,ANN
S446,0.4102434848314424,0.32333676811030587,0.26641974705825083,1D-CNN
S447,0.3109875305597389,0.36982343721469263,0.3191890322255673,ANN
S448,0.24388929946673915,0.47208901624978616,0.28402168428347535,ANN
S449,0.22143620373081005,0.5706446980429335,0.20791909822625645,ANN
S450,0.08300216733417737,0.835603434606607,0.08139439805921557,ANN
S451,0.07332789968345094,0.8399273728502613,0.08674472746628749,ANN
S452,0.06078414620542148,0.8903899002181188,0.04882595357645964,ANN
S453,0.26629392115057426,0.4555271302307586,0.2781789486186679,ANN
S454,0.1895721626180077,0.4239525163599544,0.3864753210220378,ANN
S455,0.15744603321242764,0.5130189531440005,0.32953501364357257,ANN
S456,0.16596435432863477,0.5136519080567358,0.3203837376146301,ANN
S457,0.18025388091497357,0.1900748597535284,0.6296712593314979,GRU
S458,0.3031571635373292,0.15258409527248948,0.5442587411901821,GRU
S459,0.36857165350944493,0.2001087442497363,0.4313196022408209,GRU
S460,0.3946309859926462,0.19872640807377107,0.4066426059335851,GRU
S461,0.36892248927254756,0.29515149983933153,0.33592601088812074,1D-CNN
S462,0.19916261340964012,0.3870988387748466,0.41373854781551317,GRU
S463,0.01609973424950832,0.9522256784963731,0.031674587254118106,ANN
S464,0.05270307441845292,0.5300560306890997,0.41724089489244753,ANN
S465,0.13016351126132975,0.6368051908298392,0.23303129790883004,ANN
S466,0.20249408966877422,0.11324461759816869,0.6842612927330586,GRU
S467,0.7738527370505726,0.07294621763610439,0.15320104531332288,1D-CNN
S468,0.6583652009999953,0.12927030276247145,0.21236449623753292,1D-CNN
S469,0.378336224896448,0.457343218488404,0.16432055661514797,ANN
S470,0.09611456852518689,0.8176126012819487,0.08627283019286493,ANN
S471,0.20141176353106746,0.47986311646921703,0.31872511999971753,ANN
S472,0.16471082163915174,0.6192575351699082,0.21603164319094015,ANN
S473,0.22593933998610108,0.604277224673009,0.16978343534089066,ANN
S474,0.1677537854806122,0.6972808864176442,0.1349653281017423,ANN
S475,0.10243937609323447,0.8286166047577078,0.06894401914905755,ANN
S476,0.03584577750449735,0.9466980347497276,0.017456187745773708,ANN
S477,0.2873165827381078,0.4839758472154969,0.22870757004639466,ANN
S478,0.3675122522578698,0.33648219574023003,0.2960055520019007,1D-CNN
S479,0.34933570099821404,0.34081961856898324,0.3098446804328028,1D-CNN
S480,0.2433665380327388,0.44147193565189147,0.31516152631537175,ANN
S481,0.29987438065323374,0.41935389506655435,0.28077172428021496,ANN
S482,0.22801180225467776,0.4653672223104168,0.3066209754349052,ANN
S483,0.2707318911239237,0.4309939007213126,0.29827420815476213,ANN
S484,0.22946534594099563,0.4797991346667483,0.29073551939225495,ANN
S485,0.1457071510137151,0.608549124328584,0.24574372465770342,ANN
S486,0.07442473196334745,0.7268735599368167,0.19870170809983667,ANN
S487,0.31823695732548335,0.41219502930728125,0.26956801336723213,ANN
S488,0.30045274472736216,0.3321652390257068,0.3673820162469331,GRU
S489,0.2099644121887046,0.22250668270766463,0.567528905103631,GRU
S490,0.44321403422620353,0.22839119721423767,0.3283947685595583,1D-CNN
S491,0.12634680988787647,0.6016015514440798,0.27205163866804305,ANN
S492,0.9152700340496902,0.04091084007951093,0.043819125870798566,1D-CNN
S493,0.28163584119216606,0.3646250839828627,0.3537390748249734,ANN
S494,0.10723899629143109,0.36638068821552155,0.5263803154930468,GRU
S495,0.309312666006592,0.37691697675922714,0.3137703572341803,ANN
S496,0.4143555716743037,0.37657322339942684,0.20907120492626888,1D-CNN
S497,0.06776102460846505,0.13763027153518212,0.7946087038563534,GRU
S498,0.3481018173323375,0.18283910032214157,0.4690590823455194,GRU
S499,0.1781435698384154,0.10302956816518784,0.7188268619963967,GRU
S500,0.05904994058435911,0.4992678737544768,0.4416821856611657,ANN
S501,0.20044685090161984,0.6760814572084954,0.12347169188988397,ANN
S502,0.08884628367805786,0.023558168730833478,0.8875955475911096,GRU
S503,0.43528567462615786,0.2895611703682933,0.2751531550055482,1D-CNN
S504,0.07741854817169418,0.06732472699458246,0.8552567248337254,GRU
S505,0.2893801932062284,0.45254784573534274,0.2580719610584276,ANN
S506,0.24501775416602523,0.14496602529436184,0.6100162205396129,GRU
S507,0.555467154130739,0.21569413619815525,0.228838709671108,1D-CNN
S508,0.32012603611961776,0.2695896466237087,0.4102843172566736,GRU
S509,0.3611600747842221,0.37071358729280607,0.2681263379229733,ANN
S510,0.12819179820283008,0.6559047682253691,0.21590343357180156,ANN
S511,0.08362477849214651,0.7118947846308153,0.20448043687703948,ANN
S512,0.013687779552965658,0.8988628574482838,0.08744936299875015,ANN
S513,0.03592448190034777,0.7905678364106395,0.1735076816890127,ANN
S514,0.18251316621588584,0.26536092552882934,0.5521259082552824,GRU
S515,0.39350565298592816,0.16267768379331138,0.44381666322076,GRU
S516,0.5953669527279948,0.0808220331879148,0.3238110140840897,1D-CNN
S517,0.7298930627987211,0.08849663293456143,0.18161030426671737,1D-CNN
S518,0.19801410289837557,0.5958976163104052,0.20608828079121916,ANN
S519,0.029494073543919738,0.921715111804273,0.04879081465180717,ANN
S520,0.0290512781939614,0.9107180618733325,0.06023065993270553,ANN
S521,0.0419317892169226,0.8676707843537135,0.09039742642936381,ANN
S522,0.01727928790199421,0.9478015600168448,0.034919152081160726,ANN
S523,0.009123278971430695,0.9754153299756844,0.015461391052884743,ANN
S524,0.12518869859045584,0.7596479986453115,0.11516330276423192,ANN
S525,0.11686187407012477,0.7327400397775519,0.15039808615232278,ANN
S526,0.013197095123905595,0.9593035319945072,0.027499372881587235,ANN
S527,0.5563611273621945,0.20160639606405656,0.2420324765737482,1D-CNN
S528,0.13541012474058406,0.3068663306023759,0.5577235446570408,GRU
S529,0.16615796148651454,0.3034836016336982,0.5303584368797875,GRU
S530,0.3185258696047436,0.19721024898012576,0.4842638814151293,GRU
S531,0.3225549815075217,0.20437217631519994,0.4730728421772779,GRU
S532,0.37809276559776156,0.25338267149708615,0.3685245629051508,1D-CNN
S533,0.26945479018068014,0.39612700819366486,0.3344182016256552,ANN
S534,0.07951595500758774,0.7485645071104368,0.17191953788197567,ANN
S535,0.04177601856772221,0.7600645691963679,0.19815941223591169,ANN
S536,0.08973078670083642,0.3851541239210491,0.5251150893781144,GRU
S537,0.2922225448112769,0.25847363420555225,0.4493038209831728,GRU
S538,0.4252814235505379,0.19373217078849644,0.38098640566096553,1D-CNN
S539,0.22140330991365528,0.3125505910387507,0.46604609904759353,GRU
S540,0.23268161672825066,0.5243010744195135,0.24301730885223455,ANN
S541,0.214147807683643,0.25442086585929025,0.5314313264570659,GRU
S542,0.11326166715424148,0.7083555155244935,0.17838281732126454,ANN
S543,0.05148739295826457,0.8542352236912227,0.0942773833505125,ANN
S544,0.06654993587228875,0.8592739330404114,0.0741761310873013,ANN
S545,0.1589015828237517,0.5886530046009666,0.2524454125752817,ANN
S546,0.37008782735498874,0.38378430884900366,0.24612786379600765,ANN
S547,0.1923493007258629,0.5817786406984651,0.22587205857567164,ANN
S548,0.1758376246199842,0.6260471939229123,0.19811518145710308,ANN
S549,0.6873368864514108,0.10506868765813346,0.20759442589045762,1D-CNN
S550,0.18853287907637614,0.6419543683537668,0.16951275256985632,ANN
S551,0.2080006550137707,0.5049714479127746,0.2870278970734547,ANN
S552,0.37265372564585336,0.25059118384658086,0.3767550905075659,GRU
S553,0.5632948270937574,0.12405444995200218,0.31265072295423824,1D-CNN
S554,0.43814835173343736,0.24212883032507915,0.3197228179414832,1D-CNN
S555,0.2351358415082485,0.4819292003069554,0.28293495818479575,ANN
S556,0.4721604278245722,0.1435500669967408,0.3842895051786872,1D-CNN
S557,0.20342357726460852,0.3667953137410979,0.42978110899429606,GRU
S558,0.1083440539226321,0.2828668493584503,0.6087890967189157,GRU
S559,0.3146026167311113,0.43287137816003807,0.2525260051088511,ANN
S560,0.1353997805691663,0.31177194518449997,0.5528282742463334,GRU
S561,0.26042725845338155,0.4011898065792006,0.3383829349674195,ANN
S562,0.3494244118435971,0.08322981840770965,0.5673457697486906,GRU
S563,0.2513734647292025,0.06482813013476033,0.6837984051360357,GRU
S564,0.17882313679947384,0.23721167000570562,0.583965193194819,GRU
S565,0.31923295778673993,0.2796487994002794,0.4011182428129806,GRU
S566,0.32763283553321515,0.32089478138025823,0.3514723830865287,GRU
S567,0.11508668578970734,0.7678561897498221,0.1170571244604706,ANN
S568,0.0694667292014673,0.782344147526418,0.14818912327211553,ANN
S569,0.020276358169419913,0.9588110509538861,0.020912590876694264,ANN
S570,0.11714789763881003,0.748997401057445,0.13385470130374724,ANN
S571,0.059409045229980716,0.8765733014792255,0.06401765329079381,ANN
S572,0.07867556965516635,0.8683116180866698,0.05301281225816323,ANN
S573,0.09785897736150821,0.8518119280731739,0.050329094565317554,ANN
S574,0.1633620983579519,0.7944115388480398,0.04222636279400832,ANN
S575,0.17175667566772376,0.7588828504237741,0.06936047390850318,ANN
S576,0.12460170177971112,0.8308353524252188,0.0445629457950695,ANN
S577,0.30857277712048026,0.5276355750099204,0.16379164786959854,ANN
S578,0.5814686265646306,0.3232583164732592,0.09527305696211165,1D-CNN
S579,0.44875254146424637,0.3119430014229019,0.23930445711285092,1D-CNN
S580,0.4476055982426257,0.19201024494377583,0.3603841568135991,1D-CNN
S581,0.6881595371113356,0.1466651811392192,0.16517528174944512,1D-CNN
S582,0.22927214239445814,0.5579914110370541,0.21273644656848703,ANN
S583,0.19742473054922677,0.49850663906076437,0.30406863039001014,ANN
S584,0.35744497697571187,0.28475248997989866,0.3578025330443914,GRU
S585,0.23519064664272193,0.4234414194991086,0.3413679338581694,ANN
S586,0.4604348224201769,0.20846389186411385,0.33110128571570835,1D-CNN
S587,0.2598441234226258,0.603329688772312,0.13682618780506312,ANN
