Segment,1D-CNN,ANN,GRU,Selected
S1,0.2892486158934445,0.3520234602530797,0.35872792385347585,GRU
S2,0.300297244969509,0.40650746027293844,0.29319529475755257,ANN
S3,0.23985650439371803,0.17369851655494387,0.5864449790513379,GRU
S4,0.3430970698454508,0.4480788519869978,0.20882407816755127,ANN
S5,0.20391390883206587,0.12020946702835737,0.6758766241395767,GRU
S6,0.41038118723268974,0.5152795661764387,0.07433924659087109,ANN
S7,0.11573453540000687,0.4215664955972777,0.46269896900271457,GRU
S8,0.24795232678485457,0.43279497168153835,0.3192527015336078,ANN
S9,0.5057713938321874,0.09734579888034191,0.3968828072874708,1D-CNN
S10,0.00010696995752095995,0.9995727610568143,0.0003202689856648954,ANN
S11,0.18786187875734334,0.40704331579500674,0.40509480544765003,ANN
S12,0.1948711509053991,0.47622317752464743,0.32890567156995415,ANN
S13,0.39854894920187484,0.15418272971948768,0.44726832107863745,GRU
S14,0.14881945809142957,0.1552215411480723,0.6959590007604981,GRU
S15,0.26491277309700023,0.49312554069396514,0.24196168620903455,ANN
S16,0.46208704114797305,0.31043984170646755,0.22747311714555957,1D-CNN
S17,0.15960770849025696,0.22935454658218862,0.6110377449275545,GRU
S18,0.5559233490585985,0.28917396797879397,0.15490268296260745,1D-CNN
S19,0.16175998676486666,0.1798810101384317,0.6583590030967016,GRU
S20,0.33916993716851185,0.5251488737933412,0.13568118903814705,ANN
S21,0.133083696759049,0.2911248245818676,0.5757914786590835,GRU
S22,0.21583786675682162,0.7012021284201986,0.08296000482297962,ANN
S23,0.10954553317881928,0.808705522248759,0.08174894457242156,ANN
S24,0.20461805775246888,0.6420549722618132,0.15332696998571746,ANN
S25,0.4844444638161774,0.2661232581003119,0.2494322780835102,1D-CNN
S26,0.5884797636820075,0.24104895568481594,0.17047128063317699,1D-CNN
S27,0.19797250215721424,0.6327896187790908,0.16923787906369478,ANN
S28,0.23789898514129876,0.40688257807222494,0.355218436786477,ANN
S29,0.3854318861623799,0.22704982766838128,0.38751828616923883,GRU
S30,0.29090691305098665,0.44405484474049445,0.2650382422085189,ANN
S31,0.27169779205057815,0.14718576059643385,0.5811164473529887,GRU
S32,0.5237359905263613,0.41376264301159876,0.06250136646203944,1D-CNN
S33,0.15311300610085596,0.2423206701887623,0.6045663237103814,GRU
S34,0.18217214537350807,0.7269027941728606,0.09092506045363179,ANN
S35,0.29901889679973165,0.2637000778382186,0.4372810253620505,GRU
S36,0.44728086457540095,0.2704224995245045,0.282296635900094,1D-CNN
S37,0.4525903735809659,0.1461388776255493,0.40127074879348446,1D-CNN
S38,0.30195117573381663,0.511038836623677,0.1870099876425063,ANN
S39,0.2484483082776806,0.487330426030044,0.264221265692276,ANN
S40,0.34810000908074995,0.5934155688270278,0.05848442209222225,ANN
S41,0.24974182546405485,0.4646045755933126,0.28565359894263237,ANN
S42,0.45997622150363526,0.4030290872021065,0.13699469129425795,1D-CNN
S43,0.4026569139108954,0.42916395357408044,0.16817913251502353,ANN
S44,0.23044962430352733,0.46825536166899034,0.30129501402748216,ANN
S45,0.37538417908034266,0.30280054411508694,0.32181527680457006,1D-CNN
S46,0.5302438524914007,0.12127242198383535,0.3484837255247641,1D-CNN
S47,0.2294289370988313,0.620716121731308,0.14985494116986164,ANN
S48,0.2267662961521786,0.23999193142724823,0.5332417724205732,GRU
S49,0.593149453059906,0.29754271430819024,0.10930783263190387,1D-CNN
S50,0.16628645152690186,0.159546417170897,0.6741671313022018,GRU
S51,0.3910337464664312,0.32455620435982474,0.28441004917374374,1D-CNN
S52,0.34184768570945595,0.27969725692634173,0.3784550573642021,GRU
S53,0.5155897151580179,0.20456223168397766,0.2798480531580045,1D-CNN
S54,0.4797924410496801,0.27195286564831755,0.2482546933020021,1D-CNN
S55,0.1432839944112653,0.6449806720978627,0.2117353334908719,ANN
S56,0.027029177660167516,0.9039551995982124,0.06901562274161958,ANN
S57,0.06183742138334017,0.3131950189562404,0.6249675596604196,GRU
S58,0.20393801098327963,0.3225763136252152,0.47348567539150493,GRU
S59,0.4102343324275773,0.15244954256015214,0.4373161250122703,GRU
S60,0.12745637206037494,0.5745692936388066,0.2979743343008178,ANN
S61,0.39669166356336766,0.20918711866656933,0.39412121777006276,1D-CNN
S62,0.5999888009021818,0.27340087991852485,0.12661031917929336,1D-CNN
S63,0.2780677913859426,0.46215880695471173,0.25977340165934554,ANN
S64,0.10508931610606927,0.5828693393116772,0.31204134458225413,ANN
S65,0.01896480836729493,0.9512018398688235,0.029833351763881497,ANN
S66,0.2601600286351246,0.5585489822516457,0.18129098911323022,ANN
S67,0.22029571749460913,0.6236151668982373,0.156089115607153,ANN
S68,0.089613474874378,0.8077412364160893,0.10264528870953268,ANN
S69,0.3165304711151545,0.24652171830581526,0.4369478105790298,GRU
S70,0.44895501526276316,0.24175915603365905,0.3092858287035777,1D-CNN
S71,0.11197937651615694,0.23717233693692807,0.6508482865469151,GRU
S72,0.046342718901571246,0.9063780497563475,0.04727923134208119,ANN
S73,0.12463353719397265,0.1978819805821207,0.6774844822239073,GRU
S74,0.5018437961940263,0.2999536525804955,0.1982025512254789,1D-CNN
S75,0.23024765010760057,0.5663086465474405,0.2034437033449587,ANN
S76,0.22550469914328847,0.27531150481825933,0.499183796038452,GRU
S77,0.542191440658556,0.2090961823970035,0.24871237694444048,1D-CNN
S78,0.6012385119293676,0.20085090875285216,0.19791057931777975,1D-CNN
S79,0.3570827146767469,0.38055240394481,0.26236488137844305,ANN
S80,0.2860994121466131,0.519184549020877,0.19471603883251012,ANN
S81,0.4215967823162726,0.2759441464951529,0.3024590711885743,1D-CNN
S82,0.08531400653835178,0.1660713763189067,0.7486146171427416,GRU
S83,0.371709872235882,0.35617267042093975,0.2721174573431789,1D-CNN
S84,0.1946620149096839,0.17177435356921744,0.6335636315210984,GRU
S85,0.4462248483881554,0.17601616644622659,0.377758985165618,1D-CNN
S86,0.5285402853648081,0.33558001464918646,0.13587969998600624,1D-CNN
S87,0.22868185057123988,0.3369251948889563,0.4343929545398037,GRU
S88,0.2519764940982588,0.7010616363645787,0.0469618695371631,ANN
S89,0.3335289707925222,0.3131933192868694,0.353277709920608,GRU
S90,0.3091546498818218,0.21344209792581284,0.4774032521923659,GRU
S91,0.7494032717919273,0.15941195153289303,0.09118477667517907,1D-CNN
S92,0.26061222462883676,0.2472035173226543,0.4921842580485091,GRU
S93,0.36097223186329336,0.3721806038600432,0.266847164276664,ANN
S94,0.42687060547070804,0.23896959846063628,0.33415979606865476,1D-CNN
S95,0.4895584823261452,0.17946700653371758,0.3309745111401379,1D-CNN
S96,0.1326321106137632,0.772560737445146,0.0948071519410909,ANN
S97,0.24220943520477503,0.4534384238877354,0.3043521409074896,ANN
S98,0.494658622786335,0.21386634204094257,0.291475035172722,1D-CNN
S99,0.5925298332177585,0.24037085014658255,0.1670993166356589,1D-CNN
S100,0.3616147224978737,0.40022536765283745,0.23815990984928886,ANN
S101,0.3452098650648832,0.46338143777769625,0.19140869715742048,ANN
S102,0.2921042972220005,0.41371268682932005,0.2941830159486788,ANN
S103,0.21942078765441478,0.17502941180561646,0.6055498005399689,GRU
S104,0.8177245177687859,0.13298076480931062,0.04929471742190346,1D-CNN
S105,0.17410140808509214,0.10480192464252762,0.7210966672723804,GRU
S106,0.5020737315749368,0.34098729553479473,0.15693897289026848,1D-CNN
S107,0.3240088720477916,0.3249741690265194,0.3510169589256889,GRU
S108,0.3447469420275551,0.2547206948175811,0.4005323631548644,GRU
S109,0.4166329057127041,0.2835562197607924,0.2998108745265033,1D-CNN
S110,0.1954796472804101,0.16680268011887772,0.6377176726007115,GRU
S111,0.6845295784488805,0.1584929455257803,0.1569774760253384,1D-CNN
S112,0.3121227115082559,0.45694152148685474,0.23093576700488944,ANN
S113,0.2362967872808682,0.49046132137733905,0.27324189134179344,ANN
S114,0.4302089494825733,0.24016253653939645,0.32962851397803017,1D-CNN
S115,0.43324877878956725,0.393945852472636,0.17280536873779737,1D-CNN
S116,0.23846143516233337,0.35582520787278693,0.40571335696487976,GRU
S117,0.437819958388769,0.3421048739471243,0.22007516766410654,1D-CNN
S118,0.3047058485116834,0.19092006841463482,0.5043740830736816,GRU
S119,0.41728901591255735,0.43603312115914405,0.14667786292829887,ANN
S120,0.16794583214865694,0.14551131742846568,0.6865428504228773,GRU
S121,0.11873002997530024,0.8208153509339958,0.06045461909070402,ANN
S122,0.16453103997206125,0.15968180016296393,0.6757871598649748,GRU
S123,0.6974749339432404,0.2528882365546283,0.04963682950213038,1D-CNN
S124,0.2000789386501958,0.23800563131588628,0.5619154300339179,GRU
S125,0.2653910599231586,0.534831884598461,0.19977705547838012,ANN
S126,0.4812680766806589,0.12664547064106085,0.39208645267827985,1D-CNN
S127,0.29822857839363337,0.38343475430818064,0.3183366672981857,ANN
S128,0.056395724672552244,0.8693569377224204,0.07424733760502669,ANN
S129,0.17751253240849094,0.4989896536901265,0.3234978139013823,ANN
S130,0.26790169369878997,0.469255032294491,0.26284327400671975,ANN
S131,0.22891544789423982,0.1979640458310812,0.5731205062746796,GRU
S132,0.4362325915759358,0.359988591456527,0.203778816967537,1D-CNN
S133,0.3418346370234654,0.36153303036567197,0.2966323326108627,ANN
S134,0.4071758329167159,0.36501351344856203,0.22781065363472272,1D-CNN
S135,0.37520646370382577,0.4618515482176322,0.16294198807854182,ANN
S136,0.2860219130210608,0.49989706656978805,0.21408102040915114,ANN
S137,0.3000476462668388,0.37239888502037954,0.32755346871278185,ANN
S138,0.3454818050323115,0.3870324136620425,0.26748578130564576,ANN
S139,0.2518602063424806,0.19613782869863602,0.5520019649588832,GRU
S140,0.2438961438288518,0.693266800410702,0.06283705576044604,ANN
S141,0.18760293303441608,0.5882909753219963,0.22410609164358777,ANN
S142,0.11637647276788578,0.77417609295372,0.1094474342783948,ANN
S143,0.39213190299876133,0.4996873296275594,0.10818076737367939,ANN
S144,0.1866359116413779,0.6304649278813024,0.18289916047731938,ANN
S145,0.18434612468908715,0.6218739706301909,0.193779904680721,ANN
S146,0.42621489095379067,0.12077026201224975,0.4530148470339601,GRU
S147,0.3638577079126556,0.37113175135869597,0.2650105407286484,ANN
S148,0.17620577592547218,0.5937482465515925,0.23004597752293526,ANN
S149,0.36393458784641186,0.2855169128576551,0.3505484992959335,1D-CNN
S150,0.34360890491217677,0.45759195911370243,0.19879913597412127,ANN
S151,0.1847141094058769,0.5517695428516721,0.2635163477424509,ANN
S152,0.25634146133522995,0.5209865097379213,0.22267202892684876,ANN
S153,0.3642252867009314,0.24478997760795249,0.3909847356911163,GRU
S154,0.4219582302947346,0.24981343288039753,0.3282283368248677,1D-CNN
S155,0.31608219782649233,0.3279521020588274,0.35596570011468043,GRU
S156,0.336760346204242,0.5385365359531502,0.12470311784260826,ANN
S157,0.279556205808182,0.38105064578130765,0.3393931484105103,ANN
S158,0.17309986710079928,0.7195110827772779,0.1073890501219226,ANN
S159,0.23294127337685294,0.5282481212128896,0.23881060541025764,ANN
S160,0.2612851511516982,0.6786637741233585,0.06005107472494308,ANN
S161,0.20796252687756725,0.34249701018994666,0.4495404629324861,GRU
S162,0.3381703640003724,0.567749260607909,0.09408037539171936,ANN
S163,0.23041006088821608,0.24160595522706504,0.527983983884719,GRU
S164,0.25327897844754593,0.5601980197907754,0.18652300176167855,ANN
S165,0.28739831552336653,0.41401978871448264,0.2985818957621506,ANN
S166,0.3461150633217385,0.13200770764410705,0.5218772290341547,GRU
S167,0.4420117821362494,0.4601782715071917,0.09780994635655903,ANN
S168,0.19430386303414834,0.31450407737136266,0.4911920595944891,GRU
S169,0.35431207155803224,0.43494350502610096,0.21074442341586694,ANN
S170,0.2276748641631789,0.07407915474214606,0.6982459810946745,GRU
S171,0.5030283238407703,0.42100524417561624,0.07596643198361404,1D-CNN
S172,0.1571100440448109,0.39338247262335574,0.4495074833318331,GRU
S173,0.23861061841290204,0.6364347728493174,0.12495460873778064,ANN
S174,0.2743895167180076,0.19507859604032762,0.5305318872416647,GRU
S175,0.6801273213129091,0.19498906305404215,0.12488361563304845,1D-CNN
S176,0.4455248231729245,0.24709494530535783,0.30738023152171745,1D-CNN
S177,0.27072650482644023,0.3950380775027184,0.3342354176708411,ANN
S178,0.2996484547821282,0.4941133281660791,0.20623821705179346,ANN
S179,0.36536887248514127,0.27668622291961514,0.3579449045952429,1D-CNN
S180,0.29827210382894154,0.1549539686174684,0.5467739275535903,GRU
S181,0.47409109287731666,0.34720894545972003,0.17869996166296262,1D-CNN
S182,0.2686375560597833,0.36714294937954756,0.3642194945606692,ANN
S183,0.2775142362030947,0.6171736052868061,0.1053121585100992,ANN
S184,0.30659695582110524,0.45100076128466055,0.24240228289423435,ANN
S185,0.20514236698366267,0.6869011424897952,0.1079564905265423,ANN
S186,0.3680091949978843,0.2398053596019758,0.3921854454001399,GRU
S187,0.19216917726852975,0.6780743763747099,0.1297564463567608,ANN
S188,0.17931886117188023,0.2578468365380007,0.5628343022901191,GRU
S189,0.3755715660266119,0.31432455000012477,0.3101038839732639,1D-CNN
S190,0.23168022312237568,0.07722069026942258,0.6910990866082016,GRU
S191,0.4219788729298607,0.3291170894148696,0.2489040376552699,1D-CNN
S192,0.3056852991609281,0.18489988971635182,0.50941481112272,GRU
S193,0.48258423439225906,0.27173045717103855,0.24568530843670186,1D-CNN
S194,0.3537347185450509,0.17477032138962348,0.4714949600653255,GRU
S195,0.41256710388121975,0.3878077817736804,0.19962511434510008,1D-CNN
S196,0.27219807237313126,0.33237380761718377,0.39542812000968497,GRU
S197,0.5060009962092816,0.19396743483500262,0.300031568955715,1D-CNN
S198,0.6177770156275363,0.21281538273034664,0.16940760164211754,1D-CNN
S199,0.14234925858523265,0.5304957698218483,0.32715497159291906,ANN
S200,0.0626535771127044,0.7925104892386988,0.14483593364859657,ANN
S201,0.04222142727309996,0.5999184496985026,0.35786012302839804,ANN
S202,0.14531036895281382,0.3872721267749742,0.46741750427221207,GRU
S203,0.19050942620295563,0.14893481930142982,0.6605557544956147,GRU
S204,0.22683373798828022,0.1559859986260069,0.6171802633857131,GRU
S205,0.24885665312132943,0.1723291649454572,0.5788141819332139,GRU
S206,0.35644182781791717,0.11285736448427694,0.5307008076978056,GRU
S207,0.6571865548671358,0.1763410404282135,0.16647240470465086,1D-CNN
S208,0.2568905350391042,0.6077699566614532,0.13533950829944266,ANN
S209,0.2552154118941523,0.40491385405633123,0.33987073404951623,ANN
S210,0.345079197831731,0.537375039218301,0.11754576294996813,ANN
S211,0.10354105939879212,0.1277863554531738,0.7686725851480342,GRU
S212,0.5894030746799866,0.2462174668474588,0.16437945847255409,1D-CNN
S213,0.2701645432198733,0.2796706286544992,0.45016482812562725,GRU
S214,0.3114128178509602,0.469764948649471,0.21882223349956892,ANN
S215,0.6206828102851326,0.18095710748310737,0.19836008223176013,1D-CNN
S216,0.36690667871766836,0.3726627711766879,0.260430550105644,ANN
S217,0.22984436165492098,0.6425478064339463,0.1276078319111334,ANN
S218,0.3944197384091666,0.39175628537330975,0.2138239762175239,1D-CNN
S219,0.7504720935818013,0.12196714658867844,0.12756075982951975,1D-CNN
S220,0.33212301145328565,0.4921325855556263,0.17574440299108793,ANN
S221,0.2359714284981704,0.5704748369274475,0.19355373457438327,ANN
S222,0.3412843413032221,0.3908677293374504,0.2678479293593271,ANN
S223,0.478663511658443,0.257767667325614,0.2635688210159427,1D-CNN
S224,0.4465880908159178,0.16479325043746829,0.3886186587466141,1D-CNN
S225,0.27704529327333216,0.5732605089254404,0.14969419780122745,ANN
S226,0.2161087770981268,0.6230497652483666,0.16084145765350655,ANN
S227,0.36929353157980765,0.2587108989787955,0.371995569441397,GRU
S228,0.47859513017530025,0.38808786792372424,0.13331700190097495,1D-CNN
S229,0.20778826876973697,0.23879145907132776,0.5534202721589346,GRU
S230,0.511092624304365,0.4018169844432181,0.08709039125241763,1D-CNN
S231,0.3498515918414608,0.2997976578632799,0.3503507502952591,GRU
S232,0.2651542029131644,0.5241708798374254,0.21067491724941081,ANN
S233,0.444538920777603,0.2686486517537962,0.2868124274686009,1D-CNN
S234,0.49329486592937555,0.3391560562829993,0.16754907778762465,1D-CNN
S235,0.22209030717896033,0.30473713821300896,0.47317255460803004,GRU
S236,0.35686428195251557,0.5420227128462947,0.10111300520118931,ANN
S237,0.1974652923131097,0.09385996582547718,0.7086747418614131,GRU
S238,0.18630178939024536,0.7778796796690408,0.03581853094071393,ANN
S239,0.2366320561516686,0.5227231161140898,0.2406448277342412,ANN
S240,0.35540029212208607,0.4254134805946285,0.21918622728328552,ANN
S241,0.3748820228213339,0.3009882596201449,0.3241297175585211,1D-CNN
S242,0.39612809558169954,0.28871082306484885,0.3151610813534516,1D-CNN
S243,0.37706716218494074,0.1887236956776028,0.4342091421374561,GRU
S244,0.7593696722469566,0.15590482754887755,0.08472550020416586,1D-CNN
S245,0.28359836868742927,0.4894530093523795,0.22694862196019122,ANN
S246,0.27918207772249565,0.4553621638064553,0.2654557584710487,ANN
S247,0.5053711144814006,0.3823133003816857,0.11231558513691364,1D-CNN
S248,0.23693173148497262,0.3069946788675981,0.45607358964742944,GRU
S249,0.4134284262358176,0.5072701594294594,0.079301414334723,ANN
S250,0.32465724626870496,0.38271189693976954,0.2926308567915254,ANN
S251,0.28526424996403793,0.580253156502991,0.134482593532971,ANN
S252,0.37142178602280884,0.500517063783451,0.1280611501937408,ANN
S253,0.34066465636911336,0.501595650887052,0.15773969274383445,ANN
S254,0.3646511398193378,0.48285583604449184,0.15249302413617025,ANN
S255,0.5411781724566523,0.38712832008008713,0.07169350746325992,1D-CNN
S256,0.28574693012145425,0.560185276310882,0.15406779356766387,ANN
S257,0.25837116606692606,0.6146860936946767,0.12694274023839786,ANN
S258,0.3250135482382163,0.49492211997721347,0.18006433178457043,ANN
S259,0.3233084397841316,0.44879876753317993,0.22789279268268833,ANN
S260,0.3434043148875364,0.40703516440239385,0.24956052071006957,ANN
S261,0.3875113136187584,0.3601821998299024,0.25230648655133864,1D-CNN
S262,0.34649010828580346,0.3072167739097147,0.3462931178044825,1D-CNN
S263,0.3390648274545792,0.48206345742408657,0.17887171512133404,ANN
S264,0.3095775840247286,0.2867808887457952,0.40364152722947627,GRU
S265,0.4810365971395611,0.3721105163443069,0.1468528865161317,1D-CNN
S266,0.33381626162488676,0.3412393164909281,0.32494442188418593,ANN
S267,0.28470414740411687,0.6287578975363253,0.08653795505955705,ANN
S268,0.31553215069585605,0.46964247463123077,0.21482537467291318,ANN
S269,0.31334271768398125,0.5156190639097279,0.17103821840629102,ANN
S270,0.3291676724731378,0.41310016650947085,0.25773216101739205,ANN
S271,0.3998545223761869,0.33307203123262863,0.26707344639118424,1D-CNN
S272,0.404426143124559,0.2985518568903197,0.29702199998512213,1D-CNN
S273,0.319581260008928,0.37324731477013157,0.30717142522093993,ANN
S274,0.3465558889126604,0.37469285395867713,0.27875125712866194,ANN
S275,0.42950367739840417,0.3453891352821831,0.22510718731941276,1D-CNN
S276,0.31169020087933735,0.3382372560082326,0.3500725431124301,GRU
S277,0.40015067503678325,0.3844084896813377,0.21544083528187907,1D-CNN
S278,0.4219358918765148,0.2896390823205955,0.28842502580288976,1D-CNN
S279,0.3273309833617797,0.4696304051968666,0.2030386114413532,ANN
S280,0.21784600311260677,0.6000567102958095,0.1820972865915838,ANN
S281,0.08803784321471951,0.8833884292128548,0.028573727572426363,ANN
S282,0.1751187472408776,0.6564518332931695,0.16842941946595277,ANN
S283,0.2872512532971895,0.6103518708291569,0.10239687587365358,ANN
S284,0.43254616347284114,0.3272065057169157,0.24024733081024321,1D-CNN
S285,0.3800996440304156,0.29402903509656925,0.3258713208730152,1D-CNN
S286,0.4230714436760596,0.2045086846252101,0.37241987169873103,1D-CNN
S287,0.47882942435379966,0.24120385046712356,0.2799667251790759,1D-CNN
S288,0.21217812224289964,0.512590882090946,0.27523099566615455,ANN
S289,0.18645492211467538,0.42256823610910993,0.39097684177621417,ANN
S290,0.31384215385296804,0.42530283550651515,0.2608550106405167,ANN
S291,0.07026359807528391,0.11415267104628293,0.8155837308784332,GRU
S292,0.49334878058799525,0.33358326477562145,0.1730679546363833,1D-CNN
S293,0.28105860741045446,0.08859257261357853,0.630348819975967,GRU
S294,0.2865649798863264,0.5867409444049251,0.12669407570874816,ANN
S295,0.12058112729455606,0.7228419917057397,0.15657688099970474,ANN
S296,0.2689072131851888,0.4243359950587786,0.3067567917560326,ANN
S297,0.21110684959726791,0.47564493938582125,0.3132482110169106,ANN
S298,0.1695731836461305,0.24607582724546037,0.5843509891084091,GRU
S299,0.33554402260764304,0.3366135177769979,0.3278424596153589,ANN
S300,0.195988868955876,0.1466717622755189,0.6573393687686053,GRU
S301,0.1349847947308049,0.810424052663417,0.054591152605778084,ANN
S302,0.2832007216306102,0.5235174227993991,0.19328185556999064,ANN
S303,0.22903044696300545,0.5351206608571262,0.23584889217986785,ANN
S304,0.19473200043724023,0.5963682996955082,0.20889969986725143,ANN
S305,0.11771926468481216,0.8069343793859234,0.07534635592926482,ANN
S306,0.16441139396795096,0.43564719482953973,0.3999414112025088,ANN
S307,0.230569660260843,0.5792954813545926,0.19013485838456498,ANN
S308,0.2208629586706921,0.3850447498069982,0.39409229152230957,GRU
S309,0.5481096191275402,0.3149016993973181,0.13698868147514245,1D-CNN
S310,0.23212356568276174,0.41196011126215765,0.3559163230550804,ANN
S311,0.21532923539805696,0.5399944554850784,0.24467630911686536,ANN
S312,0.2082104327016038,0.573488761720075,0.21830080557832116,ANN
S313,0.06271476627919487,0.26822465347089186,0.6690605802499133,GRU
S314,0.14624657775670669,0.5916231024198033,0.2621303198234904,ANN
S315,0.13595590293811022,0.0913057628036507,0.7727383342582387,GRU
S316,0.3119014603648538,0.39966876052316586,0.2884297791119803,ANN
S317,0.5957578359327497,0.12354453726711559,0.2806976268001347,1D-CNN
S318,0.4239333775186428,0.20605543763767703,0.3700111848436802,1D-CNN
S319,0.43907078632530805,0.26698108781638996,0.2939481258583019,1D-CNN
S320,0.4462043483317151,0.4434241397089385,0.1103715119593465,1D-CNN
S321,0.12574001249463565,0.253296227572954,0.6209637599324105,GRU
S322,0.4433650802027335,0.39879595866083084,0.1578389611364354,1D-CNN
S323,0.2987276750627688,0.16898031921913456,0.5322920057180967,GRU
S324,0.4724056786795929,0.22361096980166428,0.303983351518743,1D-CNN
S325,0.29436338232251213,0.2175461817378731,0.48809043593961543,GRU
S326,0.29056457603549374,0.4108905076175638,0.2985449163469425,ANN
S327,0.4590592509506007,0.3418733889011388,0.1990673601482613,1D-CNN
S328,0.2072818955705958,0.5747086228716284,0.21800948155777652,ANN
S329,0.08116352627980618,0.8731361356290533,0.04570033809114048,ANN
S330,0.3255490131956279,0.44307688478796287,0.23137410201640884,ANN
S331,0.302210038722275,0.3612425240345171,0.3365474372432084,ANN
S332,0.3977814087062568,0.39150006477712623,0.21071852651661752,1D-CNN
S333,0.3745186411923203,0.28369734059518104,0.3417840182124986,1D-CNN
S334,0.24626189971645837,0.5577396241751964,0.1959984761083447,ANN
S335,0.22228257658528458,0.5053298482287537,0.27238757518596235,ANN
S336,0.1591184054177925,0.6119171872497137,0.22896440733249387,ANN
S337,0.32038884964935954,0.22953507349770397,0.45007607685293666,GRU
S338,0.394443172623756,0.1964683134710241,0.4090885139052201,GRU
S339,0.3800468182296976,0.28388805905613085,0.33606512271417166,1D-CNN
S340,0.2776905296532621,0.3873286871922321,0.33498078315450586,ANN
S341,0.31947396131790745,0.2323696216627848,0.4481564170193084,GRU
S342,0.5059981494920666,0.356074885091023,0.1379269654169105,1D-CNN
S343,0.13446239002518887,0.370913736494567,0.4946238734802441,GRU
S344,0.1818435604054894,0.5465900053304248,0.2715664342640858,ANN
S345,0.23956439323903544,0.13474106702433408,0.6256945397366306,GRU
S346,0.10109786574465736,0.37979208687155736,0.5191100473837852,GRU
S347,0.07613452703128851,0.05436337931608003,0.8695020936526312,GRU
S348,0.4737979900578289,0.1332693852703519,0.3929326246718192,1D-CNN
S349,0.3668280219854253,0.23081922625663867,0.40235275175793556,GRU
S350,0.24104035808597885,0.4148521413489342,0.3441075005650866,ANN
S351,0.16396520230880024,0.4987350643039391,0.3372997333872606,ANN
S352,0.46452557199135774,0.3194909685251316,0.21598345948351058,1D-CNN
S353,0.38759518459474973,0.3174153374628894,0.2949894779423608,1D-CNN
S354,0.25623706307038363,0.3932904972263185,0.35047243970329844,ANN
S355,0.4017407031903309,0.2644987684734448,0.3337605283362241,1D-CNN
S356,0.17056125846409492,0.1660492104876434,0.6633895310482617,GRU
S357,0.1711414506221204,0.353314862145577,0.4755436872323026,GRU
S358,0.18544607437231553,0.42527505396006493,0.38927887166761965,ANN
S359,0.025673723980531783,0.8931897902559524,0.08113648576351588,ANN
S360,0.12582959082733064,0.1863658144681629,0.6878045947045058,GRU
S361,0.5246921908571636,0.1812303462087972,0.2940774629340393,1D-CNN
S362,0.20950417300820154,0.07127827586074151,0.7192175511310571,GRU
S363,0.23566091129993105,0.6281674301911172,0.1361716585089516,ANN
S364,0.36080286013323315,0.3650237363264196,0.27417340354034736,ANN
S365,0.20846816394563267,0.6244449684007534,0.1670868676536139,ANN
S366,0.23357297137716185,0.5348716056585795,0.23155542296425868,ANN
S367,0.3789245636421983,0.3711835842806668,0.24989185207713488,1D-CNN
S368,0.316284381184949,0.32187876650706954,0.36183685230798157,GRU
S369,0.4802319301501823,0.246675149841393,0.2730929200084244,1D-CNN
S370,0.29437472921781477,0.5170381722832895,0.18858709849889652,ANN
S371,0.24935230802121175,0.5614645251264767,0.18918316685231132,ANN
S372,0.3819673964740224,0.4273902658648471,0.19064233766113062,ANN
S373,0.38940200280582754,0.3247722080779065,0.2858257891162656,1D-CNN
S374,0.39702601369382656,0.318301222315234,0.28467276399093944,1D-CNN
S375,0.2575170567899602,0.44850672295386707,0.29397622025617265,ANN
S376,0.1882512836871017,0.4746010077230294,0.33714770858986903,ANN
S377,0.25057907892484393,0.2615919735810188,0.48782894749413735,GRU
S378,0.18756437124444517,0.5868810692528479,0.22555455950270709,ANN
S379,0.18492945831894658,0.4895663870336837,0.32550415464736987,ANN
S380,0.4498678684802913,0.2121473220387791,0.3379848094809294,1D-CNN
S381,0.742689237190858,0.11389472318575976,0.14341603962338215,1D-CNN
S382,0.46816629570931717,0.2623154384928538,0.269518265797829,1D-CNN
S383,0.23783679259113155,0.6386791123595478,0.12348409504932067,ANN
S384,0.06978734478236952,0.03699155760281449,0.893221097614816,GRU
S385,0.3783619631303554,0.46451420838909446,0.15712382848055034,ANN
S386,0.17540275889272952,0.5250709606323403,0.2995262804749298,ANN
S387,0.2211992290414154,0.5286342227909444,0.25016654816764017,ANN
S388,0.19647457943260946,0.503112863332782,0.30041255723460814,ANN
S389,0.2562015550070215,0.264182884852375,0.4796155601406035,GRU
S390,0.37519703574128627,0.2256499775769492,0.39915298668176413,GRU
S391,0.19643356420548605,0.2362465539060892,0.5673198818884254,GRU
S392,0.24290454121958577,0.5718122390559931,0.18528321972442083,ANN
S393,0.3483407891566151,0.35401558374380987,0.29764362709957476,ANN
S394,0.29864887291083625,0.3005982200669619,0.4007529070222018,GRU
S395,0.385318696197956,0.35061660331726935,0.2640647004847746,1D-CNN
S396,0.2968179152323993,0.250264778565926,0.4529173062016747,GRU
S397,0.2145415201556299,0.6871861471414843,0.09827233270288606,ANN
S398,0.1706639712499195,0.6528236818345093,0.1765123469155709,ANN
S399,0.1699764441674421,0.7157818489595092,0.1142417068730485,ANN
S400,0.21013241413932926,0.6182336510820617,0.17163393477860894,ANN
S401,0.26315367752595814,0.2983135964008547,0.438532726073187,GRU
S402,0.5251397772395726,0.41209629275769954,0.06276393000272781,1D-CNN
S403,0.17710871916124815,0.41912353996087903,0.40376774087787337,ANN
S404,0.26312763245464227,0.48764015402011446,0.24923221352524333,ANN
S405,0.35350005437708887,0.24757302557616073,0.39892692004675046,GRU
S406,0.21940874348548473,0.35841594876014515,0.42217530775436996,GRU
S407,0.21531223067347288,0.6771781277035367,0.1075096416229905,ANN
S408,0.38183992795296545,0.32947167625079027,0.2886883957962451,1D-CNN
S409,0.5856181315451843,0.10942831639368436,0.3049535520611312,1D-CNN
S410,0.27561828290257495,0.6523634917825938,0.07201822531483117,ANN
S411,0.2392401161248478,0.4138038295660054,0.34695605430914683,ANN
S412,0.41340992789843967,0.327763726618527,0.2588263454830333,1D-CNN
S413,0.528478887451795,0.12183853444426081,0.349682578103944,1D-CNN
S414,0.3131774086220819,0.4647142247200557,0.22210836665786246,ANN
S415,0.23796230608948946,0.5865831740504354,0.17545451986007418,ANN
S416,0.32674328087274185,0.3338854176500272,0.3393713014772309,GRU
S417,0.33520032133432104,0.28995990912039943,0.3748397695452797,GRU
S418,0.2925118648508288,0.2613831122342925,0.4461050229148794,GRU
S419,0.3127768255861428,0.18690897684274957,0.5003141975711075,GRU
S420,0.3110569916313158,0.22982479278187395,0.4591182155868111,GRU
S421,0.21384684902255324,0.6350975619071798,0.15105558907026692,ANN
S422,0.2144191334447595,0.6741399537977515,0.11144091275748907,ANN
S423,0.25815329337519755,0.4630883638119036,0.27875834281289846,ANN
S424,0.26534652085369154,0.5329190084908577,0.20173447065545064,ANN
S425,0.20502663664375498,0.5561903592271609,0.23878300412908382,ANN
S426,0.24235933167092222,0.5369498718884087,0.22069079644066988,ANN
S427,0.1149018540373711,0.7583723397506412,0.12672580621198765,ANN
S428,0.11728594374208443,0.746329687954022,0.1363843683038938,ANN
S429,0.22250369400246164,0.4996897389939236,0.277806567003615,ANN
S430,0.5416532166794281,0.23588269768798625,0.22246408563258552,1D-CNN
S431,0.3430089795109553,0.25459150768439576,0.4023995128046489,GRU
S432,0.3153313493536732,0.39713385521500705,0.2875347954313195,ANN
S433,0.12098504333247666,0.6458779052806344,0.23313705138688895,ANN
S434,0.0640571420179927,0.6468203724190379,0.2891224855629689,ANN
S435,0.3230243345332623,0.2532028992233859,0.4237727662433516,GRU
S436,0.3157164405147764,0.35698157352466303,0.3273019859605606,ANN
S437,0.20878175892307477,0.40173857614317426,0.389479664933751,ANN
S438,0.1480131611432562,0.626430025595296,0.2255568132614474,ANN
S439,0.029116733535350294,0.8881661570227973,0.08271710944185248,ANN
S440,0.08662795812980222,0.30874175362458695,0.6046302882456107,GRU
S441,0.4610684736108299,0.21799889876681985,0.32093262762235025,1D-CNN
S442,0.6299011339959011,0.13171171916378857,0.23838714684030982,1D-CNN
S443,0.4308212007087149,0.31823873358173244,0.2509400657095527,1D-CNN
S444,0.22026386198443113,0.49584715748007013,0.28388898053549866,ANN
S445,0.29828358489931633,0.3159966684926821,0.38571974660800123,GRU
S446,0.43517457466074866,0.26585556415424316,0.29896986118500884,1D-CNN
S447,0.32851226260466476,0.2886238802948819,0.3828638571004525,GRU
S448,0.2534409410774113,0.42452420035294564,0.322034858569643,ANN
S449,0.2544709939454428,0.49221194085497777,0.25331706519957925,ANN
S450,0.12283239819529253,0.7568609119567413,0.1203066898479661,ANN
S451,0.10773729084957787,0.7548698417669348,0.1373928673834871,ANN
S452,0.08639720625598456,0.8350843703934479,0.07851842335056756,ANN
S453,0.2714513145305492,0.4292369322470226,0.29931175322242826,ANN
S454,0.220540069834246,0.44187186248497484,0.3375880676807791,ANN
S455,0.16600506148866886,0.593624766272502,0.24037017223882873,ANN
S456,0.19508027590314092,0.6077396169421017,0.1971801071547581,ANN
S457,0.27520651696082626,0.2551019098064177,0.4696915732327561,GRU
S458,0.4330978194908296,0.16656885023872056,0.4003333302704497,1D-CNN
S459,0.4748849685338372,0.197351079875756,0.3277639515904067,1D-CNN
S460,0.4778656209268636,0.18630636335209194,0.3358280157210445,1D-CNN
S461,0.4295007091062334,0.2883734856291096,0.28212580526465686,1D-CNN
S462,0.24537014949121247,0.3827841642425193,0.37184568626626824,ANN
S463,0.021885474978884004,0.9432923089921436,0.03482221602897206,ANN
S464,0.060723475074615015,0.508570923234113,0.4307056016912726,ANN
S465,0.12496664835719583,0.628430008462293,0.24660334318051075,ANN
S466,0.1667322906362771,0.12222306349081888,0.711044645872904,GRU
S467,0.6829521240483696,0.11063056508723842,0.2064173108643928,1D-CNN
S468,0.6105293930986979,0.1475612085423527,0.2419093983589501,1D-CNN
S469,0.36221493009181666,0.4446129704814705,0.19317209942671285,ANN
S470,0.11327034047261358,0.7576392451916112,0.12909041433577528,ANN
S471,0.20355658089825093,0.4200476781120476,0.37639574098970147,ANN
S472,0.15809575858640892,0.6146571243488317,0.22724711706475959,ANN
S473,0.21874294687202847,0.6166793776516561,0.1645776754763149,ANN
S474,0.16352873930799713,0.7046058619014366,0.131865398790566,ANN
S475,0.10240187312800401,0.8318415705793101,0.06575655629268587,ANN
S476,0.036146552336932265,0.9470959541308206,0.016757493532247394,ANN
S477,0.30167767161158315,0.47506501912314464,0.2232573092652722,ANN
S478,0.3917082050670263,0.3183358566605959,0.28995593827237853,1D-CNN
S479,0.3896091048695283,0.30464119616557506,0.3057496989648964,1D-CNN
S480,0.30091387159864336,0.37030729165246307,0.32877883674889374,ANN
S481,0.3746729255060587,0.33453537924374627,0.29079169525019505,1D-CNN
S482,0.29874182429473567,0.3727895169115525,0.32846865879371195,ANN
S483,0.33563345263117517,0.3526603208528911,0.3117062265159337,ANN
S484,0.29247418346875914,0.3962565220341498,0.31126929449709134,ANN
S485,0.18253179035378503,0.545801894896563,0.271666314749652,ANN
S486,0.09430461564506132,0.6814357408766449,0.22425964347829383,ANN
S487,0.33462804459537726,0.3893551014700311,0.2760168539345914,ANN
S488,0.29489270285114366,0.34197500133299197,0.3631322958158643,GRU
S489,0.1959408798412626,0.2564029843268306,0.5476561358319068,GRU
S490,0.3955923733476856,0.2801540826167419,0.3242535440355724,1D-CNN
S491,0.14943801441384844,0.5833564589412648,0.26720552664488706,ANN
S492,0.9336240414942113,0.028150979205398708,0.03822497930038986,1D-CNN
S493,0.3186703485939631,0.3141246489904593,0.3672050024155777,GRU
S494,0.14078107928282554,0.2835399592166646,0.57567896150051,GRU
S495,0.35051587538805906,0.3770791175298223,0.27240500708211807,ANN
S496,0.516541038830167,0.2993598914741911,0.18409906969564158,1D-CNN
S497,0.1054151476459092,0.1777594990110141,0.7168253533430773,GRU
S498,0.389735455787891,0.2812141082967493,0.32905043591535943,1D-CNN
S499,0.2522048761080372,0.21245508339333802,0.5353400404986248,GRU
S500,0.045559855426477766,0.7812166868063634,0.17322345776716006,ANN
S501,0.21279346786015135,0.64763539986592,0.13957113227392828,ANN
S502,0.1499652693842221,0.048991937978094896,0.8010427926376836,GRU
S503,0.46410239199085496,0.28587497801574374,0.25002262999340125,1D-CNN
S504,0.12714541248542635,0.11105655826784118,0.761798029246733,GRU
S505,0.3439005272904189,0.4311152034220768,0.22498426928750387,ANN
S506,0.29662467239739215,0.15643394982986167,0.5469413777727463,GRU
S507,0.5816185133562508,0.20490899934514437,0.21347248729860524,1D-CNN
S508,0.3565723282551887,0.26763229664010674,0.37579537510470473,GRU
S509,0.39128073244053735,0.3565558089473641,0.25216345861209805,1D-CNN
S510,0.1424028908064817,0.6549884448077448,0.20260866438577355,ANN
S511,0.10875991958299666,0.6750613944409598,0.21617868597604337,ANN
S512,0.02121436801133676,0.8709555414228742,0.1078300905657886,ANN
S513,0.04273981473900268,0.7731676764684774,0.1840925087925205,ANN
S514,0.16778619762519817,0.30465695564091455,0.5275568467338869,GRU
S515,0.32631633634274226,0.20578325691522012,0.4679004067420373,GRU
S516,0.5356722955869277,0.10220031608707017,0.3621273883260022,1D-CNN
S517,0.7139334671568727,0.09511721185823512,0.19094932098489217,1D-CNN
S518,0.21364327069573225,0.5496260440554869,0.23673068524878105,ANN
S519,0.045063708927788736,0.8776343280706345,0.0773019630015764,ANN
S520,0.06486753152619225,0.7945741334299129,0.14055833504389478,ANN
S521,0.09538391933233295,0.7109168172163965,0.1936992634512705,ANN
S522,0.046692802839207216,0.8775301406368008,0.07577705652399203,ANN
S523,0.024514636211912605,0.9442197960150563,0.03126556777303055,ANN
S524,0.1545635892873051,0.7155985609636096,0.12983784974908497,ANN
S525,0.14000021595626186,0.7080366367376375,0.15196314730610053,ANN
S526,0.017761332546371626,0.9556709288528429,0.026567738600785262,ANN
S527,0.6675713697153266,0.17952522077272545,0.1529034095119477,1D-CNN
S528,0.2199020406292197,0.365972574791509,0.4141253845792712,GRU
S529,0.25206822691700775,0.3128320386389875,0.43509973444400424,GRU
S530,0.44110883026619957,0.20272810762027102,0.3561630621135293,1D-CNN
S531,0.44982794919430485,0.194217061321419,0.35595498948427545,1D-CNN
S532,0.4767864745197838,0.22446066080474678,0.29875286467546924,1D-CNN
S533,0.3513667653849175,0.3769072876379467,0.2717259469771356,ANN
S534,0.10410427059566651,0.7309384941146099,0.16495723528972367,ANN
S535,0.05409575680682935,0.7376841033192852,0.2082201398738855,ANN
S536,0.09693073741624621,0.3737545569613502,0.5293147056224035,GRU
S537,0.2638001506644784,0.2786703477504217,0.4575295015850998,GRU
S538,0.3467723092849733,0.23210937591526037,0.42111831479976614,GRU
S539,0.1913282090606578,0.3290118597022303,0.4796599312371119,GRU
S540,0.23897891592868223,0.49480098216020746,0.2662201019111101,ANN
S541,0.21846419582608842,0.20154659360393012,0.5799892105699814,GRU
S542,0.13683713197675884,0.615587531986604,0.24757533603663728,ANN
S543,0.08301282553474282,0.7452334268992659,0.17175374756599127,ANN
S544,0.12808165750313216,0.7154711808767711,0.15644716162009664,ANN
S545,0.21469674659189864,0.4405062869511676,0.3447969664569338,ANN
S546,0.3910188280871123,0.33854346679602065,0.27043770511686716,1D-CNN
S547,0.2212004938988118,0.5276472187785873,0.25115228732260086,ANN
S548,0.1802448728010089,0.5956208830266926,0.22413424417229835,ANN
S549,0.6331398505291196,0.11987034694389713,0.24698980252698327,1D-CNN
S550,0.19572713762393162,0.6103556483142547,0.19391721406181342,ANN
S551,0.22484332329148288,0.4785235662945405,0.2966331104139769,ANN
S552,0.37644618034506827,0.26971090557398547,0.35384291408094626,1D-CNN
S553,0.5716871303170077,0.132310780288749,0.29600208939424405,1D-CNN
S554,0.45136779168721447,0.24810038426139705,0.3005318240513879,1D-CNN
S555,0.2440117417080481,0.49027479626059683,0.2657134620313552,ANN
S556,0.48032145551680144,0.16108926454860273,0.3585892799345958,1D-CNN
S557,0.23720958216483432,0.37850524950824427,0.38428516832692194,GRU
S558,0.15007044987533275,0.29972285488734585,0.550206695237321,GRU
S559,0.35321150189865,0.39191561887411297,0.2548728792272364,ANN
S560,0.13961925656336285,0.3164204842076551,0.5439602592289821,GRU
S561,0.22086240614287708,0.42534051064956474,0.353797083207558,ANN
S562,0.3350669164123122,0.08925286481867231,0.5756802187690152,GRU
S563,0.2200708457398725,0.06861267759429429,0.7113164766658332,GRU
S564,0.1586485058791635,0.23972659707829913,0.6016248970425365,GRU
S565,0.33674732381157935,0.22620948929495202,0.4370431868934685,GRU
S566,0.34738667918953087,0.2583216141550051,0.3942917066554642,GRU
S567,0.1579262523734695,0.6779620602251204,0.1641116874014101,ANN
S568,0.09523398017152522,0.7016424708132993,0.20312354901517554,ANN
S569,0.02589938767810209,0.9457933493281121,0.028307262993786064,ANN
S570,0.14932989876972003,0.6698512097044841,0.1808188915257965,ANN
S571,0.0805694250053273,0.8186907555596948,0.10073981943497776,ANN
S572,0.14189144073213864,0.7390226979881696,0.1190858612796918,ANN
S573,0.15824429429046685,0.7242898909498453,0.11746581475968779,ANN
S574,0.23198829429348058,0.6646314244240598,0.10338028128245959,ANN
S575,0.17890742870496465,0.6781959012042987,0.14289667009073678,ANN
S576,0.1709384086539703,0.7321837377815382,0.09687785356449206,ANN
S577,0.3186672496306259,0.4245696936045411,0.2567630567648329,ANN
S578,0.45163624382804823,0.3422577006374394,0.20610605553451206,1D-CNN
S579,0.376760857406829,0.30648698396550633,0.3167521586276644,1D-CNN
S580,0.40969821597644557,0.19929200772169228,0.3910097763018626,1D-CNN
S581,0.6594119296762954,0.1468068721750468,0.1937811981486579,1D-CNN
S582,0.2323068983204581,0.5245416358271388,0.24315146585240283,ANN
S583,0.2075885996988071,0.48893201455837954,0.30347938574281325,ANN
S584,0.3424769007526337,0.29564326791711004,0.36187983133025686,GRU
S585,0.19689731896505608,0.42668597432977823,0.3764167067051652,ANN
S586,0.3346330260202951,0.25942191827500033,0.40594505570470435,GRU
S587,0.24341798429587386,0.5922318305096493,0.16435018519447758,ANN
S588,0.3497844927805579,0.1217460320957984,0.5284694751236432,GRU
