Segment,1D-CNN,ANN,BiLSTM,LSTM,CNN-LSTM,GRU,Selected
S1,0.12205578486994932,0.1256655852363528,0.18062369748712875,0.19773907620056347,0.23427109990675898,0.13964475629924591,CNN-LSTM
S2,0.2125785336180104,0.19022515862145747,0.12505847098085898,0.18008848048032222,0.1702515515283055,0.12179780477104447,1D-CNN
S3,0.13290389608288208,0.2033088372497394,0.12585566582331165,0.210202251150538,0.23454207127485688,0.09318727841867148,CNN-LSTM
S4,0.16955439912835615,0.24102652117120762,0.11977913380651976,0.15729222027654285,0.20176407010999015,0.1105836555073833,ANN
S5,0.1317651915792771,0.1148902505580539,0.1930461412767784,0.1917138918958858,0.2119356684786736,0.15664885621133082,CNN-LSTM
S6,0.1654259886828365,0.11118958862648773,0.17497597736997297,0.21099103940790057,0.14345568051524513,0.19396172539755654,LSTM
S7,0.1450986770181303,0.1214080723628852,0.1516073475867708,0.234098422956957,0.17269072654981912,0.1750967535254355,LSTM
S8,0.18807959894858986,0.10962647143100682,0.17849959247346217,0.1665140218689414,0.094223560301951,0.2630567549760486,GRU
S9,0.07034297069544851,0.06343821278263,0.34025780812613216,0.18894791643746367,0.09828931203149358,0.23872377992683202,BiLSTM
S10,0.12074447346354023,0.13620805036597683,0.2694054890819385,0.17329498138677274,0.11083033715196387,0.18951666854980806,BiLSTM
S11,0.1422378016800252,0.22048146544597358,0.19233417724605478,0.16795628473329932,0.1786240364331597,0.09836623446148746,ANN
S12,0.1300730480809845,0.17365795146362759,0.14133132615831057,0.21013320340395386,0.27084477853335087,0.07395969235977383,CNN-LSTM
S13,0.12507548831949317,0.17538540880946604,0.10514826855832331,0.2563441478140384,0.2756891689887187,0.06235751750996014,CNN-LSTM
S14,0.155504708323466,0.2461411137500996,0.0942136482101099,0.21330278516978635,0.20937296363775335,0.08146478090878498,ANN
S15,0.3242839401296113,0.24934090612386248,0.07557435300162794,0.13031804045932116,0.13752314475959787,0.08295961552597891,1D-CNN
S16,0.25300592493702795,0.24634510347211194,0.09994920056648172,0.10990389194509892,0.1535739846477036,0.13722189443157412,1D-CNN
S17,0.18065044623862608,0.1735253928426555,0.14590379121745292,0.1242988337269413,0.1975967631577758,0.1780247728165495,CNN-LSTM
S18,0.1706378716993122,0.15047441203324913,0.1604546862799107,0.14536219154206684,0.21381092374822527,0.1592599146972376,CNN-LSTM
S19,0.16770254617572877,0.18191479995248738,0.12433279840079837,0.1521058442470757,0.2642354194626203,0.10970859176128954,CNN-LSTM
S20,0.12568035424949045,0.12163472756177168,0.10360947855850701,0.18670331358872105,0.3848248196024486,0.07754730643906131,CNN-LSTM
S21,0.27312659962940466,0.2134012519649717,0.07434496894124949,0.12389203944430084,0.23987088042610863,0.07536425959396305,1D-CNN
S22,0.4353550906020079,0.22805829528204274,0.04533350462312273,0.06340888867474732,0.1584039065892389,0.06944031422883923,1D-CNN
S23,0.25233629611641,0.27442120524373537,0.08493858772270804,0.09670199689947423,0.14498895957469232,0.14661295444298017,ANN
S24,0.18568894416973855,0.1181376573899603,0.16828430805052763,0.18252386451212346,0.0752908355907169,0.27007439028693286,GRU
S25,0.12660531838093303,0.08980287824169031,0.2906030516103646,0.2225517677759539,0.06975200186924588,0.20068498212181304,BiLSTM
S26,0.15449255859533279,0.09709706010337817,0.27347438444819905,0.1777426891651651,0.06546065360115119,0.23173265408677354,BiLSTM
S27,0.18267922845258144,0.20437805224791414,0.2787361354811488,0.1389400813347833,0.08333906663700738,0.11192743584656506,BiLSTM
S28,0.17559114258023478,0.24654997309017757,0.1790710607204916,0.16133059958449722,0.1531849890763963,0.0842722349482024,ANN
S29,0.03461281108061992,0.02585555222538649,0.03752220863915373,0.3220283128717253,0.5676186014425014,0.012362513740612624,CNN-LSTM
S30,0.036960804896254654,0.11516119058703701,0.03512077982024662,0.31805181410174144,0.47771935120372405,0.0169860593909959,CNN-LSTM
S31,0.5657555254427301,0.15257957680059692,0.0152426588178144,0.12344340259917677,0.133066251310986,0.009912585028695816,1D-CNN
S32,0.31599738103470965,0.21203496210035855,0.02628894095229704,0.19483677616682768,0.22762612299411633,0.023215816751692,1D-CNN
S33,0.10943260371193785,0.10559452939305106,0.09092588353815637,0.29024437932165137,0.24935863195887048,0.15444397207633295,LSTM
S34,0.2510062123785438,0.09258463169121584,0.14293005998569253,0.2464307653351448,0.10719929866003032,0.1598490319493731,1D-CNN
S35,0.07485696732748195,0.11069989409794073,0.2855179258143356,0.22339496785963606,0.11739652722171194,0.18813371767889178,BiLSTM
S36,0.12318060451898144,0.12444589528411337,0.2089909980092325,0.22180805637561773,0.1351619644754656,0.18641248133658905,LSTM
S37,0.1557518803938579,0.11115192777543101,0.19477083694114922,0.1784890224386483,0.12291792322902875,0.23691840922188606,GRU
S38,0.1288747040896421,0.14754413532617072,0.17590014837032705,0.15628904859805118,0.09337956299203194,0.2980124006237785,GRU
S39,0.17028935738320908,0.15506042683569307,0.19707674179932694,0.15436538592563678,0.10524732403192473,0.21796076402421083,GRU
S40,0.1412833758965538,0.11025060981555529,0.2387664850188788,0.17072431075212324,0.14542463470396916,0.193550583812919,BiLSTM
S41,0.13851943881856554,0.15518496999774092,0.21924681484753478,0.1686729236481131,0.16683039713209719,0.15154545555594864,BiLSTM
S42,0.17521738518360325,0.18212065811527883,0.16302851663469747,0.17181697707244967,0.20363097146060044,0.10418549153337031,CNN-LSTM
S43,0.10885618676314612,0.13896591104248704,0.14120337726868043,0.2640236008438088,0.27031033956880873,0.07664058451306872,CNN-LSTM
S44,0.18623780842271148,0.18701919062983552,0.1273625641366884,0.19440074375558303,0.18838718793768527,0.11659250511749625,LSTM
S45,0.17147057259710627,0.15691911639098893,0.15134166139338148,0.17289091236213874,0.1737801894221641,0.17359754783422085,CNN-LSTM
S46,0.16348252346735004,0.1568591491264148,0.16367843712504723,0.17437462894409925,0.1622228907358171,0.17938237060127166,GRU
S47,0.1500823193290599,0.16054617080777636,0.17869894923286547,0.17394081845982826,0.1588404629157551,0.1778912792547149,BiLSTM
S48,0.15099046386653858,0.1302004843250854,0.19580736479967312,0.19010684553835308,0.1569156552978844,0.17597918617246425,BiLSTM
S49,0.15866096763588222,0.1394363509481722,0.19602983101226543,0.1940064455766202,0.15134676036303724,0.16051964446402261,BiLSTM
S50,0.13659196286333855,0.1607997307998002,0.1898900969198655,0.1661587197347881,0.15174407206121615,0.19481541762099153,GRU
S51,0.01020497589019323,0.026386024540506068,0.11642681502602795,0.5742817294696155,0.23770897667586227,0.03499147839779492,LSTM
S52,0.13771137753738405,0.23794598563831998,0.1344851172847878,0.2961120787316594,0.11192226093603302,0.08182317987181732,LSTM
S53,0.05749113694051416,0.2072530077153902,0.18527541851248916,0.22458725046254602,0.16197737895176673,0.16341580741729533,LSTM
S54,0.12021170587024635,0.1115094462206733,0.15472879981214682,0.19781852401093894,0.2526714890746291,0.16306003501136487,CNN-LSTM
S55,0.07800392266235749,0.12417237367343338,0.115084090426391,0.24242623646114594,0.3178456916776548,0.12246768509901673,CNN-LSTM
S56,0.33679854524662645,0.13929877363454105,0.08870246699835584,0.14034658063116368,0.1516013948222246,0.14325223866708842,1D-CNN
S57,0.2036256489279703,0.09287698585482043,0.14979479160347356,0.18696196892657554,0.16319289073558368,0.20354771395157598,1D-CNN
S58,0.33819570915776104,0.05977303836315654,0.16658026357182035,0.17608105771645283,0.10363021349426849,0.15573971769654021,1D-CNN
S59,0.126923882163599,0.11304698254959841,0.23562649408902656,0.21520055273368627,0.11790806433850534,0.19129402412558405,BiLSTM
S60,0.19991248533263975,0.32462986379844855,0.14922672563510195,0.11842260055333212,0.0645109394761748,0.14329738520430574,ANN
S61,0.3565242864332935,0.17449233078556964,0.13280058783389048,0.06212691481834729,0.04038760240765496,0.23366827772124396,1D-CNN
S62,0.14474935444553788,0.09740684948367094,0.24489344681903222,0.07081746956850293,0.07952964422573319,0.3626032354575227,GRU
S63,0.11645301855943309,0.2507571800466529,0.27242305852063137,0.07246952667097246,0.11885494339130284,0.1690422728110073,BiLSTM
S64,0.1817263445650758,0.2150470808156616,0.21532099041762592,0.13896981290572613,0.1581891076064321,0.09074666368947881,BiLSTM
S65,0.11507415271600817,0.13467772308134343,0.16183294680645025,0.28673112279077245,0.22931101778397364,0.07237303682145194,LSTM
S66,0.16201219450039517,0.18805262739280984,0.11217818365474956,0.31006404057711756,0.1649073091422515,0.06278564473267509,LSTM
S67,0.2910103952137729,0.3498187077037493,0.07195741593695466,0.1380074374708579,0.09078029235900133,0.05842575131566367,ANN
S68,0.4327072288017065,0.2759395645905542,0.06301938591919905,0.07776758095477507,0.08101095002195809,0.06955528971180708,1D-CNN
S69,0.24351658775916418,0.3527967661303697,0.08663817614527873,0.08335595877665514,0.12165666193389901,0.11203584925463327,ANN
S70,0.2709885631585347,0.26209429929227634,0.09923758424327045,0.07614165252509537,0.12785630806916565,0.16368159271165625,1D-CNN
S71,0.24713182928778057,0.19796312677399752,0.10575824791893138,0.09336917869081686,0.20591090468874199,0.1498667126397309,1D-CNN
S72,0.13539115372839614,0.19731955125876569,0.12173861985418861,0.13175753007737903,0.2743050953780107,0.13948804970326137,CNN-LSTM
S73,0.21333074283127645,0.1701636595642373,0.12746637357598997,0.15275337398358424,0.1937079417771634,0.14257790826774866,1D-CNN
S74,0.18304601043222463,0.18382118173877088,0.15438407613967003,0.1678097415716529,0.14818283627029893,0.1627561538473825,ANN
S75,0.15684140554940929,0.17606681661236506,0.18373842606897076,0.19210859555573498,0.1209161090576471,0.1703286471558722,LSTM
S76,0.17142618346748173,0.13527833782793192,0.21647612730601368,0.2010795133791718,0.11089061303486986,0.1648492249845298,BiLSTM
S77,0.1591201922225253,0.1333162136418651,0.21964057329489806,0.19806288593236446,0.11426953422817597,0.1755906006801711,BiLSTM
S78,0.5062941579994958,0.1551717123856672,0.09409592548714345,0.047722358015764736,0.03418965034421037,0.16252619576771812,1D-CNN
S79,0.09630964665438349,0.18379752647304853,0.3296705151750935,0.04617340460542327,0.06504204834699769,0.27900685874505204,BiLSTM
S80,0.13367465005820037,0.2894640737193379,0.2734158168761751,0.061552977529152474,0.18292524055049506,0.05896724126663883,ANN
S81,0.12386130516465611,0.16298922954849582,0.1636522208260584,0.11944543931757542,0.21397067091107724,0.2160811342321363,GRU
S82,0.13795563683124998,0.16560910625687722,0.1744886984100462,0.13549057091158956,0.18988628825795956,0.1965696993322767,GRU
S83,0.1958595655680338,0.14507787049236204,0.16337837134797328,0.21288293620432783,0.18374231579408223,0.0990589405932206,LSTM
S84,0.1949621212256365,0.12528793840204602,0.1474590656517276,0.1662220758538721,0.18677710132478376,0.17929169754193383,1D-CNN
S85,0.11841402126872642,0.10930527646837923,0.17827225253152182,0.19139921722515066,0.19402362938279358,0.2085856031234283,GRU
S86,0.13066139043795336,0.10441433694570222,0.19040786276396726,0.19545372175701528,0.16546890880023954,0.21359377929512208,GRU
S87,0.1667764426488085,0.16189342022737352,0.17998562248947228,0.1531062606941058,0.13999899202529317,0.19823926191494823,GRU
S88,0.15995269086613728,0.15486058970135586,0.19460395462261346,0.1548597109453825,0.14792611472462763,0.1877969391398834,BiLSTM
S89,0.09487947479973899,0.11854293225666435,0.24101847548317348,0.1902638118613178,0.16119367871655868,0.1941016268825466,BiLSTM
S90,0.14368354437518896,0.14615657457218295,0.21191628683555594,0.16014263121561792,0.14646125521587888,0.1916397077855758,BiLSTM
S91,0.021505729074107933,0.06579085255385556,0.16616884465103343,0.37420921345601726,0.3061191208608792,0.0662062394041064,LSTM
S92,0.10864699582318806,0.1521467465536589,0.14518709725187995,0.3431676147884241,0.1763709275612118,0.07448061802163715,LSTM
S93,0.2886386762370234,0.25938082680380015,0.10341082112074018,0.15233147565692015,0.10748939738412973,0.08874880279738646,1D-CNN
S94,0.33077654227590664,0.26209378462143695,0.08144551358480161,0.09872687126447043,0.11441359637775064,0.11254369187563312,1D-CNN
S95,0.2511049803449077,0.150286556583865,0.11133133260283597,0.13442728982374091,0.20112357541793452,0.15172626522671595,1D-CNN
S96,0.2178912023223303,0.1617022334747038,0.12935147236589198,0.15798489950602082,0.1782254717687064,0.1548447205623478,1D-CNN
S97,0.20454611492082975,0.1651466721277897,0.15303447404822718,0.1714409290059316,0.15230244706535884,0.15352936283186233,1D-CNN
S98,0.24228249464990062,0.1083903484072912,0.18056889291063782,0.21316908260273154,0.11847880049794098,0.1371103809314992,1D-CNN
S99,0.11441331403638695,0.14440966641277314,0.22032005846940136,0.22362561230967903,0.1264817806947466,0.17074956807701314,LSTM
S100,0.1817410437256259,0.24644371993923764,0.1784929005498155,0.13872911407490393,0.09038527903689478,0.1642079426735213,ANN
S101,0.07240839949014155,0.15671721929772914,0.2336960365174238,0.16234805011192965,0.1695546798351187,0.2052756147476559,BiLSTM
S102,0.059091863320407785,0.11990652988497821,0.19989161762810478,0.22922037484756158,0.27954799375621636,0.11234162056273232,CNN-LSTM
S103,0.067493291573792,0.10848575696607388,0.14137131935278446,0.40197916521697036,0.21934124741329147,0.06132921947708883,LSTM
S104,0.13709746217185478,0.1598432648389938,0.12544060267241952,0.3454434780190446,0.1511190962725274,0.08105609602515927,LSTM
S105,0.42366008998072124,0.301116031696471,0.05469134767999806,0.08671412927441705,0.06331251523266779,0.07050588613572448,1D-CNN
S106,0.6822625392154532,0.16580063000507875,0.025237820656517546,0.027831827460490028,0.04802179278828019,0.05084538987418006,1D-CNN
S107,0.1623212080555125,0.29315860503630975,0.07508674233992012,0.061534404844059205,0.17877895944496605,0.22912008027923214,ANN
S108,0.23166782820041737,0.11466145722338007,0.1404725433739276,0.08526311619524829,0.20082603498236395,0.22710902002466266,1D-CNN
S109,0.2204885860110302,0.198193141388609,0.152040059773147,0.11462021313063193,0.13651081628120684,0.17814718341537664,1D-CNN
S110,0.07959483446488798,0.09135856749847583,0.10985929627718752,0.14481955463979626,0.45875875949309397,0.11560898762655768,CNN-LSTM
S111,0.06256867672161655,0.11639879088569005,0.07161171930744832,0.10362260811512995,0.5720849229642185,0.07371328200589737,CNN-LSTM
S112,0.07009718493167787,0.0443890001946666,0.04588499927976666,0.10191921926360428,0.6841682061648413,0.05354139016544334,CNN-LSTM
S113,0.0899733665719734,0.0617196144771634,0.08193618822559876,0.16329316934007726,0.5090715258846269,0.0940061355005603,CNN-LSTM
S114,0.06304244057764641,0.1046346858025524,0.060694465898780754,0.12487067132575952,0.5668358698205889,0.07992186657467362,CNN-LSTM
S115,0.24371991992687966,0.09945621895431206,0.0828985539076335,0.22164273937381754,0.2734874149093312,0.07879515292802595,CNN-LSTM
S116,0.22437802798260909,0.23768161335602064,0.11625619314797317,0.20304338461431257,0.1494645191054297,0.06917626179365487,ANN
S117,0.2729506104755913,0.20056122703953688,0.06021154417730486,0.20712796694011595,0.21877124286810082,0.04037740849934943,1D-CNN
S118,0.2226381785195792,0.42587853808306364,0.03485271120848509,0.11400507369384158,0.18350823882116835,0.019117259673863577,ANN
S119,0.23548946246572575,0.3198188543128021,0.08683134127487079,0.1270027665507731,0.16665691299295793,0.06420066240287138,ANN
S120,0.207588688942898,0.1793867433696462,0.08298909335956846,0.14372416669649454,0.3315121733037448,0.05479913432764761,CNN-LSTM
S121,0.13497885226505763,0.18241898534950649,0.06770969418483823,0.13828035571897562,0.4272507171075602,0.049361395374060646,CNN-LSTM
S122,0.27480674941061994,0.24308941988317664,0.053402283015103254,0.1271928095061273,0.2534845420008726,0.04802419618410014,1D-CNN
S123,0.2668794282492958,0.2576876271296548,0.05725953714773803,0.14548227310620726,0.20672882049708796,0.06596231387001614,1D-CNN
S124,0.18842030734006465,0.17490644510396175,0.10314621042064463,0.20046864045111232,0.16771733737743003,0.16534105930678697,LSTM
S125,0.05578305213209227,0.03765269413111526,0.28450445030467636,0.2236185020411479,0.08538470026700105,0.3130566011239664,GRU
S126,0.03419962132819936,0.050590485749608255,0.32005858857871106,0.2214152545604802,0.050806306247708044,0.32292974353529347,GRU
S127,0.10094751883031979,0.11047204316341416,0.2702750809129053,0.08515293539510219,0.027328905473192153,0.4058235162250664,GRU
S128,0.09436419846506298,0.07037721437154985,0.3123163004266232,0.08998599132291091,0.044124719342144104,0.38883157607171015,GRU
S129,0.11967106062969841,0.10509294459823469,0.22430651517771122,0.08602638994551806,0.058930348828908206,0.4059727408199296,GRU
S130,0.1277428838103436,0.09537648741812241,0.21121165710343007,0.07579956574032731,0.05694416668935386,0.43292523923842263,GRU
S131,0.18024134776631962,0.16242106869669487,0.2181938717904455,0.16944198096917917,0.14814768084686822,0.12155404993049308,BiLSTM
S132,0.17773984680750302,0.17986786859303985,0.18399543069401209,0.17555747549625741,0.18348158998979874,0.0993577884193885,BiLSTM
S133,0.16226851353469757,0.1781382093310797,0.17033194841317378,0.1754489599905918,0.21039985319571686,0.10341251553473876,CNN-LSTM
S134,0.1989780679762681,0.19976434190839262,0.1136426729783535,0.17757328337446016,0.22582725231421483,0.08421438144830942,CNN-LSTM
S135,0.16028532591419434,0.1696647120157361,0.09093871328260275,0.25325403628578097,0.2589005096870456,0.06695670281464006,CNN-LSTM
S136,0.2377321501150666,0.17697246610081624,0.09040935261315365,0.20036748656238693,0.1963878446176415,0.09813069999093452,1D-CNN
S137,0.07565826148702831,0.05771262149245696,0.15775075823307486,0.2258297925791683,0.20267021250426887,0.2803783537040029,GRU
S138,0.030392178943636224,0.058287131898644394,0.2915772184683436,0.31877467994107594,0.0935927009324036,0.20737608981589517,LSTM
S139,0.10656157260509767,0.10780994629196795,0.29478447993573664,0.2022977001434708,0.06843498906503469,0.22011131195869105,BiLSTM
S140,0.169456951990607,0.1167777294983526,0.3246668112024802,0.135377240527882,0.06429253305597359,0.1894287337247056,BiLSTM
S141,0.16143195116326967,0.13490388755992067,0.2789830569781619,0.13481367103440892,0.09134322225182193,0.19852421101241619,BiLSTM
S142,0.1729204572102015,0.18849319482629934,0.1842829960571234,0.16225110409537943,0.16565577132508402,0.12639647648591246,ANN
S143,0.07958477509326135,0.09726110580259649,0.10072877319023224,0.39545789173339085,0.2848541725496939,0.0421132816308251,LSTM
S144,0.21795884337527272,0.18204259795508398,0.12422378273243488,0.2195467597606339,0.18811641193776066,0.06811160423881384,LSTM
S145,0.1802697389911805,0.15544614784382316,0.16041920072494273,0.18031488598289747,0.19847360083696688,0.1250764256201895,CNN-LSTM
S146,0.1910575724776181,0.17301631320247243,0.14163221717265548,0.17043356293098133,0.2213890948296046,0.10247123938666818,CNN-LSTM
S147,0.16892685992346657,0.2884770020599384,0.1036891828936848,0.14503919772316082,0.20800541520524266,0.0858623421945057,ANN
S148,0.2213845624934029,0.19490046491284543,0.08876457973241833,0.17748171470926222,0.23868046255682931,0.0787882155952418,CNN-LSTM
S149,0.23209417464681764,0.27574964320482837,0.07886993964755581,0.12474156310959875,0.1906795329384148,0.09786514645278466,ANN
S150,0.30180646226782004,0.24777562879441534,0.06950883786582845,0.09559201817364363,0.16793894973738233,0.1173781031609092,1D-CNN
S151,0.19066934028412202,0.09955163274111797,0.17097416903727808,0.12023577217989567,0.19826352628005872,0.22030555947752894,GRU
S152,0.04207496184794629,0.055163851425559525,0.33024667456893414,0.3695271811309181,0.06537431813703563,0.1376130128896054,LSTM
S153,0.06826908968160972,0.1815698218191787,0.298176230292098,0.29186375730505865,0.031637211755100945,0.12848388914695405,BiLSTM
S154,0.19127014011921653,0.13351084634512916,0.10441726450219348,0.4543003480937973,0.04694343048980459,0.0695579704498586,LSTM
S155,0.20129977688095038,0.2448555166544266,0.12287322760303364,0.2180390226165016,0.13710884436920684,0.07582361187588002,ANN
S156,0.14712795682921723,0.3149261110778931,0.11628042882830322,0.1704201341916046,0.1872381973446434,0.06400717172833971,ANN
S157,0.1573102390027703,0.13620161042636908,0.1356920580579674,0.19692248742687798,0.29775725397367847,0.07611635111233615,CNN-LSTM
S158,0.14072163153558578,0.19827230285575853,0.10830849638856643,0.16876178268194786,0.3105806622777046,0.07335512426043601,CNN-LSTM
S159,0.17855112602784037,0.24671376436987982,0.09115004399837452,0.18271157998499,0.20477265495895056,0.09610083065996312,ANN
S160,0.17659337003227124,0.17686379227504836,0.11896784451997779,0.19247050792668902,0.16463708893904377,0.17046739630697105,LSTM
S161,0.10738103273634823,0.07973356530905697,0.17278863465608757,0.1920034833790345,0.13276924022029926,0.31532404369917266,GRU
S162,0.05847314231199999,0.08351338617976595,0.2655907286170099,0.19665006463651907,0.10629410954892708,0.28947856870577926,GRU
S163,0.08840751727475825,0.11115336842488874,0.3023763519156712,0.1919852694060098,0.09456846628944612,0.21150902668922583,BiLSTM
S164,0.18198624654029322,0.1485680291957537,0.25656059422663974,0.13979033087729587,0.09628658546943916,0.1768082136905782,BiLSTM
S165,0.15405039635583545,0.23384845956810757,0.18890239573112136,0.1429851292281237,0.16960177083818445,0.11061184827862759,ANN
S166,0.14509054186378523,0.19816496126423586,0.11397241938168778,0.20918436917155284,0.24839121987665372,0.08519648844208431,CNN-LSTM
S167,0.22816710670536108,0.14725349517834463,0.1091926779008598,0.2281747411383178,0.18625314414145194,0.10095883493566501,LSTM
S168,0.16313395650621482,0.17920063552120635,0.13128119480407074,0.18959566264466257,0.16248676737181358,0.1743017831520322,LSTM
S169,0.10305509498000172,0.10213885146083902,0.2204481405169203,0.18580145375818508,0.1358977644223538,0.25265869486169984,GRU
S170,0.06304901952269114,0.06608532486812481,0.3456021181100519,0.2195041085392176,0.12341770817930678,0.18234172078060798,BiLSTM
S171,0.15285356458918845,0.10135269024827824,0.24556127142871853,0.16266105967573496,0.07987216556856004,0.2576992484895199,GRU
S172,0.16950013278575046,0.15480500319457366,0.2578930981276442,0.13334795683660033,0.0907552425292775,0.19369856652615366,BiLSTM
S173,0.14184118341512392,0.1516719663115352,0.18617833153326352,0.17667922967315877,0.1851218135895473,0.15850747547737087,BiLSTM
S174,0.106434816865986,0.11816459271594527,0.1812231415016522,0.18868338380269029,0.1770075941845519,0.2284864709291759,GRU
S175,0.11873893931581486,0.10407149167831033,0.22864091883551171,0.1467826976136061,0.11463121493442117,0.2871347376223362,GRU
S176,0.12688945051909556,0.24588779435255292,0.1499402296726904,0.10212664075398238,0.06716215114302757,0.3079937335586515,GRU
S177,0.29336683637022337,0.09577316825867684,0.15817320985805128,0.0954714898223138,0.07797810406271359,0.2792371916280216,1D-CNN
S178,0.03380131510757739,0.02948748847234899,0.3417584264871873,0.10972847382645623,0.08091835275744982,0.4043059433489802,GRU
S179,0.03747237503537422,0.06019202469520111,0.4993449771486004,0.0655876288147399,0.047258069954942666,0.2901449243511414,BiLSTM
S180,0.165906347810064,0.24148649978681652,0.2335142423291584,0.1334427922727052,0.11773125230126226,0.10791886549999308,ANN
S181,0.19275167192258602,0.2205112154670192,0.1642770120256751,0.17164359882872746,0.1718857846910711,0.07893071706492095,ANN
S182,0.18089708271007435,0.18877534027887366,0.1264764806243798,0.20948392434434568,0.2097049773767817,0.08466219466554462,CNN-LSTM
S183,0.22317119539532276,0.16253093247057043,0.09288957700587264,0.21981505564796114,0.23359646506363285,0.06799677441664012,CNN-LSTM
S184,0.19228187469646055,0.32797994409910824,0.08117121519446485,0.15959832503191185,0.16354744858931516,0.07542119238873882,ANN
S185,0.40119880577145267,0.25857226263013605,0.0567499473379708,0.0886403279223063,0.1320060868200146,0.06283256951811958,1D-CNN
S186,0.39374176561579627,0.15524426969162472,0.06504208889769172,0.06618235236751754,0.1519436811499035,0.16784584227746593,1D-CNN
S187,0.11911780781114088,0.16649711104709583,0.13011491955354107,0.1001757863516065,0.2980175659453515,0.18607680929126558,CNN-LSTM
S188,0.2212667626686304,0.26023048684995415,0.08320712392253,0.12309204421395027,0.18317147430695654,0.12903210803797832,ANN
S189,0.15255878558752123,0.20119328034041084,0.11007422053337722,0.1517353535017274,0.28068938313750813,0.10374897689945656,CNN-LSTM
S190,0.14657232170584553,0.2639521496506836,0.10362884832856645,0.11815534765581763,0.27004059976732936,0.0976507328917572,CNN-LSTM
S191,0.19973156601792813,0.1462297720025928,0.08784671826868072,0.14226985517166213,0.3367216068535545,0.08720048168558127,CNN-LSTM
S192,0.1721271384457473,0.20354026290887497,0.07626314208031776,0.12364319797484487,0.3486600510905075,0.07576620749970711,CNN-LSTM
S193,0.21483460483446726,0.23478837484996448,0.07316595912737284,0.16610896520431553,0.21986774220739994,0.09123435377647815,ANN
S194,0.25064601896446354,0.22318840292074518,0.09316648639263099,0.16416046401942203,0.13821050021535344,0.1306281274873836,1D-CNN
S195,0.07155558274651311,0.039612292089515465,0.24361804046071178,0.22709429108402715,0.07168906724606046,0.3464307263731719,GRU
S196,0.05681002983739184,0.07492215224585892,0.3283117108479099,0.18478840209866748,0.06585158017720823,0.2893161247929644,BiLSTM
S197,0.14160518787483004,0.1608695977225049,0.2886999538614629,0.15095193334628954,0.08918774321419373,0.16868558398071917,BiLSTM
S198,0.1964739524509543,0.1907911093873863,0.20496266651460368,0.15200713110625216,0.14205936130627933,0.11370577923452536,BiLSTM
S199,0.07729011024830905,0.14334935353735098,0.11554798493234919,0.22310903267560908,0.38830957739600674,0.0523939412103759,CNN-LSTM
S200,0.16354071532172296,0.15850139361959922,0.1069302685825898,0.23940197842404348,0.273125815412313,0.05849982863973115,CNN-LSTM
S201,0.26811165750377913,0.22826022565153026,0.07662807596635525,0.1758545202758897,0.20005585621484592,0.05108966438760093,1D-CNN
S202,0.31532667127148156,0.27480488801250785,0.05928439496473246,0.1191175209837004,0.17589258574850244,0.05557393901907459,1D-CNN
S203,0.2784047317379502,0.3768798140874166,0.04050930422256556,0.06856979943638628,0.18252676642460958,0.05310958409107168,ANN
S204,0.3723683209557676,0.28400611779705465,0.045183644861015296,0.07700224741574588,0.14190360705889657,0.07953606191152109,1D-CNN
S205,0.2207128898387163,0.2816628150348538,0.09573907096893343,0.11003306947825098,0.17944591675152693,0.11240623792771878,ANN
S206,0.19137511795042772,0.216085444165789,0.13812067825795946,0.12482709908635363,0.18716233745963107,0.14242932307983788,ANN
S207,0.2181466977845174,0.1907875399322699,0.12584887447990145,0.1292242865238174,0.2259042065302601,0.11008839474923328,CNN-LSTM
S208,0.17764149193211334,0.16833044143266532,0.11156643428002623,0.15326482698190808,0.292783108076195,0.09641369729709319,CNN-LSTM
S209,0.11220711443673656,0.14318057062421216,0.09412287656925614,0.22072143779370984,0.34605109476675544,0.08371690580932976,CNN-LSTM
S210,0.2072021289395395,0.2477435972203691,0.09576181818015947,0.16984151055226163,0.17337275042040598,0.10607819468726402,ANN
S211,0.18468779939649077,0.18797226184828522,0.13472175059315483,0.1538380713626745,0.16118158259754622,0.17759853420185,ANN
S212,0.12932489750112813,0.1359125646854421,0.202460052024278,0.17538435778872966,0.18462405252939298,0.17229407547102857,BiLSTM
S213,0.13924709108027714,0.13732078035656298,0.2221781895614159,0.20318384859246022,0.15818541184117668,0.13988467856810632,BiLSTM
S214,0.16901741868474363,0.22815614217863592,0.1226531802348138,0.19235386314488173,0.1925714397924128,0.09524795596451206,ANN
S215,0.07857097088759786,0.1312379848083748,0.08037368354173427,0.31199117068470483,0.35107689363775657,0.04674929643983163,CNN-LSTM
S216,0.23397939929735206,0.31760266759652506,0.06068541789539456,0.17084395541340852,0.1701741588063134,0.04671440099100612,ANN
S217,0.04647285081707204,0.031634366849529374,0.1889155066826919,0.356650496035931,0.2428938572697429,0.13343292234503154,LSTM
S218,0.03113529238062887,0.21066681696630202,0.20808305601500834,0.31685777077404875,0.06420754620130634,0.16904951766270482,LSTM
S219,0.2139553796346792,0.16429882249385802,0.12256765392052903,0.28005095821103215,0.11827030832603372,0.10085687741386824,LSTM
S220,0.14814676881019248,0.19314341872440013,0.15156756439007793,0.20748641422466124,0.20507082177985003,0.09458501207081807,LSTM
S221,0.17183183259089924,0.2093985810790007,0.14000670283482342,0.17141718133664524,0.22783739545039264,0.07950830670823839,CNN-LSTM
S222,0.18012351011708844,0.24904006307309107,0.10312987014058332,0.15491404452385887,0.25317279666720416,0.05961971547817398,CNN-LSTM
S223,0.19985506655514465,0.21177651387244362,0.07387009234038933,0.15314763654604904,0.3114477647282362,0.04990292595773684,CNN-LSTM
S224,0.18295848927008868,0.11867102310599002,0.07058411230417751,0.19969160923693655,0.37679404651133874,0.051300719571468124,CNN-LSTM
S225,0.23902591694814515,0.28740657253236296,0.06630756046777155,0.12728714739976008,0.21490976584046412,0.06506303681149597,ANN
S226,0.19220134384403584,0.5092859812383738,0.02937937632185658,0.0446488010232111,0.1871111830733649,0.037373314499158934,ANN
S227,0.41039227368715714,0.18900785119518498,0.0443318481935234,0.06949995916223053,0.23263801765045813,0.05413005011144688,1D-CNN
S228,0.18564978677522037,0.44282606756113685,0.03221567838007476,0.04757166968180334,0.2612602836676843,0.030476513934080244,ANN
S229,0.2408640237147943,0.1845137003804219,0.043109191209930724,0.1104954643595439,0.37299100377739264,0.04802661655791609,CNN-LSTM
S230,0.19826548505906225,0.3184829563796445,0.045749669259400966,0.09236763359923737,0.3060992694254656,0.03903498627719047,ANN
S231,0.19014498201310337,0.2174988805487821,0.0428790847820271,0.10095534427845522,0.40717753544879226,0.04134417292883984,CNN-LSTM
S232,0.2568702534363777,0.18625106017712817,0.08902310192115259,0.1515348879697386,0.24457265204422846,0.07174804445137471,1D-CNN
S233,0.1790652892825214,0.21258888620658062,0.09596008271395041,0.13979903325271617,0.2968659304585741,0.07572077808565607,CNN-LSTM
S234,0.15517162418321626,0.13298095858889672,0.0739991334830146,0.1488548695030985,0.4357734161325409,0.053219998109232926,CNN-LSTM
S235,0.17113264812822965,0.21513707707474863,0.10813094844467952,0.16311481067202305,0.2479904263658665,0.09449408931445198,CNN-LSTM
S236,0.19985020210989612,0.14992887970688276,0.1256957811518829,0.1883243048988769,0.17592119529320746,0.1602796368392539,1D-CNN
S237,0.19097598547731023,0.20495012245721433,0.13010588998653916,0.17270288505138526,0.14390197397047447,0.15736314305707574,ANN
S238,0.11811325934662606,0.10256923906926012,0.20486705346871642,0.18288111984315505,0.13418426797095262,0.25738506030128977,GRU
S239,0.093606264660575,0.09591319496675384,0.2752208228407836,0.21179863380562536,0.1159019027200754,0.20755918100618695,BiLSTM
S240,0.15971317830731488,0.1431644093209346,0.21175334760363612,0.1878982111384761,0.13076056540588682,0.1667102882237504,BiLSTM
S241,0.09362165685190646,0.11581587677434214,0.16344732670589207,0.2420303157534131,0.3031064489977641,0.08197837491668362,CNN-LSTM
S242,0.12068966313287208,0.19928825292585972,0.12081499443455143,0.23205271254875945,0.265507272416718,0.06164710454124056,CNN-LSTM
S243,0.22914177360618623,0.2520950798745813,0.08725179301995449,0.1477778297783454,0.22011320614246238,0.06362031757847,ANN
S244,0.42495788711409743,0.09778356580663493,0.0668958662266586,0.15326550061081823,0.20487493659262473,0.052222243649165605,1D-CNN
S245,0.12645640335136224,0.31437906293965906,0.08877045710038808,0.16663187876650842,0.216124878998191,0.08763731884389071,ANN
S246,0.438102829391113,0.22417215227512485,0.04922450830972392,0.06801136523634138,0.13922073389788797,0.08126841088981013,1D-CNN
S247,0.21143939840473075,0.27116148053979816,0.07610685994874411,0.07406589646393133,0.2555239505229111,0.111702414119886,ANN
S248,0.1349878623330805,0.0945990471172477,0.23009061008531004,0.22088409552194244,0.15917922629141762,0.16025915865100177,BiLSTM
S249,0.1888128180074296,0.10960213793504053,0.16330735484345674,0.20294160153530222,0.11573563801897058,0.21960044965980072,GRU
S250,0.17349363444642843,0.12811561246029224,0.17694003848575715,0.16578022297975653,0.09519168102611703,0.2604788106016483,GRU
S251,0.14417794788105348,0.13368238157619375,0.19645444221833713,0.15643602948654636,0.07682876419494314,0.2924204346429278,GRU
S252,0.14341679849828043,0.13217459003542087,0.23151548398781951,0.1622144853023506,0.10654655052679918,0.22413209164932968,BiLSTM
S253,0.13827471096516317,0.14900263259051102,0.22411014045544964,0.16884279382025769,0.14286665258870526,0.17690306957991297,BiLSTM
S254,0.14724492383396406,0.21414056464053505,0.18125957672238738,0.15405503686780883,0.18578044665836416,0.11751945127694041,ANN
S255,0.11649738445737229,0.20547303733606107,0.13248947148933807,0.20090147468310277,0.257128142430756,0.0875104896033694,CNN-LSTM
S256,0.17267467124511696,0.16906370353222225,0.10434997682901796,0.289041056467852,0.20018489783581625,0.064685694089974,LSTM
S257,0.21392687764635637,0.23342720668207287,0.09994616335800101,0.21004521115466915,0.14849560280815277,0.09415893835074703,ANN
S258,0.1790347852787416,0.12295003407186725,0.16080020586384491,0.1795160267061092,0.15072077585474272,0.20697817222469395,GRU
S259,0.04591751392207952,0.0768318607161546,0.3638106558808135,0.24317957557130934,0.12980840548282577,0.140451988426817,BiLSTM
S260,0.16446336461882816,0.18299102967352102,0.20819264769781803,0.18605098115950125,0.12676620089527013,0.13153577595506144,BiLSTM
S261,0.11587015000730579,0.20684043126953405,0.12077395239113652,0.19775175462494446,0.2689804219411073,0.08978328976597304,CNN-LSTM
S262,0.23732187022264825,0.11797511207178811,0.11611330531646397,0.19891018021974985,0.18433481448706857,0.14534471768228077,1D-CNN
S263,0.19039694663976348,0.14494402039886956,0.1397760768423159,0.19663915781488164,0.16414166172957187,0.1641021365745976,LSTM
S264,0.15044449861851686,0.2017876339892926,0.16797436059954957,0.16225425090481707,0.13529773470654186,0.18224152118128176,ANN
S265,0.11262951214796883,0.11171742435387791,0.2595313925043954,0.1901172936816161,0.13227797186665355,0.19372640544548855,BiLSTM
S266,0.1160157179076459,0.14994084996253926,0.24592321762915906,0.189219112394396,0.10648472462904449,0.19241637747721335,BiLSTM
S267,0.16731392035725867,0.17930810772091468,0.1979099398974986,0.15160842910950503,0.10913487208248888,0.19472473083233396,BiLSTM
S268,0.1314757926201126,0.19046949417528772,0.1382297896045129,0.21287685564829464,0.1950241955831588,0.13192387236863468,LSTM
S269,0.05853708173399714,0.05191698892825634,0.2030276282302311,0.16598189146835404,0.1440664068707133,0.3764700027684491,GRU
S270,0.03860421544409214,0.13158085542064818,0.2658442963234258,0.1593298239381511,0.10770156836866096,0.29693924050502163,GRU
S271,0.12874347702014605,0.181924947353119,0.2580437658754765,0.14409638363380514,0.10691433444054552,0.1802770916769077,BiLSTM
S272,0.14353628719118094,0.11366158045106832,0.22543324978589152,0.1532478180681257,0.14099215988294406,0.22312890462078977,BiLSTM
S273,0.13747366647421458,0.12469013429676185,0.19432336224650357,0.14779109932892145,0.12767541816872463,0.26804631948487556,GRU
S274,0.2031280756660768,0.11780520569860699,0.18142618623432757,0.16766099848442917,0.1494307741762742,0.18054875974028647,1D-CNN
S275,0.15524824886328517,0.20114349538778992,0.17897915470443437,0.18419713550969471,0.16289651287049975,0.11753545266429513,ANN
S276,0.1220552579800084,0.17962516252607294,0.21527821670094743,0.16881158604069388,0.1645053160251584,0.14972446072711887,BiLSTM
S277,0.12125969784583392,0.19067611594446363,0.19625761070508288,0.17232982664640534,0.1732095173195992,0.146267231538615,BiLSTM
S278,0.09638801855513718,0.1485508731375576,0.14163497869444452,0.2280512755018969,0.2791541549463722,0.10622069916459083,CNN-LSTM
S279,0.1645599805020197,0.19041728233489905,0.12486480683920295,0.19450104587617234,0.2012342295977036,0.1244226548500024,CNN-LSTM
S280,0.1905058297250588,0.1511805102218803,0.1329160816628673,0.1803070921972271,0.17725139288673905,0.16783909330622776,1D-CNN
S281,0.14253002194207248,0.13113299601994827,0.1794906732887108,0.1856665419429048,0.170019676180337,0.19116009062602635,GRU
S282,0.09885246517768649,0.12534984777436173,0.22500689262003362,0.2190299199927757,0.1457863898375843,0.18597448459755822,BiLSTM
S283,0.14611725249514884,0.14691169027139211,0.21607942825010054,0.17906404115925367,0.1315589953124884,0.18026859251161628,BiLSTM
S284,0.15161365643413302,0.16440267561596367,0.19988137980472204,0.16636931993936627,0.14346132773699904,0.17427164046881602,BiLSTM
S285,0.034840385064551574,0.10222780866286425,0.1985363504883973,0.2622844009445909,0.29471213231159954,0.107398922527996,CNN-LSTM
S286,0.047318729821297326,0.13002572837011142,0.14399514116230783,0.3707385824922785,0.23677510655285428,0.07114671160115187,LSTM
S287,0.3938209556050834,0.15934335995401155,0.08612056987305394,0.1709706717715595,0.11847199459986443,0.07127244819642725,1D-CNN
S288,0.37871790380396336,0.13068520977541592,0.09235428955685726,0.13936988860847577,0.14398868708527124,0.11488402117001617,1D-CNN
S289,0.21878337725261643,0.21908809819376598,0.11492667209207318,0.1338734175818201,0.15353869448774735,0.1597897403919763,ANN
S290,0.17043000746414771,0.13997050828250485,0.17776551718657904,0.19974927373814513,0.14345540400893605,0.16862928931968643,LSTM
S291,0.13618773623696728,0.08899815568913262,0.23801829429794077,0.25711385648429536,0.12124340632593943,0.15843855096572412,LSTM
S292,0.15531715769944987,0.16161560984646553,0.2249572616302628,0.19538265855272563,0.10061888487781202,0.16210842739328338,BiLSTM
S293,0.18731773855708114,0.22159910452369228,0.2022281815260169,0.13052677137000984,0.0894524255889132,0.16887577843428714,ANN
S294,0.07815038170881225,0.12245703354881587,0.2004658601754212,0.22776013353880697,0.2587328972292275,0.11243369379891731,CNN-LSTM
S295,0.05159826533856416,0.05372050209991273,0.12697113048934686,0.39944913991387854,0.31415989059985755,0.05410107155844227,LSTM
S296,0.11512710037763418,0.12641535117271635,0.10701296035251912,0.3623500659846991,0.21984061608834454,0.06925390602408596,LSTM
S297,0.34703178977839566,0.18529541870412064,0.07910961110439886,0.1747214235956233,0.12747405468176695,0.08636770213569447,1D-CNN
S298,0.0698784877182131,0.10601759096523225,0.146689558173878,0.2354789403528977,0.20267867798452016,0.23925674480525763,GRU
S299,0.23565351981104202,0.15353829214338996,0.1231501990178247,0.17570673092502945,0.15176693260552768,0.16018432549718753,1D-CNN
S300,0.15145829644238878,0.08407033917735532,0.20795504518745458,0.19099661827400344,0.16798425809778522,0.19753544282101315,BiLSTM
S301,0.10334272967065215,0.07865697667095019,0.2206728966356419,0.23439018357421706,0.1382639934627423,0.22467321998579434,LSTM
S302,0.14640128959061827,0.11004885432316877,0.1921337238474766,0.1678500596317445,0.1028332325204136,0.2807328400865784,GRU
S303,0.19513655079661452,0.14280889962762816,0.17958744593273357,0.141945052169663,0.09350477539102167,0.2470172760823389,GRU
S304,0.1481668490009281,0.14303109118793483,0.21448037822341134,0.15929501723787123,0.13059540241376175,0.20443126193609293,BiLSTM
S305,0.12523664483178185,0.1168791074127817,0.2341005382582966,0.1714232246817775,0.16448333203387838,0.18787715278148312,BiLSTM
S306,0.14076550567315851,0.16509920014230586,0.19220389569055557,0.17256890309483539,0.19360963103813766,0.1357528643610064,CNN-LSTM
S307,0.07912938619290497,0.17218623590537843,0.14557608780441644,0.2592611251146591,0.26152103374152286,0.08232613124111768,CNN-LSTM
S308,0.2330957258621538,0.2121060916027426,0.10043478651319941,0.21314782336994967,0.17335447826939587,0.06786109438256006,1D-CNN
S309,0.3157323590850996,0.15166906599267788,0.08759319292750553,0.21244215316343976,0.16198493456875313,0.07057829426252422,1D-CNN
