Segment,1D-CNN,ANN,GRU,Selected
S1,0.39052927448701474,0.31445060590807944,0.2950201196049058,1D-CNN
S2,0.6389497550344762,0.22195066882430906,0.1390995761412143,1D-CNN
S3,0.2626494655542493,0.375035493518806,0.3623150409269469,ANN
S4,0.23823240931430203,0.5261048123415363,0.23566277834416136,ANN
S5,0.41295269446073424,0.27297521925185403,0.3140720862874136,1D-CNN
S6,0.5239921731465232,0.16800462661828136,0.30800320023519534,1D-CNN
S7,0.16275309906287017,0.12580543645074035,0.7114414644863876,GRU
S8,0.14980935892948025,0.09989287072867291,0.7502977703418469,GRU
S9,0.21711836802322818,0.20570355361197518,0.5771780783647962,GRU
S10,0.25439647776107144,0.38508482573094654,0.36051869650798213,ANN
S11,0.1552485753136558,0.7899510045316002,0.054800420154746315,ANN
S12,0.17486361670840386,0.7288718494586657,0.09626453383292974,ANN
S13,0.212257957816645,0.7100964793691434,0.07764556281421138,ANN
S14,0.6004806764646017,0.2667000124649678,0.13281931107043,1D-CNN
S15,0.44417289063830245,0.155632003825824,0.4001951055358721,1D-CNN
S16,0.40699406713936775,0.2639721936177814,0.32903373924285056,1D-CNN
S17,0.3131356793113002,0.2905638061015794,0.39630051458712184,GRU
S18,0.34600461235570223,0.33623023208084624,0.31776515556345,1D-CNN
S19,0.43754846848526735,0.32161536161078735,0.24083616990394402,1D-CNN
S20,0.6009856387546058,0.21414736472770363,0.18486699651769123,1D-CNN
S21,0.8422290046462115,0.10433150695305081,0.05343948840073814,1D-CNN
S22,0.6241200412920092,0.3110159734409248,0.06486398526706659,1D-CNN
S23,0.272302194504786,0.5454432066429947,0.18225459885221917,ANN
S24,0.39511837467327404,0.09896867419191323,0.5059129511348125,GRU
S25,0.29345358077871575,0.30400468609970643,0.40254173312157704,GRU
S26,0.28492352602174364,0.24241565369700277,0.4726608202812522,GRU
S27,0.282925869041068,0.5321778333186928,0.18489629764023913,ANN
S28,0.29552983224002377,0.587149597831199,0.11732056992877724,ANN
S29,0.6234953881502755,0.3039372362473723,0.07256737560235374,1D-CNN
S30,0.1366572938969073,0.7992801764691995,0.06406252963389338,ANN
S31,0.8366602671836982,0.13172052402239615,0.03161920879390547,1D-CNN
S32,0.5872824046895816,0.3458128319143575,0.06690476339606305,1D-CNN
S33,0.3351009219470528,0.22395838445707436,0.44094069359587207,GRU
S34,0.5837477629817539,0.09599252564275715,0.3202597113754909,1D-CNN
S35,0.165014541221531,0.41822362873986507,0.4167618300386019,ANN
S36,0.36616913648027927,0.24930005598854454,0.3845308075311754,GRU
S37,0.6538258769923979,0.12708728574444858,0.21908683726315356,1D-CNN
S38,0.3146052386286424,0.20012869788809026,0.4852660634832674,GRU
S39,0.21765889960013474,0.14187100480674852,0.6404700955931162,GRU
S40,0.2798351714905599,0.23179178694039637,0.48837304156904376,GRU
S41,0.3105887521859352,0.34852682405017904,0.34088442376388506,ANN
S42,0.2177989307716354,0.7323658145646802,0.04983525466368333,ANN
S43,0.3639882259835706,0.5067447953781573,0.12926697863827147,ANN
S44,0.4201145371886066,0.41813195171261525,0.1617535110987783,1D-CNN
S45,0.7855193338011086,0.09712137811407752,0.11735928808481336,1D-CNN
S46,0.33661058688746176,0.3188506922770653,0.34453872083547354,GRU
S47,0.2565846196160578,0.3784286550172571,0.36498672536668275,ANN
S48,0.3028214432513295,0.22479345709109982,0.4723850996575708,GRU
S49,0.3660544529341049,0.3242141783265403,0.30973136873935336,1D-CNN
S50,0.4222955309077443,0.17529149119581158,0.40241297789644337,1D-CNN
S51,0.20684011298280325,0.3454543358739386,0.44770555114326005,GRU
S52,0.2760076641119163,0.4758467352110785,0.24814560067700353,ANN
S53,0.2631230435124317,0.4196393446973301,0.3172376117902401,ANN
S54,0.3083702244128938,0.37146883913811635,0.32016093644898974,ANN
S55,0.3707211871884683,0.3678432452642038,0.2614355675473297,1D-CNN
S56,0.7430508816793369,0.11014602277780615,0.14680309554285687,1D-CNN
S57,0.6847308562725387,0.02292632579876701,0.29234281792869427,1D-CNN
S58,0.44120799006403505,0.024793670828372534,0.5339983391075925,GRU
S59,0.3519498419717243,0.0925549453656614,0.5554952126626148,GRU
S60,0.2611327738990571,0.4269507368041318,0.3119164892968109,ANN
S61,0.36035446560617096,0.10684321262909245,0.5328023217647352,GRU
S62,0.16168901505717112,0.0933952357947682,0.7449157491480602,GRU
S63,0.058574965636554774,0.7581954718792312,0.183229562484214,ANN
S64,0.02879533184370979,0.08944527726303723,0.8817593908932528,GRU
S65,0.20701779407122903,0.5797459681380877,0.21323623779068357,ANN
S66,0.3470858182062386,0.4823479726636,0.17056620913016005,ANN
S67,0.6728975148515873,0.25520584505882665,0.07189664008958502,1D-CNN
S68,0.14660676601547057,0.15158097052226024,0.7018122634622681,GRU
S69,0.23594656946279513,0.5749541612450171,0.18909926929218696,ANN
S70,0.38063833429357874,0.3309141364769729,0.288447529229447,1D-CNN
S71,0.4113906917706892,0.3310751805808433,0.2575341276484663,1D-CNN
S72,0.34856479478186975,0.4699155977904383,0.1815196074276944,ANN
S73,0.76406606119209,0.12081048967848178,0.11512344912942875,1D-CNN
S74,0.3279356288417594,0.4817788654029445,0.1902855057552956,ANN
S75,0.21703461465962406,0.25557039968166073,0.5273949856587153,GRU
S76,0.2998888981388576,0.22091002550238814,0.47920107635875425,GRU
S77,0.34471121693481327,0.29606746916456617,0.3592213139006184,GRU
S78,0.9928330303092554,0.0034332906673501078,0.003733679023393752,1D-CNN
S79,0.4078152804949773,0.14786012534917917,0.44432459415584347,GRU
S80,0.15774799736139905,0.7042880024811363,0.1379640001574637,ANN
S81,0.3345276266452918,0.3449174548232147,0.3205549185314935,ANN
S82,0.3867738084029933,0.2568929942400419,0.3563331973569669,1D-CNN
S83,0.6026669509567483,0.21748407721431245,0.17984897182893977,1D-CNN
S84,0.48707073447215204,0.27561159442291,0.23731767110493723,1D-CNN
S85,0.4297432516655885,0.28897444439040965,0.2812823039440011,1D-CNN
S86,0.5763637735186934,0.06650760007311636,0.3571286264081893,1D-CNN
S87,0.28600526857704256,0.3370824774771503,0.3769122539458071,GRU
S88,0.2295954882332441,0.3481752503241679,0.42222926144258677,GRU
S89,0.2765875972842711,0.2999679986085281,0.42344440410720074,GRU
S90,0.054252126286744556,0.06236684440061262,0.8833810293126427,GRU
S91,0.21257208479988138,0.4296300165288342,0.35779789867128453,ANN
S92,0.33701697769434547,0.3990373421216513,0.26394568018400255,ANN
S93,0.2728953477496706,0.23401046827638503,0.4930941839739439,GRU
S94,0.4753165257956209,0.39061551061620997,0.13406796358816997,1D-CNN
S95,0.7267061634660629,0.11699801598950522,0.15629582054443258,1D-CNN
S96,0.5778214774973935,0.24927980137171685,0.17289872113089083,1D-CNN
S97,0.3933102022744736,0.33813894607087575,0.2685508516546513,1D-CNN
S98,0.34948649137008747,0.19566110445643226,0.4548524041734801,GRU
S99,0.22335464882769196,0.42170656642640214,0.3549387847459059,ANN
S100,0.18174643096628035,0.6490158931424197,0.16923767589130045,ANN
S101,0.34177655397343804,0.17101966867354476,0.48720377735301645,GRU
S102,0.06246515505425012,0.0918817639386034,0.8456530810071465,GRU
S103,0.3208914195895101,0.4417356059517999,0.23737297445868957,ANN
S104,0.37988200259382854,0.3879453937736185,0.2321726036325526,ANN
S105,0.640794128468629,0.23887410856476488,0.12033176296660524,1D-CNN
S106,0.6307674543532839,0.2735867857173197,0.09564575992939538,1D-CNN
S107,0.1655296905915649,0.2481523471467488,0.5863179622616862,GRU
S108,0.3856571265181747,0.2535902257748964,0.36075264770692683,1D-CNN
S109,0.3598560049620675,0.3670650174627262,0.2730789775752044,ANN
S110,0.2120996361399601,0.5179254263281099,0.2699749375319309,ANN
S111,0.27788955403341636,0.5550108328032309,0.16709961316335198,ANN
S112,0.5083570575240975,0.23276276476526844,0.25888017771063454,1D-CNN
S113,0.29436682413713144,0.2110737728240837,0.49455940303878676,GRU
S114,0.2629800109389903,0.39517306278648656,0.3418469262745207,ANN
S115,0.5426350879990263,0.1367065454697278,0.3206583665312459,1D-CNN
S116,0.3594631581816984,0.5010265031042708,0.139510338714031,ANN
S117,0.4594784891414447,0.40385502704829185,0.1366664838102626,1D-CNN
S118,0.28146709301726985,0.6410221350278926,0.07751077195483937,ANN
S119,0.282011471705251,0.5885811920082284,0.12940733628652054,ANN
S120,0.4082753840642615,0.4564297485809944,0.13529486735474383,ANN
S121,0.36415827041412674,0.5165404612909805,0.11930126829489335,ANN
S122,0.4492063357453968,0.46920682114483964,0.08158684310976222,ANN
S123,0.37495951545982364,0.5299678148769948,0.09507266966317968,ANN
S124,0.07458209497020729,0.04552408438957303,0.8798938206402193,GRU
S125,0.2308779820625853,0.09532878913236316,0.673793228805051,GRU
S126,0.16367165419186902,0.09278647374418571,0.7435418720639453,GRU
S127,0.15263041999725072,0.20819970834715046,0.6391698716556007,GRU
S128,0.1913321908974256,0.20149859881346335,0.6071692102891129,GRU
S129,0.3539879469075288,0.2405077626282305,0.4055042904642436,GRU
S130,0.34873278624434434,0.0846111222974713,0.5666560914581829,GRU
S131,0.29265924133997484,0.23657803736146293,0.470762721298563,GRU
S132,0.32117052363362664,0.4178450782538559,0.26098439811251745,ANN
S133,0.3364653720498153,0.4298125697086424,0.2337220582415417,ANN
S134,0.35665896880430054,0.5311749926722169,0.11216603852348217,ANN
S135,0.4492952770787386,0.35009455668951,0.20061016623175118,1D-CNN
S136,0.4397590319105313,0.21726190630007217,0.34297906178939613,1D-CNN
S137,0.31264519534212837,0.05618610341342776,0.6311687012444438,GRU
S138,0.1281832529881984,0.1927647630761242,0.6790519839356775,GRU
S139,0.21989282515577663,0.2954251830424087,0.484681991801814,GRU
S140,0.3567027344496553,0.26258821209358973,0.380709053456754,GRU
S141,0.3792685528568586,0.31316048850664596,0.30757095863649286,1D-CNN
S142,0.4192809200754948,0.378243663967109,0.20247541595739607,1D-CNN
S143,0.33438307516708415,0.3040049482981217,0.36161197653479366,GRU
S144,0.31373227268861265,0.3821806963926175,0.30408703091876954,ANN
S145,0.3171450800458001,0.3027684498534357,0.3800864701007633,GRU
S146,0.35261869842781746,0.39424335126123744,0.2531379503109456,ANN
S147,0.22683360893467572,0.6637012983918468,0.10946509267347712,ANN
S148,0.7403624882539338,0.1175370342779234,0.14210047746814153,1D-CNN
S149,0.3411847643112444,0.39215986892800053,0.26665536676075674,ANN
S150,0.252618717891004,0.16655622445024082,0.5808250576587546,GRU
S151,0.3353536643413359,0.199999892584384,0.4646464430742826,GRU
S152,0.20980705187827745,0.2816310365080656,0.5085619116136569,GRU
S153,0.24563417258226902,0.5163479908631601,0.23801783655457226,ANN
S154,0.5591119371152949,0.30572883695630965,0.13515922592839716,1D-CNN
S155,0.372895800005881,0.371786294774684,0.25531790521943354,1D-CNN
S156,0.17211048494783956,0.6938852247104724,0.13400429034168923,ANN
S157,0.37255439481480823,0.34779936969058156,0.2796462354946093,1D-CNN
S158,0.2805179845011152,0.5497475431285315,0.16973447237035244,ANN
S159,0.2094400027447763,0.6948104694771778,0.09574952777804589,ANN
S160,0.26979492155135226,0.3592625981862688,0.37094248026237714,GRU
S161,0.05632891251494421,0.031600090353111454,0.912070997131943,GRU
S162,0.12222541860539742,0.22488534034811755,0.6528892410464845,GRU
S163,0.21987802074300786,0.3156097639364811,0.4645122153205111,GRU
S164,0.36822120010087517,0.30613471124121805,0.3256440886579067,1D-CNN
S165,0.2469265885053983,0.6605546251633304,0.092518786331272,ANN
S166,0.30358321456360005,0.5668232524995614,0.1295935329368383,ANN
S167,0.6584005598571415,0.16690584249436843,0.17469359764848943,1D-CNN
S168,0.24427089241995767,0.2286341875283453,0.5270949200516957,GRU
S169,0.24740080353821686,0.12323942826576915,0.6293597681960137,GRU
S170,0.25240039029899314,0.267486176474032,0.48011343322697475,GRU
S171,0.42139633436060064,0.21575029723767378,0.3628533684017263,1D-CNN
S172,0.23911717883912992,0.11338501673989494,0.6474978044209758,GRU
S173,0.2820342542369591,0.39822962256606387,0.31973612319697564,ANN
S174,0.4977402376629145,0.1796175396286202,0.3226422227084649,1D-CNN
S175,0.3438014158187841,0.2819936867019831,0.3742048974792326,GRU
S176,0.3316672538820896,0.35439118300087347,0.31394156311703847,ANN
S177,0.6077352998360698,0.11372204110768731,0.2785426590562422,1D-CNN
S178,0.0693181667309123,0.050824633101404525,0.8798572001676832,GRU
S179,0.06246327172226664,0.10805612012866142,0.8294806081490723,GRU
S180,0.16228799529000945,0.46023240048306063,0.37747960422693255,ANN
S181,0.1959685290893966,0.525269743368951,0.27876172754165185,ANN
S182,0.19509496481305813,0.5066996977728458,0.29820533741409666,ANN
S183,0.3843059684829937,0.5177740033936429,0.09792002812336319,ANN
S184,0.3987252463900617,0.4800920723944092,0.12118268121552851,ANN
S185,0.4640037086504595,0.42633422237814483,0.10966206897139553,1D-CNN
S186,0.4727777931407068,0.1877810575803725,0.3394411492789199,1D-CNN
S187,0.3230882758491126,0.381570840260359,0.29534088389052815,ANN
S188,0.3451973196958683,0.42496191478773465,0.22984076551639557,ANN
S189,0.24947404401360523,0.4016951385261032,0.34883081746029426,ANN
S190,0.2944749966167943,0.5311083407180965,0.1744166626651104,ANN
S191,0.46545104117986735,0.3341336317532106,0.20041532706692206,1D-CNN
S192,0.3935246870237897,0.5013653317288399,0.1051099812473704,ANN
S193,0.382522627337683,0.5190770178834245,0.09840035477889209,ANN
S194,0.5426146500395242,0.16388515231165507,0.2935001976488194,1D-CNN
S195,0.11400965062093954,0.08076621909338112,0.8052241302856782,GRU
S196,0.15245130856635705,0.1861502465409293,0.6613984448927148,GRU
S197,0.23343406199071817,0.4408432591295005,0.32572267887978257,ANN
S198,0.35859927961971216,0.42313572417825696,0.21826499620202994,ANN
S199,0.3496193881285659,0.49714802693815396,0.15323258493328018,ANN
S200,0.42855316212127736,0.2815904652386643,0.2898563726400612,1D-CNN
S201,0.12702935164648266,0.8361254528933955,0.03684519546012126,ANN
S202,0.6320973586686318,0.2707007629415162,0.09720187838985034,1D-CNN
S203,0.2924152894073155,0.6654248331780915,0.042159877414593025,ANN
S204,0.5170430109624998,0.3122742340127603,0.17068275502474134,1D-CNN
S205,0.2914024030848396,0.43218127373650045,0.27641632317865894,ANN
S206,0.3010624619932071,0.35166917950942594,0.3472683584973668,ANN
S207,0.3964561484886283,0.3631990986032117,0.24034475290815988,1D-CNN
S208,0.47146700720722706,0.34201269074442414,0.18652030204834855,1D-CNN
S209,0.6709130972989839,0.22883502315738974,0.10025187954362721,1D-CNN
S210,0.28998301310921604,0.29390224971645873,0.41611473717432584,GRU
S211,0.2774089161278805,0.3051733777562669,0.41741770611585194,GRU
S212,0.3026891010343131,0.30238027934755585,0.3949306196181291,GRU
S213,0.34252317959367434,0.3656884860479874,0.29178833435833634,ANN
S214,0.43405543874210506,0.4773563500946667,0.08858821116323064,ANN
S215,0.37401757067549385,0.21968527351298367,0.40629715581152126,GRU
S216,0.26878201614556446,0.5354312154398673,0.19578676841456608,ANN
S217,0.34154423745268564,0.1227911590978163,0.5356646034495,GRU
S218,0.12183268522297297,0.5981795383826792,0.2799877763943504,ANN
S219,0.48487802530835106,0.21656861851158715,0.2985533561800625,1D-CNN
S220,0.32039646590839177,0.347023467487729,0.3325800666038785,ANN
S221,0.30617211224738006,0.4190039146097906,0.27482397314282864,ANN
S222,0.30902127203654617,0.5308332631606095,0.16014546480284395,ANN
S223,0.34488829569991863,0.5690326008324768,0.08607910346760354,ANN
S224,0.7595765221156777,0.13203626449640016,0.10838721338792179,1D-CNN
S225,0.3725149902745257,0.3281952902022654,0.2992897195232097,1D-CNN
S226,0.2401197885764394,0.6861446059902028,0.07373560543335787,ANN
S227,0.5872517609839949,0.2338795253070311,0.1788687137089724,1D-CNN
S228,0.16170723799220518,0.785888816667821,0.05240394533997329,ANN
S229,0.5501888130043955,0.2682916063408184,0.18151958065478618,1D-CNN
S230,0.33009418061621454,0.5671639878854409,0.10274183149834347,ANN
S231,0.3525096123776014,0.49546352602245775,0.15202686159993847,ANN
S232,0.4724729639665169,0.3236851372561426,0.20384189877734019,1D-CNN
S233,0.34232728046191363,0.4768002808132525,0.18087243872483383,ANN
S234,0.4448189542927543,0.3622413687044664,0.1929396770027788,1D-CNN
S235,0.3246394800321174,0.5412797888707164,0.13408073109716626,ANN
S236,0.6069193497831263,0.15197847685084495,0.2411021733660256,1D-CNN
S237,0.29802875812597873,0.3642195977087729,0.33775164416524844,ANN
S238,0.19075545006402475,0.21468863149539233,0.5945559184405829,GRU
S239,0.2947392709549333,0.21130434119557212,0.4939563878494928,GRU
S240,0.35447780291717756,0.3349871028312424,0.3105350942515772,1D-CNN
S241,0.5389171322285146,0.2686533557234826,0.19242951204800493,1D-CNN
S242,0.11378129838844515,0.8350236434014755,0.051195058210079906,ANN
S243,0.3788206100857917,0.4991293929123727,0.1220499970018358,ANN
S244,0.8394336701785472,0.06333675999951316,0.09722956982194154,1D-CNN
S245,0.14474365343608359,0.5958988752434315,0.2593574713204857,ANN
S246,0.43177764666438456,0.1379009219515037,0.4303214313841083,1D-CNN
S247,0.3321567812380357,0.46490481732808137,0.20293840143388484,ANN
S248,0.3196285544091551,0.36729826580874547,0.31307317978210203,ANN
S249,0.6192985358688937,0.09761926908196325,0.2830821950491431,1D-CNN
S250,0.7423122343253296,0.06013509513738501,0.1975526705372874,1D-CNN
S251,0.19350425158922704,0.11788318868199087,0.6886125597287828,GRU
S252,0.26200484953806297,0.2741519460553983,0.4638432044065406,GRU
S253,0.2854260293784662,0.34078505780339835,0.37378891281813614,GRU
S254,0.1442681740009739,0.7684335003099845,0.08729832568904156,ANN
S255,0.11123400081152494,0.8219943187285451,0.0667716804599299,ANN
S256,0.5200561106680316,0.29175080697242023,0.188193082359549,1D-CNN
S257,0.21325153589121573,0.27238155768062866,0.5143669064281586,GRU
S258,0.35498766407818266,0.16851777901508053,0.4764945569067348,GRU
S259,0.2133927066923433,0.35843382967252274,0.42817346363513314,GRU
S260,0.33523707108610556,0.3662290972120068,0.2985338317018869,ANN
S261,0.19597030512680041,0.6770070936333392,0.12702260123986017,ANN
S262,0.9011344808281376,0.02907376528359058,0.06979175388827083,1D-CNN
S263,0.21077979789023465,0.09419171514027096,0.6950284869694958,GRU
S264,0.14614703414454716,0.5696812611056343,0.28417170474981684,ANN
S265,0.38288213499918955,0.19687204235952657,0.42024582264128396,GRU
S266,0.288706585340154,0.4158692813185778,0.2954241333412671,ANN
S267,0.44488040288767766,0.27126601260043326,0.28385358451188986,1D-CNN
S268,0.24815025454024942,0.5043438474103281,0.24750589804942216,ANN
S269,0.30150115162710567,0.058087316828738966,0.6404115315441545,GRU
S270,0.08368197216362652,0.36150495713323993,0.554813070703133,GRU
S271,0.22874179198457295,0.4005282901241665,0.3707299178912594,ANN
S272,0.4292279980227677,0.2672885841313618,0.3034834178458713,1D-CNN
S273,0.31738311910225203,0.4336542830540748,0.2489625978436726,ANN
S274,0.37796669927094795,0.15228706183707008,0.46974623889198064,GRU
S275,0.2297525736948171,0.43050029322114813,0.3397471330840346,ANN
S276,0.19572631599409748,0.500626837432713,0.30364684657319096,ANN
S277,0.22811868988966763,0.5534245309768503,0.2184567791334858,ANN
S278,0.34775072826602715,0.4238924216876873,0.228356850046285,ANN
S279,0.3363384166784805,0.5127981998070479,0.15086338351447087,ANN
S280,0.9521226649781261,0.024995693102700015,0.02288164191917269,1D-CNN
S281,0.2158053474385173,0.36891575558195155,0.41527889697953235,GRU
S282,0.18369234787493977,0.33051623158929805,0.4857914205357616,GRU
S283,0.3040704912536404,0.2872672831399966,0.4086622256063649,GRU
S284,0.2860218864793838,0.40375269852853307,0.3102254149920822,ANN
S285,0.362719184226713,0.1696454461224982,0.46763536965078645,GRU
S286,0.22973530227754319,0.46606307956913406,0.3042016181533211,ANN
S287,0.8632797475122687,0.08819043094722043,0.04852982154051013,1D-CNN
S288,0.9292802427547174,0.030335053938494647,0.04038470330678712,1D-CNN
S289,0.0698066028859942,0.9012567119513045,0.0289366851627008,ANN
S290,0.3032919253546274,0.20913647376081101,0.4875716008845622,GRU
S291,0.28984020291495,0.26781979579961485,0.4423400012854371,GRU
S292,0.3006531793502256,0.3672785365453973,0.33206828410437456,ANN
S293,0.35227198658325276,0.49278745006505414,0.15494056335169318,ANN
S294,0.5689070870310265,0.19354080256569767,0.23755211040327562,1D-CNN
S295,0.31439630637848914,0.33885860938245616,0.3467450842390561,GRU
S296,0.4466243310305723,0.4473711387530805,0.10600453021634784,ANN
S297,0.6483885488937446,0.22931754916543165,0.12229390194082432,1D-CNN
S298,0.17002014230301737,0.4641757926418523,0.36580406505513025,ANN
S299,0.34710227084129364,0.12710471560736727,0.5257930135513398,GRU
S300,0.2574033134252829,0.3318588554332578,0.41073783114145856,GRU
S301,0.45463388837579793,0.1278018804231525,0.4175642312010497,1D-CNN
S302,0.26696331494631403,0.0784724533538121,0.654564231699873,GRU
S303,0.360283318072631,0.15338988574942294,0.48632679617794616,GRU
S304,0.20781308786620065,0.14898219848584576,0.6432047136479516,GRU
S305,0.2836686241732063,0.27724917626953,0.43908219955726585,GRU
S306,0.22820487102098577,0.45843667190565784,0.31335845707335824,ANN
S307,0.2343142008771572,0.4751613642678744,0.2905244348549696,ANN
S308,0.4663233414318815,0.4441882160790621,0.08948844248905613,1D-CNN
S309,0.7030810042596047,0.2014055036556439,0.09551349208475031,1D-CNN
S310,0.2941011296098276,0.3604648403275342,0.3454340300626383,ANN
S311,0.10003542811501924,0.224579295882445,0.6753852760025354,GRU
S312,0.18476598582797912,0.3661976249807071,0.44903638919131383,GRU
S313,0.5298203137068996,0.17246881063599315,0.2977108756571056,1D-CNN
S314,0.5863188904759135,0.08962565267366945,0.32405545685041676,1D-CNN
S315,0.2568719874601733,0.18454674793665993,0.5585812646031667,GRU
S316,0.21646953082263864,0.42694264093046924,0.35658782824689333,ANN
S317,0.2680894043794061,0.3060572526515867,0.4258533429690069,GRU
S318,0.2815150916552033,0.39894198677935544,0.31954292156544134,ANN
S319,0.21606192772845098,0.41433080780032416,0.3696072644712246,ANN
S320,0.20012594752409837,0.7475447094871639,0.052329342988736816,ANN
S321,0.4365860486501223,0.5079885559400651,0.05542539540981365,ANN
S322,0.3398078672713168,0.6078770270610059,0.052315105667676796,ANN
S323,0.7408645471792559,0.1306130185658219,0.1285224342549236,1D-CNN
S324,0.32763409007020605,0.6108921147664106,0.06147379516338334,ANN
S325,0.522048840059673,0.2067971036942773,0.2711540562460497,1D-CNN
S326,0.6668700133097911,0.12057377869962137,0.21255620799058528,1D-CNN
S327,0.14379341553650613,0.6371280406624338,0.21907854380106,ANN
S328,0.08667604630593066,0.0418136028541869,0.871510350839882,GRU
S329,0.24709486998756464,0.27686992834699026,0.47603520166544455,GRU
S330,0.2307532676748762,0.16419521032543113,0.6050515219996924,GRU
S331,0.28177790790057144,0.12389369024050163,0.5943284018589262,GRU
S332,0.23805258523953293,0.4738447172680398,0.2881026974924265,ANN
S333,0.3237459261539093,0.5494765694515721,0.12677750439451818,ANN
S334,0.5048404245134601,0.3029249278041173,0.1922346476824223,1D-CNN
S335,0.5921013860341018,0.2409381403421903,0.16696047362370858,1D-CNN
S336,0.31608837356656105,0.22096439737372822,0.46294722905971203,GRU
S337,0.21361690370523528,0.157785719778931,0.6285973765158339,GRU
S338,0.2163282352233341,0.22774237053953827,0.5559293942371275,GRU
S339,0.43055696997018583,0.27186107198479076,0.29758195804502396,1D-CNN
S340,0.35205014140756263,0.3849727008744242,0.2629771577180118,ANN
S341,0.1888045136712921,0.7428597422350899,0.06833574409361949,ANN
S342,0.12170482842492132,0.06987305954302908,0.8084221120320523,GRU
S343,0.12840248950367997,0.7901432576591798,0.08145425283713945,ANN
S344,0.4952818920125709,0.35982658355764063,0.1448915244297891,1D-CNN
S345,0.16430719445657924,0.761765454069574,0.07392735147384599,ANN
S346,0.3892697758072452,0.1685440393094458,0.44218618488331357,GRU
S347,0.231011040310711,0.23934985116960478,0.5296391085196831,GRU
S348,0.10398732001584271,0.7851549349143877,0.1108577450697695,ANN
S349,0.360729402891661,0.3903921314851187,0.24887846562322047,ANN
S350,0.42564012532472034,0.49375077619479707,0.08060909848048252,ANN
S351,0.4671110613524609,0.2231827140479726,0.3097062245995658,1D-CNN
S352,0.26176301323292456,0.388592894544449,0.349644092222627,ANN
S353,0.31757318309311633,0.1716957251277522,0.5107310917791309,GRU
S354,0.24547729696952733,0.2342258523054387,0.5202968507250338,GRU
S355,0.2975895342563271,0.37718957775146045,0.32522088799221155,ANN
S356,0.33915456255156684,0.4134063391679462,0.24743909828048757,ANN
S357,0.47351138305782303,0.41204424816270474,0.11444436877947407,1D-CNN
S358,0.5611138293172201,0.19983906203796556,0.23904710864481635,1D-CNN
S359,0.3238644044528506,0.3121939508924018,0.36394164465474826,GRU
S360,0.236740457874913,0.16882823446799028,0.5944313076570978,GRU
S361,0.22418696623172324,0.3113610092012168,0.4644520245670585,GRU
S362,0.25564647996021583,0.2379398007149662,0.5064137193248166,GRU
S363,0.14602195316900057,0.23718502015148657,0.616793026679513,GRU
S364,0.03771631303678262,0.8290717738004365,0.13321191316278072,ANN
S365,0.4103160813307577,0.4395189245453354,0.15016499412390968,ANN
S366,0.49857886296284865,0.2730736653171288,0.2283474717200243,1D-CNN
S367,0.32040713100343504,0.4607843361295934,0.21880853286697385,ANN
S368,0.17482710930199985,0.29193313306030694,0.5332397576376954,GRU
S369,0.11537416863289662,0.16317835867608851,0.7214474726910163,GRU
S370,0.30693698765816346,0.4145416277938554,0.27852138454797987,ANN
S371,0.7158181384475965,0.11205629653167117,0.17212556502073306,1D-CNN
S372,0.41870087328013894,0.2386511642275244,0.34264796249233626,1D-CNN
S373,0.22923217036387286,0.3234037182159126,0.44736411142021265,GRU
S374,0.29549767779067904,0.16619219635548,0.5383101258538411,GRU
S375,0.29282704788060215,0.31878985580004704,0.3883830963193502,GRU
S376,0.43332674358791745,0.34357757374999115,0.22309568266209137,1D-CNN
S377,0.021862109011635773,0.03822153681472527,0.9399163541736391,GRU
S378,0.18251161088398704,0.23674575790961302,0.5807426312064012,GRU
S379,0.2304499978476555,0.5280093374725003,0.2415406646798432,ANN
S380,0.30620291416705314,0.42859216980478837,0.26520491602815727,ANN
S381,0.19676517276874592,0.7099841098348838,0.09325071739636982,ANN
S382,0.24825465328729532,0.698391818952171,0.05335352776053362,ANN
S383,0.37714662772692764,0.21164745500605786,0.4112059172670137,GRU
S384,0.22677972141720731,0.5360567372669617,0.2371635413158326,ANN
S385,0.2996660856521776,0.2898899385855103,0.410443975762314,GRU
S386,0.2380461286146449,0.4893360930674394,0.2726177783179151,ANN
S387,0.2872771387750174,0.41568473058151395,0.2970381306434693,ANN
S388,0.26689494649256695,0.3835926879986678,0.3495123655087642,ANN
S389,0.3323322252940936,0.49455027376781074,0.17311750093809541,ANN
S390,0.4783256981812289,0.3848898999688575,0.13678440184991245,1D-CNN
S391,0.5275619677726524,0.3667783188997333,0.10565971332761412,1D-CNN
S392,0.20147245065301453,0.7628798521807552,0.035647697166227836,ANN
S393,0.26532994826800915,0.6858062210060001,0.048863830725989855,ANN
S394,0.2537165038525512,0.6559379031609368,0.09034559298651165,ANN
S395,0.44272563785972446,0.03908682824850478,0.5181875338917701,GRU
S396,0.12262923559103617,0.44926333818715325,0.4281074262218106,ANN
S397,0.356269636939656,0.2618822673110244,0.3818480957493203,GRU
S398,0.3771880848831815,0.14023475378204275,0.4825771613347744,GRU
S399,0.30185626901166857,0.37285787743178866,0.3252858535565425,ANN
S400,0.45887505639714776,0.2921820301567783,0.2489429134460738,1D-CNN
S401,0.3904499454815577,0.3371079952432855,0.2724420592751546,1D-CNN
S402,0.32981154520501615,0.4583152466902777,0.21187320810470564,ANN
S403,0.3078163611105984,0.6342061660343706,0.0579774728550307,ANN
S404,0.26875563689641935,0.6618856560117303,0.06935870709185145,ANN
S405,0.5147924840603528,0.3839278268084886,0.1012796891311579,1D-CNN
S406,0.6090977442717193,0.08680751537067213,0.30409474035761064,1D-CNN
S407,0.25883345326524715,0.38341645909551647,0.35775008763923627,ANN
S408,0.24610788338836534,0.30673873127624196,0.44715338533539234,GRU
S409,0.3194951773544542,0.3580246778181716,0.32248014482737253,ANN
S410,0.33088218076473713,0.40665046540334954,0.26246735383191305,ANN
S411,0.5166758044091183,0.2803693210693009,0.20295487452158284,1D-CNN
S412,0.3354919028171002,0.5719398279793487,0.09256826920355081,ANN
S413,0.7921439331168187,0.1467206928534869,0.06113537402969392,1D-CNN
S414,0.492066505450424,0.44180471590515313,0.06612877864442111,1D-CNN
S415,0.7383319686076947,0.1570876038385108,0.10458042755379368,1D-CNN
S416,0.26164151003543223,0.6566135838546638,0.08174490610990243,ANN
S417,0.29290517950509093,0.4216539279965289,0.2854408924983798,ANN
S418,0.24205554176460653,0.5629459022176342,0.19499855601775945,ANN
S419,0.42781543666418953,0.34308597912275896,0.22909858421305218,1D-CNN
S420,0.30717395251763663,0.5886909129218968,0.10413513456046715,ANN
S421,0.5023199646546539,0.2110949035692149,0.2865851317761314,1D-CNN
S422,0.4262238664836481,0.49120038477393463,0.08257574874241741,ANN
S423,0.2743389913936869,0.21369754092016083,0.5119634676861549,GRU
S424,0.29163987251039764,0.4464167953802004,0.2619433321093999,ANN
S425,0.3588249568933078,0.2984270774597622,0.3427479656469325,1D-CNN
S426,0.3817485254006608,0.48327171703473093,0.1349797575646081,ANN
S427,0.4033736857270168,0.42602332396770626,0.1706029903052764,ANN
S428,0.37382020248637754,0.23445474742652028,0.39172505008710035,GRU
S429,0.39611708433268383,0.552819179565521,0.051063736101794585,ANN
S430,0.539683282045536,0.324795609176807,0.1355211087776569,1D-CNN
S431,0.7666243413541595,0.11614251015555943,0.11723314849028077,1D-CNN
S432,0.2783099410273035,0.49712576097250044,0.224564298000196,ANN
S433,0.07694639925444532,0.05385132194418194,0.8692022788013728,GRU
S434,0.21377824592164857,0.10454476820273606,0.6816769858756172,GRU
S435,0.1678891393163925,0.316044422530674,0.5160664381529333,GRU
S436,0.21755328936621054,0.5081228548431775,0.2743238557906105,ANN
S437,0.23404911231883416,0.5927153566249607,0.1732355310562052,ANN
S438,0.5469225204456656,0.24091665846974464,0.21216082108458983,1D-CNN
S439,0.3678535879263388,0.3145382421283616,0.31760816994529945,1D-CNN
S440,0.2364765372796349,0.1342586136283316,0.629264849092034,GRU
S441,0.6773567709407,0.045061462708863534,0.277581766350437,1D-CNN
S442,0.2784080425667308,0.2294044775570184,0.4921874798762501,GRU
S443,0.12347018864383645,0.08277597821381125,0.7937538331423524,GRU
S444,0.24310161721779835,0.33761484242119494,0.41928354036100546,GRU
S445,0.1372634895109665,0.669261811914353,0.1934746985746824,ANN
S446,0.11880973076965334,0.8099246548854115,0.07126561434493507,ANN
S447,0.31152653669480507,0.4734345262392206,0.21503893706597435,ANN
S448,0.4864218948808742,0.36016541314986134,0.15341269196926624,1D-CNN
S449,0.4557107087193447,0.3815026468580481,0.16278664442260918,1D-CNN
S450,0.3632531400440831,0.38214685238724594,0.254600007568671,ANN
S451,0.33035671887886264,0.3587112205155712,0.3109320606055659,ANN
S452,0.5354375578267787,0.25167560797597593,0.2128868341972453,1D-CNN
S453,0.32863578972330815,0.27202136177115527,0.3993428485055365,GRU
S454,0.22508730993013404,0.4249703605341033,0.34994232953576326,ANN
S455,0.2914578893316735,0.2998176121688324,0.40872449849949377,GRU
S456,0.26754034689949324,0.40420077261013665,0.3282588804903702,ANN
S457,0.24890500675988123,0.3719959051521073,0.37909908808800996,GRU
S458,0.19952125864446085,0.49869080321618187,0.3017879381393586,ANN
S459,0.3525529944700451,0.48244243752018345,0.16500456800977217,ANN
S460,0.5353536616442173,0.3572136931875336,0.10743264516825006,1D-CNN
S461,0.20829991054484442,0.6174467059972211,0.1742533834579339,ANN
S462,0.6271685892388857,0.2543261450568022,0.11850526570431366,1D-CNN
S463,0.3164948060535008,0.5482173874058557,0.13528780654064282,ANN
S464,0.37548873406929695,0.42051914072560603,0.20399212520509596,ANN
S465,0.0710415730717703,0.863633260546193,0.06532516638203587,ANN
S466,0.6512626117652552,0.17693887045400505,0.17179851778073965,1D-CNN
S467,0.3734725200118864,0.250903012363826,0.375624467624289,GRU
S468,0.28329779760379725,0.3986009864964879,0.3181012158997176,ANN
S469,0.352274017541259,0.29363405315619384,0.35409192930254607,GRU
S470,0.36407803529814803,0.4218740829712534,0.21404788173060132,ANN
S471,0.3502051464887875,0.44664191141586984,0.20315294209534335,ANN
S472,0.2755989711107329,0.21607577122452018,0.5083252576647478,GRU
S473,0.22945743583943576,0.3974664200263458,0.3730761441342178,ANN
S474,0.203368803204528,0.2706091756434046,0.5260220211520675,GRU
S475,0.24849250041259652,0.3062106173193927,0.4452968822680128,GRU
S476,0.32971615878261895,0.2947322652824503,0.3755515759349316,GRU
S477,0.4293978857300372,0.48874339239664333,0.08185872187331894,ANN
S478,0.3709660890250956,0.31720966875601797,0.31182424221888627,1D-CNN
S479,0.20020029644042417,0.6994784514368231,0.10032125212275252,ANN
S480,0.5578389402214772,0.3437180608030395,0.0984429989754842,1D-CNN
S481,0.651708330978571,0.2581773909657396,0.09011427805569121,1D-CNN
S482,0.6310585758307046,0.1304436073959013,0.23849781677339285,1D-CNN
S483,0.32604646033116347,0.3771649620384447,0.2967885776303914,ANN
S484,0.311555610577296,0.4320450609145049,0.2563993285081981,ANN
S485,0.2895480094027356,0.418036684526011,0.2924153060712528,ANN
S486,0.5444911332815162,0.2230636099173374,0.2324452568011485,1D-CNN
S487,0.5393201159487264,0.2500429464416372,0.21063693760963703,1D-CNN
S488,0.4272862145050166,0.33230439902000475,0.2404093864749806,1D-CNN
S489,0.17082686358500343,0.11939165656591796,0.7097814798490781,GRU
S490,0.20209289160422828,0.24638815356534716,0.5515189548304225,GRU
S491,0.26402373366509563,0.3352119029190684,0.4007643634158341,GRU
S492,0.3096651926425914,0.520293444635354,0.17004136272205525,ANN
S493,0.24340625050044484,0.6321467082884276,0.1244470412111277,ANN
S494,0.6821288940008342,0.06022448796580606,0.25764661803336036,1D-CNN
S495,0.1456318186081988,0.6874937177325858,0.16687446365921524,ANN
S496,0.363557355655752,0.3509082699531428,0.28553437439110496,1D-CNN
S497,0.3839528546644031,0.353840347883885,0.2622067974517113,1D-CNN
S498,0.38553857258373736,0.3892598359628735,0.22520159145338894,ANN
S499,0.47128010635320033,0.25985708217434805,0.26886281147245394,1D-CNN
S500,0.11453909594722718,0.7965073048695633,0.08895359918320943,ANN
S501,0.5590750038782942,0.32547750398364994,0.11544749213805569,1D-CNN
S502,0.5189743206019711,0.30934357922164435,0.17168210017638505,1D-CNN
S503,0.3768359306352062,0.4293459701828335,0.19381809918195814,ANN
S504,0.49275383500602044,0.31764101913710063,0.18960514585687835,1D-CNN
S505,0.5403353410580329,0.2841222531364295,0.17554240580553596,1D-CNN
S506,0.13309384743253133,0.7478047567613396,0.11910139580612908,ANN
S507,0.24905928631297278,0.2959552928096184,0.45498542087740895,GRU
S508,0.2212501705598194,0.5889848845024201,0.1897649449377605,ANN
S509,0.3524602659232478,0.31144608906237226,0.33609364501437977,1D-CNN
S510,0.1705984012974922,0.6304794433435895,0.19892215535891833,ANN
S511,0.3296917272009125,0.5116253025393324,0.1586829702597548,ANN
S512,0.4956885555959114,0.08862559258798333,0.41568585181610473,1D-CNN
S513,0.2830926366936756,0.3392293835767309,0.3776779797295927,GRU
S514,0.313698653080197,0.27084805567992637,0.41545329123987856,GRU
S515,0.34288616157045526,0.2906375285408737,0.3664763098886711,GRU
S516,0.3223689887858565,0.4281704477912265,0.2494605634229163,ANN
S517,0.33891360528493986,0.41980006335340886,0.241286331361652,ANN
S518,0.2711696373700457,0.3097758667322382,0.4190544958977155,GRU
S519,0.4588161789555865,0.28310743501050406,0.2580763860339102,1D-CNN
S520,0.2631447430338815,0.4803997277519989,0.2564555292141182,ANN
S521,0.4414099743528239,0.27503505189749633,0.2835549737496792,1D-CNN
S522,0.19527537540961992,0.6861453026719249,0.11857932191845529,ANN
S523,0.26295034756874497,0.3696552888739058,0.3673943635573485,ANN
S524,0.25846507620589115,0.5632573243783192,0.17827759941578927,ANN
S525,0.3085345251542367,0.4538659228668776,0.23759955197888524,ANN
S526,0.24495324992523848,0.6463153688050531,0.1087313812697084,ANN
S527,0.2144187244553462,0.6134438700689214,0.17213740547573178,ANN
S528,0.30670740769661875,0.5906889283063163,0.10260366399706478,ANN
S529,0.4170234866407221,0.40348450964397714,0.17949200371530052,1D-CNN
S530,0.2675033027672813,0.6243522088237793,0.10814448840893805,ANN
S531,0.3969182611406357,0.4290344912900325,0.1740472475693314,ANN
S532,0.44027598298330717,0.4330149279908738,0.12670908902581712,1D-CNN
S533,0.4051749999313202,0.46695500921601363,0.12786999085266695,ANN
S534,0.7804053329895183,0.14427379974354432,0.07532086726693703,1D-CNN
S535,0.17214986522158895,0.677662961539582,0.15018717323882855,ANN
S536,0.26743876097169633,0.2325914065116354,0.4999698325166682,GRU
S537,0.2509737649492993,0.40345789753312333,0.3455683375175771,ANN
S538,0.38402359837014416,0.29076803952863817,0.3252083621012173,1D-CNN
S539,0.5764803227897685,0.2658900524647546,0.15762962474547565,1D-CNN
S540,0.2737222464319572,0.16702974323272363,0.559248010335317,GRU
S541,0.27090385622811797,0.3265458917366388,0.40255025203524286,GRU
S542,0.3227785631265295,0.3505701788615712,0.3266512580118993,ANN
S543,0.3174009262043867,0.4800670496946269,0.20253202410098564,ANN
S544,0.3395205914220167,0.5734226707029033,0.0870567378750801,ANN
S545,0.39484797396935434,0.45660841690616266,0.14854360912448186,ANN
S546,0.4369872610997159,0.44314344664368643,0.11986929225659942,ANN
S547,0.4427105811110587,0.43150300790642065,0.12578641098252047,1D-CNN
S548,0.5382258762823109,0.3701033019843545,0.09167082173333463,1D-CNN
S549,0.6261363722767952,0.18451889268155763,0.18934473504164867,1D-CNN
S550,0.31463236076512835,0.6154465663246772,0.0699210729101923,ANN
S551,0.16238707084243134,0.23068999629815107,0.6069229328594171,GRU
S552,0.20207333232773703,0.23433306784579055,0.5635935998264712,GRU
S553,0.3758769064175688,0.22583350185173107,0.3982895917307003,GRU
S554,0.6038065342823937,0.11685668423281527,0.27933678148479085,1D-CNN
S555,0.245919045981292,0.13813358948166504,0.6159473645370431,GRU
S556,0.11287710734850978,0.07768759173836291,0.809435300913129,GRU
S557,0.20786407108633148,0.14184023030616685,0.6502956986075035,GRU
S558,0.3236633620749715,0.15122264913668002,0.5251139887883478,GRU
S559,0.5578570808378969,0.16325121493024736,0.27889170423185755,1D-CNN
S560,0.2662049262733127,0.3938614427242406,0.3399336310024454,ANN
S561,0.46659760179681464,0.20532741994445766,0.3280749782587256,1D-CNN
S562,0.3902925444164583,0.1599388308451301,0.44976862473841167,GRU
S563,0.3035594459168368,0.25125925021179546,0.4451813038713677,GRU
S564,0.2550165307589585,0.14022585223609,0.6047576170049513,GRU
S565,0.1461987985994212,0.059309480995230326,0.7944917204053484,GRU
S566,0.12737103140984557,0.08461343317384334,0.7880155354163111,GRU
S567,0.27134088184776006,0.3167268543147376,0.4119322638375022,GRU
S568,0.2063311296236239,0.3754150762104121,0.41825379416596353,GRU
S569,0.06829755105450541,0.09349032499797524,0.8382121239475224,GRU
S570,0.36491145122269897,0.4266176187509773,0.20847093002632375,ANN
S571,0.7219467035822882,0.0799258835237258,0.19812741289398528,1D-CNN
S572,0.14484718136827218,0.346502177571923,0.508650641059805,GRU
S573,0.7037479138687991,0.24097110473412853,0.05528098139707223,1D-CNN
S574,0.4350432765697907,0.48359030758748106,0.08136641584272959,ANN
S575,0.32200824971082603,0.6258741646800576,0.05211758560911772,ANN
S576,0.27039772083334024,0.45059297654613917,0.27900930262052037,ANN
S577,0.26632555799951635,0.4003879637181094,0.3332864782823737,ANN
S578,0.3207594523246904,0.31431352521305556,0.36492702246225356,GRU
S579,0.3602447164572982,0.3516471261885726,0.28810815735412926,1D-CNN
S580,0.32255133932220514,0.3854243347010465,0.29202432597674843,ANN
S581,0.28464502693996907,0.339194339423436,0.3761606336365954,GRU
S582,0.5107505898188197,0.27716388551260845,0.212085524668571,1D-CNN
S583,0.38261018146817605,0.3614878972052607,0.25590192132656325,1D-CNN
S584,0.2297328991366832,0.6741795132293514,0.0960875876339644,ANN
S585,0.444704698478775,0.33116028516014384,0.22413501636108085,1D-CNN
S586,0.6696212482869592,0.14558050894889296,0.18479824276414988,1D-CNN
S587,0.3005466013396191,0.21427394956521298,0.4851794490951698,GRU
S588,0.20831605766213912,0.4664653491411242,0.32521859319673485,ANN
