Segment,1D-CNN,ANN,CNN-LSTM,GRU,Selected
S1,0.18422304017199012,0.19194357312129523,0.42192556472880427,0.20190782197791451,CNN-LSTM
S2,0.31594057756840077,0.27780834189651826,0.2549086076700977,0.15134247286498245,1D-CNN
S3,0.17664396730022297,0.3158286696107974,0.3961133089691704,0.11141405411981199,CNN-LSTM
S4,0.22511174335617445,0.41556374608601426,0.2522872480909908,0.10703726246682041,ANN
S5,0.21700094249441165,0.16440945676759994,0.3925871349395115,0.22600246579847774,CNN-LSTM
S6,0.289213190154289,0.16610521360412384,0.23077019308164418,0.31391140315993954,GRU
S7,0.22756188564947308,0.1888820452909283,0.28834233636005185,0.2952137326995431,GRU
S8,0.2895200926563638,0.15257485485004044,0.12126363523143079,0.4366414172621636,GRU
S9,0.11749283180975477,0.09905703854395079,0.18316333837879123,0.6002867912675031,GRU
S10,0.2049649720085557,0.2519787559988296,0.18530559906148517,0.35775067293112894,GRU
S11,0.21029272342481253,0.38790874199694164,0.27722885755950755,0.12456967701873603,ANN
S12,0.17515247323288588,0.2695972351701882,0.47404330262901656,0.08120698896791242,CNN-LSTM
S13,0.1691773617781754,0.26183997427978595,0.5055363867553386,0.0634462771866992,CNN-LSTM
S14,0.21090412568899322,0.38637853057179816,0.313503941665848,0.08921340207335968,ANN
S15,0.4451776591319545,0.3195871913650408,0.15160787001174192,0.08362727949126435,1D-CNN
S16,0.33682009263704255,0.32337322751957664,0.1768658887006283,0.1629407911427558,1D-CNN
S17,0.24865492784577065,0.2352248312341593,0.27428454736867636,0.24183569355139478,CNN-LSTM
S18,0.24149900893790116,0.21530385957354514,0.32785723552785506,0.21533989596069847,CNN-LSTM
S19,0.22133207053808465,0.24015201563544525,0.412373066143346,0.12614284768312387,CNN-LSTM
S20,0.14209569158032892,0.13965901036647982,0.6434154954103877,0.07482980264280338,CNN-LSTM
S21,0.35009499077350936,0.27687925126199653,0.31026616487341485,0.06275959309107525,1D-CNN
S22,0.5857775973585808,0.21638256151281673,0.1482828686221281,0.049556972506474686,1D-CNN
S23,0.31809237074195984,0.38017061937363966,0.1457069462140342,0.1560300636703623,ANN
S24,0.2629675773837015,0.15149147555914397,0.08095573864121132,0.5045852084159402,GRU
S25,0.24412030969945678,0.1470432244121593,0.10695389092752575,0.5018825749608606,GRU
S26,0.2872738697464136,0.16219022936573013,0.08802407176832579,0.4625118291195292,GRU
S27,0.32630912737969753,0.40194227984449643,0.12247847371262302,0.14927011906318302,ANN
S28,0.2357261935233059,0.4499640843078314,0.24334869014299934,0.07096103202585999,ANN
S29,0.017288644807611664,0.011785428965277176,0.9665106631197273,0.00441526310738392,CNN-LSTM
S30,0.02478395058987664,0.11256693726293628,0.854017440911715,0.008631671235471084,CNN-LSTM
S31,0.7951441023084366,0.1168858381831911,0.08537998014771733,0.0025900793606547035,1D-CNN
S32,0.43413339392188505,0.24599455341464507,0.3068408399516295,0.013031212711839376,1D-CNN
S33,0.16597054453086577,0.16408201859739122,0.4455511701129845,0.2243962667587545,CNN-LSTM
S34,0.4550490071561766,0.12619826743727647,0.14607172843261684,0.2726809969739294,1D-CNN
S35,0.1157719788086382,0.1968947549665738,0.22694096227213,0.46039230395265784,GRU
S36,0.21528574058623332,0.21758340992299366,0.22300879942649154,0.34412205006428015,GRU
S37,0.250944360060518,0.1582011231890108,0.17185223648335426,0.41900228026711533,GRU
S38,0.17335717526041558,0.21414409023493308,0.11590644529291674,0.496592289211738,GRU
S39,0.2682589185968757,0.22375361410529268,0.14586917623775045,0.3621182910600813,GRU
S40,0.22783725924528272,0.168808976799057,0.24679174208859925,0.3565620218670582,GRU
S41,0.2218436092131877,0.24998340329472135,0.28002892946964536,0.24814405802244893,CNN-LSTM
S42,0.26397477376669115,0.2800518169529729,0.31873741892033514,0.13723599036000408,CNN-LSTM
S43,0.15456336378925803,0.2143975505623127,0.534073226729016,0.09696585891941356,CNN-LSTM
S44,0.2864044049236938,0.28703264692426744,0.28339591877540293,0.14316702937663642,ANN
S45,0.2727005105938788,0.2358919111633872,0.25012238206347154,0.24128519617926253,1D-CNN
S46,0.25438950536101396,0.25046225546148365,0.23290132942219904,0.2622469097553029,GRU
S47,0.2356965041664623,0.2563821906968745,0.23663408907343864,0.2712872160632237,GRU
S48,0.24477438542335284,0.20181672367592632,0.26112914186702935,0.29227974903369297,GRU
S49,0.26594964978519564,0.22195810405004746,0.2484332722845899,0.2636589738801679,1D-CNN
S50,0.17079042321740673,0.23841420348953624,0.276930038502871,0.3138653347901898,GRU
S51,0.012547991090067614,0.04907100620454656,0.8710479122444554,0.06733309046093038,CNN-LSTM
S52,0.23035127557532228,0.4675646592281336,0.18215392394506807,0.1199301412514752,ANN
S53,0.09198463992600238,0.3845424468817183,0.2579331505538042,0.2655397626384793,ANN
S54,0.16559374057207782,0.1520525459829019,0.436916388734062,0.24543732471096183,CNN-LSTM
S55,0.08612159067238559,0.16081415616939487,0.5976924087974349,0.15537184436078472,CNN-LSTM
S56,0.4722949886092687,0.18974036399579403,0.18188029355909321,0.15608435383584335,1D-CNN
S57,0.3350263797317471,0.11885821199160644,0.23938672597789615,0.3067286822987492,1D-CNN
S58,0.598870646574762,0.05976826864815796,0.1261546599254945,0.21520642485158484,1D-CNN
S59,0.21947249565854618,0.19889115527127652,0.1949445739576178,0.386691775112559,GRU
S60,0.2591706397746481,0.5204710355310522,0.05654004714924484,0.16381827754505485,ANN
S61,0.6155534014694529,0.15059613336138655,0.02107244095763049,0.21277802421153064,1D-CNN
S62,0.21546606663609558,0.10045566025646052,0.08680508382570999,0.5972731892817311,GRU
S63,0.1541127443675109,0.45471199472357043,0.16023979818044207,0.23093546272847712,ANN
S64,0.2833265850128056,0.359679597425471,0.24000880348023035,0.11698501408149303,ANN
S65,0.18980539184584333,0.23546605650952898,0.47250886802909975,0.10221968361552793,CNN-LSTM
S66,0.2851954391011067,0.34610134553029115,0.29114984354873436,0.07755337181986706,ANN
S67,0.37643837656595197,0.5102086694997505,0.07300892087509545,0.04034403305920179,ANN
S68,0.6203921505701951,0.289113759365867,0.05061672880558648,0.039877361258351396,1D-CNN
S69,0.30822664653258763,0.4853015998366355,0.11027786429124573,0.09619388933952966,ANN
S70,0.3571772210351082,0.3138050022967311,0.13919078391985362,0.1898269927483048,1D-CNN
S71,0.3299423028371843,0.24484898731824006,0.25190788391240754,0.17330082593216825,1D-CNN
S72,0.15842397235952588,0.2705827861937625,0.40889055648161243,0.16210268496510147,CNN-LSTM
S73,0.30796620866571656,0.23181699340661757,0.28123892677106216,0.17897787115660357,1D-CNN
S74,0.2752620971362399,0.28783504309506736,0.21177390378050295,0.2251289559881888,ANN
S75,0.2582407692685557,0.2938318970464347,0.17798197553364192,0.26994535815137144,ANN
S76,0.3184456550191805,0.23072963042602024,0.16842810120891952,0.2823966133458808,1D-CNN
S77,0.28266377823684447,0.22336804354319614,0.17467245954065744,0.31929571867930173,GRU
S78,0.7002306217424528,0.1318590535365555,0.01603444840076722,0.1518758763202246,1D-CNN
S79,0.12339269717267219,0.29253213648933823,0.07239433691703885,0.5116808294209508,GRU
S80,0.16932292078710462,0.5083616624258911,0.27383824456572864,0.04847717222127786,ANN
S81,0.1595304115631249,0.230863329990165,0.33988090549029965,0.26972535295641037,CNN-LSTM
S82,0.20291229499840224,0.23444847634871094,0.306017457147646,0.2566217715052477,CNN-LSTM
S83,0.3376407502176501,0.21982242991997097,0.320760192710674,0.12177662715170441,1D-CNN
S84,0.30691420367728617,0.17189600206054578,0.2800430580559611,0.24114673620620714,1D-CNN
S85,0.16380872228664042,0.14945857827021727,0.32427736892406017,0.3624553305190838,GRU
S86,0.19400217786082996,0.14811863648318832,0.2745521626454226,0.3833270230105531,GRU
S87,0.2446840896695282,0.23954500805679993,0.20695619160623313,0.3088147106674395,GRU
S88,0.2371642082792948,0.2447559896610679,0.2245172827588974,0.29356251930073995,GRU
S89,0.1499306795922226,0.19546841373290705,0.28876187391923797,0.3658390327556286,GRU
S90,0.2172040865111742,0.21881525912111727,0.2509715119342748,0.3130091424334337,GRU
S91,0.022436731368866102,0.10246604976843209,0.7699755141521945,0.10512170471050823,CNN-LSTM
S92,0.1960114198109875,0.30908153235261276,0.376968775380007,0.11793827245639289,CNN-LSTM
S93,0.45771502111034373,0.3585083063623881,0.10374187316810472,0.08003479935916227,1D-CNN
S94,0.4682262420960449,0.33407845213823456,0.10136074553296535,0.09633456023275494,1D-CNN
S95,0.37877039237402743,0.1802678398469217,0.2596650445281494,0.18129672325089896,1D-CNN
S96,0.32311965316713837,0.2298451553800853,0.24850054914988906,0.1985346423028871,1D-CNN
S97,0.31742049300303554,0.2441852889399001,0.2185694627095628,0.21982475534749904,1D-CNN
S98,0.4560749215694486,0.1589131411846748,0.17824836642831388,0.2067635708175618,1D-CNN
S99,0.19133647022480169,0.26086412054315145,0.21744812419452786,0.33035128503751887,GRU
S100,0.2622774972324152,0.3982326516349119,0.10803944029624978,0.23145041083641973,ANN
S101,0.09906829245210433,0.2667432857814013,0.27458242232992586,0.35960599943656785,GRU
S102,0.07383371042551669,0.18933976674576725,0.5667880336697675,0.17003848915894867,CNN-LSTM
S103,0.11459378215236135,0.21808561207276853,0.5668182510000808,0.10050235477478935,CNN-LSTM
S104,0.2552814212772766,0.3249024628448689,0.2951061264041573,0.12470998947369283,ANN
S105,0.5494363441595875,0.35549803174433525,0.044285143621066086,0.05078048047501136,1D-CNN
S106,0.8410929646768207,0.11356182964872027,0.02203045087224329,0.023314754802215724,1D-CNN
S107,0.1553750244727626,0.4121536506974765,0.17944968192664337,0.2530216429031176,ANN
S108,0.31257704449739265,0.12998159265610407,0.2789338728509586,0.2785074899955445,1D-CNN
S109,0.3149243086445282,0.29581365046831565,0.16946301130815514,0.219799029579,1D-CNN
S110,0.06369062821367845,0.0748665961146262,0.755074309770039,0.10636846590165308,CNN-LSTM
S111,0.04095801348309486,0.0927179342994656,0.8150003596243581,0.05132369259308202,CNN-LSTM
S112,0.03869701327600556,0.020832109702438872,0.914335983867451,0.026134893154104753,CNN-LSTM
S113,0.07520536298141298,0.04538153849978761,0.8032081603650981,0.0762049381537012,CNN-LSTM
S114,0.05027905178226004,0.10049539546876782,0.7892649073915602,0.05996064535741133,CNN-LSTM
S115,0.4107531177985001,0.10505719083982233,0.3960786331817522,0.08811105817992541,1D-CNN
S116,0.33661685824235327,0.38966013406384037,0.19657217554754083,0.0771508321462654,ANN
S117,0.38168451232551337,0.27452983211589277,0.3136177593224634,0.030167896236129182,1D-CNN
S118,0.2398321699417072,0.5382117948172043,0.21357815753623563,0.00837787770485368,ANN
S119,0.27038022797144795,0.4744059566806892,0.20827413453327326,0.0469396808145881,ANN
S120,0.27759662312980404,0.1929248448076566,0.4941717142473095,0.03530681781522992,CNN-LSTM
S121,0.13348862241142814,0.21941523799458884,0.6162794642321966,0.03081667536178509,CNN-LSTM
S122,0.33307325046716363,0.2993142467719093,0.33351719536164376,0.03409530739928406,CNN-LSTM
S123,0.36450165024693104,0.3339072481417652,0.24133811821387383,0.060252983397427864,1D-CNN
S124,0.2512153783126993,0.23459192199408427,0.21831740254085624,0.2958752971523564,GRU
S125,0.07136576963125643,0.04150027975229514,0.12177130819288884,0.7653626424235589,GRU
S126,0.03858379143796086,0.06706794940650988,0.06808511266437285,0.8262631464911566,GRU
S127,0.11395635858828693,0.12338199159536556,0.01823574215765316,0.7444259076586924,GRU
S128,0.11376770320211319,0.0779543611416805,0.03921411502844652,0.7690638206277642,GRU
S129,0.1358440417534122,0.11056519257135568,0.048084287294961954,0.7055064783802703,GRU
S130,0.15780499018166225,0.1125352967379683,0.052084155290307375,0.6775755577900622,GRU
S131,0.29700432654139985,0.2776825755790306,0.24443603794745278,0.18087705993211556,1D-CNN
S132,0.2913258689911158,0.2822017178097442,0.29005682035164454,0.13641559284749694,1D-CNN
S133,0.24323183651935779,0.2707130433605494,0.34822031937123743,0.1378348007488546,CNN-LSTM
S134,0.2696248810856986,0.29929945184255313,0.3408631515459576,0.09021251552579242,CNN-LSTM
S135,0.23483095673597904,0.2499915264792646,0.4495462009376804,0.06563131584707577,CNN-LSTM
S136,0.35195126345292427,0.2400122059282771,0.2938360619136402,0.11420046870515722,1D-CNN
S137,0.08528250723371945,0.06222694056785288,0.3195584175724774,0.5329321346259531,GRU
S138,0.041969118845884244,0.10473556094469912,0.20489556757796942,0.6483997526314471,GRU
S139,0.19991140287097017,0.19429940354543232,0.10578897315772186,0.5000002204258749,GRU
S140,0.3360775576409389,0.20668090522464766,0.08535321698452344,0.37188832014988993,GRU
S141,0.2996286510266494,0.22441118708314797,0.13954211957294066,0.3364180423172615,GRU
S142,0.24853165998617655,0.33024036015784464,0.26250492348496246,0.1587230563710169,ANN
S143,0.12566815699985892,0.14640438425756205,0.6792297956950228,0.048697663047555406,CNN-LSTM
S144,0.3455149126459656,0.288167019057475,0.29026049191493597,0.0760575763816232,1D-CNN
S145,0.25392302432355096,0.2266691963086163,0.3356063388842132,0.18380144048362293,CNN-LSTM
S146,0.27944296880781294,0.250390234894307,0.34883694388121406,0.12132985241666605,CNN-LSTM
S147,0.2058221683849229,0.428736613511062,0.27554932273541377,0.08989189536860157,ANN
S148,0.31830218884122546,0.2643856038835385,0.3396636257042009,0.07764858157103176,CNN-LSTM
S149,0.30559233009470044,0.37548946883783235,0.22580987557665147,0.09310832549081646,ANN
S150,0.3953141742468097,0.3050556869269209,0.1842770117017507,0.1153531271245182,1D-CNN
S151,0.26010646600168436,0.12483790313659356,0.26048552676408404,0.35457010409763867,GRU
S152,0.10540254271408019,0.16113568658543237,0.17836610575384,0.5550956649466475,GRU
S153,0.15219993382427652,0.4856242248553618,0.04416119525937559,0.3180146460609836,ANN
S154,0.4417394075551223,0.3625587975796461,0.06909823829603731,0.12660355656919406,1D-CNN
S155,0.35261574461115097,0.4164892511035763,0.15971987674445465,0.07117512754081888,ANN
S156,0.18544514986096022,0.5232799104073029,0.23290407552959544,0.05837086420214146,ANN
S157,0.22225306550836263,0.17739232632235105,0.508754495726241,0.09160011244304689,CNN-LSTM
S158,0.16830076246465447,0.272285635183257,0.4728777258193191,0.08653587653276948,CNN-LSTM
S159,0.23779711620269148,0.35879906421926777,0.2874345002850633,0.11596931929297596,ANN
S160,0.2537488119476152,0.26262538634536664,0.23255518819996343,0.2510706135070494,ANN
S161,0.14586503689611935,0.10359572827106878,0.18593975477455674,0.5645994800582503,GRU
S162,0.07728850765860178,0.1215569358465832,0.17364990779022627,0.6275046487045887,GRU
S163,0.1558669763995308,0.2089026419950499,0.16346796670134528,0.4717624149040741,GRU
S164,0.31691570810271447,0.24165188461044326,0.14273744218954204,0.29869496509729815,1D-CNN
S165,0.222787858043454,0.37751856104898357,0.2500319660871,0.14966161482046264,ANN
S166,0.20314082458281493,0.30077151577413896,0.4017631285515789,0.09432453109146603,CNN-LSTM
S167,0.3641170607974235,0.21542829668489633,0.2841439366554791,0.1363107058622011,1D-CNN
S168,0.2281968919046766,0.24585019128654856,0.22908297713293457,0.2968699396758437,GRU
S169,0.1520555196704692,0.14630562551739312,0.20476390124497074,0.4968749535671663,GRU
S170,0.11412097059171704,0.12496455236359803,0.2845231427530925,0.4763913342915965,GRU
S171,0.24440325701805338,0.1428818326852938,0.10739521251524374,0.5053196977814115,GRU
S172,0.27582163422215145,0.24017325378375198,0.1163920776033257,0.3676130343907715,GRU
S173,0.2035732002511945,0.2340142440961236,0.2933767824823824,0.2690357731702962,CNN-LSTM
S174,0.14992704028971512,0.1558165781074547,0.26592769261690885,0.4283286889859224,GRU
S175,0.16677725643225275,0.14229981457473243,0.16154614091630976,0.5293767880767049,GRU
S176,0.12826394171122082,0.33934958599393145,0.055622770124768114,0.4767637021700791,GRU
S177,0.4100683130337766,0.08915836497880221,0.06642502695517828,0.434348295032242,GRU
S178,0.031124354605283355,0.02640880177068437,0.10070086745788713,0.8417659761661456,GRU
S179,0.05885750440218411,0.0991704013524773,0.07238881102310685,0.7695832832222319,GRU
S180,0.2567952123990457,0.4461169919165314,0.1480866096222534,0.14900118606216753,ANN
S181,0.3041455958734038,0.3532504407849786,0.25135947751819315,0.09124448582342566,ANN
S182,0.274038594176847,0.2904348929048429,0.33644041480716097,0.09908609811115099,CNN-LSTM
S183,0.3519841466346025,0.21124917638434842,0.3726958048130526,0.06407087216799488,CNN-LSTM
S184,0.24650111854385706,0.4872803229390838,0.20089054640102907,0.06532801211603002,ANN
S185,0.5197113506752052,0.32254615955839727,0.11699711062804144,0.04074537913835596,1D-CNN
S186,0.5104388286394167,0.1684963041050004,0.14762888922140774,0.17343597803417488,1D-CNN
S187,0.15150321353423643,0.21239961404101615,0.4074361743284808,0.22866099809626644,CNN-LSTM
S188,0.26603189720029646,0.36351673668760515,0.2499487262366804,0.120502639875418,ANN
S189,0.15852174388486476,0.22884876254540534,0.5291585323281831,0.08347096124154658,CNN-LSTM
S190,0.18848071483541914,0.34220481108882483,0.3867218335946204,0.08259264048113464,CNN-LSTM
S191,0.2369689530893651,0.17471669094682532,0.5181574022447598,0.07015695371905364,CNN-LSTM
S192,0.1794576205355223,0.23621342982437943,0.5263459122173237,0.057983037422773116,CNN-LSTM
S193,0.3012523381978908,0.3209031804033205,0.29804897808903685,0.07979550330975126,ANN
S194,0.343695212661394,0.3473344848862269,0.1596194578618745,0.14935084459050038,ANN
S195,0.07560190377768305,0.03218014537032222,0.0855039824086397,0.8067139684433557,GRU
S196,0.0805772655766904,0.11216161957348693,0.09385060037459775,0.7134105144752251,GRU
S197,0.245025366360934,0.29792612095814636,0.1340432846288147,0.3230052280521047,GRU
S198,0.3239711171211008,0.2973436441928945,0.21950460541539785,0.15918063327060705,1D-CNN
S199,0.08714135201121381,0.18770366140935116,0.6740472175349634,0.051107769044471583,CNN-LSTM
S200,0.22830500428311498,0.22896488168193185,0.48845239786001254,0.05427771617493888,CNN-LSTM
S201,0.4073368166844838,0.2978047109632995,0.2545325932980311,0.04032587905418266,1D-CNN
S202,0.4123625891650337,0.37031422437428446,0.1798926809058646,0.037430505554816994,1D-CNN
S203,0.3557651740295088,0.4463990678068029,0.16821572887997888,0.02962002928370712,ANN
S204,0.4690088046858834,0.3416796886981882,0.1328549294511199,0.05645657716480849,1D-CNN
S205,0.27792967706149535,0.3875747314483065,0.2229642913982232,0.11153130009197189,ANN
S206,0.25941742536500495,0.2847257309371426,0.25790850492733186,0.19794833877052054,ANN
S207,0.30436947881492854,0.25393533670215807,0.31626960123845355,0.12542558324446354,CNN-LSTM
S208,0.23011826959156031,0.21031693470100596,0.454848620348247,0.1047161753591859,CNN-LSTM
S209,0.14275407841248236,0.18700107802145952,0.574911347456713,0.09533349610934513,CNN-LSTM
S210,0.28801946235875064,0.36123782615915717,0.2211897802769341,0.129552931205158,ANN
S211,0.2683024237571274,0.28112108997008756,0.21281471333064064,0.23776177294214462,ANN
S212,0.20733938819083644,0.21343224282320783,0.3175270952862227,0.2617012736997311,CNN-LSTM
S213,0.23314061739828834,0.23881725491503847,0.30903719285318093,0.21900493483349237,CNN-LSTM
S214,0.23524297543131673,0.33469428467264317,0.3271912907832548,0.10287144911278559,ANN
S215,0.08894881660682223,0.19032125791404111,0.6785278810468557,0.04220204443228014,CNN-LSTM
S216,0.2837883249140981,0.49372849856727874,0.19315990439949027,0.02932327211913245,ANN
S217,0.06684623088497312,0.03668176425552129,0.6447232660053546,0.2517487388541499,CNN-LSTM
S218,0.03640575451804132,0.47693182329446315,0.09553819250035994,0.3911242296871327,ANN
S219,0.46408024914623736,0.2577316991899687,0.14847467218046412,0.1297133794833317,1D-CNN
S220,0.23219549036888587,0.3068844730893312,0.32794697312190996,0.13297306341987256,CNN-LSTM
S221,0.23636330548274123,0.29560552305444027,0.3567007962272944,0.11133037523552747,CNN-LSTM
S222,0.22964303855687698,0.35517051950794504,0.3552091317522743,0.05997731018290287,CNN-LSTM
S223,0.24397504877293563,0.28287737163308746,0.43277350712881835,0.040374072465158034,CNN-LSTM
S224,0.22637457915091327,0.12854743305972843,0.6040684967428531,0.04100949104650807,CNN-LSTM
S225,0.28996458696441857,0.3908642362506276,0.27071051999422535,0.04846065679072837,ANN
S226,0.2047239870483777,0.624468036152117,0.15471126631053203,0.01609671048897368,ANN
S227,0.5059717979625938,0.1795379969523174,0.28135366805827605,0.03313653702681534,1D-CNN
S228,0.16286596687798233,0.567252533302573,0.25252804960454744,0.017353450214894546,ANN
S229,0.2932101986294588,0.20698683376863844,0.466954585358091,0.03284838224381087,CNN-LSTM
S230,0.21023371350786588,0.41256720624240467,0.355992380447764,0.021206699801966985,ANN
S231,0.21344461906220702,0.24595968016088537,0.5138334654469655,0.026762235329942197,CNN-LSTM
S232,0.3630178874914752,0.22574565727944693,0.35927795874666574,0.05195849648241247,1D-CNN
S233,0.2312013612533517,0.28915418346990385,0.4126508996088482,0.06699355566789729,CNN-LSTM
S234,0.17268232915905518,0.13717289219640674,0.6539621019830586,0.03618267666147826,CNN-LSTM
S235,0.22078989962698536,0.30555407326272466,0.38272201104204534,0.09093401606824271,CNN-LSTM
S236,0.2988211034202739,0.21048127669011926,0.2749917221105534,0.21570589777904975,1D-CNN
S237,0.29965859754017404,0.3029213002713672,0.1951594526922974,0.2022606494961624,ANN
S238,0.17847241355217425,0.16100457219338016,0.2146538289209792,0.44586918533346653,GRU
S239,0.1675562290889681,0.16427907128594774,0.2186527573699278,0.4495119422551552,GRU
S240,0.2706121947749065,0.24555918276855423,0.21603978746245664,0.26778883499408207,1D-CNN
S241,0.1282472007718226,0.1687050087428552,0.5934586962799457,0.10958909420537719,CNN-LSTM
S242,0.1650525775721558,0.31498702887547597,0.45334597234672175,0.06661442120564558,CNN-LSTM
S243,0.3041403131751856,0.3498378495757969,0.2906089808748857,0.0554128563741314,ANN
S244,0.6544776890674451,0.08532317628078694,0.22538024557673586,0.03481888907502996,1D-CNN
S245,0.14295689028173,0.4854486046207017,0.2885555761057295,0.0830389289918397,ANN
S246,0.5659193524408258,0.24386061675779033,0.12953983037679523,0.06068020042458854,1D-CNN
S247,0.23157832751483332,0.36669856478511453,0.3148953298289254,0.08682777787112662,ANN
S248,0.23618804257801887,0.1432909273699314,0.35149618366627083,0.2690248463857785,CNN-LSTM
S249,0.2928148718050055,0.17078435181808727,0.1943749193314419,0.3420258570454654,GRU
S250,0.27836942582088187,0.18107582699524263,0.13733268792949993,0.40322205925437565,GRU
S251,0.2217645006993476,0.18989443746907464,0.09939447953739473,0.4889465822941839,GRU
S252,0.2330830385721358,0.20964219295842426,0.15554749390571493,0.40172727456372054,GRU
S253,0.22090185584781366,0.24821578416895432,0.22730217420414262,0.3035801857790871,GRU
S254,0.21291993358171113,0.35405625748744013,0.27218419817596073,0.16083961075489492,ANN
S255,0.15879843689024176,0.32486168788548003,0.4063940309464863,0.10994584427779056,CNN-LSTM
S256,0.3049998928186138,0.2792727766768338,0.3376681650429825,0.07805916546156744,CNN-LSTM
S257,0.3251703455047725,0.33952369142382255,0.21932456421151125,0.11598139885989163,ANN
S258,0.2584679679266165,0.16604094490331311,0.22509985774697766,0.3503912294230928,GRU
S259,0.09181412780867268,0.18979931296364078,0.32789176696630795,0.39049479226138173,GRU
S260,0.26991498945453746,0.3074101277432614,0.20405030955460157,0.21862457324759885,ANN
S261,0.13233264213710927,0.32819662286028706,0.44412614765892555,0.09534458734367904,CNN-LSTM
S262,0.3843547561847739,0.15043932495318535,0.27977667007015944,0.18542924879188044,1D-CNN
S263,0.3173507092513624,0.20524987102045783,0.2507150765982485,0.22668434312993116,1D-CNN
S264,0.20664997463611745,0.34502065273348165,0.197039101744611,0.25129027088578915,ANN
S265,0.20228566753657126,0.18052909362849512,0.2624911266140813,0.35469411222085595,GRU
S266,0.20188557904853152,0.27949693907274603,0.1708938013126023,0.3477236805661202,GRU
S267,0.25433949161133573,0.27986068288655785,0.16232912664445723,0.30347069885765193,GRU
S268,0.18444675133465718,0.31129209618657927,0.3229168733310948,0.18134427914766815,CNN-LSTM
S269,0.056971741173267705,0.05301475113264272,0.20498072027481198,0.6850327874192766,GRU
S270,0.03716052929516923,0.19483623064071626,0.1463883495855491,0.6216148904785652,GRU
S271,0.2060363720227065,0.307436942544183,0.17294126353634678,0.3135854218967629,GRU
S272,0.21706896141673837,0.17117683669558287,0.22319925655351497,0.388554945334163,GRU
S273,0.19916448791381378,0.17642247519477444,0.18039729289033496,0.44401574400107613,GRU
S274,0.32955563292151896,0.1520314109684421,0.23420151657618216,0.2842114395338568,1D-CNN
S275,0.23177099722072766,0.3438748034349659,0.26123895351525556,0.16311524582904988,ANN
S276,0.17702350096602473,0.3192659686008995,0.2709124432830845,0.23279808714998954,ANN
S277,0.17813120883884528,0.3235633082987103,0.2812352294609666,0.21707025340147784,ANN
S278,0.11760527376235545,0.2081459162263258,0.5371638665217459,0.13708494348957265,CNN-LSTM
S279,0.2247542249542905,0.29566480192168265,0.33273643606043546,0.1468445370635916,CNN-LSTM
S280,0.2988353375101989,0.22302067996640185,0.25908573122580436,0.21905825129759496,1D-CNN
S281,0.21765454617226973,0.19461759295322997,0.27005492337819603,0.3176729374963041,GRU
S282,0.15374670196085438,0.20945396510546382,0.2680636505629607,0.368735682370722,GRU
S283,0.2371437509613976,0.24665530490787158,0.2091285506823719,0.3070723934483597,GRU
S284,0.22962402191817677,0.26229105767038635,0.2352349621463984,0.2728499582650337,GRU
S285,0.03644868955405869,0.150579245565707,0.6504970280735333,0.16247503680669856,CNN-LSTM
S286,0.06465156473541299,0.25217812381510035,0.5712517587078073,0.111918552741681,CNN-LSTM
S287,0.6235785285108036,0.18662746299355618,0.12527683532000036,0.06451717317563942,1D-CNN
S288,0.5934130893340915,0.1345427781126677,0.15497163580141426,0.11707249675182582,1D-CNN
S289,0.29847598931403396,0.31395706191643796,0.19072546790125314,0.196841480868276,ANN
S290,0.29678868584444024,0.2036191571415338,0.2240667628204516,0.2755253941935723,1D-CNN
S291,0.2760535251876437,0.15567876232761854,0.23022353878860188,0.33804417369614126,GRU
S292,0.2670495445736215,0.2898267630898546,0.15658656635884227,0.28653712597768244,ANN
S293,0.2800226556084717,0.3586147438342109,0.11108310957382247,0.250279490983493,ANN
S294,0.1085404415722214,0.1940152421687362,0.526189087392676,0.17125522886636585,CNN-LSTM
S295,0.06514498833507058,0.0691318874671127,0.7963037104251536,0.06941941377266378,CNN-LSTM
S296,0.191114823978485,0.22001166247988216,0.4914622794527596,0.09741123408887253,CNN-LSTM
S297,0.5119606366928179,0.23662762967433057,0.15131727331335257,0.10009446031949912,1D-CNN
S298,0.09206607522450655,0.1554079734168966,0.3373894415049158,0.41513650985367767,GRU
S299,0.366532283771433,0.20188162303651452,0.20209272474964804,0.22949336844240473,1D-CNN
S300,0.24338477174179685,0.1185349660124785,0.27763204476120945,0.360448217484515,GRU
S301,0.16578089725812487,0.11562765623921586,0.2403864265268833,0.478205019975775,GRU
S302,0.2098116208720138,0.14399326906276283,0.1317102809579637,0.5144848291072591,GRU
S303,0.3005333513799152,0.1858888233582612,0.1086550380014106,0.40492278726041153,GRU
S304,0.23426301270458333,0.2175859114054143,0.18519602131070054,0.36295505457930155,GRU
S305,0.1955606442935973,0.1775682608074032,0.2769188534621061,0.34995224143689,GRU
S306,0.21557479408713479,0.2572839402447755,0.3045771792917962,0.22256408637629083,CNN-LSTM
S307,0.09701410338681975,0.300787304423956,0.49896623873416346,0.10323235345505907,CNN-LSTM
S308,0.35339042637386486,0.34226155197747693,0.24133076942417228,0.06301725222448284,1D-CNN
S309,0.5324622725783131,0.19766734834430277,0.21003857302794143,0.059831806049442694,1D-CNN
S310,0.3232159934097777,0.21341183653623386,0.22722495622992084,0.2361472138240685,1D-CNN
S311,0.018379987366079764,0.060345237600446314,0.3579056174417001,0.5633691575917753,GRU
S312,0.09256380554809612,0.3367566041066228,0.11162710589659272,0.45905248444869,GRU
S313,0.4167653479348551,0.11901419701390605,0.09533909205546906,0.36888136299576907,1D-CNN
S314,0.5053857969727225,0.06635215399557647,0.05681800641932995,0.37144404261236763,1D-CNN
S315,0.28864272508231953,0.18522059021980825,0.15158759972041122,0.37454908497746003,GRU
S316,0.13666246014167888,0.21858092408505117,0.49268458581794716,0.15207202995532354,CNN-LSTM
S317,0.11685212735583635,0.18527677049694882,0.4136995979625018,0.2841715041847123,CNN-LSTM
S318,0.16416801207044915,0.18211438132361282,0.4741640348796472,0.1795535717262901,CNN-LSTM
S319,0.027492286789556376,0.07537051931244819,0.8688896688790729,0.028247525018924708,CNN-LSTM
S320,0.1206549493222124,0.7139118359759211,0.1565582144194067,0.008875000282460478,ANN
S321,0.5127343474042649,0.43698096910150835,0.04310023740968648,0.007184446084539957,1D-CNN
S322,0.42296525549202574,0.3763885820125722,0.18389195741625258,0.01675420507914974,1D-CNN
S323,0.5180228016299124,0.1917534821203868,0.2627098100564251,0.027513906193275765,1D-CNN
S324,0.23821714919779322,0.3800573128187555,0.3574401919000836,0.024285346083367576,ANN
S325,0.24571295507479995,0.2043904754188958,0.28636148740600803,0.2635350821002924,CNN-LSTM
S326,0.375471106546611,0.189817399028175,0.12358015836005322,0.31113133606516247,1D-CNN
S327,0.15854783251867602,0.10766457456435016,0.14259133209479607,0.5911962608221745,GRU
S328,0.11109916802572253,0.14550856989106142,0.07037056137851029,0.6730217007047055,GRU
S329,0.2109692874262899,0.14087561896829362,0.07367814850741645,0.5744769450980033,GRU
S330,0.16402745178646164,0.09957909057359317,0.0434746823313585,0.6929187753085867,GRU
S331,0.32944334752994486,0.2515910766663426,0.1266401722618172,0.2923254035418935,1D-CNN
S332,0.24866707542036406,0.31142017331300237,0.2837652805987567,0.15614747066787682,ANN
S333,0.2569656202289325,0.27588505495526433,0.3777621824380375,0.08938714237776593,CNN-LSTM
S334,0.284222292688178,0.2514320135284897,0.3005992496202077,0.1637464441631265,CNN-LSTM
S335,0.25386282622895046,0.2677381845445089,0.2771168270004038,0.20128216222613543,CNN-LSTM
S336,0.2748510807070619,0.23720001127396612,0.24502347280156356,0.24292543521740786,1D-CNN
S337,0.10837743341123043,0.07623641387531466,0.3689579616412128,0.44642819107224285,GRU
S338,0.07270709509097693,0.1263884545342292,0.28943888599251083,0.5114655643822797,GRU
S339,0.35859583373232085,0.266865898490347,0.03494508711518364,0.33959318066214833,1D-CNN
S340,0.27549230256876867,0.364584659222806,0.1786098560367547,0.18131318217167153,ANN
S341,0.1834764078128931,0.49097477621369284,0.2917666991262035,0.03378211684721059,ANN
S342,0.2582960836278951,0.16861791120963932,0.3756468216947261,0.19743918346773942,CNN-LSTM
S343,0.20745434882051694,0.19497010850708488,0.5584733738826149,0.03910216878978399,CNN-LSTM
S344,0.2104241839295442,0.23497075045615473,0.49969062239752216,0.054914443216781295,CNN-LSTM
S345,0.11582706996402241,0.524490781013421,0.2906486267053596,0.06903352231719748,ANN
S346,0.31750885392505257,0.14440075232059796,0.3031069782520165,0.23498341550233534,1D-CNN
S347,0.23009326183053833,0.37345755424848504,0.2894834415661511,0.10696574235483085,ANN
S348,0.17889758521004628,0.5107266278126231,0.18438704293896516,0.12598874403836505,ANN
S349,0.23622213294729177,0.29356387944698376,0.29527485047827534,0.17493913712744869,CNN-LSTM
S350,0.2889121150385965,0.3004439455071772,0.2580563888603992,0.1525875505938259,ANN
S351,0.30535738738163065,0.2916796148831917,0.24861356786776528,0.15434942986741151,1D-CNN
S352,0.2389816767709624,0.2959598766566182,0.2615972011207228,0.20346124545169425,ANN
S353,0.16699020215034505,0.11340847911909613,0.28367112407561407,0.43593019465494437,GRU
S354,0.1474268245087737,0.20070568539674913,0.2077588479042732,0.4441086421902054,GRU
S355,0.26431007795122385,0.2730174645128044,0.17361885353952197,0.28905360399644936,GRU
S356,0.22076108556177837,0.2586300357829908,0.28984339723068503,0.23076548142454553,CNN-LSTM
S357,0.29109619643467627,0.20632242966496558,0.22532778150641833,0.2772535923939431,1D-CNN
S358,0.22164755505642023,0.22657081933897977,0.22684405992449652,0.32493756568011073,GRU
S359,0.26496866142702097,0.21623075833225133,0.2114775401433276,0.3073230400973995,GRU
S360,0.21603336323427405,0.15161771525343748,0.2773571542069955,0.3549917673052928,GRU
S361,0.10444901453889004,0.2219729676412575,0.2927794601071849,0.3807985577126706,GRU
S362,0.40029264664342,0.28431021496641423,0.04596922174060637,0.26942791664956006,1D-CNN
S363,0.0420211694214152,0.7258503944599972,0.033204934739787154,0.19892350137880357,ANN
S364,0.05652179803014611,0.7220538939498632,0.20076054714355168,0.020663760876438432,ANN
S365,0.3903920726532507,0.13621071987165206,0.43785474898214644,0.035542458492950624,CNN-LSTM
S366,0.10218992005925663,0.3912172914480791,0.40528692856655973,0.10130585992610429,CNN-LSTM
S367,0.5309535898970665,0.3207140839013025,0.0994352581421308,0.048897068059502266,1D-CNN
S368,0.33880933067780455,0.3086420341651822,0.19737040631790684,0.15517822883910712,1D-CNN
S369,0.19516169970178904,0.3573384277225463,0.22809584025665397,0.21940403231900998,ANN
S370,0.2483952781661216,0.3479067096301025,0.2001991488917136,0.20349886331206601,ANN
S371,0.41998713271879135,0.1526228509933958,0.2715818370785877,0.15580817920922246,1D-CNN
S372,0.28432553267611155,0.16542424591196647,0.3870553748917259,0.16319484652019425,CNN-LSTM
S373,0.26106304892803,0.30199498384136436,0.25757548770405875,0.17936647952654447,ANN
S374,0.23550468273289882,0.1438802334311989,0.280227257321956,0.34038782651394556,GRU
S375,0.1609030348755249,0.18258928132464017,0.2868949203578752,0.36961276344196403,GRU
S376,0.4653632835847472,0.2630875864892015,0.028452426705187016,0.24309670322086455,1D-CNN
S377,0.06378996063037067,0.4941008136111398,0.05858341453508822,0.38352581122339974,ANN
S378,0.14937490223728242,0.2202640287595093,0.2373934015687385,0.39296766743446876,GRU
S379,0.21048486118076934,0.3621143831052135,0.3131764143115186,0.11422434140249736,ANN
S380,0.20106764376919883,0.2831259465581672,0.378331192355762,0.1374752173168699,CNN-LSTM
S381,0.20754420980745691,0.29051383631611694,0.4049501967229161,0.09699175715351142,CNN-LSTM
S382,0.17741194727437526,0.27501811335273624,0.46257150663728286,0.08499843273560362,CNN-LSTM
S383,0.3338548644472609,0.3494335732275404,0.21023922523250935,0.10647233709268786,ANN
S384,0.2793101604786796,0.38078902486901667,0.19638288811922391,0.14351792653307985,ANN
S385,0.17305054317939392,0.173213172504614,0.3540272065728454,0.2997090777431474,CNN-LSTM
S386,0.1734880222568937,0.3017157062490618,0.2174271020269151,0.3073691694671291,GRU
S387,0.12535353941910046,0.2559293549046184,0.4684402530019755,0.15027685267430646,CNN-LSTM
S388,0.0773848906525198,0.15646033155791342,0.7098243605432746,0.05633041724629193,CNN-LSTM
S389,0.24721423412070845,0.4375618404164026,0.25230509415254077,0.06291883131034826,ANN
S390,0.46121008536106795,0.22927408275777983,0.25732439672918633,0.0521914351519674,1D-CNN
S391,0.20653681930639334,0.12439229452965025,0.6169526623318468,0.05211822383210649,CNN-LSTM
S392,0.2970257922882205,0.3256808791713661,0.33792153814164777,0.03937179039876448,CNN-LSTM
S393,0.25743637421217674,0.6203537139689255,0.11121431203805254,0.010995599780845737,ANN
S394,0.25090535132341624,0.41425461448194256,0.27557659731806206,0.059263436876578965,ANN
S395,0.15861378827943348,0.020125195776771826,0.10345488066481714,0.7178061352789795,GRU
S396,0.08758046853521843,0.17754121948973947,0.05871746808064734,0.6761608438943945,GRU
S397,0.2645514111973364,0.24829808635544223,0.0783857568170874,0.4087647456301362,GRU
S398,0.31355360663291415,0.1045904023967815,0.08445192801254146,0.49740406295775924,GRU
S399,0.2526869023053429,0.234400977834537,0.13593578775294388,0.3769763321071746,GRU
S400,0.3515976243096201,0.2343745663111485,0.3069933786191134,0.10703443076011561,1D-CNN
S401,0.26522136431457116,0.2575764732757122,0.3871946053764143,0.0900075570333014,CNN-LSTM
S402,0.24282124827123422,0.296495440211958,0.36090277382587593,0.09978053769093109,CNN-LSTM
S403,0.3802435860769205,0.14898554532672265,0.42828959853683213,0.04248127005952392,CNN-LSTM
S404,0.13530749609195603,0.5324852532527595,0.2855301057306755,0.04667714492460586,ANN
S405,0.3829289733171996,0.3179852440694225,0.23486134707978407,0.06422443553359627,1D-CNN
S406,0.3868461445806771,0.28548502770187256,0.2130034355893382,0.11466539212811143,1D-CNN
S407,0.2610681316120875,0.30554491258349115,0.20010708129969756,0.23327987450472304,ANN
S408,0.2021418335858722,0.23005965365181782,0.2554880236320881,0.312310489130222,GRU
S409,0.23659064406234254,0.26559754422333354,0.2789757990913244,0.2188360126229986,CNN-LSTM
S410,0.20657702978744014,0.26734358894194005,0.36176312641408365,0.16431625485653623,CNN-LSTM
S411,0.0622957212435995,0.16429749037685767,0.689265926975829,0.084140861403711,CNN-LSTM
S412,0.22828954945436802,0.28449858101131,0.3992876448299787,0.08792422470434323,CNN-LSTM
S413,0.4673195154283099,0.3096254291990197,0.1625343724279002,0.0605206829447704,1D-CNN
S414,0.6033254770604527,0.20492073925093168,0.15140615313192488,0.04034763055669015,1D-CNN
S415,0.30828780420944696,0.2801414342901629,0.3494136486858704,0.062157112814519515,CNN-LSTM
S416,0.16004412452897482,0.6756016767998161,0.1244960840636785,0.03985811460752831,ANN
S417,0.22186486795724514,0.37988001946731353,0.2765514631051977,0.12170364947024179,ANN
S418,0.15973988181316653,0.3635670118109981,0.40799585548595135,0.0686972508898851,CNN-LSTM
S419,0.2798291464779115,0.2685586467839997,0.3594660196086067,0.09214618712948118,CNN-LSTM
S420,0.19960433764117289,0.20620327026309665,0.52611385313542,0.06807853896031016,CNN-LSTM
S421,0.20725564880032568,0.16309242343450728,0.5296883959014428,0.09996353186372399,CNN-LSTM
S422,0.425855947603294,0.4027193416372796,0.060817969140922114,0.1106067416185035,1D-CNN
S423,0.2340697104912481,0.19226908593208586,0.15119081065303705,0.42247039292363137,GRU
S424,0.2647757278507482,0.3429302041929698,0.1995828945897837,0.19271117336649773,ANN
S425,0.2558248924950476,0.2005963421496416,0.3264955182117024,0.21708324714360858,CNN-LSTM
S426,0.27054943821742294,0.33596687596148533,0.32624388817833905,0.06723979764275154,ANN
S427,0.17147311748093322,0.20748072589320288,0.584173073837007,0.0368730827888536,CNN-LSTM
S428,0.21609591970768965,0.2882297433488362,0.46136915352669394,0.03430518341678036,CNN-LSTM
S429,0.29062213668856784,0.6266103826932947,0.07592727005275789,0.006840210565379614,ANN
S430,0.19004648624726714,0.15672401658568239,0.6267991990772401,0.026430298089809384,CNN-LSTM
S431,0.3773203641246496,0.22752194919907878,0.2990371055125955,0.09612058116367664,1D-CNN
S432,0.2097638473799342,0.14033509425658022,0.14496885955447344,0.5049321988090122,GRU
S433,0.08062541521878185,0.07745418204888307,0.07117137702593776,0.7707490257063948,GRU
S434,0.08973197809226499,0.0416779339757675,0.041391180791015565,0.8271989071409507,GRU
S435,0.10309989995375222,0.1079720627594218,0.05452081977256914,0.7344072175142575,GRU
S436,0.24840732322500925,0.4608454802648758,0.049955095874923666,0.2407921006351907,ANN
S437,0.2346641464218519,0.4072361559855341,0.14565747983088675,0.2124422177617288,ANN
S438,0.3872847677112693,0.22614668802372606,0.16409024793235416,0.22247829633265045,1D-CNN
S439,0.33281663783051874,0.28944978471480987,0.21821225725101293,0.15952132020366006,1D-CNN
S440,0.18050072862246508,0.1509876465221147,0.22223572753769727,0.4462758973177245,GRU
S441,0.14470702810357772,0.13348824157332564,0.20425034825942268,0.5175543820636724,GRU
S442,0.15226973259459894,0.13903548788692316,0.21216259647479627,0.49653218304367996,GRU
S443,0.17220500270155797,0.18047246944564926,0.11136912601550922,0.5359534018372836,GRU
S444,0.23468422338981876,0.1828129376518413,0.15734846812250758,0.4251543708358313,GRU
S445,0.21571144291455402,0.2776562545842433,0.19129858924084267,0.3153337132603589,GRU
S446,0.22302385909215913,0.3594476636881628,0.24676842402155857,0.17076005319811832,ANN
S447,0.11032523032766589,0.21976144891477817,0.579898880374556,0.09001444038300029,CNN-LSTM
S448,0.3668160883802906,0.21809112916825307,0.3488515099943143,0.0662412724571402,1D-CNN
