Segment,1D-CNN,ANN,GRU,Selected
S1,0.37398320918987626,0.3034016692384508,0.32261512157167277,1D-CNN
S2,0.6631756196122832,0.21770045692882362,0.11912392345889265,1D-CNN
S3,0.2609411309833645,0.4232366060845091,0.31582226293212606,ANN
S4,0.2397864068737832,0.5155246555816568,0.24468893754455925,ANN
S5,0.37472638687022586,0.26018134350864786,0.36509226962112895,1D-CNN
S6,0.5015159613009731,0.14439428594158762,0.3540897527574391,1D-CNN
S7,0.15870963924349,0.10981351973829262,0.731476841018215,GRU
S8,0.13654627076407522,0.07026850465166826,0.7931852245842588,GRU
S9,0.16852865193598832,0.15942706951279573,0.6720442785512165,GRU
S10,0.23661278042979111,0.3561435540502299,0.4072436655199784,GRU
S11,0.14185818674759218,0.8124251770480964,0.045716636204313016,ANN
S12,0.17102833397548306,0.7497207876289592,0.07925087839555758,ANN
S13,0.19596520258921962,0.7441161396924013,0.05991865771837879,ANN
S14,0.588509438913554,0.3067259724364591,0.10476458864998792,1D-CNN
S15,0.5526565458025313,0.17407096186908513,0.2732724923283842,1D-CNN
S16,0.44464573792515255,0.2873206923696216,0.2680335697052252,1D-CNN
S17,0.3137577299896841,0.2877998937923291,0.3984423762179887,GRU
S18,0.3568956858805213,0.31545573245584496,0.3276485816636331,1D-CNN
S19,0.4440665628967095,0.3445065059538896,0.21142693114940098,1D-CNN
S20,0.6232395822207912,0.2139600063481596,0.16280041143104976,1D-CNN
S21,0.873201218809372,0.09065325033384915,0.03614553085678061,1D-CNN
S22,0.6592575750467391,0.3027498521901947,0.037992572763065675,1D-CNN
S23,0.2873922566676991,0.5539595661735841,0.1586481771587165,ANN
S24,0.4080783338653306,0.08350232846682415,0.5084193376678438,GRU
S25,0.2934166580052488,0.2846962216929259,0.4218871203018238,GRU
S26,0.26881098773435286,0.18680206018729156,0.5443869520783555,GRU
S27,0.2879696424778887,0.5301981061315365,0.1818322513905749,ANN
S28,0.31051211406204204,0.5690187440661483,0.12046914187180911,ANN
S29,0.6571544943236192,0.28899829521443055,0.05384721046195085,1D-CNN
S30,0.10072933560798528,0.862163744168991,0.03710692022302522,ANN
S31,0.8816153047371408,0.10629513193919236,0.012089563323666438,1D-CNN
S32,0.6315717173972325,0.3375368139631034,0.030891468639664067,1D-CNN
S33,0.2971618519359255,0.18928343083414867,0.5135547172299265,GRU
S34,0.6476418066521795,0.07285218216526046,0.27950601118255886,1D-CNN
S35,0.14682014354480313,0.41998417949854416,0.4331956769566515,GRU
S36,0.33380908934885095,0.22873117472213567,0.43745973592901316,GRU
S37,0.6331205016132345,0.11125010284577855,0.25562939554098485,1D-CNN
S38,0.2616027713357186,0.16878944008303684,0.5696077885812445,GRU
S39,0.2017110641606377,0.13484043997129846,0.6634484958680636,GRU
S40,0.275948044838803,0.20404948565321793,0.5200024695079782,GRU
S41,0.29911516248067255,0.3599616339922333,0.3409232035270956,ANN
S42,0.2190370372222932,0.7404298785991426,0.04053308417856419,ANN
S43,0.3542031777279638,0.5340719380314601,0.11172488424057742,ANN
S44,0.42500078705018074,0.4250248395642186,0.1499743733856027,ANN
S45,0.7718104678411049,0.0951594559830965,0.1330300761757965,1D-CNN
S46,0.3271181658012426,0.2937550645395865,0.3791267696591697,GRU
S47,0.24051785591375507,0.36487998111779935,0.3946021629684441,GRU
S48,0.295016548728836,0.20750283636170289,0.4974806149094631,GRU
S49,0.3668485033279566,0.31391446417297264,0.3192370324990708,1D-CNN
S50,0.4296730457032385,0.16769269175041732,0.40263426254634477,1D-CNN
S51,0.16063701715425335,0.33415968243484345,0.5052033004109031,GRU
S52,0.26052828014448737,0.5505507621070774,0.18892095774843398,ANN
S53,0.15116006689503989,0.48875587767021433,0.36008405543474753,ANN
S54,0.3010441116891812,0.34844839924188903,0.35050748906892953,GRU
S55,0.33531677168427765,0.3866986487179191,0.2779845795978022,ANN
S56,0.813983506284112,0.06895746522830318,0.11705902848758598,1D-CNN
S57,0.6704464196391413,0.01710098661879692,0.3124525937420619,1D-CNN
S58,0.5111851979540475,0.016021388385670198,0.4727934136602805,1D-CNN
S59,0.33178010395467367,0.07938282265302589,0.5888370733923,GRU
S60,0.2556615847194014,0.46696609485402496,0.27737232042657417,ANN
S61,0.2870588042754207,0.10574305573110176,0.6071981399934776,GRU
S62,0.10730100577173003,0.06869744316819568,0.8240015510600744,GRU
S63,0.04845648245973767,0.7632981631716405,0.1882453543686215,ANN
S64,0.03629859439318542,0.11758612886980875,0.8461152767370035,GRU
S65,0.20759431036015963,0.6091006191625223,0.18330507047731662,ANN
S66,0.3520701656900635,0.5168663628041977,0.13106347150573697,ANN
S67,0.6901714655384782,0.26246352919515803,0.04736500526636305,1D-CNN
S68,0.17897460134998916,0.18760567878618659,0.6334197198638255,GRU
S69,0.21858251129108178,0.6275093003797669,0.1539081883291496,ANN
S70,0.3919423865523058,0.36685401373599696,0.24120359971169697,1D-CNN
S71,0.44109431162176366,0.33049838729769276,0.22840730108054422,1D-CNN
S72,0.3318285321646321,0.4906862066539421,0.17748526118142793,ANN
S73,0.7833536966738152,0.1128872904656057,0.10375901286057966,1D-CNN
S74,0.3335349686654678,0.4719131417523747,0.19455188958216008,ANN
S75,0.20316312302885856,0.25494525856983835,0.5418916184013027,GRU
S76,0.29644573626360055,0.2031034838073724,0.5004507799290268,GRU
S77,0.3452529740389602,0.27941600769216685,0.37533101826887166,GRU
S78,0.994858653752007,0.0025453232445342023,0.002596023003458556,1D-CNN
S79,0.3337954285262978,0.14988803150271676,0.5163165399709857,GRU
S80,0.13945695838220662,0.7516441376243765,0.10889890399341566,ANN
S81,0.28100389274525245,0.3163657601754608,0.40263034707928685,GRU
S82,0.32322592898840946,0.2519437657101575,0.42483030530143306,GRU
S83,0.6243112196705437,0.2098431149180536,0.16584566541140267,1D-CNN
S84,0.49436854483242565,0.23902272430273416,0.2666087308648396,1D-CNN
S85,0.4158067809869024,0.2681769482030703,0.316016270810026,1D-CNN
S86,0.5508474238576007,0.05729159620215913,0.3918609799402421,1D-CNN
S87,0.2826114210204924,0.32378839472348414,0.3936001842560232,GRU
S88,0.2307544770642559,0.321279315413092,0.4479662075226495,GRU
S89,0.2339626440146384,0.28208174933939084,0.48395560664596976,GRU
S90,0.04893740479090822,0.05745403494026009,0.8936085602688323,GRU
S91,0.16145671405232642,0.46065557144264063,0.3778877145050326,ANN
S92,0.3322356223655578,0.4372782262060425,0.23048615142839976,ANN
S93,0.2973011561940033,0.2723771083388704,0.43032173546712726,GRU
S94,0.497810022658191,0.3890220252020483,0.11316795213975923,1D-CNN
S95,0.7474745384506868,0.10747691008230828,0.14504855146700485,1D-CNN
S96,0.6080733311490119,0.22433890264899717,0.16758776620199292,1D-CNN
S97,0.4177877877266053,0.32686030037426184,0.25535191189913364,1D-CNN
S98,0.39494727673313795,0.1660621168284936,0.4389906064383678,GRU
S99,0.20681398171725388,0.4221934619512492,0.3709925563314989,ANN
S100,0.17246867741861133,0.6738528486036421,0.15367847397774667,ANN
S101,0.2562059234698348,0.17243036868643846,0.5713637078437267,GRU
S102,0.049959355685944354,0.09319939718630087,0.8568412471277536,GRU
S103,0.3017163545824181,0.4813460194061928,0.2169376260113883,ANN
S104,0.3910268280943301,0.40523117758946364,0.20374199431620646,ANN
S105,0.7000668338380911,0.22831307453857663,0.07162009162333188,1D-CNN
S106,0.7266329918235751,0.22090742951867687,0.052459578657746864,1D-CNN
S107,0.15681274784706395,0.23736947829615945,0.6058177738567763,GRU
S108,0.3991470551387489,0.1954604320598832,0.4053925128013673,GRU
S109,0.3743595971296021,0.34035230998623495,0.28528809288416224,1D-CNN
S110,0.198661483575827,0.5192809891112868,0.28205752731288636,ANN
S111,0.2431124766606957,0.6035743675234999,0.1533131558158029,ANN
S112,0.5323620662315128,0.21144005074241565,0.25619788302607077,1D-CNN
S113,0.29258975562900547,0.18550523912658146,0.5219050052444143,GRU
S114,0.22894522421508498,0.4004744917740014,0.3705802840109137,ANN
S115,0.6095052700360701,0.13478726125029036,0.2557074687136391,1D-CNN
S116,0.39006748045789075,0.5169970270406243,0.09293549250148438,ANN
S117,0.5299780065587587,0.3874996633425091,0.082522330098732,1D-CNN
S118,0.24253219753178978,0.7255141440421022,0.03195365842610947,ANN
S119,0.30449452619282513,0.6032512070214198,0.09225426678575432,ANN
S120,0.39305780558843045,0.49569471691026135,0.11124747750131041,ANN
S121,0.37161008364380416,0.5297687042108746,0.09862121214532125,ANN
S122,0.4891456444396369,0.4634470316254145,0.047407323934947856,1D-CNN
S123,0.3839259960828815,0.5587493979649992,0.057324605952119696,ANN
S124,0.10379852644530113,0.059932331495800746,0.8362691420588974,GRU
S125,0.16150905512928598,0.05956168891225558,0.7789292559584575,GRU
S126,0.09456167130336669,0.05922823592988516,0.8462100927667493,GRU
S127,0.11136028661687682,0.16304871234353052,0.7255910010395944,GRU
S128,0.1446265178043173,0.1363385022081073,0.7190349799875754,GRU
S129,0.2974743347732355,0.19997989114404144,0.5025457740827225,GRU
S130,0.24373961270432437,0.050956600204573384,0.7053037870911016,GRU
S131,0.32291803964665045,0.23472816248496753,0.44235379786838197,GRU
S132,0.3302208886899939,0.45239541565596153,0.2173836956540435,ANN
S133,0.3425367370666965,0.45929865391031666,0.19816460902298608,ANN
S134,0.3883875984056707,0.5245156718292964,0.08709672976503233,ANN
S135,0.4592090182077989,0.36953612908595224,0.17125485270624952,1D-CNN
S136,0.5017514339014493,0.22226425005258008,0.2759843160459688,1D-CNN
S137,0.24851787182124632,0.038979868117257906,0.7125022600614958,GRU
S138,0.0892787096141436,0.15926904149089469,0.7514522488949619,GRU
S139,0.18650289663464242,0.26285635583573597,0.5506407475296209,GRU
S140,0.3565157108141381,0.22944979752508352,0.41403449166077694,GRU
S141,0.35249510544908497,0.28811796328116257,0.35938693126974997,GRU
S142,0.44795940704383347,0.3511335239335882,0.20090706902257857,1D-CNN
S143,0.3271954057230727,0.3566947701572126,0.3161098241197145,ANN
S144,0.36824815528749805,0.398416092093121,0.2333357526193804,ANN
S145,0.3655263804691929,0.3053815762741398,0.329092043256667,1D-CNN
S146,0.3783540213929956,0.40016385339979693,0.22148212520721028,ANN
S147,0.20899735303791614,0.7162452770345187,0.0747573699275647,ANN
S148,0.7720911298384033,0.11933741029450011,0.10857145986709485,1D-CNN
S149,0.35027098542206775,0.4366903255473631,0.21303868903056805,ANN
S150,0.307903993756441,0.18936106075262954,0.5027349454909279,GRU
S151,0.36848638388255034,0.1550120190310361,0.4765015970864174,GRU
S152,0.1755639867708713,0.24210660404192702,0.5823294091872017,GRU
S153,0.17562313218946535,0.5907206289745658,0.23365623883597025,ANN
S154,0.6569366085061588,0.24039813185975678,0.10266525963408507,1D-CNN
S155,0.3525608942528869,0.41249205897690333,0.234947046770209,ANN
S156,0.14931358176458628,0.7584322989745679,0.09225411926084581,ANN
S157,0.4059964933977299,0.373493515384552,0.22050999121771808,1D-CNN
S158,0.28229818900769316,0.6055369947999606,0.11216481619234583,ANN
S159,0.19597329204486166,0.7386015243817723,0.06542518357336609,ANN
S160,0.2777734733779666,0.3582975861799475,0.3639289404420871,GRU
S161,0.037494345561397135,0.0180324515107235,0.9444732029278793,GRU
S162,0.07949039134777638,0.1684414063099935,0.7520682023422324,GRU
S163,0.1799975354431937,0.2823369623354612,0.537665502221345,GRU
S164,0.374286751280839,0.29100903808481987,0.33470421063434186,1D-CNN
S165,0.22289507540902287,0.7055276731802315,0.07157725141074461,ANN
S166,0.28581695356135506,0.6059888988094275,0.10819414762921707,ANN
S167,0.720143262450753,0.1487166148805608,0.13114012266868613,1D-CNN
S168,0.2585165757395549,0.2626570009307172,0.47882642332972863,GRU
S169,0.20079045837666618,0.10241619611841214,0.6967933455049221,GRU
S170,0.2117837214986863,0.22168024961814595,0.5665360288831678,GRU
S171,0.4104837939716282,0.1812533985265516,0.4082628075018202,1D-CNN
S172,0.2496266689153699,0.1168685907520121,0.6335047403326187,GRU
S173,0.29361910624095505,0.40327312330694964,0.30310777045209336,ANN
S174,0.4496658072833256,0.18585528034109813,0.3644789123755772,1D-CNN
S175,0.3062236650400855,0.23630195945360338,0.4574743755063109,GRU
S176,0.30004726701234075,0.36498891231402714,0.33496382067363284,ANN
S177,0.6528493017398233,0.08696783085713741,0.2601828674030388,1D-CNN
S178,0.03220706345670235,0.022166831233611604,0.9456261053096856,GRU
S179,0.029377603862824127,0.06645183911863053,0.9041705570185453,GRU
S180,0.16640751028634965,0.5078299348041784,0.3257625549094721,ANN
S181,0.2016697123442769,0.5824023245849008,0.21592796307082218,ANN
S182,0.20731288876196285,0.5454437774452294,0.24724333379280755,ANN
S183,0.39737722799964004,0.5258848332020529,0.07673793879830638,ANN
S184,0.36707292192453395,0.544450082613632,0.08847699546183226,ANN
S185,0.5408039838302497,0.3850136492928517,0.07418236687689901,1D-CNN
S186,0.5664789004318864,0.14450135886888227,0.2890197406992285,1D-CNN
S187,0.26696829899921615,0.3929752017949854,0.34005649920579867,ANN
S188,0.3598548171155473,0.42483719938673964,0.21530798349771252,ANN
S189,0.24007012228825123,0.4246619435679998,0.3352679341437497,ANN
S190,0.23068937804444672,0.610846135385842,0.15846448656970957,ANN
S191,0.5142768789050379,0.29779362622715716,0.18792949486780774,1D-CNN
S192,0.40153287117696035,0.5139202283513136,0.08454690047172622,ANN
S193,0.3689842781815781,0.5450372591064372,0.0859784627119836,ANN
S194,0.6000823782987211,0.14780957520502713,0.2521080464962493,1D-CNN
S195,0.0926610248413394,0.05755822383345273,0.8497807513252074,GRU
S196,0.10227067543082007,0.14228546880015933,0.75544385576902,GRU
S197,0.23051978397400172,0.4428486567247077,0.326631559301292,ANN
S198,0.3673589455376367,0.4497423513541258,0.18289870310823947,ANN
S199,0.3087207351156573,0.570594061811707,0.12068520307263572,ANN
S200,0.46845341256142337,0.2913208199376173,0.24022576750095884,1D-CNN
S201,0.1239152979778095,0.853176001700003,0.02290870032218669,ANN
S202,0.6788666381481219,0.25741770421833887,0.06371565763353867,1D-CNN
S203,0.24308334357304673,0.7303057565983433,0.026610899828611114,ANN
S204,0.5756592835926695,0.3038517721955027,0.12048894421182588,1D-CNN
S205,0.2972160389371951,0.4745998064486765,0.2281841546141282,ANN
S206,0.3098890263040624,0.4037907766633974,0.2863201970325403,ANN
S207,0.4257378013502937,0.37391428141870053,0.2003479172310048,1D-CNN
S208,0.49030232807016955,0.3557641180305754,0.15393355389925487,1D-CNN
S209,0.6543627203506063,0.2557753449223574,0.08986193472703607,1D-CNN
S210,0.31911676701203895,0.34734066717687334,0.3335425658110877,ANN
S211,0.2723329814128443,0.2944536251343863,0.4332133934527695,GRU
S212,0.2686965005632137,0.2832715224661944,0.4480319769705903,GRU
S213,0.3410490799075791,0.34730203467146514,0.3116488854209555,ANN
S214,0.40751044033645073,0.5193647174278959,0.0731248422356536,ANN
S215,0.38325882340731965,0.24739050824478107,0.3693506683478973,1D-CNN
S216,0.2953168584102565,0.5626982713071015,0.14198487028264148,ANN
S217,0.26591962771802335,0.0917692030402648,0.6423111692417119,GRU
S218,0.07320915782103284,0.6641286118985512,0.2626622302804166,ANN
S219,0.46579425505780986,0.2412317499058707,0.2929739950363201,1D-CNN
S220,0.31917142223865524,0.40696170393942044,0.27386687382192426,ANN
S221,0.32798775090964993,0.49899298472592635,0.17301926436442344,ANN
S222,0.31055014521895624,0.5918557763725785,0.097594078408466,ANN
S223,0.3681073003003633,0.5769232599151133,0.05496943978452315,ANN
S224,0.8042496591480636,0.11965486585235724,0.07609547499957935,1D-CNN
S225,0.41013021141793504,0.3644591714219935,0.22541061716007157,1D-CNN
S226,0.16644149396825156,0.7911338990659142,0.042424606965834846,ANN
S227,0.6815583840286773,0.210107710445492,0.10833390552583028,1D-CNN
S228,0.1410144064646601,0.8378769379667125,0.021108655568627028,ANN
S229,0.6084811287563253,0.2695710584335752,0.1219478128100993,1D-CNN
S230,0.3190151432013093,0.6153962814886542,0.06558857531003597,ANN
S231,0.3576007979578627,0.5456917954271072,0.09670740661502952,ANN
S232,0.4988851961648327,0.3216349731625773,0.17947983067258985,1D-CNN
S233,0.34283863538846254,0.5082307096959378,0.14893065491559979,ANN
S234,0.46717188988456737,0.3703107521416782,0.16251735797375325,1D-CNN
S235,0.31878751663959953,0.5624063685589096,0.1188061148014933,ANN
S236,0.6245371871348778,0.13752290653435845,0.2379399063307623,1D-CNN
S237,0.27964836447937924,0.3803032660674101,0.34004836945321043,ANN
S238,0.15253637628060399,0.15041894477678708,0.6970446789426069,GRU
S239,0.24290097726860188,0.1849696268444512,0.5721293958869467,GRU
S240,0.3547709404944753,0.30789463460176036,0.3373344249037618,1D-CNN
S241,0.5333000476407227,0.28810322139987704,0.17859673095940024,1D-CNN
S242,0.09770433382736712,0.8667437743028182,0.03555189186981448,ANN
S243,0.39185120819289454,0.5262693727185508,0.0818794190885541,ANN
S244,0.8959462267228856,0.044803560525196864,0.05925021275191769,1D-CNN
S245,0.12187055015426969,0.674095805890804,0.20403364395492626,ANN
S246,0.5544981596227416,0.13453315918931275,0.31096868118794324,1D-CNN
S247,0.34474939080384664,0.46129980397978737,0.193950805216368,ANN
S248,0.3132876184616779,0.3281022097138863,0.35861017182443633,GRU
S249,0.6201425934419391,0.06769938136604298,0.31215802519201713,1D-CNN
S250,0.6959857351070609,0.05229180490871089,0.2517224599842309,1D-CNN
S251,0.14550845307689045,0.09126864318393492,0.7632229037391742,GRU
S252,0.2393964041528091,0.24307755013772217,0.5175260457094696,GRU
S253,0.2747075649662614,0.3306076212592726,0.39468481377446607,GRU
S254,0.1328061284354936,0.7941373186925035,0.07305655287200334,ANN
S255,0.09226145288537486,0.858085145412373,0.04965340170225216,ANN
S256,0.5356975315058213,0.31685129914865173,0.14745116934552716,1D-CNN
S257,0.2417227048794816,0.34196948903055946,0.4163078060899603,GRU
S258,0.376520226608886,0.14872969877190995,0.4747500746192029,GRU
S259,0.16786951375054887,0.321677810693068,0.5104526755563805,GRU
S260,0.3443980276555777,0.3946735417317856,0.26092843061263854,ANN
S261,0.19057822691188106,0.6973469149794234,0.11207485810869516,ANN
S262,0.9118945016118518,0.023448489966186214,0.06465700842196018,1D-CNN
S263,0.19833549020813843,0.08697770463676985,0.7146868051550918,GRU
S264,0.14266038964883113,0.5433328861935958,0.3140067241575708,ANN
S265,0.3211258410952442,0.1825267953739858,0.49634736353076997,GRU
S266,0.25150169679868295,0.40127417195644594,0.3472241312448705,ANN
S267,0.4328034462238962,0.26917071896395367,0.2980258348121502,1D-CNN
S268,0.23507940659422827,0.5250841257213824,0.23983646768438957,ANN
S269,0.1961352536984515,0.03324615936763414,0.7706185869339144,GRU
S270,0.051975164572871047,0.3305879505497611,0.6174368848773679,GRU
S271,0.2018383757646388,0.4214612344086934,0.37670038982666754,ANN
S272,0.42387294400710007,0.22686496527419936,0.3492620907187003,1D-CNN
S273,0.2957144789701591,0.38765437856702484,0.3166311424628161,ANN
S274,0.3942590590765015,0.13888140773360827,0.46685953318988843,GRU
S275,0.23441058607913018,0.45584216285703977,0.3097472510638303,ANN
S276,0.1866122853322949,0.5039273185290112,0.309460396138694,ANN
S277,0.20349620012823574,0.5779198533018182,0.2185839465699465,ANN
S278,0.3248242923078747,0.4600255304565805,0.21515017723554472,ANN
S279,0.34376716616533987,0.508135504598577,0.14809732923608232,ANN
S280,0.9519526353137518,0.022778248739636704,0.025269115946612016,1D-CNN
S281,0.2077080392782017,0.3456049915924971,0.4466869691292997,GRU
S282,0.16330376760702855,0.32041216650151694,0.5162840658914544,GRU
S283,0.2950272462204516,0.2704082918967789,0.4345644618827713,GRU
S284,0.2804516505330711,0.39666657475102773,0.32288177471590124,ANN
S285,0.28017338709938383,0.19074750714722974,0.5290791057533853,GRU
S286,0.18820890740035573,0.5277024742773374,0.28408861832230553,ANN
S287,0.9033317167269951,0.06824822382998048,0.028420059443024098,1D-CNN
S288,0.9482174346658944,0.02317681418500275,0.028605751149102916,1D-CNN
S289,0.07312637753311393,0.8996480683542242,0.027225554112661303,ANN
S290,0.2919553255520056,0.21134801235178544,0.49669666209620905,GRU
S291,0.29324117052796284,0.23645287429797815,0.4703059551740588,GRU
S292,0.30228161855986246,0.36355319102611006,0.3341651904140272,ANN
S293,0.3497167467911127,0.5054887343919119,0.14479451881697736,ANN
S294,0.5297886134010763,0.21314603883401875,0.25706534776490336,1D-CNN
S295,0.3118936725435285,0.3387857897404395,0.3493205377160317,GRU
S296,0.4511601716622631,0.45878452207945986,0.0900553062582767,ANN
S297,0.7331917633207612,0.1971588847630581,0.06964935191618198,1D-CNN
S298,0.1257672619622516,0.40747419230120124,0.46675854573654724,GRU
S299,0.38506894897121696,0.1253610951332683,0.48956995589551405,GRU
S300,0.2724866729808915,0.2704255277782323,0.4570877992408754,GRU
S301,0.41365978649258034,0.10578409467696587,0.4805561188304559,GRU
S302,0.23665418897635143,0.06298950951983391,0.7003563015038146,GRU
S303,0.3456435650265229,0.1413996028857822,0.5129568320876948,GRU
S304,0.1944086342564795,0.14148671495744158,0.6641046507860765,GRU
S305,0.2732336369364217,0.2621309776335916,0.46463538542998667,GRU
S306,0.22483868289564615,0.49365701843286125,0.2815042986714944,ANN
S307,0.21576618737203987,0.5156665917622187,0.2685672208657408,ANN
S308,0.5055613608955996,0.4248625678554675,0.06957607124893253,1D-CNN
S309,0.7536349181454435,0.1713473596623749,0.07501772219218047,1D-CNN
S310,0.23324137351578994,0.48150846439913186,0.28525016208507836,ANN
S311,0.04997539491455237,0.14465905718645972,0.805365547898987,GRU
S312,0.1447199820228164,0.3784171066469338,0.47686291133024983,GRU
S313,0.5729562140867331,0.13463228818229556,0.2924114977309711,1D-CNN
S314,0.6376612378497225,0.059290031021716295,0.3030487311285612,1D-CNN
S315,0.24271355048692397,0.16452439098553107,0.5927620585275445,GRU
S316,0.19560739457482296,0.45379560355801624,0.35059700186716275,ANN
S317,0.25172792036956537,0.30144051816972645,0.44683156146070807,GRU
S318,0.25185906669207697,0.4075051990355241,0.34063573427239807,ANN
S319,0.20043214097385126,0.44457669486345164,0.3549911641626989,ANN
S320,0.1518380411833179,0.8250003601445497,0.023161598672132987,ANN
S321,0.43972289447275226,0.5371091311136047,0.023167974413644894,ANN
S322,0.3170949470492625,0.6571966543739733,0.025708398576765375,ANN
S323,0.8052192240498007,0.11156948830523888,0.0832112876449616,1D-CNN
S324,0.29692890344587247,0.67378980993949,0.0292812866146382,ANN
S325,0.5287696760704483,0.21750040053107908,0.25372992339847183,1D-CNN
S326,0.7106894478033867,0.09012963085147607,0.1991809213451377,1D-CNN
S327,0.13594602675855075,0.5966771220537285,0.26737685118772014,ANN
S328,0.057691541817162004,0.028871560226074212,0.9134368979567635,GRU
S329,0.2290493778916804,0.24246386905265596,0.5284867530556636,GRU
S330,0.20777950890891225,0.13233266787198977,0.6598878232190979,GRU
S331,0.2980174494363482,0.13120431842533056,0.5707782321383227,GRU
S332,0.25600543895733696,0.5084661523972913,0.23552840864537042,ANN
S333,0.3164909722456044,0.5798339934867028,0.10367503426769234,ANN
S334,0.5163876207828374,0.3156917327111118,0.1679206465060509,1D-CNN
S335,0.6165423657976639,0.24475532639083114,0.13870230781150752,1D-CNN
S336,0.33454258541804444,0.2280768095974634,0.4373806049844926,GRU
S337,0.16460419354645625,0.1097669600053904,0.7256288464481533,GRU
S338,0.1698647201648916,0.19736879674391927,0.6327664830911877,GRU
S339,0.4421495479834666,0.248866401765338,0.3089840502511956,1D-CNN
S340,0.34916137703579186,0.4056262425414003,0.24521238042280663,ANN
S341,0.14256281534836798,0.8239161540404544,0.03352103061117815,ANN
S342,0.1206465053686504,0.06916590117737761,0.8101875934539733,GRU
S343,0.1082981605195701,0.836728854521763,0.05497298495866529,ANN
S344,0.530740763414714,0.3617810351863206,0.1074782013989653,1D-CNN
S345,0.14489493138253756,0.8014645522988295,0.053640516318632175,ANN
S346,0.4109064192858698,0.1618154325315384,0.4272781481825933,GRU
S347,0.24159965674002037,0.26224802362866384,0.49615231963131895,GRU
S348,0.09741855014645584,0.8317860896564536,0.0707953601970921,ANN
S349,0.4253884202477787,0.3788005602752183,0.19581101947700222,1D-CNN
S350,0.4259867140551098,0.5060981404177086,0.06791514552718143,ANN
S351,0.491469239247785,0.2197396814279284,0.2887910793242854,1D-CNN
S352,0.2687187420119694,0.39452630606015315,0.33675495192787525,ANN
S353,0.3013294645582591,0.15005572832317873,0.5486148071185619,GRU
S354,0.22941368982153867,0.2182708518475381,0.5523154583309228,GRU
S355,0.2933638152931925,0.3854909298242899,0.32114525488251744,ANN
S356,0.33600419856509667,0.4227159045242487,0.2412798969106535,ANN
S357,0.48760493712163827,0.3930439872569887,0.11935107562137304,1D-CNN
S358,0.5399814249278772,0.1937573690809524,0.2662612059911726,1D-CNN
S359,0.3242809270639218,0.29708139872645745,0.37863767420962285,GRU
S360,0.22024126806707492,0.14095401985062764,0.6388047120822968,GRU
S361,0.18371547859184062,0.30141590276544467,0.5148686186427147,GRU
S362,0.28131662008506586,0.25528083882193703,0.4634025410929956,GRU
S363,0.09146852855060969,0.3053014838418568,0.6032299876075333,GRU
S364,0.020615806382492562,0.9190387624368962,0.06034543118061163,ANN
S365,0.4655946268722576,0.42763361660573623,0.10677175652200886,1D-CNN
S366,0.4750570137973564,0.31277923038328276,0.21216375581936386,1D-CNN
S367,0.30996038173979984,0.5150298554967616,0.17500976276344052,ANN
S368,0.16689546986361015,0.31680402364646837,0.516300506489922,GRU
S369,0.1032808034918833,0.1774774807069169,0.7192417158012004,GRU
S370,0.2840908008248508,0.48604312225957397,0.22986607691557595,ANN
S371,0.7787880079166496,0.09042982891971868,0.13078216316363064,1D-CNN
S372,0.4601529747929825,0.226341318865046,0.3135057063419708,1D-CNN
S373,0.26805390248919686,0.3555713278603799,0.3763747696504231,GRU
S374,0.2999159789870544,0.14878409753963986,0.5512999234733056,GRU
S375,0.27373695021738553,0.2905873287930477,0.4356757209895659,GRU
S376,0.47991659678790877,0.32684158219287013,0.19324182101922097,1D-CNN
S377,0.013621988028759729,0.03578930006175393,0.9505887119094859,GRU
S378,0.16688205810530365,0.22766876373961545,0.6054491781550815,GRU
S379,0.2141510876016673,0.5764211376437558,0.20942777475457627,ANN
S380,0.29873113351592795,0.4669155258903926,0.23435334059367707,ANN
S381,0.19059927505659194,0.7331554079714118,0.07624531697199492,ANN
S382,0.2183200724879236,0.7420817885213,0.03959813899077748,ANN
S383,0.43843729131874776,0.24383785901581498,0.31772484966543707,1D-CNN
S384,0.25135922280438616,0.49582999025499036,0.25281078694062253,ANN
S385,0.23904753345962684,0.2825670715644632,0.47838539497591065,GRU
S386,0.20429344790429252,0.4844555817954717,0.31125097030023446,ANN
S387,0.25895288212291717,0.44253116684671956,0.2985159510303639,ANN
S388,0.2560468379747772,0.42165290790008236,0.3223002541251398,ANN
S389,0.3251676550874343,0.5524407042689081,0.12239164064365757,ANN
S390,0.5138891731076924,0.3933992311357859,0.0927115957565218,1D-CNN
S391,0.5672358676233702,0.35142850654350277,0.08133562583312773,1D-CNN
S392,0.19191284661651967,0.7866532218058072,0.021433931577672958,ANN
S393,0.2345256700320212,0.7425588228597865,0.022915507108192363,ANN
S394,0.22487245844408407,0.7045555018457068,0.07057203971020884,ANN
S395,0.3426182092641866,0.019392475188656808,0.6379893155471555,GRU
S396,0.09883249312259887,0.42691249100300027,0.47425501587440105,GRU
S397,0.3585422153473426,0.24235758991270595,0.39910019473994907,GRU
S398,0.38542883301119885,0.10894817497037333,0.5056229920184275,GRU
S399,0.2809537186772208,0.33213976884888496,0.3869065124738941,GRU
S400,0.5060428844324727,0.2854313543766847,0.20852576119084326,1D-CNN
S401,0.416320694695345,0.3417859322559524,0.2418933730487018,1D-CNN
S402,0.31803985223088055,0.4953036973325607,0.18665645043655965,ANN
S403,0.3340350427533973,0.6234805771934042,0.0424843800532009,ANN
S404,0.23871141453137096,0.7123569108546979,0.048931674613933426,ANN
S405,0.5098874076268222,0.41109047467118337,0.07902211770199556,1D-CNN
S406,0.6461416627111091,0.07864741523455197,0.2752109220543388,1D-CNN
S407,0.23889572921180405,0.4003865063433646,0.36071776444482895,ANN
S408,0.2516436043670206,0.29575244783619653,0.45260394779678553,GRU
S409,0.32087756376358023,0.3768438357085906,0.30227860052782796,ANN
S410,0.3271673633640028,0.42473639573994043,0.24809624089605728,ANN
S411,0.4817605088505993,0.31851769962134874,0.19972179152805408,1D-CNN
S412,0.33105053541433616,0.5970389463542254,0.07191051823143838,ANN
S413,0.8232823822329629,0.13804944875133215,0.03866816901570444,1D-CNN
S414,0.5517749406526801,0.4078018059655071,0.04042325338181213,1D-CNN
S415,0.7735307573863789,0.14744335573179446,0.07902588688182668,1D-CNN
S416,0.26760579883686253,0.6697434887563405,0.06265071240679689,ANN
S417,0.28260725348937377,0.4897275738277354,0.22766517268289166,ANN
S418,0.2075134650334142,0.6507518435266094,0.14173469143997686,ANN
S419,0.4574627958501392,0.3640444947726435,0.17849270937721634,1D-CNN
S420,0.3134407100722911,0.6102911173594776,0.07626817256823061,ANN
S421,0.5343165727743406,0.21171001326881347,0.2539734139568459,1D-CNN
S422,0.44467592697704567,0.5086269430533367,0.046697129969619486,ANN
S423,0.29726184038437353,0.2038249552066261,0.4989132044090015,GRU
S424,0.28803161620512907,0.5034942923651241,0.2084740914297453,ANN
S425,0.3702453320075031,0.2805220664122018,0.3492326015802955,1D-CNN
S426,0.3878986875566225,0.5227439849284166,0.0893573275149596,ANN
S427,0.4151007824607017,0.4626110046472603,0.12228821289203873,ANN
S428,0.42624964500857293,0.2756894049204378,0.2980609500709867,1D-CNN
S429,0.32945790834640615,0.6501098551123003,0.020432236541293423,ANN
S430,0.549759792042578,0.33311181692502834,0.11712839103239556,1D-CNN
S431,0.8279565143403791,0.094414495834134,0.07762898982548631,1D-CNN
S432,0.2633177320630761,0.4485805899085013,0.28810167802842224,ANN
S433,0.043690186602043705,0.030668048018041325,0.9256417653799166,GRU
S434,0.1620469050601837,0.06748627577257235,0.770466819167244,GRU
S435,0.12185462906846353,0.24877057776202616,0.6293747931695103,GRU
S436,0.20786550735499532,0.535915424670865,0.25621906797413757,ANN
S437,0.20737459259736082,0.648138374539411,0.14448703286322767,ANN
S438,0.5977311022546711,0.2166285846404381,0.1856403131048909,1D-CNN
S439,0.3940603667580316,0.3380467500659411,0.26789288317602933,1D-CNN
S440,0.20897139913487767,0.11791651323338541,0.6731120876317366,GRU
S441,0.6307949323591497,0.04221459974167805,0.32699046789917424,1D-CNN
S442,0.24950192426013412,0.20209663598429403,0.5484014397555718,GRU
S443,0.10713032317427519,0.07061279279999208,0.8222568840257333,GRU
S444,0.22628280061169412,0.30511865848178177,0.4685985409065237,GRU
S445,0.12877398036073842,0.6631775724039857,0.20804844723527574,ANN
S446,0.10569762604563628,0.83592419493028,0.0583781790240843,ANN
S447,0.2859533651739573,0.523784327052566,0.19026230777347863,ANN
S448,0.5318412302712462,0.3509686124702581,0.11719015725849526,1D-CNN
S449,0.4801112234401811,0.39668996267985485,0.12319881387996445,1D-CNN
S450,0.3678818648656324,0.4293471448166711,0.2027709903176971,ANN
S451,0.34653233985459814,0.3887491501323708,0.2647185100130331,ANN
S452,0.5754809445880319,0.23851703515283665,0.18600202025913218,1D-CNN
S453,0.3391209308178966,0.28641243291421603,0.374466636267887,GRU
S454,0.23472386364462905,0.43618420558941523,0.32909193076595555,ANN
S455,0.27461524947487376,0.31117789282547514,0.41420685769965054,GRU
S456,0.2592024673864093,0.3748939377805124,0.36590359483307816,ANN
S457,0.22680759586741858,0.3376363109669288,0.43555609316565236,GRU
S458,0.1636012454218354,0.5144184139080562,0.32198034067011044,ANN
S459,0.37903687484736204,0.500127379676844,0.12083574547579329,ANN
S460,0.6322809445361571,0.3102906917263478,0.057428363737492126,1D-CNN
S461,0.16658083005720312,0.7220902004669191,0.11132896947587788,ANN
S462,0.6933238621928237,0.23632418709637465,0.07035195071080148,1D-CNN
S463,0.2966402286224707,0.6071750799112905,0.09618469146623942,ANN
S464,0.40749058208816197,0.43049207773557563,0.1620173401762622,ANN
S465,0.033145378924250325,0.9416836222439142,0.025170998831835226,ANN
S466,0.6477428914203023,0.15057865959799363,0.20167844898170412,1D-CNN
S467,0.3683112990731609,0.2523440396133542,0.3793446613134867,GRU
S468,0.2723670182984108,0.39268567612974725,0.33494730557184066,ANN
S469,0.35564542923461057,0.3001306042287755,0.34422396653661314,1D-CNN
S470,0.3794140839683518,0.4443796790571745,0.17620623697447632,ANN
S471,0.3559065560025189,0.4613971022083011,0.18269634178918007,ANN
S472,0.2829272682831102,0.22863218034263944,0.48844055137425296,GRU
S473,0.22838670001125783,0.36966632757822215,0.40194697241052013,GRU
S474,0.14587351061065054,0.2319850556920476,0.6221414336973012,GRU
S475,0.2317958013505382,0.2533904425939063,0.514813756055556,GRU
S476,0.3024191492518529,0.2832881341891475,0.4142927165589989,GRU
S477,0.41753949621956776,0.5089076376079467,0.07355286617248485,ANN
S478,0.3568043174185768,0.3343984542029714,0.30879722837845147,1D-CNN
S479,0.17907666997770827,0.7532485111604863,0.06767481886180571,ANN
S480,0.6297189438294114,0.30557229410102854,0.06470876206956003,1D-CNN
S481,0.7591240870290344,0.18809340395758067,0.052782509013385874,1D-CNN
S482,0.6729977698355695,0.12960823633252336,0.19739399383190465,1D-CNN
S483,0.3093886151802523,0.4054000062943726,0.2852113785253734,ANN
S484,0.31832171646164936,0.5053358395356953,0.17634244400265534,ANN
S485,0.2825476814539426,0.4978983217483583,0.21955399679769858,ANN
S486,0.6031453062738255,0.21766200988739626,0.17919268383878084,1D-CNN
S487,0.5820146240491993,0.24793531810726677,0.17005005784353347,1D-CNN
S488,0.43731382017349946,0.3542082109929726,0.20847796883352726,1D-CNN
S489,0.17035428192938062,0.09720428226734043,0.7324414358032783,GRU
S490,0.1438563880180558,0.18383016714388437,0.6723134448380588,GRU
S491,0.23012178801607736,0.3174859998243452,0.45239221215957653,GRU
S492,0.28706349263552033,0.5706598642350905,0.14227664312939103,ANN
S493,0.25253701706411275,0.6361328475816425,0.11133013535424532,ANN
S494,0.7348473799582191,0.05489868365193777,0.2102539363898428,1D-CNN
S495,0.13917249386685776,0.723432404397096,0.13739510173604488,ANN
S496,0.3629693464032175,0.3669411615122812,0.27008949208450134,ANN
S497,0.40100289817806595,0.3274959129456827,0.2715011888762513,1D-CNN
S498,0.3847391976468545,0.39243324461547124,0.2228275577376743,ANN
S499,0.44522418630647553,0.3008646743548487,0.25391113933868004,1D-CNN
S500,0.09516648290967522,0.8508540138655556,0.05397950322476859,ANN
S501,0.6424834525428661,0.29216488341873015,0.06535166403840341,1D-CNN
S502,0.5833345233224275,0.3011143956056511,0.11555108107192055,1D-CNN
S503,0.4079711499110951,0.43192848435224346,0.16010036573666128,ANN
S504,0.5348600764661736,0.31174206561640916,0.15339785791741717,1D-CNN
S505,0.5745800651045094,0.2613590176544121,0.16406091724107852,1D-CNN
S506,0.1034241378320398,0.7923967748109716,0.10417908735698847,ANN
S507,0.24668280583151886,0.3032929078179732,0.4500242863505079,GRU
S508,0.2180003471459063,0.6111705342158092,0.1708291186382847,ANN
S509,0.3586150165690603,0.32313560879006853,0.31824937464087044,1D-CNN
S510,0.13429475022006956,0.6987010131264626,0.16700423665346717,ANN
S511,0.35068072771494235,0.4798809221356187,0.16943835014943764,ANN
S512,0.4525134920099344,0.0850742371006488,0.4624122708894155,GRU
S513,0.28902570165671626,0.3017467276079977,0.4092275707352853,GRU
S514,0.29679144740492364,0.24266360542319534,0.460544947171883,GRU
S515,0.3481717764034118,0.2701922087473909,0.3816360148491974,GRU
S516,0.32633689778082015,0.43082504088497536,0.24283806133420657,ANN
S517,0.3080790787176355,0.4577546122406872,0.23416630904167723,ANN
S518,0.27975017972618416,0.344725378601589,0.3755244416722235,GRU
S519,0.5101768781383129,0.3186628447123444,0.17116027714934365,1D-CNN
S520,0.23499766502102623,0.5162425200914655,0.24875981488751145,ANN
S521,0.474108006902598,0.2592367463237403,0.2666552467736607,1D-CNN
S522,0.15125446931023462,0.7709102159598559,0.07783531472990902,ANN
S523,0.2587307816466575,0.4232226059522222,0.3180466124011202,ANN
S524,0.24621129359862345,0.621526512234657,0.13226219416671836,ANN
S525,0.3105089215589855,0.4722333266985459,0.2172577517424691,ANN
S526,0.2472350416841932,0.6669087269888581,0.08585623132694846,ANN
S527,0.20665582426946527,0.636352393279438,0.1569917824510956,ANN
S528,0.2918333316168518,0.6290520767609558,0.07911459162219436,ANN
S529,0.4388673888910863,0.42767133952249636,0.13346127158641394,1D-CNN
S530,0.24511877797378237,0.6884905502008412,0.0663906718253763,ANN
S531,0.420481916999754,0.4435914555775611,0.13592662742268477,ANN
S532,0.4503790190481382,0.45316209840645555,0.09645888254540516,ANN
S533,0.4265626918122579,0.4878829723874509,0.08555433580029244,ANN
S534,0.7750592290630754,0.17405445962978786,0.050886311307137506,1D-CNN
S535,0.12914000239366252,0.7681180180218139,0.10274197958452219,ANN
S536,0.26431779867438243,0.226344069962271,0.5093381313633466,GRU
S537,0.2458895853099521,0.42813126935275414,0.32597914533729366,ANN
S538,0.36370699177654475,0.29721190527140895,0.33908110295204635,1D-CNN
S539,0.6159645481953346,0.2319503642335004,0.15208508757116512,1D-CNN
S540,0.2496101850453983,0.14390339454950968,0.6064864204050893,GRU
S541,0.27500971010824465,0.34943461285520805,0.3755556770365466,GRU
S542,0.3361254067085522,0.32795826394952887,0.3359163293419203,1D-CNN
S543,0.31269439295249973,0.509804686852862,0.17750092019463767,ANN
S544,0.3270534375661916,0.607501158399947,0.06544540403386309,ANN
S545,0.40024408265477857,0.4916859882793533,0.10806992906586775,ANN
S546,0.4565849466508303,0.4698091644728095,0.07360588887636255,ANN
S547,0.46904771919296534,0.4467789950983801,0.08417328570865248,1D-CNN
S548,0.5873247764337701,0.36041303030662075,0.05226219325960765,1D-CNN
S549,0.66506907909649,0.194986236400357,0.13994468450315303,1D-CNN
S550,0.3224370140479312,0.6253276914278808,0.052235294524187806,ANN
S551,0.1273905412816029,0.19014633146239082,0.6824631272560054,GRU
S552,0.157809162262803,0.181176116707279,0.6610147210299188,GRU
S553,0.34577369762482923,0.19860445614604827,0.4556218462291204,GRU
S554,0.5933956799843284,0.10071477219779716,0.30588954781787564,1D-CNN
S555,0.23470657790643856,0.11082054993797111,0.6544728721555899,GRU
S556,0.07451342023313069,0.047734691027337045,0.8777518887395321,GRU
S557,0.14279575669884578,0.10417912705066815,0.7530251162504878,GRU
S558,0.2506955092877861,0.11513787332067744,0.634166617391536,GRU
S559,0.623148062807,0.1443655161673539,0.2324864210256473,1D-CNN
S560,0.25973230626900184,0.3504604950635147,0.3898071986674827,GRU
S561,0.39755150136203043,0.18553219957052128,0.4169162990674482,GRU
S562,0.33311424691876007,0.12617241936959356,0.5407133337116478,GRU
S563,0.26260289657868885,0.2179757128826125,0.5194213905386981,GRU
S564,0.20580577968715202,0.11019069046452719,0.6840035298483202,GRU
S565,0.10977422910731174,0.04602976587633829,0.8441960050163491,GRU
S566,0.10178094092993319,0.07020686139799627,0.828012197672069,GRU
S567,0.2629511044394937,0.2902387583108141,0.4468101372496948,GRU
S568,0.2060144300731403,0.4027578095758863,0.3912277603509729,ANN
S569,0.08083821408215164,0.11386970080797056,0.8052920851098778,GRU
S570,0.3531576531481355,0.46463991107843056,0.18220243577343656,ANN
S571,0.7635381709791466,0.08186761572719212,0.15459421329366083,1D-CNN
S572,0.17313984388183656,0.4196478645578154,0.4072122915603456,ANN
S573,0.7773124758704002,0.19351834696946735,0.029169177160132412,1D-CNN
S574,0.41718545222507053,0.5280125840423602,0.05480196373256914,ANN
S575,0.27722424246472493,0.6989837189578921,0.023792038577382553,ANN
S576,0.2527293812366365,0.4762708671668426,0.2709997515965215,ANN
S577,0.21959700051268086,0.43543222881374116,0.34497077067358,ANN
S578,0.3204941072287565,0.32792554796640844,0.35158034480483363,GRU
S579,0.3641762719587466,0.3525426972996809,0.28328103074157324,1D-CNN
S580,0.31720053255259295,0.38760622400778166,0.29519324343962544,ANN
S581,0.2848865232031553,0.3646463153247849,0.35046716147205964,ANN
S582,0.5204105886749297,0.32245618161816325,0.15713322970690688,1D-CNN
S583,0.4159372881729656,0.3876897885376354,0.19637292328939981,1D-CNN
S584,0.20775451693937302,0.7308829457167316,0.06136253734389588,ANN
S585,0.42677499705395877,0.32762833686789844,0.24559666607814268,1D-CNN
S586,0.6666083224774825,0.1251915937565916,0.20820008376592614,1D-CNN
S587,0.2686327570687623,0.19013226850927298,0.5412349744219672,GRU
