Segment,1D-CNN,ANN,LSTM,CNN-LSTM,GRU,Selected
S1,0.13938543779413562,0.1452268888099167,0.24338759329991952,0.31923411697775245,0.1527659631182819,CNN-LSTM
S2,0.25218304199962505,0.2217459792329723,0.20180230111458836,0.20346746406835592,0.1208012135844567,1D-CNN
S3,0.13300872380036538,0.23781150823624184,0.24702368366588273,0.29826394023852215,0.08389214405898554,CNN-LSTM
S4,0.19185478707920264,0.35417030153341084,0.14773532371588532,0.21501550982487827,0.09122407784662248,ANN
S5,0.1675514718980366,0.12694436327656683,0.22787675494842263,0.30312565259499846,0.17450175728197953,CNN-LSTM
S6,0.21244633746564004,0.12201533493447618,0.2654334425331535,0.16951606629794239,0.2305888187687836,LSTM
S7,0.1619232268038879,0.13440032003398025,0.2884431136534535,0.20517197506224702,0.21006136444642848,LSTM
S8,0.23132221499047423,0.12190502238354976,0.20101498701496448,0.09688782716999761,0.34886994844101504,GRU
S9,0.08077527094195912,0.06810082797265087,0.3125089446073529,0.12592315681127575,0.41269179966676145,GRU
S10,0.15414656498642498,0.189503890865561,0.24793703296780673,0.13936147863785872,0.2690510325423489,GRU
S11,0.16785183971277473,0.3096217259658745,0.20181812770717164,0.22127904858044956,0.09942925803372762,ANN
S12,0.13119750166720054,0.2019411034161316,0.25095261719337275,0.3550808951712736,0.06082788255202126,CNN-LSTM
S13,0.11440232858843183,0.17706330480800142,0.32377282996979523,0.3418574401628581,0.042904096470913575,CNN-LSTM
S14,0.15828492837880415,0.28997961912253095,0.24949344702617718,0.235286762603342,0.06695524286914485,ANN
S15,0.38797530888008924,0.27852237582124395,0.1284933084095042,0.1321272732130145,0.07288173367614516,1D-CNN
S16,0.30104273188038666,0.28902420597091494,0.10622098128572414,0.15807902044687555,0.14563306041609975,1D-CNN
S17,0.21521020160302312,0.20358648746884897,0.1345025676044166,0.2373925714933738,0.20930817183033698,CNN-LSTM
S18,0.2012689139873975,0.1794374816867485,0.1665849277288278,0.27324116164207424,0.17946751495495236,CNN-LSTM
S19,0.18528938399411696,0.20104460656721895,0.16284439239348694,0.3452204247477918,0.10560119229738087,CNN-LSTM
S20,0.11418065143767893,0.11222266210493444,0.19645240353307977,0.5170149748665936,0.06012930805771911,CNN-LSTM
S21,0.3117065729352318,0.246519044265858,0.10965143418208301,0.27624503491687097,0.05587791369995505,1D-CNN
S22,0.5610716243598869,0.20725633042062394,0.04217637053738698,0.14202883541077513,0.04746683927133066,1D-CNN
S23,0.291809548303642,0.3487584957129679,0.08262638420724462,0.1336677080944894,0.14313786368165446,ANN
S24,0.2014259381617069,0.11603830742783086,0.23402747910704566,0.06200987120775979,0.3864984040956544,GRU
S25,0.1515709947123347,0.09129714695716543,0.3791135407826629,0.06640622263750838,0.311612094910327,LSTM
S26,0.2157968212932549,0.12183543171832614,0.24881152092341793,0.06612266859377727,0.347433557471231,GRU
S27,0.2635392866563715,0.3246234101934744,0.1923631166169799,0.0989181327907719,0.12055605374240135,ANN
S28,0.19318575966874751,0.3687611128462329,0.18046545111819556,0.19943265899732107,0.05815501736950045,ANN
S29,0.012728294102289728,0.008676701248766931,0.2637772223369495,0.7115671650429622,0.003250617269031381,CNN-LSTM
S30,0.01684476156434816,0.07650770652349574,0.3203358962784296,0.5804449985398492,0.005866637093875705,CNN-LSTM
S31,0.7357617042802439,0.10815665142735349,0.07468130349681117,0.07900369193775428,0.0023966488578408326,1D-CNN
S32,0.3517718485763515,0.19932573721788852,0.18971483534472158,0.24862858052317144,0.010558998337870785,1D-CNN
S33,0.10198482774246008,0.10082437488887104,0.38552453370125594,0.273780263015127,0.13788600065228285,LSTM
S34,0.3096458405633319,0.08587375861439944,0.31953298283527737,0.09939699333863815,0.18555042464835242,LSTM
S35,0.07258992660875661,0.12345453502437918,0.37299226154938553,0.14229373951605434,0.28866953730142364,LSTM
S36,0.14804350337729907,0.1496235198581414,0.31233948437936426,0.1533543460015596,0.23663914638363226,LSTM
S37,0.19362320528031646,0.12206454268753188,0.2284217695363953,0.1325974445270396,0.3232930379687166,GRU
S38,0.14168040429461903,0.1750145111456286,0.18272546791450237,0.09472738584246138,0.40585223080278704,GRU
S39,0.2148964686379344,0.17924422333357803,0.19892143842990573,0.11685266987795181,0.29008519972063096,GRU
S40,0.17518144483567483,0.12979527823872813,0.23111151610598607,0.18975532841206774,0.27415643240754967,GRU
S41,0.17325543845841004,0.19523205693760343,0.21901992546508584,0.21869701420913637,0.19379556492976874,LSTM
S42,0.21061546859617647,0.22344273211080454,0.2021378952584115,0.25430850791967957,0.10949539611492898,CNN-LSTM
S43,0.10261710537956478,0.14234198518848779,0.33608390200747124,0.35457981273221045,0.06437719469227166,CNN-LSTM
S44,0.21975518197540364,0.22023722566183862,0.23271018812035563,0.2174468012046389,0.1098506030377674,LSTM
S45,0.218355296479418,0.18888211132060168,0.19928534052286673,0.20027665798156194,0.19320059369555145,1D-CNN
S46,0.2043630914680419,0.20120814634050385,0.1966528211216008,0.18710062594835233,0.2106753151215007,GRU
S47,0.18918972116292307,0.20579378273181403,0.1973163885820501,0.18994230520206576,0.21775780232115147,GRU
S48,0.18840413219948035,0.15533939395554747,0.23029473907727643,0.20099247427528796,0.2249692604924059,LSTM
S49,0.19982421580500068,0.16677068053741959,0.2486389210649599,0.18666309150711208,0.19810309108550858,LSTM
S50,0.1306578505382808,0.18239130027850564,0.23498139956032027,0.21185663047517247,0.24011281914772192,GRU
S51,0.0033120307903887138,0.012952247279922,0.7360509131210385,0.22991230106475133,0.017772507743901197,LSTM
S52,0.1414641281563378,0.2871424380404391,0.38587651488789226,0.11186500259999213,0.07365191631534403,LSTM
S53,0.0655640992877087,0.2740911872674994,0.2872277443228303,0.1838475935341533,0.18926937558780832,LSTM
S54,0.1260134716484723,0.11570889772825921,0.23902032037483806,0.33248449352183,0.18677281672660503,CNN-LSTM
S55,0.06137448082896626,0.11460407625761186,0.2873508216721179,0.4259450040223081,0.11072561721900169,CNN-LSTM
S56,0.4075398935315155,0.16372557322527423,0.13710730928657813,0.15694317589695256,0.13468404805967624,1D-CNN
S57,0.2646574736168254,0.09389324544980236,0.2100398964740185,0.18910596283624437,0.24230342162310747,1D-CNN
S58,0.47833206191302263,0.04773832102635181,0.20127649493452218,0.10076269215603431,0.17189042997006804,1D-CNN
S59,0.1504744667615432,0.13636351308272568,0.31438121068413855,0.1336576627805184,0.26512314669107423,LSTM
S60,0.2299233951868061,0.4617362047249852,0.11284937450196249,0.0501595381941412,0.1453314873921068,ANN
S61,0.5933827682432218,0.14517205215239076,0.036017400234175496,0.020313466417748553,0.20511431295246754,1D-CNN
S62,0.20073025604265496,0.09358545741807889,0.06839040050946261,0.0808684493766124,0.5564254366531908,GRU
S63,0.14173892932636906,0.41820286536642515,0.08029066701734801,0.14737403790180878,0.21239350038804733,ANN
S64,0.2334315045155043,0.29633840949575485,0.17610447849448269,0.19774217830926086,0.09638342918500258,ANN
S65,0.11466221674575611,0.14224601179766405,0.39589589299505645,0.28544454777263484,0.0617513306888861,LSTM
S66,0.16603666995541447,0.2014952099516756,0.41781442761238685,0.1695032383169839,0.04515045416353868,LSTM
S67,0.3330910358063906,0.4514575154409047,0.11515122649023168,0.0646018540915999,0.03569836817087222,ANN
S68,0.5923395499907239,0.2760407493252565,0.0452175298376801,0.04832796536053405,0.03807420548580388,1D-CNN
S69,0.28976267007778106,0.456230144095653,0.059903894301536656,0.10367179076494328,0.09043150076008036,ANN
S70,0.33624198518883364,0.2954119432047095,0.05861302068929028,0.13103239162220048,0.17870065929496232,1D-CNN
S71,0.3035439337331171,0.22525885326630685,0.08000904666381246,0.23175297427347666,0.15943519206328347,1D-CNN
S72,0.13786294883797703,0.23546525348330563,0.1297847997075091,0.3558227775063551,0.14106422046485656,CNN-LSTM
S73,0.2576282082125323,0.1939258105729044,0.1634529991822077,0.23526958070354742,0.14972340132881043,1D-CNN
S74,0.22426417590879066,0.23450772703165595,0.18527040866875674,0.17253846608171183,0.1834192223090872,ANN
S75,0.19696087026615705,0.2241063110141087,0.23729753894386313,0.13574729076314157,0.2058879890127309,LSTM
S76,0.23352688938944197,0.16920178383378687,0.2666664289221436,0.12351398092939911,0.2070909169252266,LSTM
S77,0.20582224340981056,0.162645925540552,0.2718478303316559,0.1271881303958362,0.23249587032214752,LSTM
S78,0.6826676204593805,0.12855179924841187,0.025081738412651874,0.015632276560388025,0.14806656531916862,1D-CNN
S79,0.11793798124201067,0.2796004173381966,0.04420614878876341,0.06919406208782063,0.4890613905432122,GRU
S80,0.15981909200019634,0.4798281232035292,0.05612842456726409,0.2584681353119883,0.04575622491702147,ANN
S81,0.13952166288779627,0.20190780794981197,0.12542278603356768,0.2972520954040949,0.2358956477247303,CNN-LSTM
S82,0.16863400158678019,0.19484272617841147,0.1689315741655374,0.25432144638955917,0.2132702516797174,CNN-LSTM
S83,0.233521209141429,0.15203496496861896,0.30837374045965726,0.22184617229392345,0.08422391313637241,LSTM
S84,0.24640793279812118,0.13800774945084548,0.19714392541697395,0.2248342703050353,0.19360612202902383,1D-CNN
S85,0.12384154122840944,0.11299264425249779,0.24398689215275407,0.24515794148480663,0.2740209808815332,GRU
S86,0.1444947076334825,0.11032020006013353,0.255190280713566,0.20448911918942178,0.2855056924033962,GRU
S87,0.19721679328454267,0.19307466374330978,0.19399420881469862,0.1668078889562782,0.24890644520116864,GRU
S88,0.19215475098404175,0.19830575020742355,0.1897818293148488,0.18190798212411408,0.23784968736956905,GRU
S89,0.11062692166836136,0.14422711184583248,0.26214620003563466,0.21306404595614117,0.26993572049402903,GRU
S90,0.1713585792146172,0.17262967983589914,0.21107110843514598,0.1979986767246627,0.24694195578967407,GRU
S91,0.011166466886994885,0.05099600886464556,0.5023131175653394,0.38320671318942917,0.05231769349358961,LSTM
S92,0.10101296569462742,0.15928277165934404,0.4846577521246843,0.19426793608313955,0.06077857443820949,LSTM
S93,0.3921205207268737,0.3071309817071509,0.143308603297197,0.08887477022094876,0.06856512404782941,1D-CNN
S94,0.4328863592622026,0.3088635190686463,0.07547608326188206,0.09371043346363211,0.08906360494363008,1D-CNN
S95,0.3287680368828695,0.15647026539778705,0.13201231273056382,0.22538606146470413,0.15736332352407512,1D-CNN
S96,0.27039055213775365,0.1923372901036821,0.16318753908203154,0.20794835607358533,0.16613626260294762,1D-CNN
S97,0.2531395061468924,0.19473520082394752,0.20251051294135655,0.17430684870293245,0.1753079313848687,1D-CNN
S98,0.33254465212268525,0.1158706886823063,0.27085521173072347,0.12996886739871838,0.15076058006557191,1D-CNN
S99,0.12902872999834022,0.17591505757512282,0.32564487132670283,0.14663725777096748,0.2227740833288644,LSTM
S100,0.22163414044983484,0.336521250871742,0.1549631867447804,0.09129730433382048,0.19558411759981947,ANN
S101,0.07881869871896202,0.21222086458666603,0.20440035082801736,0.21845767887448345,0.28610240699187517,GRU
S102,0.05141279368109919,0.1318433857275493,0.30366775034333043,0.3946727865637497,0.11840328368427207,CNN-LSTM
S103,0.050963299349387224,0.0969892268420064,0.5552699422938353,0.25208111347617274,0.044696418038597405,LSTM
S104,0.13416315809783017,0.17075249844243404,0.4744499720091035,0.15509303299199165,0.06554133845864442,LSTM
S105,0.5143175979583887,0.33277539010519974,0.06391777059254306,0.041454535970436905,0.0475347053734304,1D-CNN
S106,0.8321140177100456,0.11234951937067912,0.010675332387576536,0.021795268486533972,0.02306586204516728,1D-CNN
S107,0.14852190894699197,0.39397481795275124,0.04410693127178196,0.17153470713916288,0.24186163468931787,ANN
S108,0.29195443351313993,0.12140591549858713,0.06597608924677097,0.26053090676179547,0.2601326549797034,1D-CNN
S109,0.28209443579588395,0.26497600388089376,0.10424686804885466,0.15179702312915158,0.19688566914521066,1D-CNN
S110,0.055520676469013604,0.06526304069840806,0.1282755716783795,0.6582167210246285,0.09272399012956613,CNN-LSTM
S111,0.03780744865880612,0.08558590231004358,0.07692181715769128,0.7523090509778833,0.047375780895579575,CNN-LSTM
S112,0.03648132793313925,0.01963931996956052,0.05725727014286308,0.8619836014378095,0.02463848051662525,CNN-LSTM
S113,0.06422375093719473,0.03875485085388672,0.1460216613399247,0.6859223703867995,0.0650773664821913,CNN-LSTM
S114,0.045076668660030586,0.09009711764299233,0.10347019161695892,0.7075995161872141,0.05375650589280344,CNN-LSTM
S115,0.2999597768869149,0.076719883938016,0.26973219705646984,0.28924347324651384,0.06434466887208351,1D-CNN
S116,0.2594374788941043,0.3003190135363872,0.2292796021899853,0.151502185336381,0.05946172004314344,ANN
S117,0.3028146065372367,0.21780198150668018,0.20663637963129006,0.2488129209479938,0.023934111376803173,1D-CNN
S118,0.21918418838344225,0.49187527867540676,0.08609346095348426,0.1951904747698734,0.007656597217797824,ANN
S119,0.23890043087479354,0.41917187625329416,0.1164278813315413,0.18402521831340415,0.04147459322696688,ANN
S120,0.24179105539862641,0.1680405954248483,0.1289841617217162,0.43043138993853564,0.03075279751627105,CNN-LSTM
S121,0.11746215330132675,0.19307253199851018,0.12005868980133079,0.5422897592050095,0.027116865693816054,CNN-LSTM
S122,0.2902494951473446,0.26083094002326423,0.12857158375749125,0.29063636134364046,0.02971161972825958,CNN-LSTM
S123,0.31050153021961974,0.2844396216840265,0.1481478067128893,0.20558440532427255,0.05132663605919083,1D-CNN
S124,0.1905899988669169,0.1779782529530763,0.24132829706913217,0.16563123556511433,0.2244722155457537,LSTM
S125,0.04909368621669982,0.02854872472603599,0.3120835595220992,0.08376848488438961,0.5265055446507756,GRU
S126,0.02579149567823978,0.0448318494061874,0.33154584562509587,0.04551177641158341,0.5523190328788934,GRU
S127,0.10460427442959268,0.11325637172332301,0.08206724288621965,0.016739185076790536,0.6833329258840707,GRU
S128,0.10275577575452337,0.07040891770778811,0.09679308923048281,0.03541845969340347,0.6946237576138009,GRU
S129,0.12530132499182686,0.10198434136931422,0.07760897442025863,0.04435251507227081,0.6507528441463281,GRU
S130,0.14641676286087696,0.10441402288351873,0.07216645878989575,0.048325426243942746,0.628677329221763,GRU
S131,0.2306519126224266,0.2156467479954276,0.22340554661827192,0.18982767127659728,0.1404681214872753,1D-CNN
S132,0.22526325396195343,0.21820814419132326,0.2267653581810025,0.22428198159176113,0.10548126207396047,LSTM
S133,0.1903828930198298,0.21189303633400905,0.21727806793632123,0.27255968116208806,0.10788632154775636,CNN-LSTM
S134,0.2176762985668516,0.24163347454371983,0.19266983933257517,0.27518910290320187,0.07283128465365032,CNN-LSTM
S135,0.16060708377241872,0.17097579720203285,0.3160736301347641,0.3074565012940163,0.044886987596769366,LSTM
S136,0.2714826222403742,0.18513683512836943,0.22863575036807166,0.226654633412816,0.08809015885036817,1D-CNN
S137,0.06164339655126018,0.04497850846579241,0.2771859253349081,0.23098132189909207,0.385210847748952,GRU
S138,0.020207294921377506,0.05042808681633765,0.5185199147120282,0.09865313535256877,0.3121915681976912,LSTM
S139,0.13738223182924805,0.1335255784253187,0.31278441421413944,0.07269983115826915,0.3436079443730298,GRU
S140,0.2718424740740402,0.16717762713616668,0.19113172571768855,0.06903950932671515,0.3008086637453891,GRU
S141,0.24100386935823215,0.1805033137819069,0.19565813038086682,0.11223956934791487,0.27059511713107265,GRU
S142,0.19939322975095838,0.2649468965428987,0.19771497216069048,0.21060376984608792,0.12734113169936098,ANN
S143,0.05988618449078621,0.0697678725877882,0.5234577643177057,0.3236816853825336,0.023206493221185058,LSTM
S144,0.2553563623645704,0.21297280970143923,0.2609396786696055,0.21452001242417076,0.05621113684021343,LSTM
S145,0.19711075844635886,0.17595465129577087,0.2237381428034694,0.2605183999091866,0.1426780475452142,CNN-LSTM
S146,0.22484984059398264,0.20147296832147277,0.19536411471271162,0.28068672316077276,0.09762635321106015,CNN-LSTM
S147,0.17565798690960646,0.36590329911863784,0.1465545801602165,0.23516630742849495,0.07671782638305062,ANN
S148,0.2575017689329091,0.21388404813755751,0.19101477162208372,0.2747828558119838,0.06281655549546235,CNN-LSTM
S149,0.27134351538997104,0.3334070342498342,0.11207354155163406,0.20050256310344206,0.08267334570511829,ANN
S150,0.3629060508930764,0.28004701540503146,0.08198067629494757,0.1691698576568288,0.10589639975011282,1D-CNN
S151,0.2259560354669464,0.10844742963278994,0.13129404685586216,0.2262853278078463,0.3080171602365551,GRU
S152,0.0372859709833029,0.057001476242341455,0.6462516935246378,0.06309670784302626,0.19636415140669167,LSTM
S153,0.08250058083824549,0.26323454690819115,0.4579460137381062,0.023937751928434392,0.1723811065870214,LSTM
S154,0.17858862082519913,0.14657708712508713,0.5957149899448018,0.027935381964309804,0.051183920140600234,LSTM
S155,0.2606525489212631,0.3078676620585086,0.2608028628764146,0.11806447563123233,0.052612450512579186,ANN
S156,0.15078004407712195,0.4254636371727268,0.18692915835128973,0.18936751271426266,0.04745964768459766,ANN
S157,0.16896959363244854,0.13486387341224118,0.23974234845326778,0.3867844981346713,0.06963968636736692,CNN-LSTM
S158,0.13815823198837432,0.22351949808100652,0.17909919144073855,0.3881857074747417,0.07103737101513452,CNN-LSTM
S159,0.1914036159408665,0.28879844879712513,0.19509698436494383,0.23135689607700313,0.09334405482006118,ANN
S160,0.19790570366540944,0.20482878909324584,0.22007239306300685,0.1813762114135803,0.19581690276475655,LSTM
S161,0.11293602722047613,0.08020900852531669,0.2257498464083279,0.1439638836929994,0.4371412341528817,GRU
S162,0.05594352784402822,0.08798622241752191,0.2761727514374906,0.1256925349689331,0.4542049633320272,GRU
S163,0.10987692763460913,0.14726391059471305,0.2950596067703044,0.11523517272690534,0.33256438227346935,GRU
S164,0.2567800549007486,0.19579775508327832,0.18975283226565218,0.11565260826372117,0.2420167494865948,1D-CNN
S165,0.1867866197624178,0.3165137298557707,0.16159425651471,0.2096282364223444,0.1254771574447594,ANN
S166,0.15374310646434772,0.2276329598743717,0.24316982182145677,0.30406646016725974,0.07138765167256164,CNN-LSTM
S167,0.26322153987841024,0.15573389465079052,0.2770963840531081,0.2054086792576293,0.09853950216005779,LSTM
S168,0.17840396466298333,0.19220528585023305,0.21820160137190694,0.17909670467548333,0.23209244343939198,GRU
S169,0.1150573805209697,0.11070655023898118,0.24331993491377887,0.15494076212135288,0.37597537220491617,GRU
S170,0.07128986723928986,0.07806370995117343,0.3753131710179792,0.1777378598184274,0.29759539197313,LSTM
S171,0.1921963549743677,0.1123608898229308,0.2136096821321408,0.08445455530734909,0.39737851776321603,GRU
S172,0.23205631389601222,0.20206435266270692,0.15867254376025458,0.09792385057646508,0.30928293910456195,GRU
S173,0.16043925390315075,0.1844303212759047,0.21188420821021656,0.2312148752188426,0.21203134139188523,CNN-LSTM
S174,0.11606563986031047,0.12062501069812946,0.2258525237607046,0.20586725210151974,0.3315895735793389,GRU
S175,0.1369399224319424,0.11684162449248191,0.17890529343508224,0.13264468117237196,0.43466847846811985,GRU
S176,0.11716048412094433,0.3099730232118142,0.08656725687782046,0.05080765949512161,0.43549157629430335,GRU
S177,0.37710960431726787,0.08199237705050677,0.08037370279277448,0.06108620158068112,0.3994381142587747,GRU
S178,0.02700139814179659,0.022910501441754782,0.13246721147390061,0.08736130435273785,0.7302595845898098,GRU
S179,0.05281350813166435,0.08898672907468906,0.10268862623226889,0.06495530346455695,0.6905558330968249,GRU
S180,0.21894144515913105,0.38035560713051964,0.14740838384903926,0.12625740182815318,0.12703716203315307,ANN
S181,0.24325043198812343,0.28252364488193177,0.20021714833782017,0.2010329997218159,0.07297577507030863,ANN
S182,0.20534001710495942,0.21762593716442372,0.2506894230655448,0.25209836132322017,0.07424626134185028,CNN-LSTM
S183,0.26040594518895405,0.15628698614049,0.2601770628627661,0.27572890497551733,0.04740110083227016,CNN-LSTM
S184,0.20707763979757146,0.4093484840559498,0.15993225093326097,0.1687616691238998,0.054879956089318,ANN
S185,0.48682517016892046,0.30213615463727056,0.06327777998991232,0.10959379320226502,0.038167102001633584,1D-CNN
S186,0.4869757737896126,0.1607511291626025,0.04596643815743411,0.14084291501476195,0.16546374387559376,1D-CNN
S187,0.13786383291107102,0.19327791284050536,0.09002700540132946,0.37075591566151384,0.20807533318558058,CNN-LSTM
S188,0.23859153101778338,0.3260211112638996,0.10314690257556966,0.22416728932265767,0.10807316582008925,ANN
S189,0.13720753554808637,0.1980786607097264,0.13445605514067213,0.4580099635273093,0.07224778507420854,CNN-LSTM
S190,0.16943531714552099,0.30762606533080855,0.10104693048585167,0.34764477935802396,0.07424690767979455,CNN-LSTM
S191,0.20790711985792612,0.1532894648530735,0.12263983468112122,0.4546106640946616,0.06155291651321761,CNN-LSTM
S192,0.15940233220866698,0.20981539541566166,0.11175501083212905,0.46752411909603026,0.05150314244751139,CNN-LSTM
S193,0.2523099288629829,0.26876823298307484,0.16246316834479801,0.24962699678676273,0.06683167302238127,ANN
S194,0.2890257988144512,0.29208619512821027,0.15906364660599615,0.13422980482509347,0.12559455462625083,ANN
S195,0.05337075205352748,0.022717398290080088,0.2940554485179234,0.06036107051139839,0.5694953306270698,GRU
S196,0.057103677934267384,0.07948694901559215,0.2913177491743257,0.06651025471481116,0.5055813691610075,GRU
S197,0.1933953881821439,0.23514927726881849,0.21071278841692204,0.10579865035611413,0.25494389577600224,GRU
S198,0.2624144607751984,0.2408463839282443,0.1900066181606298,0.17779727766973405,0.12893525946619117,1D-CNN
S199,0.06573054411288462,0.14158448901308776,0.24570203932082577,0.5084324415880944,0.03855048596510715,CNN-LSTM
S200,0.1643093098779342,0.16478421843433724,0.2803078916562976,0.35153533604141207,0.03906324399002313,CNN-LSTM
S201,0.3341787048190832,0.24431867811208274,0.17960103007842834,0.2088182773531714,0.03308330963723339,1D-CNN
S202,0.37313205359626117,0.33508400288315976,0.09513602009388761,0.1627784072004608,0.0338695162262295,1D-CNN
S203,0.34174368218445644,0.4288054938827489,0.03941221026847801,0.16158597520289603,0.0284526384614192,ANN
S204,0.4446799406483108,0.3239557598344097,0.05187293670076511,0.12596335410531728,0.05352800871119648,1D-CNN
S205,0.250895382241343,0.34987523254773933,0.09727027032874581,0.20127649450026108,0.10068262038190946,ANN
S206,0.22238988769650678,0.2440858521293409,0.1427334251598559,0.2210963406411964,0.1696944943731008,ANN
S207,0.26329322430562624,0.21966543368857247,0.13495523489817135,0.27358736291216745,0.10849874419546697,CNN-LSTM
S208,0.1931640103018317,0.17654253446865287,0.16058811564731615,0.3818053375017429,0.08790000208046084,CNN-LSTM
S209,0.10767290937363438,0.14104640897472215,0.24574547661946533,0.4336294843620241,0.07190572067015419,CNN-LSTM
S210,0.23621405204200474,0.29626279408026723,0.1798677418966155,0.18140487396791327,0.10625053801319853,ANN
S211,0.2252873669753841,0.2360509058164208,0.16032302719964184,0.17869561425684874,0.19964308575170658,ANN
S212,0.163995621636696,0.16881478065754793,0.20904743151960437,0.2511488715787573,0.20699329460739355,CNN-LSTM
S213,0.1715126910917668,0.17568877755715961,0.2643380076550045,0.22734691700307533,0.16111360669299266,LSTM
S214,0.1823808312827785,0.25948414294740035,0.22471295498458976,0.25366716898612773,0.07975490179910476,ANN
S215,0.05653969169034552,0.12097637332426624,0.3643570106135694,0.4313014906906611,0.02682543368115335,CNN-LSTM
S216,0.2388686565858873,0.4155782772481287,0.15828582215920708,0.16258543012342408,0.02468181388335756,ANN
S217,0.034199663337874386,0.018767011566243927,0.4883830713398903,0.32985133718937315,0.12879891656661574,LSTM
S218,0.019414432713773643,0.25433783518534536,0.4667207706366158,0.050948533671362664,0.20857842779290156,LSTM
S219,0.29862214107719354,0.16584285148347094,0.35652908817695544,0.09553913269059038,0.08346678657178765,LSTM
S220,0.17055439158422464,0.2254156379662826,0.2654706975003405,0.24088666142411183,0.09767261152504224,LSTM
S221,0.18744441878937496,0.23442558203652578,0.20696481035182138,0.282876283583767,0.0882889052385089,CNN-LSTM
S222,0.19276896902367968,0.29814034557025737,0.16057124903467965,0.2981727577982869,0.05034667857309362,CNN-LSTM
S223,0.20843297151254575,0.2416680371197192,0.14567914808972462,0.36972743129449026,0.034492411983521064,CNN-LSTM
S224,0.18039601121734106,0.10243837564792935,0.20310835300512992,0.48137713926712555,0.032680120862473065,CNN-LSTM
S225,0.2583429872622984,0.3482391952206727,0.1090533159002611,0.2411886401397705,0.043175861476994815,ANN
S226,0.20054655806874458,0.6117256559909683,0.020405175963315984,0.15155435569795866,0.015768254279015664,ANN
S227,0.48417774394216734,0.17180463944098182,0.04307365372572678,0.2692347375858695,0.031709225305252414,1D-CNN
S228,0.15791686338315855,0.5500150984422951,0.03038758550785058,0.24485433190405806,0.016826120762633172,ANN
S229,0.2658518395821612,0.1876736579556032,0.09330630099218308,0.4233847802669896,0.029783421203063615,CNN-LSTM
S230,0.1954750218305004,0.383604429095361,0.07020135558235763,0.33100123276334004,0.01971796072844075,ANN
S231,0.19499350875879,0.22469782212585562,0.08644448562106477,0.4694153958315127,0.02444878766277541,CNN-LSTM
S232,0.3139280062222658,0.1952187111020415,0.13522716913050412,0.31069381745436675,0.044932296090818384,1D-CNN
S233,0.19867419337687772,0.24847377130916468,0.14068761403541463,0.3545960291133121,0.057568392165232136,CNN-LSTM
S234,0.14963357220872908,0.11886375386241944,0.1334749019345031,0.5666745745519894,0.031353197442359676,CNN-LSTM
S235,0.183330284683429,0.25371321483489667,0.16966181427158858,0.3177887002869807,0.07550598592310281,CNN-LSTM
S236,0.23410187183774825,0.16489484944660995,0.21658186400410392,0.2154335023501516,0.1689879123613848,1D-CNN
S237,0.2431689989328396,0.24581663915899166,0.1885131915821661,0.1583693213978434,0.1641318489281587,ANN
S238,0.1394606838453219,0.12581108359218887,0.21858688931467524,0.16773331617765758,0.34840802707015495,GRU
S239,0.11593148887999452,0.11366403642260414,0.30810397494420966,0.15128497369174132,0.31101552606145005,GRU
S240,0.20585472140225916,0.18679689286964293,0.2392999082192593,0.16434148615098254,0.20370699135785597,LSTM
S241,0.09027950356997975,0.11875974171297778,0.2960508843338795,0.41776472443063567,0.07714514595252628,CNN-LSTM
S242,0.11893948791704298,0.2269846158481329,0.27938424430211495,0.32668825045522576,0.04800340147748355,CNN-LSTM
S243,0.2598030618072779,0.2988388599557787,0.14577893638969847,0.24824431273765127,0.047334829109595536,ANN
S244,0.5647541616887757,0.07362606808146478,0.13709180446855604,0.19448246101905384,0.03004550474214346,1D-CNN
S245,0.11845621716041214,0.4022499735118958,0.17138504533103271,0.23910146561432663,0.06880729838233283,ANN
S246,0.5389496606526405,0.23223909216268984,0.047656422548307806,0.1233664254835224,0.05778839915283824,1D-CNN
S247,0.2196456643920989,0.3478034873047288,0.05152754685979861,0.29866954596523376,0.08235375547813999,ANN
S248,0.16813965916456258,0.10200722875882197,0.2881110435172796,0.2502262513978407,0.19151581716149643,LSTM
S249,0.21670507090566019,0.12639329021157716,0.25992464259134823,0.14385208789549622,0.25312490839592583,LSTM
S250,0.22320077710585196,0.14518931158204484,0.19818501458033794,0.11011540716983585,0.323309489561936,GRU
S251,0.1789127294965639,0.15320094973120574,0.1932309773099274,0.080188387117172,0.3944669563451282,GRU
S252,0.182708727363568,0.1643339580253794,0.21612173720216077,0.12193029930536957,0.31490527810352065,GRU
S253,0.1715738713873198,0.19278852531979934,0.2233027163632241,0.1765449812690911,0.23578990566056507,GRU
S254,0.17542586365204613,0.29170883019888577,0.17609469108384151,0.22425400588025993,0.13251660918496524,ANN
S255,0.12228034324730826,0.2501548471159888,0.22996506992177052,0.31293759920408426,0.08466214051083955,CNN-LSTM
S256,0.19043775309919234,0.1743740943664456,0.3756137048466215,0.21083537456242796,0.04873907312531278,LSTM
S257,0.24272216024250035,0.2534361603853227,0.2535538261777379,0.16371398178091762,0.08657387141351977,LSTM
S258,0.19609244680833524,0.12597063929292315,0.241327858220289,0.1707769911912073,0.2658320644872431,GRU
S259,0.05095771161669136,0.1053404185813523,0.44499051689648256,0.18198304009786834,0.21672831280760343,LSTM
S260,0.20262643379356776,0.2307742079182815,0.24929536442918895,0.15318151327229834,0.16412248058666273,LSTM
S261,0.10258469440869714,0.2544190890347807,0.22479674891996893,0.34428803355484827,0.0739114340817038,CNN-LSTM
S262,0.297415726053985,0.11641073861595025,0.22619475557886964,0.21649265456697114,0.14348612518422862,1D-CNN
S263,0.24403089001053643,0.1578295155470969,0.2310371998656913,0.1927905673368768,0.17431182723979824,1D-CNN
S264,0.16841763441037919,0.2811883343243445,0.18501013751905795,0.16058487043420858,0.2047990233120076,ANN
S265,0.1490569031830677,0.1330252803295847,0.2631366077573417,0.193420101990448,0.2613611067395567,LSTM
S266,0.1490716212019871,0.20637958404424395,0.2616034195976258,0.12618739850118682,0.2567579766549476,LSTM
S267,0.20399218783924208,0.22446137888587656,0.19795315093666865,0.13019556453638978,0.2433977178018275,GRU
S268,0.13289688768598396,0.2242910240765463,0.27948371698421953,0.23266686529559955,0.13066150595765477,LSTM
S269,0.04554455018106238,0.04238123925252485,0.20057647452711386,0.16386641005606137,0.5476313259832353,GRU
S270,0.029500441582971736,0.15467365372026742,0.20613505398033252,0.11621257924163997,0.493478271474787,GRU
S271,0.16414468390861092,0.24492830688255002,0.20332181013883605,0.137778532786439,0.24982666628356207,GRU
S272,0.17477558656897965,0.13782501120948362,0.19483842633107148,0.1797114646483616,0.31284951124209676,GRU
S273,0.16370760522946173,0.1450143106600855,0.17802813672131768,0.14828149896749848,0.36496844842163395,GRU
S274,0.25989736081167636,0.11989648643202847,0.21137029730707146,0.18469827238770684,0.22413758306151382,1D-CNN
S275,0.17702131567022206,0.26264360450554547,0.23622317808110477,0.19952825767730176,0.12458364406583215,ANN
S276,0.13822791944579574,0.24929724216684107,0.21915497834197106,0.21154063264280973,0.18177922740258143,ANN
S277,0.13998155533611192,0.2542670396759486,0.21416602824071193,0.2210041973659444,0.17058117938127715,ANN
S278,0.08423140932230293,0.1490785515609881,0.2837786382563992,0.38472823595966144,0.09818316490064602,CNN-LSTM
S279,0.17028634661909248,0.22401215796206028,0.24234417994267812,0.25209969732632226,0.11125761814985438,CNN-LSTM
S280,0.23651139933607485,0.17650835252352454,0.2085561188759899,0.20505181666520236,0.173372312599207,1D-CNN
S281,0.16839219606951844,0.15056925962492648,0.22633274135133574,0.2089326522545833,0.24577315069963318,GRU
S282,0.10443881398660877,0.14228027932577592,0.3207085898128636,0.18209333521082285,0.25047898166392046,LSTM
S283,0.18104872777353867,0.1883103770228955,0.23654438694017965,0.1596603658695215,0.23443614239386312,LSTM
S284,0.18150839721377593,0.20733035282441983,0.20954090213412674,0.18594361596475528,0.2156767318629202,GRU
S285,0.023441062001054506,0.09684127123809587,0.35687504028675854,0.41835087497337553,0.10449175150071574,CNN-LSTM
S286,0.030982660648025073,0.12085011809063367,0.5207747751377422,0.27375825251970887,0.05363419360389048,LSTM
S287,0.5183976512078393,0.15514844409056863,0.16867302592049185,0.10414601242883288,0.053634866352268,1D-CNN
S288,0.516240638644799,0.11704569876588125,0.13004844698638562,0.1348178152385004,0.10184740036443207,1D-CNN
S289,0.2579736418122501,0.27135397665117794,0.1356971714705337,0.16484456137965886,0.17013064868637962,ANN
S290,0.2229949223536923,0.15299113578844398,0.24864075691020995,0.16835463331435416,0.20701855163329863,LSTM
S291,0.1690714964974932,0.09534687630493689,0.38754088946131515,0.14100250379153598,0.20703823394472406,LSTM
S292,0.19660141680433263,0.21336996601980893,0.26380171470342534,0.11527876165385872,0.21094814081857982,LSTM
S293,0.23756565580917963,0.3042416215098484,0.15161987413852165,0.09424070248132353,0.21233214606112172,ANN
S294,0.07505138662518702,0.13415380240088973,0.30853988119029035,0.36383876888491473,0.1184161608987221,CNN-LSTM
S295,0.031795491841498304,0.033741388556894264,0.5119272770767928,0.38865412022105567,0.033881722303756634,LSTM
S296,0.10048175584965963,0.11567474303233526,0.4742335850359173,0.25839436075795325,0.05121555532413347,LSTM
S297,0.418887810199998,0.19360947409433305,0.18179684105022884,0.1238082710286505,0.08189760362678637,1D-CNN
S298,0.065585599009743,0.11070880346080282,0.28762468857491885,0.2403479084635993,0.2957330004909359,GRU
S299,0.2936329106694523,0.1617295152637931,0.19888936481087524,0.161898631091291,0.18384957816458616,1D-CNN
S300,0.18336835834684298,0.08930534958639866,0.2465906677950411,0.20917057344223938,0.27156505082947535,GRU
S301,0.10990143364448869,0.07665325378144033,0.33706816972181225,0.15935981371149957,0.31701732914075736,LSTM
S302,0.16799734060053242,0.11529621746584479,0.199294396076319,0.10546116005740416,0.4119508857999004,GRU
S303,0.2519800689564697,0.1558571729659353,0.16155705248855082,0.09110105032387102,0.3395046552651702,GRU
S304,0.18832067175296469,0.17491418951194504,0.19611436061207724,0.14887642200345155,0.29177435611955965,GRU
S305,0.15058579827182964,0.1367312855713408,0.22997902356185224,0.2132333259370241,0.2694705666579535,GRU
S306,0.17025603286637955,0.20319696081259206,0.21022291317805433,0.2405480773735222,0.17577601576945634,CNN-LSTM
S307,0.06579785201486989,0.20400290116094486,0.321770240430742,0.33841375212984864,0.07001525426359337,CNN-LSTM
S308,0.26892681353952186,0.260457844075884,0.2390093407482042,0.18365046132184482,0.04795554031454613,1D-CNN
S309,0.40670426622524974,0.15098187797565812,0.23618200355137306,0.16043124202713077,0.04570061022058814,1D-CNN
S310,0.2760103811654049,0.1822430930046703,0.14604974137069757,0.19403881013957164,0.20165797431965124,1D-CNN
S311,0.00725480250649749,0.023818992487821312,0.6052879492242628,0.14126966024457,0.22236859553684932,LSTM
S312,0.0593905044353822,0.21606873735810872,0.3583830733436815,0.07162184061691083,0.2945358442459144,LSTM
S313,0.2778875726336455,0.07935536502978748,0.33322774071638334,0.06356946180787373,0.24595985981230845,LSTM
S314,0.43104202452462176,0.05659155235691442,0.14710301099362905,0.04845990659639133,0.31680350552844366,1D-CNN
S315,0.21336479360333876,0.13691511882749577,0.26079968396055114,0.11205360162098969,0.2768668019876254,GRU
S316,0.08500612140349745,0.13596064749602607,0.3779848444454293,0.3064572792868923,0.09459110736816073,LSTM
S317,0.08400083575221201,0.13318887656893938,0.2811355886023894,0.29739391798474235,0.204280781091717,CNN-LSTM
S318,0.12017058514084045,0.1333072837406919,0.26800243466874923,0.3470869190995448,0.13143277735017478,CNN-LSTM
S319,0.01956488383189909,0.05363742441600473,0.2883500749988046,0.6183452676921037,0.02010234906118709,CNN-LSTM
S320,0.10768896228556428,0.6371924667119754,0.10746336648007883,0.1397339416477874,0.007921262874595636,ANN
S321,0.4967896402127585,0.42339199532618477,0.031097404088937255,0.041759931910628476,0.006961028461493859,1D-CNN
S322,0.4050822155678588,0.3604748114327606,0.04228016294946624,0.17611697549159638,0.01604583455831445,1D-CNN
S323,0.4885418705421591,0.18084069763591817,0.05691048925837777,0.2477588662331387,0.02594807633040736,1D-CNN
S324,0.22970146494353041,0.3664711873639466,0.03574757016000291,0.3446625735621322,0.02341720397039256,ANN
S325,0.18025757230128148,0.14994297264179332,0.2663896283107838,0.21007775721340052,0.1933320695327456,LSTM
S326,0.3026571071438872,0.1530066731467992,0.19392703761530547,0.09961462434125815,0.25079455775275433,1D-CNN
S327,0.10765072996886894,0.07310204030871731,0.3210204878947938,0.09681659309615638,0.4014101487314637,GRU
S328,0.09019765810574147,0.11813348805141954,0.1881338113633931,0.05713147945858963,0.5464035630208571,GRU
S329,0.17667184964630137,0.11797336226910207,0.16257076183172264,0.061700235774214664,0.48108379047865796,GRU
S330,0.14907346431548313,0.09050070487296341,0.09116758998637527,0.03951120031778517,0.6297470405073903,GRU
S331,0.28545467570667776,0.2179975699583882,0.13352423763623952,0.10973063980643583,0.2532928768922557,1D-CNN
S332,0.20302611206448914,0.2542613528522259,0.18354244637622233,0.23168230680102492,0.12748778190603485,ANN
S333,0.19969608207960846,0.21439897107558925,0.22286848372284676,0.29357089763023736,0.0694655654917147,CNN-LSTM
S334,0.22250880349669394,0.19683831258221304,0.21713106529328294,0.23532981432380973,0.12819200430399944,CNN-LSTM
S335,0.1979742625532733,0.20879492452647497,0.22015260960371433,0.2161088343711645,0.15696936894537397,LSTM
S336,0.21589596939150965,0.1863209933245649,0.21449837913639602,0.19246633503525667,0.19081832311226973,1D-CNN
S337,0.07209950340331833,0.05071727027160304,0.3347369361503321,0.24545410399316087,0.2969921861815845,LSTM
S338,0.03226106634563219,0.0560801708822046,0.5562872329686056,0.1284277289902217,0.22694380081333584,LSTM
S339,0.3204007108148521,0.23844120741340546,0.10651301360622743,0.031222980575813148,0.3034220875896974,1D-CNN
S340,0.2112063255013053,0.27950902980083436,0.23334944921524958,0.13693134450616276,0.13900385097644757,ANN
S341,0.1506793746215301,0.40321136170416283,0.17875340803930076,0.23961240730501776,0.027743448329989862,ANN
S342,0.18597151292006375,0.12140380764832868,0.28000645496438675,0.27046328683334714,0.14215493763387482,LSTM
S343,0.14746455390988109,0.13859039465898595,0.2891710646303987,0.3969790337892459,0.02779495301148444,CNN-LSTM
S344,0.14294443664830564,0.15961930290308618,0.3206843720198651,0.33944764894975693,0.03730423947898721,CNN-LSTM
S345,0.09305504835225831,0.4213739931665166,0.19660362313263413,0.233506053636561,0.055461281712028764,ANN
S346,0.22229280428756015,0.10109717501659372,0.2998847070260553,0.2122098308813581,0.16451548278843606,LSTM
S347,0.18262553255500982,0.29641408961185434,0.20629778072548824,0.2297636500142779,0.08489894709337502,ANN
S348,0.1535716551004117,0.43842477496242893,0.14156664037638425,0.15828398874115931,0.10815294081961323,ANN
S349,0.18645243904591188,0.23171284018032023,0.21069022314045951,0.23306332634324214,0.1380811712900673,CNN-LSTM
S350,0.23469270635957828,0.24406038726001222,0.1876674803746986,0.20962759656837485,0.12395182943733588,ANN
S351,0.23963516022299228,0.22890126171717137,0.21523051307909036,0.19510434209716332,0.12112872288358371,1D-CNN
S352,0.19075957666158772,0.23624062540133645,0.20178157907726024,0.20881170479639338,0.1624065140634266,ANN
S353,0.11099106486060646,0.07537764311655645,0.33534384993031835,0.18854375721403707,0.28974368487848284,LSTM
S354,0.10320953146464815,0.140508620606264,0.29992705324460023,0.1454463488668511,0.31090844581763566,GRU
S355,0.21382879639797228,0.22087313614720516,0.19099264751670705,0.14045892904319315,0.23384649089492152,GRU
S356,0.17177557253119718,0.20124163802390296,0.22189378579076816,0.22552894853271285,0.17956005512142553,CNN-LSTM
S357,0.23880937601719454,0.16926270865136095,0.17962041777902216,0.1848543112550145,0.22745318629740746,1D-CNN
S358,0.17975040050716254,0.18374303975088185,0.18902601717664477,0.1839646307567873,0.26351591180852285,GRU
S359,0.21774997425545844,0.1776973994075679,0.17820479945538528,0.173791227512769,0.25255659936882496,GRU
S360,0.16584252924007029,0.11639250992895532,0.2323290867798813,0.21291901985821948,0.2725168541928804,GRU
S361,0.07308693589223361,0.1553229020630436,0.30026208275022864,0.20486888962891298,0.2664591896655797,LSTM
S362,0.37850400123770284,0.26883470096166995,0.054431790312468274,0.0434670347019944,0.2547624727861664,1D-CNN
S363,0.041407603850967103,0.7152520028048172,0.014601344486508664,0.03272009804899942,0.19601895080870893,ANN
S364,0.053052291189194876,0.6777316853170382,0.061383518604640065,0.18843715836288755,0.019395346526237717,ANN
S365,0.07092602157802101,0.02474662047083995,0.8183210506914718,0.07954899074482553,0.006457316514841227,LSTM
S366,0.019461321218664514,0.0745044655162865,0.8095573300441024,0.07718392477444055,0.019292958446505415,LSTM
