Segment,1D-CNN,ANN,BiLSTM,LSTM,CNN-LSTM,GRU,Selected
S1,0.11344461212072646,0.1181989189923399,0.18610857837043485,0.1980910743178666,0.2598219092996775,0.1243349068989461,CNN-LSTM
S2,0.2240359335372506,0.1969960671093205,0.11161380336753955,0.1792783787588674,0.18075768654213825,0.10731813068488084,1D-CNN
S3,0.11846937508243001,0.21181603704764157,0.10931124141720812,0.22002121814491543,0.26566033866106387,0.07472178964674726,CNN-LSTM
S4,0.17442414815834903,0.32199276384199965,0.09085329162861826,0.13431308326647745,0.19548064300608223,0.08293607009847137,ANN
S5,0.13660052391147245,0.1034945639972651,0.1847250139670442,0.18578221820780988,0.24713076218561703,0.14226691773079156,CNN-LSTM
S6,0.17710210348941732,0.10171590968640007,0.16636781974148634,0.22127385941243544,0.14131404793680039,0.1922262597334562,LSTM
S7,0.1395792862136257,0.1158542916140515,0.1379909543016057,0.24864057313868992,0.17686009842746447,0.18107479630457057,LSTM
S8,0.19211821410927518,0.1012448164230281,0.16947788988970655,0.16694739117946117,0.08046748266522767,0.2897442057333005,GRU
S9,0.04903280758412118,0.04133907265630449,0.3929725395863673,0.18970151100154867,0.07643881408641738,0.25051525508524924,BiLSTM
S10,0.10644761188940116,0.13086400354211689,0.3094389622060408,0.17121565479380618,0.09623760731666177,0.18579616025198345,BiLSTM
S11,0.13594058882431603,0.2507578100581202,0.19011558612086862,0.16344935606830832,0.1792104525633113,0.08052620636508334,ANN
S12,0.11507534665963627,0.17712564786018653,0.12288461901095821,0.22011440043976083,0.31144691465007945,0.053353071379372445,CNN-LSTM
S13,0.1049805329659955,0.16248095940718557,0.08235667698978767,0.2971079755939052,0.313703197386812,0.03937065765632012,CNN-LSTM
S14,0.1462852403354192,0.2679960670304297,0.07581067993200886,0.23057917916854445,0.21744951315138372,0.06187932038222283,ANN
S15,0.3645961150817242,0.26173875982180816,0.06025948884698424,0.1207503673244896,0.12416535126645237,0.0684899176585386,1D-CNN
S16,0.2743425523685136,0.26338997745293097,0.08869232399364642,0.09679999559860576,0.14405862474880018,0.13271652583748614,1D-CNN
S17,0.18420246596323675,0.17425351005306985,0.14408116069229393,0.11512328154787836,0.20318877425287984,0.1791508074906397,CNN-LSTM
S18,0.16911246101002586,0.15076900612375518,0.15976860181888142,0.13996988674149324,0.22958580328715253,0.15079424101869,CNN-LSTM
S19,0.1648408574390389,0.1788573344875864,0.11035994677237933,0.144872893916761,0.30712191704788666,0.09394705033634189,CNN-LSTM
S20,0.10486192768464184,0.10306373742007129,0.08161386045448706,0.1804191644851825,0.4748193868549516,0.05522192310067158,CNN-LSTM
S21,0.2952472333526261,0.23350186395765096,0.05280395414063353,0.10386140488007765,0.26165820476154306,0.05292733890746838,1D-CNN
S22,0.5464219018556861,0.20184481503457122,0.026110253786065893,0.04107513479888036,0.13832042647325937,0.04622746805153349,1D-CNN
S23,0.2716267981305805,0.3246369217938608,0.0691641184820355,0.07691160318019276,0.12442269889462035,0.13323785951871148,ANN
S24,0.1680320490663682,0.09680061438581097,0.16578743234413615,0.19522866424791696,0.05172941388023454,0.3224218260755285,GRU
S25,0.09968297215748571,0.06004295858492764,0.3423347762105026,0.2493297916404622,0.04367306327191273,0.20493643813471707,BiLSTM
S26,0.1452755335398356,0.08202024126612686,0.3267948403076052,0.16750119967655575,0.04451412166996072,0.23389406353991476,BiLSTM
S27,0.18422624886245514,0.22692689925529178,0.30095337511228326,0.13447078742398363,0.06914838686758489,0.08427430247840882,BiLSTM
S28,0.1661051248386489,0.31706845675370854,0.140179249632756,0.15516793959581038,0.1714763385068116,0.05000289067226409,ANN
S29,0.01254699181538292,0.00855310999870887,0.014244036588860103,0.2600199699306736,0.7014315763086576,0.003204315357714912,CNN-LSTM
S30,0.01657654774546792,0.07528949847335227,0.015922684203966576,0.31523528896279324,0.5712027561303268,0.00577322448409064,CNN-LSTM
S31,0.7324455027420967,0.10766917123949143,0.004507167903488651,0.07434470232269975,0.07864760903319541,0.002385846759032843,1D-CNN
S32,0.34686132952336585,0.1965432722926249,0.013959386098858339,0.18706653270946372,0.24515787817243795,0.010411601203255266,1D-CNN
S33,0.09461205751003748,0.09353549705931324,0.0722928144864904,0.3576538801063994,0.25398791725091113,0.12791783358684294,LSTM
S34,0.26921803338835787,0.07466195693691771,0.13056144110131596,0.2778142961169044,0.08641957864720858,0.16132469380930411,LSTM
S35,0.04908824219884435,0.08348494617559497,0.32375958356564266,0.25223244227694575,0.09622477766633722,0.1952100081166253,BiLSTM
S36,0.11648591488635873,0.1177291282736924,0.2131642913807113,0.24575985952141938,0.12066467550598423,0.18619613043182814,LSTM
S37,0.15376861969203937,0.09693929100712964,0.205835790862873,0.18140439395357602,0.10530414466642132,0.25674775981796716,GRU
S38,0.11757886989832009,0.14524244576207423,0.17011198207891653,0.15164167639127016,0.07861312247964662,0.33681190338977784,GRU
S39,0.17292617142273944,0.14423697833276802,0.19530473200054238,0.16007114020819044,0.09403079050389047,0.23343018753186898,GRU
S40,0.12900503058575852,0.0955822910056527,0.2635919248938104,0.17019238671047981,0.13973735613707158,0.20189101066722084,BiLSTM
S41,0.1318721048809491,0.14859944667641306,0.23885734234769967,0.16670540814730458,0.16645962661576527,0.1475060713318734,BiLSTM
S42,0.176243649676596,0.18697754188427657,0.16319702987002968,0.16914959112805958,0.21280611475650893,0.0916260726845302,CNN-LSTM
S43,0.08939470749793813,0.12400096537058133,0.12885179164544278,0.2927788890906155,0.3088915685803578,0.05608207781506464,CNN-LSTM
S44,0.19511793889834317,0.195545939593074,0.1121122280512043,0.20662053043996756,0.19306835583897958,0.09753500717843488,LSTM
S45,0.18806298934895943,0.16267860254465388,0.13872943601033075,0.17163859762700254,0.17249239017374568,0.1663979842953063,1D-CNN
S46,0.1731749815847926,0.17050151662378774,0.1526112648776708,0.1666413853484707,0.15854696276297,0.17852388880230627,GRU
S47,0.15682667194000682,0.1705904203113769,0.17106135060607072,0.1635631806544916,0.15745051793696924,0.1805078585510847,GRU
S48,0.15131896433432732,0.12476263625039714,0.19683839962643643,0.18496389119491788,0.1614294373019828,0.18068667129193813,BiLSTM
S49,0.1590929338011717,0.13277688458243442,0.2038355653729999,0.19795746601595063,0.14861451471548753,0.15772263551195465,BiLSTM
S50,0.10480245146811827,0.14629856007040806,0.19788630352975498,0.18848179900308204,0.16993310499217315,0.19259778093647267,BiLSTM
S51,0.003024560734229129,0.011828047811802014,0.08679570763466063,0.6721648532615573,0.20995690019992214,0.016229930357826737,LSTM
S52,0.12398754467706319,0.25166864794073074,0.12354074285150064,0.33820504358969183,0.09804511707970345,0.06455290386130946,LSTM
S53,0.053560840014539465,0.22391147579422138,0.18307670514158317,0.23464303526695784,0.1501893818617117,0.1546185619209878,LSTM
S54,0.10714008985197432,0.09837886010998484,0.1497727310389987,0.20322159421848057,0.2826873828989451,0.15879934188161382,CNN-LSTM
S55,0.055514962019428696,0.10366264373694406,0.0954715824947909,0.2599169839959026,0.38527936043254857,0.10015446732039124,CNN-LSTM
S56,0.38016126044374926,0.15272644782045702,0.06718025283493832,0.12789640558318932,0.1463996936594789,0.1256359396581958,1D-CNN
S57,0.22982509280871738,0.08153566780001423,0.13161306322503352,0.18239590229960465,0.1642171477932475,0.21041312607338422,1D-CNN
S58,0.40502655431073387,0.040422311639646595,0.15325233961760906,0.17043040117577365,0.08532057383695253,0.14554781941927727,1D-CNN
S59,0.11086967553422573,0.1004727165715586,0.2631994123632879,0.2316362607740138,0.0984790444788353,0.19534289027807733,BiLSTM
S60,0.19915148049066034,0.399939504600688,0.13383550930580201,0.09774612099065096,0.04344641085338441,0.12588097375881424,ANN
S61,0.5400873962876344,0.13213325336838852,0.08981617736115079,0.03278245502665502,0.018488988515152145,0.18669172944101697,1D-CNN
S62,0.14978517262326002,0.06983358747579613,0.25379872682754656,0.051033003932934425,0.060344139884309596,0.4152053692561446,GRU
S63,0.10107930822392457,0.29823603528968595,0.28686276449020737,0.057258264313988755,0.10509791397521116,0.1514657137069799,ANN
S64,0.18200140383572894,0.23104853241903456,0.22032202031392975,0.13730478400624785,0.15417522208288784,0.07514803734217858,ANN
S65,0.09690544061295667,0.12021756459892138,0.15486161559366587,0.3345868153989429,0.24124014394215984,0.05218841985334618,LSTM
S66,0.15060211094298093,0.18276446987144548,0.09295873626336283,0.3789749264289361,0.1537464314904883,0.04095332500277892,LSTM
S67,0.3177424520808151,0.4306546936011937,0.04607924583865649,0.10984514481616538,0.06162504937527996,0.03405341428788769,ANN
S68,0.5731433073626994,0.2670949593651698,0.0324074977406566,0.043752142841627505,0.046761776932302115,0.03684031575754546,1D-CNN
S69,0.2729614164403321,0.42977663865983085,0.05798280928644846,0.05643049822273571,0.0976606090926361,0.08518802829802227,ANN
S70,0.31016958224716634,0.2725055259329681,0.077540593055402,0.054068132304274284,0.12087206226634763,0.16484410419384,1D-CNN
S71,0.27761506884017817,0.20601713658810206,0.08542046804907491,0.07317463644962965,0.21195652673927207,0.14581616333374436,1D-CNN
S72,0.12337023390046305,0.21071218657746427,0.10512407473995812,0.11614129272294685,0.3184172372495988,0.12623497480957557,CNN-LSTM
S73,0.2285680254277578,0.17205118922986776,0.11279891664968422,0.14501567795131204,0.20873142687956037,0.13283476386181375,1D-CNN
S74,0.1919474239235652,0.20071486634675018,0.14410126741940332,0.15857270796427755,0.14767545444073685,0.1569882799052659,ANN
S75,0.16119680091523705,0.18341318431205536,0.18157956604573036,0.1942091547987145,0.11109835661448547,0.1685029373137693,LSTM
S76,0.18004379436227663,0.13045063570173177,0.22902328364411492,0.20559360773274502,0.09522640344099191,0.15966227511814118,BiLSTM
S77,0.1570729377480388,0.12412299523203799,0.23685149308525696,0.2074602658256143,0.09706343180885947,0.1774288763001895,BiLSTM
S78,0.6411558811231011,0.12073480511879599,0.06080812695985785,0.02355656487888134,0.014681707102632304,0.1390629148167302,1D-CNN
S79,0.06992704501564839,0.16577891840866676,0.4070862984151199,0.026210431311157578,0.04102610748018358,0.28997119936922344,BiLSTM
S80,0.1131519199048572,0.33971831954067794,0.29199998267592203,0.03973892556599612,0.18299544427860956,0.032395408033935556,ANN
S81,0.11637437882360525,0.1684103761628144,0.16590458847100545,0.10461457033178097,0.24793660884393282,0.19675947736685626,CNN-LSTM
S82,0.14170114676266418,0.16372402645997025,0.15971188829469485,0.1419511934629633,0.21370328795284343,0.1792084570668639,CNN-LSTM
S83,0.1983980310874885,0.12916787223365736,0.15040680109133361,0.2619922326165539,0.18847899918483954,0.07155606378613708,LSTM
S84,0.2133485010744018,0.11949187734192131,0.1341654521764252,0.17069402151956917,0.19466927876480244,0.16763086912287467,1D-CNN
S85,0.10153824472047286,0.09264318458830285,0.18009543717484838,0.20004596614557288,0.20100611483621614,0.22467105253459452,GRU
S86,0.11571626672271229,0.08834816100976196,0.1991660551593861,0.2043650391888275,0.1637618279974462,0.22864264992186142,GRU
S87,0.16117179116383407,0.15778671210299605,0.18276842210238733,0.15853819337263514,0.13632067429750902,0.2034142069606367,GRU
S88,0.15278004697334874,0.15767063617537871,0.20491142586405628,0.15089336406685383,0.1446329581310083,0.1891115687893503,BiLSTM
S89,0.08186613826433521,0.1067309521206128,0.2599799666327644,0.19399343969746405,0.15767166239782154,0.19975784088699985,BiLSTM
S90,0.13273087164354494,0.1337154403426009,0.22542033056129418,0.16349138939975724,0.15336574956669102,0.19127621848611404,BiLSTM
S91,0.009448943390919553,0.04315227061534279,0.15381082606134497,0.4250519220111654,0.3242653720815105,0.04427066583971639,LSTM
S92,0.08797439980716536,0.13872284750766264,0.12907814158114406,0.42209903017753675,0.16919219192472404,0.05293338900177438,LSTM
S93,0.3619179724900147,0.28347463678327667,0.07702363594966333,0.13227045360837902,0.08202931227434045,0.06328398889432592,1D-CNN
S94,0.4095146146143816,0.29218782776018576,0.053990485372778535,0.07140109289253685,0.08865096167643725,0.08425501768367415,1D-CNN
S95,0.29912388636229853,0.14236175246744337,0.09016737393826799,0.12010910916413023,0.20506359218014059,0.14317428588770975,1D-CNN
S96,0.23970703357921244,0.17051113987862096,0.113478515857716,0.1446692593405293,0.1843506852513026,0.147283366092617,1D-CNN
S97,0.21604252168872984,0.16619722653307906,0.14654758959921355,0.17283308540130024,0.1487626001748827,0.14961697660279172,1D-CNN
S98,0.27169096684318267,0.09466704466883735,0.18299402769240147,0.22129032561463696,0.10618534087880575,0.12317229430212835,1D-CNN
S99,0.09862570915884308,0.13446421820387122,0.23562985421841692,0.24891321776901487,0.11208514209940516,0.17028185855044128,LSTM
S100,0.18196357914892874,0.2762869075315439,0.17899120244015201,0.12722613961537393,0.0749558900515652,0.16057628121243114,ANN
S101,0.059396390313790876,0.15992592507350362,0.24641752174092185,0.15403252293400194,0.16462587904095866,0.21560176089682417,BiLSTM
S102,0.04087487752696681,0.10481986794534767,0.20496680689044997,0.2414259411998518,0.313777965735222,0.09413454070216276,CNN-LSTM
S103,0.04465911767685371,0.08499161848272882,0.12370042271623988,0.4865828157104652,0.22089857318038958,0.03916745223332109,LSTM
S104,0.11946562381131191,0.1520466127436469,0.10954970421760991,0.42247411790945133,0.13810263710150641,0.058361304216473446,LSTM
S105,0.49684275422879215,0.32146876174515987,0.03397675638353099,0.061746052072541566,0.04004604530077692,0.04591963026919429,1D-CNN
S106,0.8240978968875996,0.11126720696823031,0.009633440432242492,0.010572492208926405,0.021585305065864157,0.022843658437136788,1D-CNN
S107,0.14031876402356752,0.37221484630439583,0.05523188451848001,0.04167082233731438,0.1620605220035414,0.22850316081270683,ANN
S108,0.2580055823252243,0.10728867360916505,0.11628133465693051,0.058304301533711744,0.2302360252041539,0.22988408267081303,1D-CNN
S109,0.24680064845239125,0.23182396135401595,0.12511337646175025,0.09120419040170093,0.13280518502862254,0.1722526383015242,1D-CNN
S110,0.05116983636774601,0.060148746841420075,0.07836432078949605,0.11822334362991896,0.606636014749244,0.08545773762217071,CNN-LSTM
S111,0.03619887179761525,0.08194451663119239,0.04254655942821301,0.0736490584926657,0.7203008892320729,0.045360104418247976,CNN-LSTM
S112,0.035755313324330185,0.019248478023480366,0.019900991820793863,0.056117793678069045,0.8448292728359383,0.02414815031738713,CNN-LSTM
S113,0.06084499307072541,0.036715990537016324,0.05260916432260884,0.13833958376383193,0.6498365676905651,0.0616537006152469,CNN-LSTM
S114,0.04348441245103784,0.08691459108892581,0.03532328932738157,0.09981528410171356,0.6826047737490186,0.0518576492819229,CNN-LSTM
S115,0.2811981214015367,0.07192126711591487,0.06254723776665655,0.25286119319385697,0.2711520929529113,0.06032008756912472,1D-CNN
S116,0.22936563457507356,0.26550852023523464,0.11591171964519692,0.2027034092205769,0.13394130650403538,0.05256940981988127,ANN
S117,0.28985273178382964,0.20847904283599783,0.042804654972314005,0.19779138069644214,0.23816256971415842,0.022909619997249893,1D-CNN
S118,0.21553907954875262,0.48369522272753607,0.016630345745165892,0.08466169693143008,0.19194438968828784,0.00752926535883439,ANN
S119,0.22476002588090893,0.39436128855127983,0.05918953323820249,0.10953656937961447,0.17313285153737532,0.03901973141261837,ANN
S120,0.22993435147929947,0.15980039157158724,0.0490369831910414,0.1226591675514577,0.4093243331052225,0.029244773101388122,CNN-LSTM
S121,0.11287739473210988,0.18553656470451904,0.03903179398946967,0.11537258375435962,0.5211232170411204,0.0260584457784149,CNN-LSTM
S122,0.28013703770763554,0.2517434417707502,0.034840568575584166,0.12409207667671723,0.28051042526568976,0.028676450003625543,CNN-LSTM
S123,0.29690581164790925,0.2719850581128758,0.043786317452586876,0.14166095981825416,0.19658262128944257,0.04907923167892968,1D-CNN
S124,0.17098309015658505,0.1596687751272645,0.10287480364604762,0.21650169589391355,0.14859195472870332,0.20137968044749413,LSTM
S125,0.033339448086670755,0.01938739579959601,0.32090151186630594,0.21193547344283883,0.05688705143823904,0.3575491193663481,GRU
S126,0.015919999618773134,0.027672804801993866,0.3827422877144464,0.20464923018832729,0.028092494989865782,0.34092318268659744,BiLSTM
S127,0.07376764379065714,0.07986916148375679,0.2947932176489701,0.05787437629221142,0.01180458684718183,0.48189101393722034,GRU
S128,0.06663347327309779,0.04565768397756576,0.3515354948778697,0.06276688270708744,0.02296761393727107,0.45043885122710947,GRU
S129,0.09557251814369466,0.0777876875326522,0.23725851941366716,0.0591955840560945,0.033829503013951254,0.49635618783993407,GRU
S130,0.11484188858685963,0.0818970679900131,0.21565067863178533,0.05660371297740193,0.03790401527926618,0.49310263653467135,GRU
S131,0.17817746254518688,0.1665860470311604,0.2275049423203336,0.17257968062083948,0.14664093787201185,0.10851092961046716,BiLSTM
S132,0.1823341614251682,0.17662356503998217,0.19057299307252215,0.18355000514728614,0.18153989306758275,0.08537938224745864,BiLSTM
S133,0.15621349839719428,0.17386306073356958,0.17947723180714983,0.17828160177070476,0.22364142408487753,0.08852318320650915,CNN-LSTM
S134,0.19706434742467083,0.2187529983301786,0.09469083808336624,0.17442577077278554,0.24913121611788722,0.06593482927110776,CNN-LSTM
S135,0.14942863448092605,0.1590756727853308,0.06960122199424464,0.2940745192372269,0.286057153093877,0.041762798408393614,LSTM
S136,0.2508036797807886,0.17103488661624844,0.07617040932098282,0.2112204716771234,0.20939025721126234,0.08138029539358436,1D-CNN
S137,0.05246518264510541,0.03828156451112973,0.14889208608941992,0.2359151346771661,0.19659003103384337,0.32785600104333484,GRU
S138,0.013537418843096642,0.03378315283391063,0.33007268435641496,0.3473706545707686,0.06609043014656944,0.20914565924923975,LSTM
S139,0.08760430014004984,0.08514503435410821,0.36233165691373115,0.1994527191551385,0.046358380877344736,0.21910790855962778,BiLSTM
S140,0.16845510021327806,0.10359648185430619,0.3803208980234836,0.1184403361519608,0.04278234114047879,0.1864048426165013,BiLSTM
S141,0.1673476733382509,0.1253374465384473,0.30562246247796254,0.13586061077003117,0.07793663577633858,0.18789517109896026,BiLSTM
S142,0.16468587648902352,0.2188289538953325,0.17406485318125112,0.1632997445598059,0.17394505556841183,0.10517551630617807,ANN
S143,0.05564343237803876,0.06482503324444555,0.0708469265294482,0.4863723905478221,0.30074983279931067,0.021562384500937726,LSTM
S144,0.22800555321494084,0.19016163468991493,0.10710839117679509,0.2329908494931125,0.19154311901819038,0.05019045240703912,LSTM
S145,0.1657333853025847,0.14794504495258118,0.1591865070739564,0.18812204935137114,0.21904738579914718,0.11996562752035976,CNN-LSTM
S146,0.19561888558431456,0.17528105616751383,0.13000211577846213,0.16996636645287258,0.24419685527894835,0.08493472073788667,CNN-LSTM
S147,0.16035825167546458,0.3340332788804177,0.08709957061055382,0.1337897391572509,0.2146834230294024,0.07003573664691151,ANN
S148,0.23947687840111107,0.19891235854430364,0.06999909401203196,0.17764391066562346,0.2555483048551074,0.05841945352182371,CNN-LSTM
S149,0.25482257404579517,0.3131073117793677,0.060885705414537326,0.10524986491595852,0.18829482311146836,0.07763972073288312,ANN
S150,0.34370792489961616,0.26523222278140995,0.05290109091930383,0.07764380908464248,0.1602205876361191,0.10029436467890511,1D-CNN
S151,0.18507321205436986,0.08882574922021366,0.18093264615877266,0.10753866753333922,0.18534292466067093,0.25228680037264933,GRU
S152,0.022825988976299807,0.03489556618823621,0.38781293944251694,0.3956269246391434,0.038626988105276525,0.12021159264852709,LSTM
S153,0.05546267813376301,0.17696472922391646,0.3277298466236749,0.30786343689379225,0.01609263616041295,0.11588667296443711,BiLSTM
S154,0.1639656397955762,0.13457523642203773,0.08188081055811645,0.5469373637065028,0.025648010245821605,0.04699293927194614,LSTM
S155,0.23541944301004397,0.2780637819295311,0.09680743969567003,0.2355552054560466,0.10663495602636028,0.04751917388234099,ANN
S156,0.13632971822281947,0.38468842561251565,0.09583712448652248,0.16901440533221634,0.17121907482456278,0.04291125152136239,ANN
S157,0.14658443249179384,0.11699705208962585,0.13248041058409266,0.20798118369578333,0.33554312901422634,0.06041379212447045,CNN-LSTM
S158,0.12426526170612578,0.20104273575095707,0.10055839657399153,0.16108926392175948,0.34915037515814107,0.06389396688902083,CNN-LSTM
S159,0.17702159096182454,0.2670981978165375,0.07513977679233738,0.18043744050690486,0.2139727905464103,0.08633020337599055,ANN
S160,0.17729965094547234,0.18350190084068663,0.1041205601369327,0.1971583322266105,0.1624912186856828,0.1754283371646101,LSTM
S161,0.09441943840876732,0.06705822514457405,0.16395643859120146,0.18873670557870664,0.12036007803693656,0.3654691142398105,GRU
S162,0.039778925543864925,0.0625630439358528,0.2889449936949026,0.19637401751468117,0.08937430624483847,0.32296471306586144,GRU
S163,0.07098032703890404,0.09513226079456027,0.3540015309224258,0.1906080542602454,0.0744417451654698,0.21483608181838784,BiLSTM
S164,0.1833730392110715,0.13982405850876342,0.2858750681319536,0.13550722841347856,0.08259041099669229,0.17283019473804165,BiLSTM
S165,0.15235794306909606,0.25817363628770745,0.18432089374020472,0.13180905873063378,0.17098937253179375,0.10234909564056023,ANN
S166,0.13824193832810688,0.20468183793134614,0.10082512635996463,0.21865219380937906,0.2734089208990697,0.06418998267213472,CNN-LSTM
S167,0.23829446548964925,0.14098589804456704,0.09469997934164401,0.25085536220763477,0.1859564815753376,0.08920781334116454,LSTM
S168,0.15590140760881524,0.16796193218302083,0.12613260639514762,0.1906792646712756,0.15650677051798445,0.20281801862376544,GRU
S169,0.08685994122584939,0.08357538128831207,0.24507284250210806,0.18368882682703203,0.11696898912883054,0.28383401902787064,GRU
S170,0.041676862014734466,0.04563692701338404,0.41538869928256206,0.21941232108520575,0.10390756141518387,0.1739776291889263,BiLSTM
S171,0.13997440461121785,0.08183114948589376,0.27171145035562955,0.155569485590013,0.06150728559564998,0.2894062243616044,GRU
S172,0.16406038041897722,0.14285650758812538,0.2930147960012148,0.11217914071934898,0.06923071347614826,0.2186584617961811,BiLSTM
S173,0.1296848165913096,0.14907706067356807,0.19168898236341786,0.17126833995952126,0.18689353108085774,0.17138726933132406,BiLSTM
S174,0.0949546771431765,0.09868475252467758,0.1818881345292329,0.18477262953515017,0.1684224416561144,0.27127736461164814,GRU
S175,0.10257343239490489,0.08751901021958586,0.2509603439721428,0.13400715945617864,0.09935612635927961,0.3255839275979169,GRU
S176,0.10160561292973343,0.2688192973204745,0.13276550799459574,0.07507411104273726,0.044062154772234914,0.37767331594021936,GRU
S177,0.323945407454224,0.0704332472249118,0.1409781035921691,0.06904277059436806,0.052474384726187394,0.34312608640813835,GRU
S178,0.016744266228393513,0.014207395244948998,0.37987410353856776,0.08214634826699804,0.05417500717778112,0.45285287954330494,GRU
S179,0.021220444272560503,0.035754828492347866,0.5982004410754551,0.0412602447266929,0.026099012281868828,0.2774650291510746,BiLSTM
S180,0.16156829490914723,0.2806842115184997,0.26204791974531444,0.10878032350837925,0.09317191232663696,0.09374733799201648,ANN
S181,0.20357952408390678,0.236447798663406,0.1630866904530456,0.1675643962434586,0.1682471931253369,0.06107439743084614,ANN
S182,0.1816081732324136,0.1924741677420872,0.11557339970618385,0.2217163941714783,0.222962496644738,0.06566536850309891,CNN-LSTM
S183,0.24197889237076217,0.1452276819978095,0.07076279615974097,0.24176620639796692,0.25621755667738494,0.04404686639632868,CNN-LSTM
S184,0.19471552189863198,0.3849112042675642,0.059697985311320645,0.15038461776623982,0.15868693747942633,0.05160373327681167,ANN
S185,0.470807927844694,0.29219544429549443,0.03290142602664624,0.06119585079244329,0.10598800112224022,0.03691134991847504,1D-CNN
S186,0.46589439486856576,0.15379214752889392,0.04329040592099772,0.043976532390856124,0.13474576805267557,0.1583007512380104,1D-CNN
S187,0.12163015238470991,0.17051913830477528,0.11775155371484164,0.07942618563902902,0.32709883054340405,0.18357413941324635,CNN-LSTM
S188,0.22404286315699315,0.306141223477645,0.060977302080803264,0.09685728273852105,0.21049817280499744,0.10148315574105005,ANN
S189,0.12721305050193701,0.18365019506812297,0.07284210015307127,0.12466199370592886,0.42464755589295006,0.06698510467799573,CNN-LSTM
S190,0.1578612005211548,0.28661214676402175,0.06830994163056628,0.09414442056241573,0.32389718477190793,0.0691751057499381,CNN-LSTM
S191,0.19615543771756508,0.14462497530769203,0.05652371187862585,0.11570777600076514,0.42891438190043124,0.05807371719493635,CNN-LSTM
S192,0.15170552225820602,0.19968436909491027,0.04828542872500534,0.10635887222193223,0.4449495165661987,0.049016291133748356,CNN-LSTM
S193,0.23983248674133828,0.25547688100855886,0.04945283833209874,0.1544289035457221,0.23728223327133943,0.06352665710094171,ANN
S194,0.26856369801370905,0.2714074280709635,0.07079679698031863,0.14780244991028177,0.12472676458418301,0.11670286244054213,ANN
S195,0.04159465108299653,0.017704870533614483,0.22064708697977897,0.22917297039191095,0.047042576136077235,0.44383784487562,GRU
S196,0.035342289187594994,0.0491956182223925,0.3810855891230307,0.180300753108231,0.041164155114094166,0.3129115952446539,BiLSTM
S197,0.1257241405208968,0.152867868549628,0.3499113825688168,0.13698198529702613,0.0687784983360913,0.1657361247275408,BiLSTM
S198,0.20465938170800352,0.18783824594022377,0.22009106852031482,0.14818785854372596,0.1386656848473998,0.10055776044033352,BiLSTM
S199,0.05937622695152186,0.12789720313312375,0.09667221300420709,0.2219494794400366,0.4592811522966446,0.03482372517447288,CNN-LSTM
S200,0.15103057685832053,0.15146710545966252,0.08081546340544012,0.2576546794958912,0.32312584495583724,0.03590632982484953,CNN-LSTM
S201,0.31614564406044643,0.23113467355604675,0.05396232763663943,0.1699093404494574,0.1975499570541199,0.03129805724328446,1D-CNN
S202,0.3596736961224802,0.32299798601303953,0.036068617917092365,0.09170459533496901,0.15690721502599567,0.032647889586429106,1D-CNN
S203,0.3352443596282916,0.42065041929355657,0.019018120582719567,0.03866266410116081,0.15851291364201178,0.02791152275226355,ANN
S204,0.43396478338951017,0.31614961299886946,0.024096335992088866,0.05062298898912747,0.1229280988021059,0.05223817982830441,1D-CNN
S205,0.23250966075716328,0.3242362250763003,0.07328042995425263,0.09014226309728988,0.18652686644359917,0.09330455467140333,ANN
S206,0.19290582112815977,0.21172537213128279,0.13257826996424923,0.12381007458609028,0.19178377030355984,0.14719669188665677,ANN
S207,0.23164586120890723,0.19326205107941372,0.1201981675760169,0.11873386295861944,0.2407026632181686,0.09545739395887222,CNN-LSTM
S208,0.17469607305569163,0.1596637357589602,0.09560754727178349,0.14523467978927837,0.3453018656479248,0.07949609847636309,CNN-LSTM
S209,0.09956761011424622,0.1304288510313857,0.07527705257096085,0.22724648145690418,0.40098713487138216,0.06649286995511364,CNN-LSTM
S210,0.2169065205026714,0.2720470321847023,0.0817374384479956,0.16516581341456224,0.16657730424779582,0.09756589120227907,ANN
S211,0.1981493758048256,0.2076163447318293,0.1204594449076388,0.14101060433726056,0.15717003975603902,0.17559419046240773,ANN
S212,0.1311921282008927,0.13504732702738761,0.20002664161653105,0.16723237585417652,0.20091240625107756,0.16558912104993578,CNN-LSTM
S213,0.13159226539014016,0.1347963471111372,0.23275493753560106,0.2028120311949793,0.17443079953711352,0.12361361923103012,BiLSTM
S214,0.16312895754985804,0.23209334797962822,0.10555864669282009,0.20099255956207343,0.22689040591755488,0.07133608229807303,ANN
S215,0.053248911222866326,0.11393518377299842,0.058203014008316296,0.34315033442079873,0.4061984439861841,0.025264112588829966,CNN-LSTM
S216,0.22998463908186753,0.4001220648587259,0.03719206040255604,0.15239884630059358,0.15653854298569814,0.023763846370563075,ANN
S217,0.027752707301903497,0.01522925456264964,0.1885093421031173,0.39631829986730654,0.26767127862397,0.10451911754104834,LSTM
S218,0.015476896934263797,0.20275433846978688,0.2028148768269822,0.3720628550273538,0.04061541309028962,0.16627561965131754,LSTM
S219,0.26835169959963606,0.1490318531020618,0.10136703651098318,0.3203887910784974,0.08585461393891643,0.0750060057699115,LSTM
S220,0.1454362891136999,0.1922179405027158,0.14727326712147581,0.2263739605544476,0.2054104957901974,0.08328804691746229,LSTM
S221,0.15935989715490437,0.19930194179746324,0.1498285295228237,0.17595557715383986,0.24049334597753264,0.07506070839344404,CNN-LSTM
S222,0.17392474964851526,0.26899549873641304,0.09775546069787736,0.14487453261046113,0.26902474249215913,0.04542501581457298,CNN-LSTM
S223,0.19685202900264728,0.2282404895294618,0.055561950807773784,0.13758493042984485,0.34918465394462067,0.03257594628565116,CNN-LSTM
S224,0.17155336275799055,0.09741705317805392,0.04901798215869836,0.19315239138124343,0.4577810032429281,0.03107820728109251,CNN-LSTM
S225,0.24716815484675883,0.33317583047308524,0.04325579933080515,0.10433612755132018,0.23075583272101405,0.04130825507701114,ANN
S226,0.19833017710494755,0.6049650458261214,0.011051702832199898,0.020179664022330603,0.14987942199585885,0.015593988218541362,ANN
S227,0.4733465254278059,0.16796131203725753,0.022370335377619316,0.04211008164594319,0.26321186621077053,0.03099987930060968,1D-CNN
S228,0.15542748432486797,0.5413447383650196,0.015763858304674947,0.02990855991568366,0.24099448291063702,0.0165608761791137,ANN
S229,0.2590388856577828,0.18286416712612216,0.025626882759528673,0.0909151513559306,0.4125347481409167,0.029020164959714892,CNN-LSTM
S230,0.19082020511379136,0.3744697156550677,0.02381284663953242,0.06852966146798764,0.32311915117005036,0.019248419953570066,ANN
S231,0.19020309834888185,0.21917766510602935,0.024567025027660224,0.08432080177930902,0.45788325605375146,0.023848153684368094,CNN-LSTM
S232,0.29636987603175874,0.18430004351834786,0.055930435776662006,0.12766385463219196,0.29331657685103235,0.04241921319001333,1D-CNN
S233,0.18444584121141616,0.23067894722065968,0.07161650903733209,0.13061205825340544,0.3292010993897133,0.053445544887465585,CNN-LSTM
S234,0.1428431855927592,0.11346970470996447,0.045380100974250236,0.12741779740718723,0.5409588251392801,0.029930386176559805,CNN-LSTM
S235,0.16833406222187502,0.23295974348306797,0.08179893729751783,0.15578365816420556,0.29179392231834966,0.06932967651499247,CNN-LSTM
S236,0.20888551988197368,0.14713315225598675,0.10771529402059715,0.1932526848433734,0.19222801930261854,0.15078532969545166,1D-CNN
S237,0.21619075214020977,0.21854465142178123,0.11094443334069831,0.16759870236483537,0.14079912677680798,0.14592233395566234,ANN
S238,0.11186207984815723,0.10091367036592012,0.19789522922298247,0.17532958674860763,0.13453969312434805,0.27945974068997753,GRU
S239,0.08249099413554209,0.08087758944996244,0.28845048974630266,0.2192312324787699,0.10764674893910206,0.22130294525032093,BiLSTM
S240,0.1600639373379846,0.14524537475528904,0.2224422337867825,0.18606950208999498,0.1277849988677182,0.15839395316222943,BiLSTM
S241,0.07616637794081124,0.1001943853673521,0.15632701854889403,0.2497701322472028,0.352456810605497,0.06508527529024914,CNN-LSTM
S242,0.10632710869828534,0.20291509863365312,0.10604030200259458,0.24975825466155102,0.2920461297162531,0.04291310628765922,CNN-LSTM
S243,0.2420965077702259,0.27847186972337273,0.06815375428556984,0.1358435545789832,0.2313255308445392,0.0441087827973107,ANN
S244,0.5409930022836531,0.07052836494135023,0.042073456057535284,0.13132387845740012,0.18629991174140756,0.02878138651864844,1D-CNN
S245,0.11034317957279718,0.37469997037191904,0.06848975749941041,0.15964692513728362,0.22272546421664607,0.06409470320193678,ANN
S246,0.5227889076344789,0.2252752532671271,0.029985644667806108,0.046227413995635735,0.11966720368503693,0.05605557674992027,1D-CNN
S247,0.20814924253539213,0.32959918709987235,0.052340763877705004,0.048830555696412904,0.28303695378240834,0.07804329700821705,ANN
S248,0.13057176883235103,0.07921548288431907,0.22343265425227601,0.22373762834482028,0.1943175358844234,0.14872492980180932,LSTM
S249,0.18531948396780606,0.10808763828696745,0.14483088377528291,0.22227952688986627,0.12301786287267046,0.21646460420740396,LSTM
S250,0.1870023737845435,0.12164270333660165,0.16217866169946085,0.16604363414680914,0.09225703780253984,0.2708755892300429,GRU
S251,0.14542051211967774,0.12452194223307526,0.18719862734825113,0.15705840359634754,0.06517723111956704,0.32062328358307685,GRU
S252,0.1367920641821677,0.1230350714927029,0.25131072742918725,0.16180802621262497,0.091287907091278,0.23576620359203262,BiLSTM
S253,0.1292784313264826,0.14526336632473688,0.2465144588674401,0.16825536807531405,0.13302409074577845,0.17766428466024572,BiLSTM
S254,0.14433100027229587,0.2400023940276917,0.17725358583057355,0.14488127564350364,0.18450417920111353,0.10902756502482158,ANN
S255,0.10752762962751138,0.21997450314490263,0.12064664874190423,0.2022205549080123,0.2751827265947759,0.07444793698289097,CNN-LSTM
S256,0.1728799180500299,0.15829728430169737,0.09219723906329663,0.34098315830542864,0.19139693513089703,0.04424546514865504,LSTM
S257,0.21970109371597898,0.2293989208410322,0.09484534293664373,0.22950542658101386,0.1481864730353841,0.07836274288995215,LSTM
S258,0.1601393914967446,0.1028742404471193,0.1833474766457079,0.1970810043712863,0.1394654607871535,0.21709242625198852,GRU
S259,0.028782216430790607,0.059498957671510505,0.4351744707985955,0.2513420041956653,0.10278866692896016,0.12241368397448364,BiLSTM
S260,0.1576830710471965,0.1795875549984339,0.2218040455282289,0.19400064406736056,0.11920523392836639,0.12771945043041263,BiLSTM
S261,0.0923890920763342,0.2291330961046234,0.09938716873049055,0.2024548365049944,0.31007022067204393,0.066565585911513,CNN-LSTM
S262,0.2688054606405792,0.10521246684679568,0.09619620923544826,0.2044356775432407,0.19566688187030637,0.12968330386362104,1D-CNN
S263,0.21406514973472654,0.13844886144000002,0.12279486533248285,0.20266701802138978,0.16911687558337196,0.15290722988802816,1D-CNN
S264,0.14227728463296577,0.23754467765917497,0.1552114769271622,0.15629444082822805,0.13566025552195843,0.1730118644305111,ANN
S265,0.10812949948876918,0.09649977071994591,0.2745757010933779,0.19088568919903653,0.1403116418808682,0.18959769761800188,BiLSTM
S266,0.11075684693888156,0.15333536871063214,0.2570225905787299,0.19436543098839004,0.09375438644002151,0.1907653763433404,BiLSTM
S267,0.1634016815888395,0.17979789888133266,0.19898068980165567,0.15856429641487782,0.10428916129582216,0.19496627201746963,BiLSTM
S268,0.11563389301418271,0.19515614499107756,0.1298976595493465,0.24317943626581837,0.20244398403901884,0.1136888821405629,LSTM
S269,0.0362916882033275,0.03377103768746409,0.20316068423006675,0.15982722072173253,0.1305751980667486,0.436374171090667,GRU
S270,0.021037225321492672,0.11030019653977047,0.28688439248192416,0.1469981242499581,0.08287300404714569,0.3519070573597172,GRU
S271,0.1168138206713092,0.17430361213181303,0.28834843815992117,0.14469428374145482,0.09805030804550398,0.17778953724999735,BiLSTM
S272,0.13092343917858346,0.10324396459828603,0.25090545110595125,0.14595240307970128,0.13462087854185414,0.23435386349562368,BiLSTM
S273,0.13110425643378057,0.11613384329151662,0.19915598148285563,0.14257276842101985,0.11875035150487744,0.292282798865949,GRU
S274,0.21033490007909603,0.09703221077257825,0.1907001309201286,0.1710619539379883,0.14947628766265117,0.1813945166275639,1D-CNN
S275,0.14610169098255169,0.2167686676529862,0.17466611052236544,0.194962994350445,0.16467743296950216,0.10282310352214993,ANN
S276,0.10745077288146265,0.19378994819167827,0.22265506626830256,0.17035901211621132,0.1644400390632865,0.14130516147905897,BiLSTM
S277,0.11125641760229305,0.20208976733228448,0.20520659071724204,0.17021774773798534,0.17565267949028107,0.13557679711992096,BiLSTM
S278,0.07311011627944307,0.1293953209032785,0.13203261268376798,0.24631060322356402,0.3339315617926889,0.08521978511725216,CNN-LSTM
S279,0.15206176584426867,0.20003767176056692,0.10702314740234876,0.2164077430505699,0.22511919425927807,0.09935047768296748,CNN-LSTM
S280,0.20934141401106693,0.15623140451481177,0.11487812173653535,0.1845975836628546,0.1814958491080395,0.15345562696669066,1D-CNN
S281,0.13947412281091973,0.12471192786040082,0.171730483559111,0.18746451023381208,0.1730525468516165,0.2035664086841394,GRU
S282,0.07772327306791917,0.10588485812980433,0.2558008837798052,0.2386710491029569,0.13551369913348138,0.186406236786023,BiLSTM
S283,0.13899325888047775,0.1445681132659643,0.23228812160263243,0.18159793562220003,0.12257315938730197,0.1799794112414263,BiLSTM
S284,0.1441355485202548,0.16464072510127173,0.20590148592135588,0.16639611902340756,0.1476575491400213,0.171268572293682,BiLSTM
S285,0.019039442030810084,0.07865700665971269,0.1877739144261622,0.2898632170111188,0.33979549357601385,0.0848709262961803,CNN-LSTM
S286,0.027155539210890815,0.10592215296590986,0.12352462174285157,0.4564462680256368,0.23994236792822923,0.047009050126487324,LSTM
S287,0.48563783824004103,0.14534393591270622,0.06319436998117015,0.15801384031462862,0.09756457078734157,0.05024544476411211,1D-CNN
S288,0.4800431115572801,0.10883874151687886,0.07011754669786995,0.12092976893183123,0.12536472078280902,0.09470611051332155,1D-CNN
S289,0.23205356726128237,0.2440895039899787,0.10047567018428916,0.12206290722491937,0.1482816935988024,0.1530366577407277,ANN
S290,0.18436929980593827,0.12649108008428872,0.1732130137317226,0.20557294206925636,0.13919341990227618,0.1711602444065192,LSTM
S291,0.12548716866041412,0.07076775089820452,0.2577863728657892,0.2876381292299025,0.10465397977412177,0.15366659857157575,LSTM
S292,0.14854957948738912,0.16121968621938546,0.24441246710223963,0.19932528678695888,0.08710319511354757,0.15938978529047912,BiLSTM
S293,0.1873401957377005,0.2399197170612572,0.21141717602404547,0.11956482851903294,0.07431659929619905,0.1674414833617524,ANN
S294,0.05898464184479473,0.1054346141031625,0.2140765880933108,0.24248871613435613,0.28594940662595997,0.09306603319841462,CNN-LSTM
S295,0.028547689604764247,0.03029481953472341,0.10214662672697558,0.4596356325938735,0.34895441287693507,0.030420818662727816,LSTM
S296,0.0917026484953953,0.10556822191643016,0.08737016267311233,0.43279971956627805,0.23581840342471708,0.046740843924070366,LSTM
S297,0.3926079934416638,0.18146297238675838,0.06273712463915174,0.17039142997425846,0.11604089609776946,0.0767595834604057,1D-CNN
S298,0.05631881408551865,0.09506642637834177,0.14129298297402368,0.24698533834919578,0.20638843552521133,0.25394800268771506,GRU
S299,0.2593812831061659,0.14286412612816518,0.11664778135801189,0.1756893616699827,0.1430135149695929,0.16240393276808104,1D-CNN
S300,0.14070411957116824,0.06852671147756915,0.23266957920283893,0.18921652088382268,0.1605029441378177,0.20838012472678466,BiLSTM
S301,0.0823752917174105,0.05745452021818549,0.2504620823793795,0.25264537402947995,0.11944622292172684,0.23761650873381301,LSTM
S302,0.13459208540005801,0.09237026188626145,0.19884395241652084,0.15966591066604008,0.08449084616515855,0.3300369434659612,GRU
S303,0.2075310901498984,0.12836415652735442,0.17639878816863588,0.1330585842094734,0.07503093544585,0.27961644549878284,GRU
S304,0.14543209066509555,0.13507883139394355,0.22774229025759418,0.1514508269738787,0.1149709646910292,0.2253249960184558,BiLSTM
S305,0.1108929684745729,0.100690359345706,0.26358946363325203,0.16935897609428446,0.15702726792454944,0.19844096452763493,BiLSTM
S306,0.13380982046106343,0.1596991800337892,0.21406708350780343,0.16522110726751216,0.18905465200676072,0.13814815672306555,BiLSTM
S307,0.055845942070595664,0.17314750940339046,0.15124976940015794,0.27310256576576164,0.28722875015836963,0.05942546320173205,CNN-LSTM
S308,0.2460255180252057,0.23827774987963574,0.08515809640883137,0.21865576026615943,0.1680111376310744,0.04387173778910281,1D-CNN
