Segment,1D-CNN,ANN,GRU,Selected
S1,0.31509152853020655,0.324410361851797,0.36049810961799644,GRU
S2,0.4052190754875993,0.3626088749373996,0.23217204957500104,1D-CNN
S3,0.30951069502964895,0.47347189493673153,0.2170174100336198,ANN
S4,0.3253375363546648,0.46247679209204345,0.21218567155329132,ANN
S5,0.3267140769855231,0.2848723681559421,0.3884135548585347,GRU
S6,0.35153839280233873,0.23628336510685244,0.41217824209080883,GRU
S7,0.32857229633177937,0.27492551930369113,0.39650218436452883,GRU
S8,0.3353995494071968,0.195495254810231,0.46910519578257304,GRU
S9,0.18883767360432765,0.1703016577356932,0.6408606686599791,GRU
S10,0.27044301269717713,0.305078273464058,0.424478713838765,GRU
S11,0.30848465456040186,0.4781791331257889,0.21333621231380995,ANN
S12,0.3443903989932403,0.4597888038702047,0.19582079713655492,ANN
S13,0.3447330214591495,0.48339720844657624,0.17186977009427423,ANN
S14,0.3218822095054433,0.5094922616697193,0.16862552882483753,ANN
S15,0.4938952396935316,0.37975450324868676,0.1263502570577814,1D-CNN
S16,0.39745002631903675,0.3869864624037007,0.21556351127726225,1D-CNN
S17,0.33944050833467754,0.3260525992705322,0.33450689239479076,1D-CNN
S18,0.355220123598075,0.3132454636740168,0.3315344127279083,1D-CNN
S19,0.3651057611644629,0.39604730529336746,0.2388469335421697,ANN
S20,0.38687259219632175,0.3744192370710697,0.23870817073260908,1D-CNN
S21,0.4860837057344908,0.37979043968717,0.13412585457833887,1D-CNN
S22,0.5940545712397236,0.3111921182180185,0.09475331054225765,1D-CNN
S23,0.3747362153206583,0.4075337771040675,0.2177300075752739,ANN
S24,0.32355571223574675,0.20585024084002823,0.47059404692422424,GRU
S25,0.30354204967352694,0.2153065137915256,0.48115143653494674,GRU
S26,0.31964709117368156,0.20089506644042712,0.479457842385891,GRU
S27,0.36610185120840777,0.4095877999274128,0.22431034886418003,ANN
S28,0.34673482120038795,0.4868551999843641,0.16640997881524794,ANN
S29,0.4752491317448266,0.3550081129578648,0.16974275529730853,1D-CNN
S30,0.21856324303257324,0.6809917521234937,0.100445004843933,ANN
S31,0.7768723956570609,0.20951604717366418,0.01361155716927552,1D-CNN
S32,0.5732397929448388,0.38464520615164643,0.04211500090351523,1D-CNN
S33,0.2961871772306325,0.2857991542836061,0.4180136684857613,GRU
S34,0.49858230214764426,0.18390404912561445,0.3175136487267412,1D-CNN
S35,0.20031804790718535,0.2962341045987118,0.5034478474941022,GRU
S36,0.28380078719090673,0.2867159418662071,0.42948327094288596,GRU
S37,0.30914055596903106,0.22061736052646322,0.4702420835045054,GRU
S38,0.22435183727256847,0.2568525613544304,0.5187956013730008,GRU
S39,0.31342913906948544,0.2853992570862232,0.4011716038442912,GRU
S40,0.3174304066468183,0.2477071041424985,0.43486248921068277,GRU
S41,0.31110495454919496,0.34853456994654414,0.34036047550426163,ANN
S42,0.37964994623142795,0.3946075213292715,0.22574253243930031,ANN
S43,0.3354967849776411,0.42829551321402365,0.23620770180833597,ANN
S44,0.38019393066092005,0.3817890781510617,0.2380169911880182,ANN
S45,0.34158353045497863,0.31259582889859816,0.34582064064642243,GRU
S46,0.32714560304544826,0.3138915392653908,0.3589628576891598,GRU
S47,0.3072185175146272,0.3286380221781725,0.3641434603072,GRU
S48,0.3302719327380437,0.284796565957203,0.3849315013047531,GRU
S49,0.3459552969462441,0.3040366191896722,0.35000808386408333,GRU
S50,0.2775091211237902,0.32669119789896195,0.39579968097724794,GRU
S51,0.14256248256844417,0.3686100980621925,0.48882741936936347,GRU
S52,0.3010212775826821,0.5201226352780713,0.17885608713924658,ANN
S53,0.13427490511930296,0.4840550983618329,0.38166999651886485,ANN
S54,0.30450211356981527,0.28245886547725013,0.4130390209529345,GRU
S55,0.24027527729794573,0.3824878352114738,0.37723688749058115,ANN
S56,0.5437939547093087,0.2249113960555107,0.23129464923518106,1D-CNN
S57,0.40721029281021226,0.18573526863823436,0.40705443855155293,1D-CNN
S58,0.6107829849141667,0.10795037843548569,0.28126663665034735,1D-CNN
S59,0.2943060876236707,0.2621288805912008,0.4435650317851286,GRU
S60,0.29934200535639616,0.48608947193222407,0.21456852271137974,ANN
S61,0.46623686278152204,0.2281885413719809,0.30557459584649643,1D-CNN
S62,0.2393503019850734,0.1610671006350034,0.5995825973799231,GRU
S63,0.2171608053417375,0.46761030188635877,0.31522889277190386,ANN
S64,0.3727566281661518,0.4411040398884751,0.18613933194537308,ANN
S65,0.3572345640095978,0.41809160920353394,0.22467382678686743,ANN
S66,0.39242342590642776,0.4554981587636687,0.15207841532990357,ANN
S67,0.41617214875526254,0.5002735491730924,0.08355430207164494,ANN
S68,0.5560345290721114,0.3545860009650645,0.089379469962824,1D-CNN
S69,0.34378042168786377,0.4980548641325519,0.1581647141795839,ANN
S70,0.3889242069550566,0.37615911281117637,0.23491668023376702,1D-CNN
S71,0.4153743716416897,0.33273257284968927,0.25189305550862096,1D-CNN
S72,0.28672492755123746,0.41787393401350603,0.29540113843525634,ANN
S73,0.4055160070339246,0.3234605891910525,0.27102340377502304,1D-CNN
S74,0.34561544880590106,0.34707907632982704,0.3073054748642728,ANN
S75,0.31166517223206447,0.3498686748669648,0.33846615290097026,ANN
S76,0.3635347716349442,0.28687787743207166,0.34958735093298365,1D-CNN
S77,0.33998079170111983,0.28484726688345885,0.375171941415421,GRU
S78,0.6144405738799422,0.18831699813584993,0.1972424279842076,1D-CNN
S79,0.17225403256620217,0.3287299477308893,0.49901601970290804,GRU
S80,0.2772723420793004,0.6004158726656975,0.12231178525500185,ANN
S81,0.2462785957074627,0.324078278646292,0.4296431256462453,GRU
S82,0.2758371052463671,0.33112917689773763,0.39303371785589586,GRU
S83,0.44513904195675363,0.3297251481836029,0.22513580985964327,1D-CNN
S84,0.39028193024399804,0.25080573666538397,0.3589123330906176,1D-CNN
S85,0.2714019967118769,0.2505249797854528,0.4780730235026704,GRU
S86,0.2912196806178309,0.23271993169006927,0.4760603876920998,GRU
S87,0.3165184180762093,0.3072511228412469,0.3762304590825436,GRU
S88,0.3182440081685225,0.30811269574167593,0.37364329608980124,GRU
S89,0.2328193355436618,0.29088574509552223,0.4762949193608158,GRU
S90,0.29842069469482224,0.30355700583328593,0.39802229947189155,GRU
S91,0.14009989477401824,0.42859702584951553,0.43130307937646695,GRU
S92,0.3240539947464449,0.4537977385828958,0.2221482666706592,ANN
S93,0.4532868134149262,0.4073394112515763,0.13937377533349746,1D-CNN
S94,0.4689112116757642,0.37154603912937934,0.15954274919485703,1D-CNN
S95,0.45398101338694363,0.27170804482915095,0.2743109417839054,1D-CNN
S96,0.40770143323338975,0.302564911488033,0.2897336552785781,1D-CNN
S97,0.39093550410194533,0.31563394662384553,0.2934305492742092,1D-CNN
S98,0.4967011630057982,0.22221007832324335,0.2810887586709584,1D-CNN
S99,0.26634223818288494,0.33617061171210866,0.39748715010500635,GRU
S100,0.3067914945289895,0.4160141023047383,0.27719440316627214,ANN
S101,0.16668552918420704,0.3607660549723379,0.47254841584345525,GRU
S102,0.20282783183857409,0.4115690403598782,0.3856031278015473,ANN
S103,0.28441188390861233,0.4571511893480382,0.2584369267433493,ANN
S104,0.3626947471957851,0.4228693340731256,0.2144359187310891,ANN
S105,0.5327168046286086,0.37862799452053714,0.08865520085085382,1D-CNN
S106,0.7589899242950332,0.1844466028580882,0.056563472846878064,1D-CNN
S107,0.2371037588922528,0.4282188879591558,0.3346773531485909,ANN
S108,0.40399782504805004,0.19995430394854513,0.39604787100340444,1D-CNN
S109,0.36943348758011074,0.3320769785062204,0.29848953391366884,1D-CNN
S110,0.2777574355755141,0.3188086462749435,0.40343391814954244,GRU
S111,0.2476194835474991,0.46065555474198056,0.2917249617105196,ANN
S112,0.4171766735903366,0.2641768776201347,0.3186464487895287,1D-CNN
S113,0.36619328484144,0.25119998534744215,0.3826067298111179,GRU
S114,0.25461509283737915,0.4225973803601989,0.3227875268024221,ANN
S115,0.5775746470380044,0.2356942779872294,0.18673107497476615,1D-CNN
S116,0.42236984861080823,0.4474125561819093,0.13021759520728227,ANN
S117,0.5311467647795486,0.39028103544686077,0.07857219977359071,1D-CNN
S118,0.333473409728584,0.6378922481720467,0.028634342099369117,ANN
S119,0.3801227591194795,0.5162457124276086,0.10363152845291154,ANN
S120,0.46989732913250953,0.40605946316450064,0.12404320770298978,1D-CNN
S121,0.36803123172973823,0.49738075811485916,0.13458801015540242,ANN
S122,0.48559261368612633,0.42954704356309453,0.08486034275077842,1D-CNN
S123,0.45193252384502436,0.43636716571333456,0.11170031044164119,1D-CNN
S124,0.35640586234305516,0.33084375711227065,0.3127503805446739,1D-CNN
S125,0.13723026396597893,0.09262829761282565,0.7701414384211954,GRU
S126,0.08388019684784129,0.1240814879960683,0.7920383151560904,GRU
S127,0.1635458094104961,0.17897656055084032,0.6574776300386642,GRU
S128,0.17046387803558558,0.1271326740676738,0.7024034478967406,GRU
S129,0.18973218443280193,0.16661934675082316,0.6436484688163749,GRU
S130,0.19471676433624308,0.14538110045633268,0.6599021352074238,GRU
S131,0.3882700438582297,0.34988217880020994,0.26184777734156034,1D-CNN
S132,0.3889568147304658,0.39361366906136824,0.21742951620816597,ANN
S133,0.3656184759351543,0.40137559149773117,0.23300593256711447,ANN
S134,0.4119997307152151,0.41362777269792417,0.17437249658686046,ANN
S135,0.40383624025510306,0.42746744914802,0.1686963105968766,ANN
S136,0.46356431119730723,0.3450863474258984,0.19134934137679427,1D-CNN
S137,0.18286018384828037,0.1394869558070176,0.677652860344702,GRU
S138,0.10265706646820097,0.19687913738125806,0.7004637961505409,GRU
S139,0.24526072156916798,0.24813396211681288,0.506605316314019,GRU
S140,0.3562539110023586,0.24550496372712782,0.39824112527051364,GRU
S141,0.32621738459089455,0.27261018066016224,0.4011724347489425,GRU
S142,0.35448312181213015,0.38640689031457603,0.25910998787329387,ANN
S143,0.36346857639977925,0.44419746897206913,0.1923339546281515,ANN
S144,0.46561155566655965,0.38888597461269525,0.14550246972074468,1D-CNN
S145,0.3912168977617434,0.33734535850994396,0.2714377437283133,1D-CNN
S146,0.40951574073414526,0.37084582799512755,0.21963843127072744,1D-CNN
S147,0.31094674880262896,0.5310048735618882,0.15804837763548268,ANN
S148,0.44717537379158373,0.39368006182523335,0.15914456438318295,1D-CNN
S149,0.38317771128473277,0.455251051999019,0.16157123671624812,ANN
S150,0.45251045696865794,0.37149987501580517,0.1759896680155368,1D-CNN
S151,0.37347586882389505,0.19499796073885367,0.431526170437252,GRU
S152,0.17915535312347983,0.23488789645283265,0.5859567504236873,GRU
S153,0.18045195680705295,0.47993359508944555,0.3396144481035014,ANN
S154,0.4850399301553939,0.33856874651665947,0.1763913233279466,1D-CNN
S155,0.38564734090614294,0.46909082745692493,0.14526183163693185,ANN
S156,0.27967838294106967,0.598649144529505,0.12167247252942531,ANN
S157,0.425590468401284,0.36848273542669285,0.20592679617202317,1D-CNN
S158,0.34126822550702623,0.4808360749119474,0.17789569958102602,ANN
S159,0.34246809641726644,0.47320672304534506,0.18432518053738833,ANN
S160,0.3370587752162962,0.33757492250951016,0.3253663022741944,ANN
S161,0.21371969393814452,0.15869313919049782,0.6275871668713575,GRU
S162,0.13552229993062045,0.1935576868724786,0.6709200131969015,GRU
S163,0.2150668648089345,0.27040015597088374,0.5145329792201816,GRU
S164,0.3586907789457543,0.29282422782900586,0.3484849932252398,1D-CNN
S165,0.3090212407820973,0.46909415905557544,0.22188460016232736,ANN
S166,0.338638971736568,0.462513805894659,0.19884722236877278,ANN
S167,0.4789608641144505,0.3091096797995898,0.2119294560859597,1D-CNN
S168,0.31576165431547565,0.3468602756802813,0.3373780700042438,ANN
S169,0.22508354366335262,0.2230823680961307,0.5518340882405167,GRU
S170,0.20242011047619815,0.21216822818072423,0.5854116613430774,GRU
S171,0.29859722858175874,0.1979910151181513,0.50341175630009,GRU
S172,0.3272179947085046,0.2988492214351264,0.3739327838563691,GRU
S173,0.3137936091989178,0.33554213647457903,0.35066425432650294,GRU
S174,0.23491091080993598,0.26079954772072955,0.5042895414693344,GRU
S175,0.23284648355031384,0.2040836899399753,0.563069826509711,GRU
S176,0.18639080474857084,0.36119018310609124,0.45241901214533786,GRU
S177,0.43892406565207553,0.14329209433689596,0.4177838400110284,1D-CNN
S178,0.07228762797182699,0.06306206103900541,0.8646503109891677,GRU
S179,0.09662577124493857,0.15521035972440364,0.7481638690306576,GRU
S180,0.3219533800483885,0.46862218274751166,0.20942443720409934,ANN
S181,0.39161758742518227,0.44801723035674307,0.16036518221807441,ANN
S182,0.39815826415331856,0.41549847390768613,0.18634326193899586,ANN
S183,0.4918927382732495,0.35823523410104496,0.14987202762570562,1D-CNN
S184,0.3227922755664546,0.5505947591942141,0.12661296523933105,ANN
S185,0.5552128230719364,0.3578341556299598,0.08695302129810364,1D-CNN
S186,0.549280490904465,0.21656998599820312,0.2341495230973312,1D-CNN
S187,0.25253317093020244,0.35297865345292784,0.3944881756168695,GRU
S188,0.3624178918343513,0.4262374669277797,0.21134464123786875,ANN
S189,0.3334610663282802,0.43976573058068275,0.22677320309103685,ANN
S190,0.2884287160816147,0.5194117057347033,0.19215957818368207,ANN
S191,0.4611015027904464,0.3375869371446653,0.20131156006488818,1D-CNN
S192,0.38129003926530886,0.4508752979766605,0.16783466275803074,ANN
S193,0.3972112265904852,0.4341040794391548,0.1686846939703592,ANN
S194,0.41465930225888076,0.3692344598559591,0.21610623788515979,1D-CNN
S195,0.1563719437896621,0.08656558823571645,0.7570624679746214,GRU
S196,0.13492520670340455,0.17794193925564322,0.6871328540409521,GRU
S197,0.3005456252647989,0.34143278617972705,0.358021588555474,GRU
S198,0.3921864035643093,0.38084274321993117,0.2269708532157603,1D-CNN
S199,0.28307931862561353,0.5250249636649121,0.19189571770947433,ANN
S200,0.4297574042989407,0.4165149171918518,0.15372767850920768,1D-CNN
S201,0.48973605307460316,0.4169429372272746,0.09332100969812221,1D-CNN
S202,0.4883444110359455,0.42558858292937624,0.086067006034678,1D-CNN
S203,0.3930082421360416,0.5320199563650715,0.07497180149888655,ANN
S204,0.5059967490878466,0.3859248068082573,0.10807844410389557,1D-CNN
S205,0.35901003993875524,0.4581507611486457,0.18283919891259875,ANN
S206,0.3480244374420452,0.3929613000405474,0.2590142625174074,ANN
S207,0.4203028618386866,0.36759002016113473,0.2121071180001779,1D-CNN
S208,0.4015534855106763,0.3805061235393632,0.21794039094996057,1D-CNN
S209,0.33089234843081344,0.4222312952377126,0.24687635633147473,ANN
S210,0.3693285103185163,0.44159186090722213,0.1890796287742614,ANN
S211,0.335638190706655,0.34160713417972965,0.3227546751136152,ANN
S212,0.2955784586260718,0.3106348982591601,0.3937866431147681,GRU
S213,0.33436484199369926,0.32973931929323486,0.3358958387130653,GRU
S214,0.3432372731669596,0.4633350379333236,0.19342768889971673,ANN
S215,0.3062500240530473,0.5115328924945529,0.18221708345239956,ANN
S216,0.39107601641795336,0.5308449650711196,0.07807901851092715,ANN
S217,0.21968809708888543,0.14954309308762745,0.630768809823487,GRU
S218,0.07578232708300472,0.5127564383756504,0.4114612345413447,ANN
S219,0.4465673802388915,0.34292428104726425,0.2105083387138442,1D-CNN
S220,0.33988345504471645,0.4431163298559978,0.2170002150992853,ANN
S221,0.3729485389243455,0.45448444382348147,0.17256701725217322,ANN
S222,0.36851405171363144,0.5095101834426021,0.12197576484376668,ANN
S223,0.4330230216595982,0.45885304553076245,0.10812393280963906,ANN
S224,0.5183984615329875,0.33624499224998994,0.1453565462170227,1D-CNN
S225,0.4041043529890454,0.48589813406378785,0.10999751294716682,ANN
S226,0.260132064895057,0.6892855755948684,0.050582359510075135,ANN
S227,0.627962241668577,0.2892105956652747,0.08282716266614823,1D-CNN
S228,0.2817347591640018,0.67201529106486,0.04624994977113812,ANN
S229,0.5087913291679713,0.38975920695162536,0.10144946388040334,1D-CNN
S230,0.3567315525651309,0.5730342800765283,0.07023416735834051,ANN
S231,0.4234967682496992,0.48442021469695695,0.0920830170533439,ANN
S232,0.4989037498790295,0.3617443090362701,0.13935194108470034,1D-CNN
S233,0.383129835933494,0.45485725022399254,0.1620129138425136,ANN
S234,0.45455210193682993,0.38954786071444364,0.15590003734872632,1D-CNN
S235,0.3559599182812981,0.4474901616518162,0.19654992006688568,ANN
S236,0.3918180295721378,0.2939443523324812,0.3142376180953813,1D-CNN
S237,0.3451648213570832,0.3704212978833484,0.28441388075956797,ANN
S238,0.24706394983915161,0.21454967441105932,0.5383863757497886,GRU
S239,0.23573734540652116,0.24154710214009467,0.5227155524533839,GRU
S240,0.34011350488455044,0.3048724566433562,0.3550140384720929,GRU
S241,0.32126474261481114,0.39742468883533794,0.2813105685498509,ANN
S242,0.3162519662445864,0.5222096093504255,0.1615384244049878,ANN
S243,0.42055383644987143,0.46268103507657266,0.11676512847355572,ANN
S244,0.7391038593380745,0.17006911286745463,0.09082702779447042,1D-CNN
S245,0.23928650047528863,0.5948822186924956,0.16583128083221554,ANN
S246,0.5892094984329904,0.3014916876666707,0.10929881390033891,1D-CNN
S247,0.3557769254726534,0.45626784119200176,0.18795523333534497,ANN
S248,0.3462593915350045,0.24265743547953197,0.4110831729854633,GRU
S249,0.3644926694562419,0.21158084634106886,0.42392648420268914,GRU
S250,0.3086591720441337,0.22792801012034458,0.46341281783552246,GRU
S251,0.2528192373953668,0.2344150285116598,0.5127657340929727,GRU
S252,0.28699231512145884,0.2644954565413058,0.448512228337236,GRU
S253,0.2978900165801978,0.3210015510649893,0.3811084323548128,GRU
S254,0.3074616935678026,0.44714628492175906,0.24539202151043837,ANN
S255,0.2845001591404633,0.5017890495436301,0.21371079131590673,ANN
S256,0.4248633003610096,0.41597857135625765,0.15915812828273262,1D-CNN
S257,0.3950539851986145,0.4310648071345989,0.17388120766678625,ANN
S258,0.3517638575736261,0.24156969388151728,0.4066664485448559,GRU
S259,0.17445773603661335,0.2919128526593737,0.533629411304013,GRU
S260,0.3433543626456439,0.3820350417191264,0.27461059563522955,ANN
S261,0.2809015070075539,0.5014387989490054,0.21765969404344046,ANN
S262,0.47403536348187747,0.23564779377601713,0.29031684274210495,1D-CNN
S263,0.3812184916807002,0.2902112760197694,0.3285702322995303,1D-CNN
S264,0.2814815988626518,0.3775445853294013,0.3409738158079463,ANN
S265,0.2694013247133963,0.26721967928763785,0.4633789959989658,GRU
S266,0.253103327945584,0.3271154013003534,0.4197812707540622,GRU
S267,0.3090697738617442,0.3312259744230905,0.3597042517151652,GRU
S268,0.28967774074421154,0.4196572741935286,0.29066498506225974,ANN
S269,0.12021808928353991,0.10662234989218497,0.7731595608242752,GRU
S270,0.0826422742393602,0.28168273887267803,0.6356749868879619,GRU
S271,0.26223577324003694,0.3705603603771928,0.36720386638276986,ANN
S272,0.2988304951541965,0.2366338647241266,0.46453564012167703,GRU
S273,0.25928148336338225,0.23517116994408332,0.5055473466925344,GRU
S274,0.4050555334314711,0.23491410667276097,0.36003035989576715,1D-CNN
S275,0.3275782649186263,0.42441855351827024,0.24800318156310308,ANN
S276,0.2703897610645317,0.3979247234441772,0.3316855154912905,ANN
S277,0.26464184182536343,0.4161389102239385,0.3192192479506979,ANN
S278,0.2744849380870537,0.4230295199254004,0.30248554198754557,ANN
S279,0.3432624296141158,0.3971992386933485,0.2595383316925356,ANN
S280,0.3738887546961817,0.2967084670467542,0.32940277825706493,1D-CNN
S281,0.3066328229141266,0.2821137624122854,0.41125341467358795,GRU
S282,0.2409996512923949,0.3055995573694095,0.4534007913381947,GRU
S283,0.30872176929735295,0.3104002859111704,0.3808779447914778,GRU
S284,0.30923388892287085,0.33531859811148396,0.35544751296564486,GRU
S285,0.14251562990644268,0.41816588762007456,0.4393184824734826,GRU
S286,0.19042419036780578,0.523260961259333,0.286314848372861,ANN
S287,0.6306818856028646,0.25517933792956043,0.11413877646757456,1D-CNN
S288,0.6066405708584562,0.20933509999028924,0.18402432915125425,1D-CNN
S289,0.3660658772139361,0.3665757328530076,0.26735838993305605,ANN
S290,0.355781635425682,0.292195823312332,0.352022541261986,1D-CNN
S291,0.3550027605393488,0.23199292260485263,0.41300431685579875,GRU
S292,0.3242250548393088,0.3373730934914232,0.33840185166926723,GRU
S293,0.32419544933942823,0.3835270584498391,0.2922774922107333,ANN
S294,0.24964894209691718,0.3911851511064513,0.35916590679663135,ANN
S295,0.3236627615685982,0.3369750116292044,0.3393622268021974,GRU
S296,0.3704261571021176,0.40674656601288994,0.22282727688499196,ANN
S297,0.5609093978672546,0.29949400831335443,0.1395965938193904,1D-CNN
S298,0.16831991441367283,0.2553700347605059,0.5763100508258213,GRU
S299,0.42894749834633045,0.27947754129912705,0.2915749603545422,1D-CNN
S300,0.3497364569874111,0.19412909858524796,0.45613444442734075,GRU
S301,0.2541175548712454,0.19341581791856605,0.5524666272101886,GRU
S302,0.2725352327811608,0.20486288211075174,0.5226018851080867,GRU
S303,0.33358800818297774,0.24413333218765593,0.4222786596293664,GRU
S304,0.2989469715781046,0.28858487468999916,0.4124681537318949,GRU
S305,0.2912528168905384,0.2718163626576624,0.4369308204517992,GRU
S306,0.3187497852880003,0.3738510677379346,0.307399146974065,ANN
S307,0.23716871584837176,0.5160811984170934,0.24675008573453458,ANN
S308,0.45432191740933675,0.41341146807704937,0.13226661451361452,1D-CNN
S309,0.5868852444331298,0.2819233895632018,0.1311913660036682,1D-CNN
S310,0.34310864019315207,0.3657011465921566,0.29119021321469196,ANN
S311,0.060546786503461396,0.14391096415366136,0.7955422493428773,GRU
S312,0.1492457302662316,0.38250412592670996,0.46825014380705854,GRU
S313,0.44151239700836564,0.17117277901945238,0.38731482397218203,1D-CNN
S314,0.5053569471676189,0.1109157871015574,0.38372726573082366,1D-CNN
S315,0.33404986911447243,0.24720455303015285,0.4187455778553746,GRU
S316,0.2791205137289054,0.40782225837391406,0.31305722789718027,ANN
S317,0.2393057209233443,0.32472222850751686,0.43597205056913874,GRU
S318,0.3007939707385697,0.346611564651884,0.35259446460954635,GRU
S319,0.24774689093513566,0.49514090549935363,0.25711220356551073,ANN
S320,0.20878838232178323,0.7596435568227361,0.03156806085548125,ANN
S321,0.5047991265991786,0.47219381228215795,0.023007061118663463,1D-CNN
S322,0.4724640336912139,0.4811960282611894,0.046339938047597375,ANN
S323,0.6239639966119586,0.2974584787576516,0.07857752463039049,1D-CNN
S324,0.37568913894979533,0.5594125420839938,0.06489831896621025,ANN
S325,0.3435980453997945,0.31469248054756355,0.3417094740526415,1D-CNN
S326,0.42304262773861606,0.22710435066923151,0.3498530215921522,1D-CNN
S327,0.22958946424964483,0.18097998788690486,0.5894305478634498,GRU
S328,0.16469396211844728,0.1979466260639831,0.6373594118175696,GRU
S329,0.26378314186010166,0.20007854042419454,0.536138317715704,GRU
S330,0.22953363248051378,0.15918727081988684,0.6112790966996,GRU
S331,0.36633321487397236,0.31186275032779354,0.3218040347982341,1D-CNN
S332,0.35910385370391645,0.41047524238151634,0.23042090391456704,ANN
S333,0.38920953445628026,0.42522016368194937,0.18557030186177018,ANN
S334,0.3856607491883216,0.3623487766888223,0.25199047412285625,1D-CNN
S335,0.36010354167093855,0.3663110042816992,0.273585454047363,ANN
S336,0.36111890572230143,0.32563429871642235,0.3132467955612761,1D-CNN
S337,0.21090390706532347,0.16061199650676602,0.6284840964279104,GRU
S338,0.15369654965310184,0.22722143050978516,0.6190820198371126,GRU
S339,0.3628414762420613,0.2836468986719119,0.35351162508602696,1D-CNN
S340,0.33595862943506577,0.41215807747221284,0.25188329309272145,ANN
S341,0.28144518170770066,0.6398387990599732,0.07871601923232692,ANN
S342,0.38018847195482547,0.2941004433340229,0.3257110847111516,1D-CNN
S343,0.41223102783612536,0.4552675895082278,0.1325013826556469,ANN
S344,0.41901672084101554,0.4308992909412745,0.15008398821771074,ANN
S345,0.22709035888749907,0.6248204409254587,0.14808920018704178,ANN
S346,0.42008534949363946,0.24735134985071483,0.3325633006556463,1D-CNN
S347,0.33712543977202786,0.4635784358771432,0.19929612435082963,ANN
S348,0.272924650887039,0.5513535618705697,0.17572178724239135,ANN
S349,0.37473632649974026,0.37978540935407457,0.24547826414618532,ANN
S350,0.37687247585079336,0.3913966620510879,0.23173086209811916,ANN
S351,0.39176405639346407,0.36625724468398346,0.24197869892255208,1D-CNN
S352,0.3329733376141431,0.3760497119384419,0.29097695044741456,ANN
S353,0.2724417093278063,0.2056001889184776,0.5219581017537167,GRU
S354,0.2329270459565061,0.27980892815636466,0.4872640258871292,GRU
S355,0.32277031192656247,0.33630936330902433,0.34092032476441325,GRU
S356,0.31868324264377573,0.3571476037298819,0.3241691536263419,ANN
S357,0.3629126120346829,0.2819446037623591,0.35514278420295864,1D-CNN
S358,0.29488304213263594,0.30014037112214814,0.40497658674521597,GRU
S359,0.33590657523389905,0.28839515079474237,0.37569827397135847,GRU
S360,0.30991303359400446,0.23484483695375022,0.45524212945224474,GRU
S361,0.18718796172679306,0.32518858225537584,0.48762345601783114,GRU
S362,0.39871003286400736,0.3198183700904064,0.2814715970455862,1D-CNN
S363,0.07791798162086927,0.6633427013255466,0.2587393170535843,ANN
S364,0.11714671560955918,0.8256284826694213,0.057224801721019916,ANN
S365,0.6009060442474425,0.2913101746417909,0.10778378111076713,1D-CNN
S366,0.2232678635794476,0.5579559785787784,0.218776157841774,ANN
S367,0.49525056245477167,0.3991170400889512,0.10563239745627685,1D-CNN
S368,0.3770104760633772,0.3849959507486563,0.23799357318796638,ANN
S369,0.2659547420570876,0.4296953158545212,0.3043499420883921,ANN
S370,0.30874669974151425,0.4355251416381508,0.2557281586203349,ANN
S371,0.526291025346323,0.23966876780343285,0.2340402068502441,1D-CNN
S372,0.4341280666894567,0.2871368924904576,0.2787350408200856,1D-CNN
S373,0.36941923377705965,0.38851983125002776,0.24206093497291206,ANN
S374,0.3396533544315338,0.234388917452648,0.4259577281158179,GRU
S375,0.256405158829441,0.27246037600254336,0.47113446516801544,GRU
S376,0.4478821262896556,0.2903527930617264,0.2617650806486178,1D-CNN
S377,0.10771127644239449,0.46971787346607197,0.42257085009153406,ANN
S378,0.2361725233876882,0.30730540100598164,0.45652207560633074,GRU
S379,0.31347660448045195,0.47813761573062585,0.20838577978892192,ANN
S380,0.32656858390088833,0.42846035380642505,0.24497106229268603,ANN
S381,0.35165136498563204,0.4471061745444863,0.2012424604698816,ANN
S382,0.32916048235316236,0.4796545495933949,0.1911849680534427,ANN
S383,0.4138302556819632,0.42301998834722315,0.16314975597081324,ANN
S384,0.36554926014110545,0.3949693338099111,0.2394814060489833,ANN
S385,0.2581359001765733,0.2912850663037368,0.45057903351968975,GRU
S386,0.23859354218561968,0.3623162205774525,0.3990902372369279,GRU
S387,0.2573459638867831,0.4363786829027221,0.30627535321049487,ANN
S388,0.28880319715327374,0.47809507352496994,0.23310172932175638,ANN
S389,0.3463618989353446,0.5282431772836911,0.12539492378096428,ANN
S390,0.5425052095831273,0.346169146625766,0.11132564379110665,1D-CNN
S391,0.48861459150639297,0.3363643067919991,0.1750211017016079,1D-CNN
S392,0.4284455956867095,0.4748515099714643,0.09670289434182563,ANN
S393,0.3313907072376884,0.6344497189779847,0.0341595737843276,ANN
S394,0.34410313469574677,0.5217014547277904,0.134195410576463,ANN
S395,0.22268078951498751,0.04941723992683387,0.7279019705581785,GRU
S396,0.1467938349665319,0.24760662958504445,0.6055995354484235,GRU
S397,0.3083033289671769,0.2822341852381913,0.4094624857946318,GRU
S398,0.3599743278106094,0.15803977054225576,0.48198590164713445,GRU
S399,0.2937818520487983,0.27353742839280093,0.4326807195584005,GRU
S400,0.46633756636328305,0.33996351758579774,0.1936989160509194,1D-CNN
S401,0.41291034472417837,0.39364784171844885,0.1934418135573725,1D-CNN
S402,0.36197758942091574,0.4369335848868666,0.20108882569221775,ANN
S403,0.5716663279266435,0.3070769639615942,0.12125670811176278,1D-CNN
S404,0.24920426852404676,0.6361892909381611,0.11460644053779208,ANN
S405,0.44759077650426526,0.41952883202664876,0.13288039146908603,1D-CNN
S406,0.45529855465496,0.3451557672197505,0.19954567812528928,1D-CNN
S407,0.3155448579096354,0.37344465307865105,0.3110104890117131,ANN
S408,0.2999682032131869,0.31295752153229855,0.3870742752545145,GRU
S409,0.33134305284806354,0.36529002035427954,0.30336692679765687,ANN
S410,0.32735320664483786,0.39490279907042797,0.277743994284734,ANN
S411,0.2352072965128812,0.47383640181220726,0.2909563016749116,ANN
S412,0.37466113575260374,0.4422411304228915,0.18309773382450462,ANN
S413,0.5118643568069199,0.37667575109925533,0.1114598920938245,1D-CNN
S414,0.6239875720140402,0.2904590191752125,0.08555340881074686,1D-CNN
S415,0.45488124491875087,0.4020731381075159,0.14304561697373297,1D-CNN
S416,0.26779585406648915,0.6343957979101795,0.09780834802333091,ANN
S417,0.31590335132769015,0.48754451404037846,0.19655213463193208,ANN
S418,0.28525752220341066,0.5590237617950274,0.15571871600156195,ANN
S419,0.4173967566599323,0.40534804863361645,0.17725519470645076,1D-CNN
S420,0.40662536742686495,0.41859788842528917,0.17477674414784572,ANN
S421,0.41412950852420455,0.3462261690399674,0.2396443224358279,1D-CNN
S422,0.44031573097737003,0.42388587960483776,0.13579838941779196,1D-CNN
S423,0.3164054687646178,0.2604631276175654,0.4231314036178175,GRU
S424,0.3343622077051921,0.42287322060533017,0.24276457168947713,ANN
S425,0.3681103663449379,0.3008287126274005,0.3310609210276617,1D-CNN
S426,0.39718743538451007,0.4695906380709408,0.1332219265445488,ANN
S427,0.4035520547026244,0.4672728507474735,0.1291750945499018,ANN
S428,0.4047230527109041,0.4900373119820678,0.10523963530702769,ANN
S429,0.3311389237144079,0.6463502790984302,0.022510797187161886,ANN
S430,0.460445475126753,0.41182353635224006,0.12773098852100698,1D-CNN
S431,0.51261742453499,0.31912051608397,0.16826205938103983,1D-CNN
S432,0.26334980086542226,0.20111667395562685,0.5355335251789509,GRU
S433,0.13107610073328557,0.12818693358985137,0.7407369656768631,GRU
S434,0.15645673283593373,0.08968321681417195,0.7538600503498943,GRU
S435,0.15352019586436774,0.16570525508853184,0.6807745490470997,GRU
S436,0.2852595106421846,0.4385520511531691,0.27618843820464534,ANN
S437,0.2867144339553217,0.45280698293912236,0.2604785831055558,ANN
S438,0.4402123567722751,0.2835563964624946,0.27623124676523,1D-CNN
S439,0.4034321320086502,0.3717412336457136,0.2248266343456369,1D-CNN
S440,0.26140273935717595,0.23398489091860064,0.5046123697242236,GRU
S441,0.22574822011448892,0.21584816978538843,0.5584036101001234,GRU
S442,0.23511327176447278,0.22035526725715052,0.5445314609783766,GRU
S443,0.2371841313089265,0.2414804662249825,0.5213354024660917,GRU
S444,0.29071960786454293,0.24586588142397228,0.463414510711485,GRU
S445,0.2804753556384117,0.33723426449117117,0.3822903798704168,GRU
S446,0.30613648222125484,0.4456471397852865,0.24821637799345922,ANN
S447,0.281129827188777,0.47547574810794496,0.2433944247032786,ANN
S448,0.5071193601207186,0.34643550750988417,0.1464451323693968,1D-CNN
S449,0.4529378183363471,0.41745366146064344,0.1296085202030095,1D-CNN
S450,0.4011263434387291,0.4415737180119531,0.1572999385493176,ANN
S451,0.3342697529724995,0.365314425397899,0.3004158216296022,ANN
S452,0.41631810240654854,0.31946051000488623,0.2642213875885652,1D-CNN
S453,0.3369226895148549,0.3804518984471995,0.28262541203794544,ANN
S454,0.32398709923312147,0.40481834473164613,0.27119455603523296,ANN
S455,0.3127523150403051,0.3195828667988041,0.36766481816089025,GRU
S456,0.27795065583222384,0.32000079776873935,0.4020485463990369,GRU
S457,0.25078587989340534,0.27189538658636414,0.4773187335202304,GRU
S458,0.17139751348996896,0.409410140495356,0.41919234601467503,GRU
S459,0.3701392096224604,0.5021602304418622,0.12770055993567753,ANN
S460,0.6607346048992313,0.2941860205508413,0.045079374549926984,1D-CNN
S461,0.2170709069222055,0.6854515623997411,0.09747753067805386,ANN
S462,0.6042979735173851,0.3199295585567066,0.0757724679259088,1D-CNN
S463,0.31492429712066766,0.5690369931104997,0.11603870976883211,ANN
S464,0.4271861985230151,0.4399067542949207,0.13290704718206384,ANN
S465,0.057448264664646254,0.9165509945705598,0.026000740764793768,ANN
S466,0.46161111766269997,0.27965079200528004,0.25873809033201955,1D-CNN
S467,0.37432945583065025,0.32579848733798056,0.29987205683136986,1D-CNN
S468,0.30965056559448617,0.38658747848403757,0.30376195592147626,ANN
S469,0.37066853681906053,0.34131725869755325,0.2880142044833863,1D-CNN
S470,0.38720908666945475,0.40272538437255345,0.21006552895799185,ANN
S471,0.3654945037621603,0.38858147068310617,0.24592402555473292,ANN
S472,0.3412163373620493,0.3627553983769857,0.2960282642609655,ANN
S473,0.3149856700240077,0.31787336458251164,0.3671409653934807,GRU
S474,0.21311332862031954,0.28848703610755244,0.4983996352721274,GRU
S475,0.28908606612749077,0.25834367080022924,0.45257026307228077,GRU
S476,0.29682939883878784,0.27835344775290494,0.424817153408307,GRU
S477,0.2991126862982793,0.4383194318194269,0.2625678818822936,ANN
S478,0.2622326986492444,0.4420995570124747,0.29566774433828064,ANN
S479,0.35012084741108007,0.5323647118763303,0.1175144407125896,ANN
S480,0.5202015099455376,0.39983623037532495,0.07996225967913785,1D-CNN
S481,0.7603958958039511,0.1604615738527139,0.07914253034333477,1D-CNN
S482,0.40010269418844346,0.4123368495368783,0.18756045627467832,ANN
S483,0.3038152725951425,0.503888475944517,0.1922962514603406,ANN
S484,0.35663433239093273,0.46485951638008594,0.1785061512289815,ANN
S485,0.31463497821781383,0.47138356208846777,0.21398145969371793,ANN
S486,0.44432416831786675,0.3407396283448874,0.2149362033372456,1D-CNN
S487,0.43032545033333275,0.327070277963495,0.242604271703172,1D-CNN
S488,0.3656766149537947,0.4106507738145207,0.22367261123168466,ANN
S489,0.34988743342071366,0.24864618285604026,0.4014663837232457,GRU
S490,0.16917718447546462,0.21036834874528623,0.6204544667792485,GRU
S491,0.24256408412869065,0.33088366936500735,0.4265522465063018,GRU
S492,0.3177842377352616,0.48033729458276064,0.20187846768197767,ANN
S493,0.35410536412107996,0.4297650851393208,0.21612955073959933,ANN
S494,0.49015930394601437,0.3346475658084394,0.17519313024554584,1D-CNN
S495,0.32839131569390234,0.5013714018387312,0.17023728246736597,ANN
S496,0.3846318798191467,0.39793268429999223,0.21743543588086117,ANN
S497,0.37653417232580866,0.3514123516445413,0.2720534760296508,1D-CNN
S498,0.37468046552258105,0.3830066671532197,0.24231286732419915,ANN
S499,0.243677799697642,0.5081436579099284,0.24817854239243084,ANN
S500,0.28709406877219723,0.6176402610364098,0.09526567019139291,ANN
S501,0.5802615932171663,0.35389075032677375,0.0658476564560599,1D-CNN
S502,0.5321948664782483,0.33866356570180917,0.12914156781994224,1D-CNN
S503,0.4588479221864558,0.3492117434492157,0.1919403343643283,1D-CNN
S504,0.4057822314036896,0.41905702926606875,0.17516073933024157,ANN
S505,0.48420786707800867,0.32084250725749874,0.19494962566449223,1D-CNN
S506,0.23984561716999583,0.5532622495170093,0.20689213331299464,ANN
S507,0.3174814600217962,0.34412446294800125,0.3383940770302026,ANN
S508,0.28248140744049854,0.4923234345318422,0.22519515802765913,ANN
S509,0.3523185842763849,0.3465906185816655,0.30109079714194975,1D-CNN
S510,0.18661655803452787,0.5797951217301256,0.23358832023534667,ANN
S511,0.36729095765518216,0.3720375851323663,0.26067145721245144,ANN
S512,0.357519225732022,0.3016315892213895,0.3408491850465885,1D-CNN
S513,0.329540132076146,0.31504544547940583,0.355414422444448,GRU
S514,0.3227714925910689,0.2926781783198009,0.3845503290891301,GRU
S515,0.3447119316546365,0.3037928864094952,0.3514951819358682,GRU
S516,0.3373372345156441,0.36856627196806124,0.29409649351629435,ANN
S517,0.2304097906602913,0.4831882792128806,0.28640193012682785,ANN
S518,0.33511334523008585,0.4832574379593146,0.18162921681059932,ANN
S519,0.5483796354645951,0.3791941135729344,0.07242625096247099,1D-CNN
S520,0.2391289008266274,0.4951969805664809,0.2656741186068929,ANN
S521,0.3945977290165823,0.3102395134728463,0.29516275751057125,1D-CNN
S522,0.21748375575024556,0.6262895213816013,0.15622672286815298,ANN
S523,0.2987302703280078,0.49147969742599984,0.20979003224599302,ANN
S524,0.31709637569463456,0.5298390922593307,0.1530645320460345,ANN
S525,0.34060660405761894,0.4246922926303111,0.2347011033120699,ANN
S526,0.43728575669146547,0.37536411508130774,0.18735012822722646,1D-CNN
S527,0.33587774011774013,0.3872360423015006,0.27688621758075943,ANN
S528,0.345110375286371,0.48916577096113917,0.16572385375248957,ANN
S529,0.3410858827066341,0.5476922527572076,0.11122186453615787,ANN
S530,0.347169034119569,0.5745610634666057,0.07826990241382492,ANN
S531,0.42129537662041705,0.4631487307343887,0.11555589264519427,ANN
S532,0.4375938816667085,0.4441571534371,0.11824896489619167,ANN
S533,0.40491053930815735,0.47326333315295377,0.12182612753888905,ANN
S534,0.34323003392111295,0.5535747316589849,0.10319523441990214,ANN
S535,0.2927035672007497,0.5857328510684248,0.12156358173082529,ANN
S536,0.3096314591857163,0.3052033328037618,0.3851652080105222,GRU
S537,0.26430875031497425,0.37874993007186775,0.356941319613158,ANN
S538,0.3422004389202698,0.29052946579545674,0.3672700952842735,GRU
S539,0.40267490089795704,0.30613977944782467,0.2911853196542183,1D-CNN
S540,0.3054004455554539,0.25068555051625546,0.4439140039282905,GRU
S541,0.3365301018176918,0.363004585193927,0.30046531298838114,ANN
S542,0.3542649351631379,0.3122541624679433,0.33348090236891853,1D-CNN
S543,0.3618665868002549,0.43136817881629647,0.20676523438344913,ANN
S544,0.3483302550048002,0.48087252487545024,0.1707972201197496,ANN
S545,0.3904991416205948,0.4786930413351939,0.13080781704421124,ANN
S546,0.4533642966871104,0.4665807023571821,0.08005500095570736,ANN
S547,0.39756934055392223,0.5201551991951883,0.08227546025088882,ANN
S548,0.5943915432294717,0.32005464297390546,0.08555381379662289,1D-CNN
S549,0.4139419195813639,0.4053446962280233,0.18071338419061214,1D-CNN
S550,0.3712167390592027,0.49199769597259857,0.13678556496819855,ANN
S551,0.20878738742763883,0.20067142695828485,0.5905411856140771,GRU
S552,0.2118745505764495,0.19567195890669425,0.5924534905168561,GRU
S553,0.23199717207464485,0.22658236779605628,0.5414204601292985,GRU
S554,0.361845304375376,0.2288692175113788,0.40928547811324534,GRU
S555,0.32530760573959205,0.2103830136300554,0.46430938063035193,GRU
S556,0.12949776544476474,0.10443425994968882,0.7660679746055463,GRU
S557,0.10810088095101009,0.14270230095527006,0.7491968180937199,GRU
S558,0.16080462199953696,0.16382726757451294,0.6753681104259495,GRU
S559,0.5021146264720348,0.24189296085606685,0.25599241267189843,1D-CNN
S560,0.2714225799805274,0.24282282310094078,0.4857545969185319,GRU
S561,0.2062618614124636,0.23991983100732067,0.5538183075802163,GRU
S562,0.25356039332967983,0.197083815758516,0.5493557909118048,GRU
S563,0.24716474345175765,0.23355297622424095,0.5192822803240014,GRU
S564,0.2275587707809442,0.2030903025073259,0.5693509267117298,GRU
S565,0.2005342888364609,0.22418040619942356,0.5752853049641151,GRU
S566,0.24440830987298917,0.25560192035387896,0.49998976977313203,GRU
S567,0.3058446947699753,0.28775873526227846,0.4063965699677469,GRU
S568,0.3098463299130453,0.39347055482695936,0.296683115259995,ANN
S569,0.3500955118487729,0.41037736720234835,0.23952712094887854,ANN
S570,0.32290195609786426,0.44834772410449,0.22875031979764576,ANN
S571,0.43057850420688026,0.40013478820210174,0.16928670759101844,1D-CNN
S572,0.4553082235909576,0.4281357237230814,0.11655605268596007,1D-CNN
S573,0.7570700079561651,0.1927295829166653,0.05020040912716924,1D-CNN
S574,0.2665184119283728,0.6434434501096977,0.09003813796192922,ANN
S575,0.35634811922279164,0.6104322768972277,0.03321960387998008,ANN
S576,0.3592179391135469,0.45226470709247496,0.18851735379397838,ANN
S577,0.25503465783792595,0.40428658591874367,0.3406787562433302,ANN
S578,0.304634384080529,0.33614446106593615,0.3592211548535348,GRU
S579,0.31955942518793107,0.33787191337708194,0.34256866143498693,GRU
S580,0.3235886036082189,0.3393685812551634,0.33704281513661827,ANN
S581,0.32759552606622727,0.41997398166797545,0.25243049226579717,ANN
S582,0.4427907693444776,0.4401013133738785,0.11710791728164355,1D-CNN
S583,0.402879265036058,0.4054129396987857,0.1917077952651564,ANN
S584,0.29908333665121833,0.6150104934831365,0.08590616986564496,ANN
S585,0.37553086114256323,0.35213957181157013,0.27232956704586686,1D-CNN
S586,0.33408660217647906,0.2380163154096587,0.4278970824138624,GRU
S587,0.2930209010981086,0.26454825424391054,0.44243084465798155,GRU
