Segment,1D-CNN,ANN,LSTM,CNN-LSTM,GRU,Selected
S1,0.14896181949078532,0.15336736594768535,0.2413287711569586,0.2859139313503384,0.1704281120542321,CNN-LSTM
S2,0.24296313132641345,0.21741470979747732,0.20582916058655,0.19458620477092595,0.13920679351863294,1D-CNN
S3,0.15203884631713316,0.23258039811151524,0.24046629707726347,0.26831046327808117,0.1066039952160073,CNN-LSTM
S4,0.19262710717322015,0.2738250482671788,0.17869630943510112,0.22921982181872147,0.1256317133057785,ANN
S5,0.16328714480374204,0.14237524155326,0.23757726643654611,0.2626366627876375,0.19412368441881392,CNN-LSTM
S6,0.2005105113854605,0.13477133462373067,0.25573926773101624,0.1738806102371836,0.235098276022608,LSTM
S7,0.17102773887232695,0.14310363487654398,0.27593169541375806,0.20355047401531065,0.20638645682205997,LSTM
S8,0.22894644631386174,0.1334466427850987,0.2026949960625095,0.11469691242838156,0.3202150024101492,GRU
S9,0.10662190710533949,0.09615606454158451,0.2863965936463673,0.148981394917797,0.36184403978891266,GRU
S10,0.16526879364562067,0.18643453835263352,0.23719721240310324,0.15169883635273285,0.2594006192459102,GRU
S11,0.17610971972916786,0.2729860039071417,0.20795269528752475,0.2211608209743167,0.12179076010184792,ANN
S12,0.15148223295376156,0.2022409303540568,0.2447197735347864,0.31542408240141007,0.08613298075598541,CNN-LSTM
S13,0.13977230408660746,0.19599381958719167,0.2864654990397659,0.30808362916676907,0.06968474811966589,CNN-LSTM
S14,0.17167923541371427,0.2717430145240204,0.2354890695231682,0.23115049506323357,0.0899381854758636,ANN
S15,0.35079504899346714,0.2697252147141064,0.14097190064172974,0.14876604214318187,0.08974179350751513,1D-CNN
S16,0.2811018279148994,0.27370133288827625,0.12210854322252858,0.17062812981707437,0.1524601661572217,1D-CNN
S17,0.21151065229071797,0.2031684382371902,0.14553259041404737,0.23135187947905256,0.20843643957899166,CNN-LSTM
S18,0.2032503414773437,0.17923322252432713,0.17314394966717822,0.25467466764934016,0.18969781868181057,CNN-LSTM
S19,0.19151402024588712,0.20774422020176442,0.17370279938461772,0.3017532448172731,0.12528571535045785,CNN-LSTM
S20,0.14020714325200903,0.13569390199058542,0.20828345360957404,0.4293048737101868,0.08651062743764498,CNN-LSTM
S21,0.2950630531516764,0.2305408006272992,0.13384256044348944,0.2591363654684056,0.08141722030912807,1D-CNN
S22,0.4560284588495396,0.23888792199836398,0.06641993720510242,0.1659259095781982,0.07273777236879574,1D-CNN
S23,0.27575886463010885,0.29989375747010216,0.10567814968704041,0.15844724477438266,0.16022198343836608,ANN
S24,0.22326011877267724,0.1420409143815184,0.21945463609602311,0.09052472656159881,0.32471960418818246,GRU
S25,0.17846893571833497,0.12659044903639202,0.31371965763477916,0.09832577096304981,0.2828951866474434,LSTM
S26,0.21264571446389408,0.13364574906231294,0.244647518766656,0.09010095748851685,0.3189600602186224,GRU
S27,0.2532765572200751,0.2833610032359694,0.1926341914099203,0.11554587819618842,0.15518236993784626,ANN
S28,0.2138932301915717,0.30033046868412633,0.19652200314206195,0.18659957244391898,0.10265472553832032,ANN
S29,0.03596219195009261,0.026863531249723044,0.3345825906449333,0.58974721966306,0.01284446649219125,CNN-LSTM
S30,0.038306146638093216,0.11935295960211784,0.32962862858886083,0.49510792772045287,0.017604337450475377,CNN-LSTM
S31,0.5745126253778927,0.15494129408309631,0.1253541328780398,0.1351259297556921,0.010066017905280018,1D-CNN
S32,0.3245289021814718,0.21775963221341052,0.20009711747279463,0.23377173431380785,0.023842613818515348,1D-CNN
S33,0.12037808769416317,0.11615612795580355,0.3192747148618585,0.2742995619866342,0.16989150750153958,LSTM
S34,0.29286549517108657,0.10802459329009978,0.2875270194764161,0.12507648869150714,0.18650640337089006,1D-CNN
S35,0.10477095231927386,0.1549372588866025,0.3126670016378682,0.1643099686657859,0.26331481849046934,LSTM
S36,0.15572591994397955,0.15732551079812604,0.28041154502336074,0.170872852439476,0.2356641717950573,LSTM
S37,0.19342553342479285,0.13803763310458647,0.221662392058201,0.15264961686446651,0.29422482454795346,GRU
S38,0.156382389627652,0.17903672113809868,0.189648194073796,0.11331098143916885,0.36162171372128316,GRU
S39,0.2120867164376607,0.19311985952826743,0.19225422149504634,0.1310801785313588,0.27145902400766664,GRU
S40,0.1855979448041746,0.14483152363344073,0.22427324518989086,0.1910381398637919,0.2542591465087021,GRU
S41,0.17741770568827775,0.19876315966285346,0.21603872626555418,0.21367879158830272,0.19410161679501164,LSTM
S42,0.2093468997045008,0.2175948186227402,0.20528414705553222,0.243294993327418,0.12447914128980875,CNN-LSTM
S43,0.1267543256247791,0.1618146920519081,0.30743437253410183,0.3147547771078944,0.0892418326813173,CNN-LSTM
S44,0.21341945780547902,0.2143148837578976,0.2227737841240558,0.2158825420448657,0.13360933226770144,LSTM
S45,0.20204900464259593,0.18490258005197807,0.20372263430063287,0.20477049657873822,0.20455528442605592,CNN-LSTM
S46,0.19547806815521987,0.1875584178257861,0.20850189291385257,0.19397190977374426,0.2144897113313973,GRU
S47,0.18273727908770582,0.19547785876788848,0.2117869182041825,0.1934010223990222,0.21659692154120083,GRU
S48,0.18775409927613476,0.16190210980066,0.23639466120079167,0.19512197504618564,0.21882715467622665,LSTM
S49,0.1973468341936736,0.17343473219128783,0.24131050262833817,0.18824922391535423,0.19965870707134598,LSTM
S50,0.1686091755501317,0.19849125432045753,0.20510639248209755,0.18731294542168545,0.2404802322256277,GRU
S51,0.01154966681169013,0.029862862510119447,0.6499537777241762,0.269031451744277,0.039602241209737134,LSTM
S52,0.15910919648818583,0.2749184218437211,0.3421224575627444,0.1293129247932985,0.09453699931205015,LSTM
S53,0.0705651188718864,0.25438413474279964,0.2756603342598281,0.19881243629108497,0.20057797583440198,LSTM
S54,0.14221672978273786,0.1319215018752461,0.23402965103623055,0.29892357508273737,0.192908542223048,CNN-LSTM
S55,0.08814840124181203,0.14032109981304902,0.2739539812070477,0.35918180274418043,0.13839471499391062,CNN-LSTM
S56,0.3695813200956166,0.15285762178650572,0.1540074185967433,0.16635773644956314,0.1571959030715712,1D-CNN
S57,0.23950176606422482,0.1092406691203233,0.21990216841788462,0.19194529641069,0.23941009998687712,1D-CNN
S58,0.4057927768871663,0.07172020981807833,0.21127536344542372,0.12434336381137398,0.18686828603795763,1D-CNN
S59,0.1660495571629376,0.14789495145422418,0.281538477026637,0.15425451487618444,0.2502624994800178,LSTM
S60,0.234977392163469,0.3815703590839567,0.13919407687287105,0.07582624116199704,0.16843193071770718,ANN
S61,0.4111214576849856,0.20121361746512134,0.07164086362001254,0.04657245131978808,0.26945160991009237,1D-CNN
S62,0.1916939454912232,0.12899748925940857,0.09378473709462155,0.10532241296371483,0.48020141519103166,GRU
S63,0.16005594999018427,0.3446469586251496,0.0996039353908351,0.16335721573258943,0.23233594026124132,ANN
S64,0.23159322773498822,0.2740573893140266,0.1771040275178118,0.20159722086949192,0.11564813456368159,ANN
S65,0.13729262236872397,0.16068124196507122,0.3420930489909874,0.2735862939377804,0.08634679273743721,LSTM
S66,0.18248278147446773,0.21181347870785067,0.34924129467048615,0.18574370003780533,0.07071874510938969,LSTM
S67,0.31357439864419356,0.37694251719809535,0.1487080871511846,0.09781910218123598,0.06295589482529025,ANN
S68,0.46181022563225776,0.2944986912682894,0.08299806824826018,0.08645957963754844,0.07423343521364352,1D-CNN
S69,0.26661568438610095,0.38626178247897186,0.0912628014436408,0.13319656981114367,0.1226631618801417,ANN
S70,0.3008435503282826,0.2909693995969975,0.0845302281635818,0.14194232111888666,0.1817145007922513,1D-CNN
S71,0.27635908154887484,0.22137540135349335,0.1044115626155112,0.2302631298634276,0.16759082461869285,1D-CNN
S72,0.15415815472373134,0.2246706455725125,0.15002086287285457,0.31232740227342026,0.15882293455748092,CNN-LSTM
S73,0.24449572643474035,0.19502246608149174,0.17506875306299474,0.22200627679079352,0.16340677762998065,1D-CNN
S74,0.21646471556093624,0.21738140987176177,0.19844676151033547,0.17523657264379316,0.1924705404131733,ANN
S75,0.19214601122784433,0.21569901393795377,0.23535175695036148,0.148134020906225,0.2086691969776154,LSTM
S76,0.21878871779371337,0.17265375381965742,0.2566348268212957,0.14152805919441275,0.21039464237092068,LSTM
S77,0.20390628571551422,0.17083949918406696,0.25380982039089617,0.14643192651705939,0.2250124681924641,LSTM
S78,0.5588827473502112,0.17128934150021313,0.05267926192011787,0.03774091684331547,0.1794077323861419,1D-CNN
S79,0.1436750864085001,0.27418982848570056,0.06888165544065863,0.09702996782841382,0.4162234618367278,GRU
S80,0.1839768235574425,0.398390276643288,0.08471554839594217,0.25176055961477056,0.08115679178855675,ANN
S81,0.14809784667210293,0.19488212153738246,0.14281790696634777,0.2558393484614925,0.25836277636267446,GRU
S82,0.1671153823885204,0.20061397819498122,0.16412927436684624,0.23002263917191035,0.2381187258777432,GRU
S83,0.23410770037538353,0.17340917987754295,0.25445545383201157,0.2196241520675601,0.11840351384750296,LSTM
S84,0.2286835896914158,0.14695826716851176,0.19497254519625054,0.21908285432366506,0.2103027436201571,1D-CNN
S85,0.14410371517029583,0.1330188457249001,0.23292290885247577,0.23611668217427006,0.25383784807805776,GRU
S86,0.16139162478039218,0.12897153040810833,0.24142245553952554,0.20438551857130766,0.26382887070066763,GRU
S87,0.20338233965497401,0.19742753867177748,0.186711678347542,0.1707274846208359,0.2417509587048708,GRU
S88,0.1986012866392807,0.1922788056760231,0.19227771459049028,0.18366878701932746,0.23317340607487969,GRU
S89,0.12500893860379536,0.15618684833221688,0.25068306106982136,0.21238155806121334,0.2557395939329526,GRU
S90,0.1823201545407492,0.18545818436636743,0.20320510186993548,0.18584479385798164,0.2431717653649664,GRU
S91,0.02579146741657497,0.07890188814823242,0.4487829593023626,0.36712363036227075,0.07940005477055895,LSTM
S92,0.1271003227418551,0.17798835986743472,0.4014534802705736,0.2063269365661194,0.0871309005540171,LSTM
S93,0.3219296898026616,0.28929729793083947,0.1699010865236351,0.11988701170640031,0.09898491403646292,1D-CNN
S94,0.3601055214120323,0.28533286647403866,0.10748069137386437,0.12455831207603968,0.12252260866402424,1D-CNN
S95,0.2825631076657322,0.16911427407927146,0.15126817761839986,0.22632009296221567,0.1707343476743806,1D-CNN
S96,0.2502631032001231,0.1857261895498884,0.18145657460115078,0.20470427056600488,0.177849862082833,1D-CNN
S97,0.24150465237764224,0.19498629763260686,0.20241783608993522,0.17982130606108188,0.18126990783873362,1D-CNN
S98,0.2956715855107003,0.13227512047021983,0.26014277558965576,0.14458665221873274,0.1673238662106911,1D-CNN
S99,0.146743949590111,0.18521659814574779,0.2868171930531864,0.16222269415633378,0.21899956505462045,LSTM
S100,0.22122881694785246,0.29998976284462653,0.16887147313486667,0.11002373454518848,0.19988621252746566,ANN
S101,0.09449044105301443,0.2045105164085358,0.2118585546316587,0.2212629555829959,0.2678775323237953,GRU
S102,0.07385482344933295,0.14986285924104312,0.286486655930344,0.34938765786643183,0.14040800351284796,CNN-LSTM
S103,0.07860591323704322,0.12634769768498716,0.46816414857463967,0.25545530024452073,0.07142694025880914,LSTM
S104,0.15676175064928477,0.18277005007027788,0.3949914426334309,0.17279454858561585,0.09268220806139078,LSTM
S105,0.4481711755636249,0.3185372639480914,0.09173102252010593,0.06697549533402081,0.07458504263415662,1D-CNN
S106,0.6999271757496465,0.17009341716227466,0.028552428531065113,0.04926513749294591,0.05216184106406884,1D-CNN
S107,0.17549884457939965,0.31695794455143406,0.06652991978916373,0.19329267686924026,0.24772061421076252,ANN
S108,0.26952929358392985,0.1334005753271267,0.09919766441194791,0.2336470271359009,0.26422543954109384,1D-CNN
S109,0.2600224085492092,0.23372936855435222,0.1351717312258497,0.1609873412707281,0.21008915039986084,1D-CNN
S110,0.08941826177816665,0.1026338500378527,0.16269287993922885,0.5153778021546918,0.12987720609005876,CNN-LSTM
S111,0.06739494457528264,0.12537727296477683,0.11161559260294653,0.6162129949954329,0.07939919486156076,CNN-LSTM
S112,0.07346827675779498,0.04652374206585018,0.10682068638127318,0.717071008891363,0.05611628590371864,CNN-LSTM
S113,0.09800339085153137,0.06722802237229446,0.17786690559610444,0.5545056011964041,0.10239607998366537,CNN-LSTM
S114,0.06711601101974653,0.11139579402422307,0.13293935444045119,0.6034627171264019,0.08508612338917734,CNN-LSTM
S115,0.26575022966688605,0.10844625682151116,0.24167745053527553,0.2982084654588876,0.0859175975174398,CNN-LSTM
S116,0.253894880216319,0.26894854765960224,0.22975367186738305,0.1691265250704675,0.07827637518622821,ANN
S117,0.2904383521466534,0.2134110350014513,0.22039850102095088,0.23278775293806692,0.04296435889287755,1D-CNN
S118,0.2306779297886747,0.4412575604043981,0.11812194368446084,0.19013495758864257,0.019807608533823625,ANN
S119,0.257881674119753,0.35022977547137873,0.13907920003308163,0.18250397820883046,0.07030537216695723,ANN
S120,0.22637537617019352,0.19562116663022996,0.15673114207882594,0.36151388266283035,0.05975843245791933,CNN-LSTM
S121,0.1447819970057899,0.19566757716096367,0.1483232796227225,0.4582807677421761,0.05294637846834716,CNN-LSTM
S122,0.29030996428549866,0.25680330252376393,0.13436838820112718,0.2677848651571564,0.05073347983245388,1D-CNN
S123,0.2830889717429252,0.27333888517951277,0.1543184777134215,0.21928497677041467,0.06996868859372729,1D-CNN
S124,0.21009032857901824,0.19502225127018377,0.22352432780056203,0.1870063318304013,0.18435676051983396,LSTM
S125,0.07796421956201713,0.05262463777328706,0.3125365379789863,0.11933645192253142,0.43753815276317837,GRU
S126,0.05029789442697937,0.07440418380145193,0.3256387253979035,0.07472159423487243,0.4749376021387926,GRU
S127,0.13833640073112458,0.15138861271397666,0.11669182889030398,0.03745096920546627,0.5561321884591284,GRU
S128,0.13722035075661115,0.10233951221355124,0.1308537506105437,0.06416426530033789,0.5654221211189555,GRU
S129,0.15427622246577852,0.13548256708938514,0.11090255575013201,0.07597117931499597,0.5233674753797085,GRU
S130,0.16194823993119506,0.1209151837461023,0.09609620428970574,0.07219194756383543,0.5488484244691603,GRU
S131,0.23054481317394804,0.20775108154839064,0.2167314566300789,0.18949414119603664,0.15547850745154526,1D-CNN
S132,0.21781722001712694,0.220425075249294,0.21514276034700316,0.22485363059406657,0.12176131379251035,CNN-LSTM
S133,0.19558245399993704,0.21471021933455464,0.2114688635473281,0.25359522135787405,0.12464324176030614,CNN-LSTM
S134,0.22448967466075775,0.22537675925762857,0.20034051500555114,0.25478127774161213,0.09501177333444985,CNN-LSTM
S135,0.17631960381129136,0.18663726471995304,0.27858851761279624,0.28479984074773457,0.07365477310822396,CNN-LSTM
S136,0.2613616914356419,0.19456275920298735,0.22028314290392143,0.2159079418657637,0.10788446459168559,1D-CNN
S137,0.08982882706822931,0.06852202249702681,0.268127035775548,0.24062973577642446,0.3328923788827725,GRU
S138,0.04290118801364123,0.08227732565661412,0.44997801913126617,0.13211418855002124,0.2927292786484575,LSTM
S139,0.15110497369001086,0.15287517535369025,0.2868593988473716,0.0970412407526122,0.31211921135631493,GRU
S140,0.25092347718366587,0.17291868878276773,0.20045992522436354,0.09520120456459583,0.2804967042446071,GRU
S141,0.22389480958199956,0.18710224338769085,0.1869771193855646,0.12668665159100906,0.275339176053736,GRU
S142,0.21198584358836142,0.23107670174238415,0.1989061197831075,0.20307995361671358,0.15495138126943314,ANN
S143,0.08849918992248232,0.10815547401381621,0.43975374719405536,0.316761132856697,0.0468304560129485,LSTM
S144,0.24887504259399465,0.20786428583669428,0.2506881957192479,0.21479963514502215,0.07777284070504115,LSTM
S145,0.21471398482056256,0.18514733540600775,0.2147677580747341,0.23639606933405388,0.14897485236464159,CNN-LSTM
S146,0.22258241315663177,0.20156431388021176,0.19855540520124912,0.2579186908674268,0.11937917689447997,CNN-LSTM
S147,0.18846906307438846,0.32184929218110875,0.16181797090367736,0.232068397742622,0.09579527609820343,ANN
S148,0.24294990906783887,0.21388596248334316,0.1947704300795784,0.2619306243459472,0.08646307402329233,CNN-LSTM
S149,0.25196677932540107,0.29936016103884466,0.13542231274253494,0.20700609082875518,0.10624465606446432,ANN
S150,0.32435177737271337,0.26628477397476624,0.10273285987412724,0.18048419648844183,0.1261463922899506,1D-CNN
S151,0.2299920378388011,0.12008266693633862,0.14503260054064845,0.23915241102900417,0.26574028365520874,GRU
S152,0.06282157960300697,0.08236443080003387,0.5517362394476859,0.09760954616382019,0.20546820398545274,LSTM
S153,0.09727383515383536,0.2587114168201341,0.41586473685058023,0.0450785697501644,0.18307144142528683,LSTM
S154,0.21357059771021564,0.14907706575084614,0.5072678716179986,0.05241663179640376,0.07766783312453543,LSTM
S155,0.229499068111727,0.2791563595594038,0.24858324871404422,0.15631588122036583,0.08644544239445946,ANN
S156,0.16648715455531277,0.3563643053195502,0.19284413263095382,0.21187512809792103,0.07242927939626194,ANN
S157,0.18200716592897034,0.15758458741028664,0.2278383407936859,0.34450366533094834,0.0880662405361088,CNN-LSTM
S158,0.1578142563494776,0.22235526754795512,0.18926027891759323,0.34830505956356456,0.08226513762140943,CNN-LSTM
S159,0.19645830959089725,0.2714570900737756,0.20103602225917203,0.2253096384136093,0.10573893966254584,ANN
S160,0.20043918821107695,0.20074612620544535,0.218460253385216,0.1868684223555297,0.19348600984273176,LSTM
S161,0.12981087692346288,0.09638838227991206,0.2321093391883093,0.16050219542752614,0.38118920618078944,GRU
S162,0.0796192866708875,0.11371504886165044,0.26776631545813756,0.14473416076128914,0.39416518824803537,GRU
S163,0.12672666346320824,0.15933142279524995,0.2751989126704644,0.13555799971679686,0.3031850013542815,GRU
S164,0.2447896158409608,0.19983878718562975,0.1880319092473708,0.12951504147036338,0.2378246462556742,1D-CNN
S165,0.18992830892984322,0.28831112105046564,0.1762859715964887,0.20910155565194016,0.13637304277126147,ANN
S166,0.16375397903814015,0.22365552224226112,0.23609239006484867,0.28034253708368123,0.09615557157106791,CNN-LSTM
S167,0.25613519449716365,0.1653034180627853,0.25614376473762684,0.2090835352616502,0.11333408744077313,LSTM
S168,0.18778683681127611,0.2062815199226516,0.21824744843862495,0.18704184415020986,0.20064235067723715,LSTM
S169,0.1321978694891928,0.13102252302825274,0.2383439299104359,0.17432806139731044,0.3241076161748081,GRU
S170,0.09634661307368704,0.10098645899840887,0.3354291244117021,0.18859735276475476,0.2786404507514482,LSTM
S171,0.20260567068004973,0.13434184435390126,0.2156053944682485,0.10586965189316036,0.3415774386046405,GRU
S172,0.22840392988947694,0.20860202593992383,0.17968833937558032,0.12229402839442614,0.26101167640059264,GRU
S173,0.17429025167437093,0.1863700269830485,0.21709821269078228,0.22747221014441923,0.1947692985073789,CNN-LSTM
S174,0.12999245858168146,0.1443184324147376,0.23044542825592151,0.2161853896422851,0.27905829110537367,GRU
S175,0.15393471369593473,0.13491964277026194,0.19029100868562318,0.1486094060905683,0.37224522875761157,GRU
S176,0.14927121003531033,0.28925941790878473,0.12014054107590477,0.07900873972328701,0.362320091256713,GRU
S177,0.3484883586571957,0.11376825895803046,0.11340989730941603,0.09262962996172275,0.33170385511363504,1D-CNN
S178,0.051350927178894556,0.04479736567683541,0.16669939767078604,0.1229310879372386,0.614221221536246,GRU
S179,0.07484669747635092,0.12022654711898675,0.13100363687793692,0.0943924814451916,0.5795306370815344,GRU
S180,0.21645065958461118,0.315056734414262,0.17409689734901865,0.15359874743011293,0.14079696122199528,ANN
S181,0.23064062458038748,0.26385682653232656,0.20538336422307507,0.20567315625444024,0.09444602840976994,ANN
S182,0.2070889663501865,0.2161079079059108,0.2398148643943567,0.240067923444895,0.09692033790465046,CNN-LSTM
S183,0.24602428738355253,0.17917436328655537,0.2423244734884768,0.25751712155681566,0.07495975428460096,CNN-LSTM
S184,0.20926844900397415,0.3569543635580851,0.17369756767653946,0.17799556489072027,0.08208405487068118,ANN
S185,0.42533663755352524,0.2741290730919089,0.09397330821466343,0.13994813617817323,0.06661284496173026,1D-CNN
S186,0.42113314507556576,0.16604412653035142,0.07078645100664376,0.16251392639778095,0.17952235098965788,1D-CNN
S187,0.136935108428351,0.1914012721791282,0.11515979363641021,0.3425941801328478,0.21390964562326253,CNN-LSTM
S188,0.2413486933006373,0.28384872269444256,0.13426374421734585,0.19979591801657764,0.1407429217709966,ANN
S189,0.17142866192611853,0.22607871912756142,0.17050338017252403,0.31540763242721126,0.11658160634658599,CNN-LSTM
S190,0.16351744635303908,0.29446747494996994,0.13181520560484042,0.3012598065698496,0.10894006652230061,CNN-LSTM
S191,0.21896710785146367,0.1603127181925393,0.15597143377221193,0.3691502443694966,0.09559849581428882,CNN-LSTM
S192,0.18633784824109917,0.22034442077721314,0.1338511037150752,0.3774452086665827,0.08202141860003057,CNN-LSTM
S193,0.2317940379403822,0.2533229947282776,0.1792219079997556,0.23722450030038997,0.09843655903119385,ANN
S194,0.27639695181466994,0.24611838840506198,0.1810260224794676,0.15241000485916598,0.14404863244163443,1D-CNN
S195,0.09460244502671326,0.05237075209150059,0.3002375826392665,0.09477892266193959,0.45801029758058087,GRU
S196,0.08457796682610964,0.11154303782851022,0.2751103526487505,0.09803889875813729,0.43072974393849317,GRU
S197,0.19907940206607305,0.22616278263416997,0.21221977162207206,0.12538694985100993,0.23715109382667615,GRU
S198,0.2471254420086465,0.239977547407704,0.19119495991447583,0.17868262951061614,0.14301942115855862,1D-CNN
S199,0.08738756759166537,0.16207702746472483,0.25225679728768946,0.4390397339603608,0.05923887369555971,CNN-LSTM
S200,0.18312199996092582,0.17747930317606703,0.268066389445406,0.3058280958406565,0.06550421157694467,CNN-LSTM
S201,0.29036150063190513,0.24720290893662988,0.19044819936444352,0.21665793707580414,0.05532945399121674,1D-CNN
S202,0.33519872486824603,0.29212323739671137,0.1266243701562014,0.18697742953026547,0.059076238048577104,1D-CNN
S203,0.2901588654930841,0.39279152548951696,0.0714647882862763,0.19023297175040974,0.05535184898071289,ANN
S204,0.389989466510096,0.2974458033405951,0.08064613367932645,0.14861874358890795,0.08329985288107424,1D-CNN
S205,0.24408097569272888,0.31148400422061906,0.12168287487125375,0.19844484151693548,0.12430730369846262,ANN
S206,0.2220439835632885,0.25071426905687305,0.14483129591048982,0.21715608292044472,0.16525436854890332,ANN
S207,0.24955261329066583,0.21825464083084714,0.14782831337880178,0.25842694693763923,0.12593748556204556,CNN-LSTM
S208,0.1999491000637228,0.18946879983789505,0.17251129729402362,0.32954980470478673,0.1085209980995718,CNN-LSTM
S209,0.1238657115126001,0.15805738650508996,0.24365494180688899,0.3820066605238782,0.09241529965154274,CNN-LSTM
S210,0.22914552062215654,0.27398046466227344,0.18782828901390136,0.1917334988791136,0.11731222682255522,ANN
S211,0.21344324732893194,0.21723909271629246,0.17779029054310733,0.186277168885312,0.2052502005263565,ANN
S212,0.1621547583031728,0.17041474227141726,0.21990667456079416,0.23149191836471278,0.216031906499903,CNN-LSTM
S213,0.1790218392073132,0.17654529419679463,0.2612215881139833,0.2033697303396292,0.1798415481422808,LSTM
S214,0.19264607208581383,0.2600523955164044,0.21924495400389482,0.2194929478902684,0.10856363050361799,ANN
S215,0.08543793221381082,0.1427079482825246,0.33925863701494396,0.38176038174924165,0.05083510073947867,CNN-LSTM
S216,0.24909588731509297,0.33812172582790395,0.18188151091045557,0.18116844138097546,0.04973243456557337,ANN
S217,0.057297175818267376,0.03900255412373369,0.4397205210732647,0.29946800767490406,0.1645117413098303,LSTM
S218,0.03931636091021556,0.2660213530805506,0.40011490242852277,0.08107863670425926,0.21346874687645107,LSTM
S219,0.24384259435006117,0.18724956200666085,0.31917099872411925,0.13479137035976282,0.11494547455939502,LSTM
S220,0.17461233516336824,0.22764737723110862,0.24455266620671245,0.2417055420947321,0.11148207930407884,LSTM
S221,0.19980601378791432,0.24348861993372262,0.19932385740876485,0.26492926886921125,0.09245224000038621,CNN-LSTM
S222,0.20083566630245847,0.2776768394685279,0.1727273987239841,0.2822847904488564,0.06647530505617273,CNN-LSTM
S223,0.2157959319769634,0.22866825930243032,0.16536301795183672,0.3362895012377742,0.05388328953099543,CNN-LSTM
S224,0.19685319746757649,0.1276834457824853,0.2148571074376675,0.40540951741794967,0.0551967318943204,CNN-LSTM
S225,0.25600069876103415,0.30781717872359654,0.13632663392190444,0.23017190323200207,0.06968358536146223,ANN
S226,0.19801901912581815,0.5247013805542754,0.046000259971826614,0.1927747860583381,0.03850455428974262,ANN
S227,0.4294296853059313,0.1977756094915453,0.07272394610080529,0.24342970644224937,0.05664105265946766,1D-CNN
S228,0.19182971105015484,0.45756689550406515,0.04915523905385814,0.26995713593538473,0.03149101845653704,ANN
S229,0.25171526521333465,0.1928262855965025,0.1154734305570966,0.3897947397457163,0.050190278887350705,CNN-LSTM
S230,0.2077709366945538,0.3337519999940347,0.09679601947588554,0.3207746013437583,0.04090644249176749,ANN
S231,0.19866349067275407,0.2272428457999474,0.10547815085146683,0.4254191178719179,0.04319639480391486,CNN-LSTM
S232,0.2819723024569442,0.20445201252623593,0.1663432830067473,0.2684729465258733,0.078759455484199,1D-CNN
S233,0.19807232607613162,0.23515431358913647,0.15463812004274816,0.32837701608328673,0.0837582242086962,CNN-LSTM
S234,0.16757179155444113,0.14360781225733052,0.16075024860721118,0.47059720124413873,0.05747294633687763,CNN-LSTM
S235,0.19188091326836973,0.24122047592028623,0.18289098650476657,0.27805699270918616,0.10595063159739067,CNN-LSTM
S236,0.2285819944609163,0.171483651199135,0.21539905771813775,0.20121279470088912,0.18332250192092175,1D-CNN
S237,0.21953934769641698,0.23560352932386577,0.1985332272783327,0.1654247020574123,0.18089919364397217,ANN
S238,0.14854529655938362,0.12899633893515772,0.2300006818242938,0.1687570217739346,0.32370066090723004,GRU
S239,0.12915142654548414,0.13233436885243738,0.2922250534787346,0.15991340034678528,0.2863757507765585,LSTM
S240,0.2026182766799806,0.18162387228121776,0.23837489263956044,0.1658878791408237,0.21149507925841649,LSTM
S241,0.11191364254835333,0.1384442133431857,0.28931868067597644,0.3623279904231444,0.09799547300933929,CNN-LSTM
S242,0.13727447848732394,0.22667385324399048,0.26394070767791833,0.3019924938846704,0.07011846670609685,CNN-LSTM
S243,0.25104598601659717,0.27619345395229355,0.16190426740720656,0.24115435610740654,0.06970193651649756,ANN
S244,0.45542386078135544,0.10479384054511902,0.16425337222656405,0.21956277887671488,0.05596614757024623,1D-CNN
S245,0.138775574537418,0.3450053451288222,0.18286487753269223,0.2371794030189837,0.09617479978208482,ANN
S246,0.46078473122215086,0.23577821918463007,0.07153251827666648,0.1464286102393982,0.08547592107715361,1D-CNN
S247,0.228856984903038,0.29349874870242515,0.08016716788244825,0.27657305747365435,0.12090404103843537,ANN
S248,0.17532954410133642,0.12287036417068493,0.2868962223547083,0.20675059737751178,0.20815327199575984,LSTM
S249,0.22566568392877795,0.13099450385934047,0.24255215186854232,0.1383251528371171,0.26246250750622296,GRU
S250,0.21079100255009367,0.1556576901451857,0.2014193749320025,0.11565582761550712,0.3164761047572125,GRU
S251,0.17942722286846216,0.16636565317497187,0.19468221555280174,0.0956122069880432,0.3639127014157208,GRU
S252,0.18662288635625188,0.17199382327350085,0.21108360926270037,0.13864501926426628,0.2916546618432806,GRU
S253,0.1782143551229434,0.1920409588520412,0.21761180629344598,0.18413264567289023,0.2280002340586789,GRU
S254,0.1798432319299783,0.2615487870786687,0.1881610245297162,0.22691006987860837,0.14353688658302996,ANN
S255,0.13428930327494062,0.23685365258772847,0.23158390368818865,0.2963977196590252,0.10087542079011652,CNN-LSTM
S256,0.1927925716272248,0.18876089896549658,0.32271651760195796,0.22350794691778914,0.07222206488753183,LSTM
S257,0.2376823129208514,0.2593480491711073,0.2333696081318031,0.16498524506286588,0.10461478471337184,ANN
S258,0.2133398822660984,0.14650865614001704,0.21391333501326332,0.17960058725930647,0.2466375393213129,GRU
S259,0.07217586139493269,0.12076885824381338,0.38224402502056243,0.20404052139940737,0.2207707339412843,LSTM
S260,0.2077062863089745,0.23110549446336145,0.2349700095844745,0.16009727685237699,0.1661209327908117,LSTM
S261,0.13178653012206049,0.23525284746972122,0.2249157144089946,0.3059286319742507,0.10211627602497322,CNN-LSTM
S262,0.2684980684177154,0.13347311683883603,0.22504036028166155,0.2085502764051306,0.16443817805665645,1D-CNN
S263,0.22133416836497644,0.16849568641013077,0.2285906640367132,0.19081271435354363,0.19076676683463573,LSTM
S264,0.1808171425184995,0.242525740113849,0.19501111891423922,0.16261245843822333,0.21903354001518913,ANN
S265,0.15210572198178868,0.15087395093186423,0.2567526722363368,0.17864089108928025,0.2616267637607286,GRU
S266,0.15385133267581735,0.19884029513694998,0.25092817710085924,0.14121204513717217,0.2551681499492012,GRU
S267,0.20859742400482736,0.22355109063189318,0.18901671601581843,0.13606311499302506,0.24277165435443723,GRU
S268,0.15256479167430836,0.22102120945660944,0.2470227597570354,0.2263064947367549,0.1530847443752916,LSTM
S269,0.0734493237249978,0.06514277127696234,0.20826555266874797,0.1807671281637995,0.47237522416549205,GRU
S270,0.052583144489331504,0.17922745101850351,0.21702456732304087,0.1467012621836252,0.4044635749854987,GRU
S271,0.17351896392117766,0.24519633232515747,0.19421143324421647,0.1440978989369903,0.2429753715724579,ANN
S272,0.1853117076759415,0.14674213735568886,0.19784972441143947,0.18202712657620587,0.28806930398072417,GRU
S273,0.1706313178666049,0.15476449043432683,0.1834372407036818,0.1584698031268815,0.33269714786850524,GRU
S274,0.2481487585482725,0.14391518970863398,0.20482086729984747,0.1825501520612416,0.22056503238200414,1D-CNN
S275,0.1890917261758395,0.244991946964975,0.2243513505962012,0.19840728016090453,0.14315769610207982,ANN
S276,0.15553953079634833,0.22890299001374723,0.21512284943969864,0.2096352102442738,0.19079941950593182,ANN
S277,0.15086885979997774,0.23723536108594978,0.21440927956727743,0.2155037728836814,0.18198272666311402,ANN
S278,0.11229257502656981,0.1730625892835369,0.26568099799201483,0.3252161353473895,0.1237477023504889,CNN-LSTM
S279,0.18803949582654195,0.2175861327747012,0.2222525701128268,0.22994644846916681,0.14217535281676305,CNN-LSTM
S280,0.21970864145468735,0.17435510799440204,0.20794653018477646,0.20442241995061575,0.1935673004155171,1D-CNN
S281,0.1737092039079578,0.1598190194199825,0.22628206151791241,0.20721236266965856,0.23297735248448856,GRU
S282,0.1275527023870944,0.16174317755951936,0.2826217651576978,0.18811314378065483,0.23996921111503217,LSTM
S283,0.18639293030540063,0.18740634646626234,0.2284211533823377,0.16782184324977853,0.22995772659622057,GRU
S284,0.18948897401878992,0.20547287797881691,0.20793081893127546,0.1793000739090233,0.2178072551620947,GRU
S285,0.043470948539940255,0.12755139765248255,0.32725676467600545,0.36771740364168976,0.13400348548988217,CNN-LSTM
S286,0.05527857620521919,0.15189835317834982,0.4331033622819353,0.2766048628209353,0.0831148455135603,LSTM
S287,0.43093316538526105,0.1743592805583526,0.18708230663186073,0.12963635102653268,0.07798889639799296,1D-CNN
S288,0.4172530090172084,0.14398262259357894,0.15355098030533382,0.15863974833855726,0.12657363974532085,1D-CNN
S289,0.24719237418413811,0.24753666310522646,0.15125686579919945,0.17347567669977268,0.18053842021166316,ANN
S290,0.20727664799582649,0.17023186354769637,0.24293468336996496,0.17447018704211736,0.20508661804439485,LSTM
S291,0.17872835426080153,0.11679828403115458,0.33742786022323384,0.15911590188931213,0.20792959959549875,LSTM
S292,0.20039818452612268,0.20852477140346587,0.2520927542185651,0.12982365990481864,0.2091606299470276,LSTM
S293,0.23480114767076066,0.2777725402077723,0.16361416679231378,0.1121278334449343,0.21168431188421882,ANN
S294,0.0977448964542762,0.15316048114678807,0.28486605160947653,0.32360456463559456,0.14062400615386572,CNN-LSTM
S295,0.05910258771566814,0.06153347727209039,0.4575440215829002,0.35985051763058906,0.06196939579875134,LSTM
S296,0.12892359605026552,0.14156459787212664,0.4057730402534645,0.24618567384262355,0.07755309198151962,LSTM
S297,0.3768437524845729,0.2012133267308181,0.18973096657590502,0.1384247856410395,0.09378716856766524,1D-CNN
S298,0.08189104960285044,0.12424269734511866,0.2759592861057257,0.23752044748307435,0.2803865194632307,GRU
S299,0.26875015486926224,0.175102157714364,0.20038406888867027,0.1730820175080503,0.1826816010196522,1D-CNN
S300,0.19122436867012751,0.10614339333460221,0.24114365871973362,0.2120892975545084,0.2493992817210281,GRU
S301,0.1326050758718918,0.10092934832034953,0.3007596971314795,0.17741458351166844,0.28829129516461016,LSTM
S302,0.18121970666711923,0.13622162178532593,0.20776960814744383,0.12728991858672273,0.34749914481338806,GRU
S303,0.2378517367015024,0.17406961768154408,0.17301667492282763,0.11397287246210905,0.30108909823201674,GRU
S304,0.18862272169067273,0.18208468283000384,0.20278935474278525,0.16625352033650992,0.2602497204000278,GRU
S305,0.16351577600927675,0.15260372052879032,0.22381948707987154,0.21475838572837377,0.24530263065368782,GRU
S306,0.17425870825843345,0.20438226832431097,0.21362928364498412,0.23967636140514392,0.16805337836712728,CNN-LSTM
S307,0.09261139004123718,0.20152319410504024,0.30343383584437,0.30607878596176147,0.09635279404759058,CNN-LSTM
S308,0.259120431034291,0.2357873430661009,0.2369453822516861,0.19270918402620005,0.07543765962172322,1D-CNN
S309,0.346043405899331,0.1662296519677623,0.23283709801012095,0.17753586811620847,0.0773539760065781,1D-CNN
S310,0.22887311763838927,0.24394361359528077,0.15051510885400549,0.18242760716286344,0.19424055274946117,ANN
S311,0.02019803233032242,0.04800780478246107,0.4785241770549904,0.18788202719223707,0.26538795863998893,LSTM
S312,0.09102551328201099,0.2332906565089427,0.28847167639321847,0.10162468938129728,0.28558746443453065,LSTM
S313,0.26933934942865634,0.10442190356009619,0.29900743835886373,0.09095453948441512,0.2362767691679685,LSTM
S314,0.38172393921207076,0.08378080366860105,0.17079097717987737,0.0738539389501479,0.2898503409893021,1D-CNN
S315,0.2099410830600382,0.15536120920537874,0.23837424607357927,0.13315347337571304,0.26316998828529153,GRU
S316,0.10576318870434126,0.15453032059163957,0.33834775830056196,0.28273638456160355,0.11862234784185488,LSTM
S317,0.11240584553987552,0.1525273884809139,0.2615260970382805,0.26875740347242444,0.20478326546850592,CNN-LSTM
S318,0.13490084291423235,0.15544923364171825,0.264741964399587,0.28677549925503104,0.15813245978943133,CNN-LSTM
S319,0.042020324234199456,0.08398079714407117,0.308419861709872,0.5219702429829006,0.04360877392895681,CNN-LSTM
S320,0.14088406021066444,0.512584404400033,0.14595945943501423,0.17927090710168814,0.021301168852600146,ANN
S321,0.4395518445596795,0.41116089597177863,0.05926665348178382,0.06998729843978456,0.02003330754697519,1D-CNN
S322,0.3495664758352298,0.3560271000334173,0.06887747916735103,0.19124297253311648,0.034285972430884604,ANN
S323,0.4082678886794099,0.1946310135706442,0.09166473767867193,0.2540220473021112,0.051414312769162446,1D-CNN
S324,0.23981181281452527,0.35708707524353506,0.054724482620916184,0.3069504024053124,0.04142622691571064,ANN
S325,0.18840379990806033,0.1725541222700151,0.23737524933379642,0.21429858167172489,0.18736824681640324,LSTM
S326,0.28721501396515486,0.15418724963412625,0.20572176471444514,0.11535134912169669,0.237524622564577,1D-CNN
S327,0.1344832184710621,0.1060099657857991,0.29014366551165444,0.12410115225214649,0.345261997979338,GRU
S328,0.11721925611828166,0.14088650221224347,0.2048372937407359,0.08342285489799815,0.45363409303074087,GRU
S329,0.19253421591966255,0.14603649282239978,0.1797864869667476,0.09031768056275281,0.3913251237284366,GRU
S330,0.18249413867773182,0.12656421441507198,0.13242249562996325,0.07251258640763344,0.48600656486959837,GRU
S331,0.24688387744409948,0.2101744584033817,0.17237332381683118,0.15369412674444632,0.2168742135912413,1D-CNN
S332,0.204571252463975,0.23383607158021624,0.19499138348047781,0.2353370567354675,0.1312642357398632,CNN-LSTM
S333,0.19547820100710347,0.21356432787447682,0.23073701771807434,0.2670188600247873,0.09320159337555674,CNN-LSTM
S334,0.21458444434748528,0.20161349338611015,0.21956801257720393,0.22402471808281524,0.1402093316063856,CNN-LSTM
S335,0.20681178030007935,0.21037680048210994,0.21421487866095382,0.21147313501300488,0.15712340554385312,LSTM
S336,0.21204929054879687,0.1912127028715351,0.2134073198553674,0.19939193493673277,0.18393875178756805,LSTM
S337,0.09420432851385191,0.07174046935746282,0.31279525754726056,0.24053530979650184,0.28072463478492293,LSTM
S338,0.05919148240141388,0.08750732098801284,0.45629310659078615,0.1585877574558629,0.2384203325639241,LSTM
S339,0.2986560607517074,0.23347073294696236,0.12450730623926666,0.05238927172398108,0.2909766283380819,1D-CNN
S340,0.21262144982453168,0.2608465457083055,0.22197465373472577,0.1451454878670328,0.15941186286540432,ANN
S341,0.16430296071004244,0.37352712320331444,0.1821691094746683,0.23404771927643925,0.04595308733553667,ANN
S342,0.183248580972563,0.1417546634890209,0.2640054873786011,0.2540004636426151,0.15699080451719952,LSTM
S343,0.15580799093993186,0.17207421002171908,0.27465385232260314,0.34738335395515707,0.05008059276058768,CNN-LSTM
S344,0.16678572652767953,0.17151547354877686,0.29996186172832523,0.3019973961434819,0.059739542051736476,CNN-LSTM
S345,0.1244051642363056,0.3422905752244665,0.20901439197939709,0.24316330131520816,0.08112656724462215,ANN
S346,0.21193612046161214,0.12479055873167796,0.27349715690538084,0.22199555495168594,0.16778060894964292,LSTM
S347,0.19388038335279478,0.2666033299733405,0.2079807554411013,0.21692060031567287,0.11461493091709159,ANN
S348,0.18531338995793564,0.37436412315099465,0.14696591038497506,0.17404305910296153,0.11931351740313277,ANN
S349,0.2129463633577375,0.21581553764400233,0.1990629480354572,0.23268052517733961,0.13949462578546273,CNN-LSTM
S350,0.2254429088255826,0.23413119198536195,0.1831469392746693,0.218658914770142,0.13862004514424392,ANN
S351,0.2318687646227348,0.21677234925735464,0.21273163238315246,0.19541017940710542,0.14321707432965233,1D-CNN
S352,0.19718437759296667,0.2226938917209163,0.20342640540447907,0.20438090131306752,0.17231442396856908,ANN
S353,0.13818020581710228,0.1042787335716174,0.2949497248227972,0.1978584573089568,0.2647328784795263,LSTM
S354,0.1317110510947003,0.15822090509849127,0.26794156721897133,0.16659790176440123,0.2755285748234357,GRU
S355,0.20960836019436643,0.21840067551582887,0.19335491329155233,0.1572409982616236,0.22139505273662907,GRU
S356,0.18514830006560606,0.20749528953741436,0.20886308962518388,0.2101578211399157,0.18833549963188106,CNN-LSTM
S357,0.22746017085550116,0.1767124250216024,0.18559835975752892,0.18763871354164058,0.22259033082372803,1D-CNN
S358,0.1830617903497888,0.1863255116215093,0.19233733093099195,0.18686810243045318,0.25140726466725793,GRU
S359,0.21485177625487975,0.18446263032630036,0.1815648153539445,0.17881752873898255,0.24030324932589409,GRU
S360,0.1741454378771714,0.13196333335912644,0.2263921110150451,0.21169077353602145,0.2558083442126353,GRU
S361,0.09667425470403888,0.1679454359019378,0.27540178188064224,0.20814270563753481,0.25183582187584697,LSTM
S362,0.33756792420802595,0.2707742831037212,0.0827429522447281,0.07060685994029885,0.2383079805032261,1D-CNN
S363,0.07128507799560141,0.6068745008294654,0.030104183719214982,0.055022554516152206,0.2367136829395662,ANN
S364,0.08316033166779757,0.5860987061899915,0.0848260932553441,0.20529201859198712,0.040622850294879706,ANN
S365,0.11962010463001166,0.05799002007722991,0.6700634884028426,0.13087027524431716,0.02145611164559877,LSTM
S366,0.047735644928128686,0.11929342652345289,0.6572778434437618,0.12891778649228394,0.046775298612372715,LSTM
