Segment,1D-CNN,ANN,BiLSTM,LSTM,CNN-LSTM,GRU,Selected
S1,0.11897087497248067,0.09466029578797026,0.14594270370457793,0.1626112864388765,0.3839947671782801,0.09382007191781448,CNN-LSTM
S2,0.4438437655798892,0.1569020245347016,0.06557334937427271,0.12419413159490701,0.09391440172488476,0.11557232719134346,1D-CNN
S3,0.13537998664444803,0.1653926174556778,0.1672929013752722,0.17832074234120518,0.14600672142215176,0.2076070307612463,GRU
S4,0.10188043909585096,0.1732521004845226,0.28651613266299064,0.14384169883481732,0.1562720889393659,0.13823753998245356,BiLSTM
S5,0.11930216791487945,0.09075876119907185,0.24793203497531438,0.1607181662084085,0.2777144893429629,0.1035743803593627,CNN-LSTM
S6,0.24565457531475912,0.0921757150932335,0.09438956439102929,0.22747414858412132,0.1843225221491182,0.15598347446773853,1D-CNN
S7,0.07551665121332553,0.058844492657460105,0.05092690767263774,0.34009605504199414,0.1675509493119006,0.30706494410267965,LSTM
S8,0.10713085026193991,0.07900955022020574,0.12631294068435966,0.14256409983498736,0.047393512542343516,0.49758904645616386,GRU
S9,0.11123866655342787,0.11273461031092734,0.3412443510658188,0.13721095633957264,0.1011464901098273,0.19642492562042643,BiLSTM
S10,0.12594015057357533,0.17492857345623797,0.26850673854414076,0.1456541633211777,0.12447584012745362,0.16049453397741584,BiLSTM
S11,0.0804564745096862,0.34402124590868843,0.4711903384316641,0.032534336383362,0.03864175330670563,0.033155851459892985,BiLSTM
S12,0.08554741290778754,0.3092906541561871,0.3326088269602752,0.06384176362629732,0.1509543751355819,0.057756967213870795,BiLSTM
S13,0.05438827147628821,0.16484895003400937,0.041459142488680954,0.06595372848555792,0.6469008237808852,0.026449083734578573,CNN-LSTM
S14,0.26445686634084453,0.1014825927845381,0.0369629897944285,0.30385617855347236,0.22079805014737722,0.07244332237933965,LSTM
S15,0.2770796762377474,0.1039833059417824,0.04374950213247909,0.16236051380005928,0.07284879584314716,0.33997820604478435,GRU
S16,0.2535344248862647,0.16676857257652916,0.1463393187018285,0.10087977043076346,0.10267783103619751,0.22980008236841679,1D-CNN
S17,0.14468963213908592,0.1363277527689453,0.2424212742128585,0.13430067164809426,0.156716391375961,0.18554427785505495,BiLSTM
S18,0.1596228684042745,0.15342663146584282,0.1884874541745491,0.15846682497581857,0.18655522715169118,0.15344099382782514,BiLSTM
S19,0.20895681950465309,0.15355135491178995,0.14494217283404803,0.16444118385935574,0.1960899691989419,0.13201849969121013,1D-CNN
S20,0.19154018505049572,0.06720640786345221,0.07006798114444288,0.16615188378096052,0.4359998938885219,0.06903364827212614,CNN-LSTM
S21,0.417376912623681,0.051078973278907105,0.027713302748729254,0.1341770744743615,0.3288905868640579,0.040763150010261734,1D-CNN
S22,0.41443563131241057,0.2928764153578101,0.040175600219191566,0.08524650093782736,0.08605975683119152,0.08120609534156882,1D-CNN
S23,0.18337765012018825,0.33423924748833006,0.07510587241608221,0.09946428084794003,0.16243071242629825,0.14538223670116113,ANN
S24,0.28964094884245534,0.08012108185945052,0.11351150053144511,0.17969273480148035,0.05592549160766559,0.28110824235750165,1D-CNN
S25,0.17279557450756736,0.21080003650243984,0.18966875217055293,0.146856138740776,0.0971246807874323,0.1827548172912314,ANN
S26,0.14038259347505636,0.13295833354443104,0.21098918249149426,0.17751322935597544,0.12119274779746375,0.2169639133355792,GRU
S27,0.12773246306388017,0.2182207413309896,0.3009967355987074,0.11970726475136789,0.12153796369062798,0.1118048315644269,BiLSTM
S28,0.16602091637335667,0.24262893668454386,0.14274385468423934,0.14147362099033373,0.20205620215716535,0.10507646911036049,ANN
S29,0.3383583761576767,0.18074242292572984,0.09471844510092312,0.12772994770651921,0.20337518967659732,0.05507561843255307,1D-CNN
S30,0.06864035991331328,0.27540396462872424,0.029459021269331226,0.223012247333206,0.36102463256489264,0.042459774290532735,CNN-LSTM
S31,0.3502313774459736,0.10116048560960234,0.024954182343940534,0.3688391864284412,0.08362004625048003,0.07119472192156197,LSTM
S32,0.29423721876766207,0.205169791717299,0.024056423701867856,0.261847792939068,0.13264483444207173,0.08204393843203274,1D-CNN
S33,0.11768063458834345,0.07676467580605867,0.02417074246164135,0.2733149976744795,0.34642882304721695,0.16164012642225903,CNN-LSTM
S34,0.3605526281367623,0.07885696645746842,0.11621921961291969,0.16800142986782032,0.06614948943228814,0.21022026649274084,1D-CNN
S35,0.1049511369272387,0.23129049374310623,0.21672265050959605,0.14179223963609255,0.13772501685399277,0.16751846232997242,ANN
S36,0.10538730904774082,0.07172270948349138,0.13578190272179053,0.21589262375080553,0.36643672269708993,0.10477873229908145,CNN-LSTM
S37,0.3139950031160675,0.06908986018061639,0.05922550932395509,0.15953260754212928,0.30230451200186303,0.09585250783536904,1D-CNN
S38,0.24807522880554644,0.146257053211138,0.047399864881205324,0.16848805360424587,0.0808883576086048,0.30889144188926115,GRU
S39,0.13041609836135923,0.09279957729365351,0.18580300038690095,0.1499217843378903,0.07718794563458706,0.3638715939856092,GRU
S40,0.07667086632150796,0.06688754596127332,0.5783609933458778,0.08753494387514464,0.07341438361951978,0.11713126687667405,BiLSTM
S41,0.06286369913613507,0.0701334328399033,0.6508804563473306,0.06884224410486979,0.0797968224225456,0.06748334514921514,BiLSTM
S42,0.14341239405250225,0.47246000931909404,0.24587672282857534,0.03874513021457669,0.061974575607816815,0.037531167977436226,ANN
S43,0.271335741444492,0.34765691279807753,0.12282697518857859,0.029552476017386243,0.12048433246017412,0.10814356209129304,ANN
S44,0.14168851626817677,0.1413015794700657,0.07595381229695754,0.2856413606636913,0.2870928022513795,0.06832192904972909,CNN-LSTM
S45,0.30878294167724885,0.04038968031919125,0.01587579381349166,0.48893679742565577,0.09322825236488515,0.052786534399528434,LSTM
S46,0.209496721794209,0.19338921501480918,0.0678575470449594,0.18993639870413964,0.11108380843754874,0.22823630900433262,GRU
S47,0.14879579857304182,0.21581407685227466,0.1658901991769895,0.1205984329774618,0.13093684672697922,0.21796464569325394,GRU
S48,0.13064354051990248,0.10142777081854493,0.2458058240602351,0.1703349679561048,0.152868773791387,0.198919122853825,BiLSTM
S49,0.16542348671361776,0.15428290435982353,0.20116057201971904,0.16785421972658626,0.16843823104127903,0.1428405861389758,BiLSTM
S50,0.3018328578177757,0.10565801008297554,0.15238561563648115,0.11152832478565806,0.10537146772214351,0.22322372395496623,1D-CNN
S51,0.06600946973459851,0.07289090510448494,0.1670056125812646,0.4516518351359706,0.15114446010208146,0.09129771734159914,LSTM
S52,0.14721824077595516,0.21605537721192952,0.1911208019533478,0.1606440194062574,0.13391325109624522,0.15104830955626408,ANN
S53,0.06722981058988389,0.0924592094330219,0.4548221263340949,0.1355155886830961,0.17016155929607454,0.07981170566382806,BiLSTM
S54,0.12510129209831505,0.15223933073534193,0.1710669003533482,0.17799945053564944,0.25472589565941167,0.11886713061793407,CNN-LSTM
S55,0.034402621294485354,0.02910068550838235,0.013616311174220425,0.11086291993219256,0.7909042851860495,0.021113176904669916,CNN-LSTM
S56,0.3174441902096629,0.04844493118442684,0.009149426941861827,0.45290305676223613,0.0913406128537045,0.08071778204810755,LSTM
S57,0.5120418051971616,0.022041717083170955,0.016921986886932742,0.10221766839474333,0.10808567450159182,0.2386911479364008,1D-CNN
S58,0.29642590731181484,0.029499401889870564,0.03754829230432458,0.08623703162901569,0.090539322983617,0.45975004388135654,GRU
S59,0.1238518947879314,0.0320111862743495,0.27172755416179223,0.12874178041855017,0.27645251071039734,0.16721507364698207,CNN-LSTM
S60,0.1664662049169958,0.22007983412848478,0.09417424952842109,0.16366171722218037,0.13012927304137265,0.22548872116254476,GRU
S61,0.1601443000371957,0.09498776172236466,0.16523173891363246,0.07968269499814688,0.051004215644132045,0.4489492886845282,GRU
S62,0.06022798229740466,0.050213426018114314,0.5288281737611585,0.04601632601001569,0.06396125360872561,0.25075283830458134,BiLSTM
S63,0.047229450280755834,0.4461560692756011,0.3000596655711944,0.01471098110963664,0.04872760252103575,0.14311623124177741,ANN
S64,0.020785202189980815,0.06018340630403364,0.13250114851825417,0.004312842459173749,0.012463087430764271,0.7697543130977925,GRU
S65,0.08944568059467152,0.23631301863339332,0.09847724091165648,0.060095295870069544,0.4080753393028349,0.10759342468737361,CNN-LSTM
S66,0.1742591392003334,0.231627511890094,0.11488566774055625,0.17175030971114078,0.18543623654200786,0.12204113491586686,ANN
S67,0.3332053450879257,0.11208157840108222,0.0716328408285764,0.24921857667496733,0.16716838860940458,0.06669327039804417,1D-CNN
S68,0.06245696276864608,0.08836675113115203,0.04537036122042379,0.028392893409444238,0.027719376900899234,0.7476936545694349,GRU
S69,0.11281416012777118,0.2529517410178123,0.2971546161220097,0.07573048111312272,0.12806103106813457,0.13328797055114927,BiLSTM
S70,0.17879593894650953,0.17111613049417737,0.22207685700556706,0.1346386581897717,0.1393845084884529,0.15398790687552144,BiLSTM
S71,0.1869945061346151,0.162441249269634,0.19868391402122607,0.13883217048925156,0.1778959846023948,0.1351521754828781,BiLSTM
S72,0.17064646539091333,0.19630628356386606,0.1381503404340253,0.16050156404411822,0.244917664899566,0.08947768166751145,CNN-LSTM
S73,0.425935893393883,0.07136563653138676,0.04468483202123083,0.1586234345285432,0.2255862469637049,0.07380395656125147,1D-CNN
S74,0.2350798693241021,0.3316749062548028,0.06271971882860672,0.10615158508133851,0.11607951969757466,0.14829440081357484,ANN
S75,0.1370406158983038,0.15921115884667913,0.11495879808298626,0.13892405972533392,0.10390033346618377,0.34596503398051187,GRU
S76,0.13326351071751924,0.10691763574847542,0.2541393840250381,0.14506465668750732,0.12969869717754676,0.2309161156439116,BiLSTM
S77,0.15074019110963136,0.1372685772783138,0.2250576966478102,0.17023106769789684,0.16324473464489192,0.1534577326214552,BiLSTM
S78,0.9800455221086184,0.0055159635279642205,0.004217020711682444,0.002451525645656822,0.0023151562566461397,0.0054548117494309005,1D-CNN
S79,0.27975081507105365,0.08164783689453689,0.33300146012136816,0.03380210205784531,0.05886446840325657,0.21293331745193958,BiLSTM
S80,0.0891942301798804,0.28721807777476116,0.26883889484224366,0.05142537223384895,0.1831304978145484,0.12019292715471704,ANN
S81,0.146777008207895,0.13761095198210568,0.12567268115454866,0.20801235350848676,0.2368056246270781,0.14512138051988585,CNN-LSTM
S82,0.17106167580801876,0.1180466420137006,0.14157227072826797,0.19325498635349897,0.19850491523341746,0.17755950986309593,CNN-LSTM
S83,0.2976320434905203,0.12219938317899708,0.1677941053960452,0.16448016408684968,0.12334248421333563,0.12455181963425226,1D-CNN
S84,0.24444395701230653,0.15870659942938647,0.1488053238026298,0.1264956670776657,0.1821484172025054,0.13940003547550558,1D-CNN
S85,0.1974193732392541,0.13430565957193497,0.08205337276738531,0.1973475908721585,0.28600445231512195,0.10286955123414544,CNN-LSTM
S86,0.29712711216330584,0.03588613130826242,0.05049703516633354,0.35195824125616954,0.11221434485518668,0.1523171352507414,LSTM
S87,0.1392694307242414,0.16275376432533514,0.1941169915549236,0.1559281966876245,0.17507550456537263,0.17285611214250257,BiLSTM
S88,0.11828875832196101,0.16828414378591375,0.27565069962910677,0.11210960205819612,0.11933129753761018,0.20633549866721212,BiLSTM
S89,0.08145628668678105,0.08466114673001417,0.5243164940641274,0.1036725446791821,0.10133831813699894,0.10455520970289653,BiLSTM
S90,0.03778897130017854,0.04386355096878231,0.2763803241858797,0.03819975511608302,0.034277781065450756,0.5694896173636255,GRU
S91,0.10899688127747947,0.14756840877919822,0.12529380182019187,0.10379337575219534,0.39380020992505466,0.12054732244588046,CNN-LSTM
S92,0.14555623215324756,0.15305440382402424,0.2557596422459501,0.1424571673270544,0.17329151792203715,0.12988103652768812,BiLSTM
S93,0.06028086561837671,0.059305902968425875,0.30765150899722965,0.15441359436271102,0.22681781791849248,0.1915303101347644,BiLSTM
S94,0.24932289830583834,0.2275401508304128,0.10204979823696092,0.13542067900538363,0.16937058774187896,0.11629588587952502,1D-CNN
S95,0.3038835510448147,0.06152468841321211,0.040926924480303155,0.2103077737365174,0.3008507409162638,0.08250632140888774,1D-CNN
S96,0.34834615192173374,0.15678653774305545,0.024619528246052024,0.20886081908732917,0.14082983274211613,0.1205571302597144,1D-CNN
S97,0.29340012457745945,0.26473681153196493,0.023500228803353746,0.058482365908160173,0.1427552890364292,0.21712518014263102,1D-CNN
S98,0.2029904445465191,0.14591322520416217,0.08948183543630367,0.1260334283336785,0.10579966103753329,0.32978140544180107,GRU
S99,0.1299355067154645,0.22711526173877988,0.1768506997513609,0.15117368658132993,0.13644420626473322,0.17848063894833063,ANN
S100,0.12102350088510125,0.3859651170346209,0.17093122222626886,0.11268042668947148,0.09401586612537635,0.11538386703916122,ANN
S101,0.24822676588248066,0.09984385783147132,0.2931966424620169,0.03647879983105952,0.04589522738913038,0.2763587066038397,BiLSTM
S102,0.03731460206381707,0.04343084932912381,0.1428720186987195,0.024329108057341245,0.33503649460815577,0.41701692724284284,GRU
S103,0.12529169182577468,0.1456708753134357,0.10277551359394087,0.07510956807336372,0.4551267387273161,0.09602561246617047,CNN-LSTM
S104,0.16724009424972971,0.1564564299464255,0.13100236619688818,0.2535667948056863,0.16803226672108357,0.1237020480801853,LSTM
S105,0.41722553510808075,0.17085116459092095,0.0604918953484408,0.12403304726269188,0.08631979209624609,0.14107856559361864,1D-CNN
S106,0.3823702899201263,0.29850818916020455,0.025288353926175188,0.03232827207095257,0.1056236775182948,0.15588121740424643,1D-CNN
S107,0.13293672154718614,0.13568657728797484,0.0928025819990964,0.08397639532999703,0.14645347105191273,0.4081442527838329,GRU
S108,0.17535678285891534,0.13723998897156578,0.2141361860623482,0.11371210264398979,0.17907888308426825,0.1804760563789141,BiLSTM
S109,0.17908596984338046,0.1748100063088071,0.18870470860398592,0.151294555762598,0.14878099161893604,0.15732376786229393,BiLSTM
S110,0.11260107655961629,0.2684860301708295,0.14455860291042547,0.15746791365744872,0.19223547633588253,0.12465090036579721,ANN
S111,0.14241039084520277,0.23374242895138117,0.13075943399131498,0.10986007503721594,0.30271677355084636,0.08051089762403892,CNN-LSTM
S112,0.14358997768541373,0.07733707749247233,0.050878527534729934,0.2772189493773252,0.36827654518797076,0.08269892272208823,CNN-LSTM
S113,0.16423255190852992,0.133870067442469,0.11426901385573204,0.15519409601253772,0.1479247738347302,0.28450949694600147,GRU
S114,0.11832139566281454,0.14764252010198525,0.12845539873569994,0.14814846285942385,0.29392926819671533,0.1635029544433613,CNN-LSTM
S115,0.1610776552578124,0.06474596942395276,0.2649908447040873,0.2245956139276038,0.1411305432033094,0.1434593734832341,BiLSTM
S116,0.2009424221954901,0.25629674677357694,0.1388415886003794,0.15062070167042915,0.14839367053922473,0.10490487022090117,ANN
S117,0.19679765869365243,0.1767087836785227,0.08998195223159512,0.20323647219237356,0.2237205255670351,0.10955460763682098,CNN-LSTM
S118,0.12170821345057349,0.23626839236723876,0.34621365714539276,0.11429942883683854,0.09912424677207934,0.08238606142787722,BiLSTM
S119,0.17414293142477516,0.28132144360679423,0.15075299013845464,0.13324528159226165,0.13504975647992623,0.1254875967577891,ANN
S120,0.13777346629271453,0.1915133311734302,0.22324968376175905,0.13204837332621788,0.2206563951896015,0.09475875025627596,BiLSTM
S121,0.11034228114266792,0.1286879542976952,0.09825679578008881,0.12676063833915752,0.4786889468645585,0.057263383575832105,CNN-LSTM
S122,0.24065506142203136,0.2474369038733736,0.045085157122523215,0.1561126933017199,0.2360915818669178,0.07461860241343568,ANN
S123,0.2566722068973087,0.38238080338876157,0.018595557238475665,0.1359518196895669,0.10909086564717488,0.09730874713871249,ANN
S124,0.07417637334673485,0.045007357027978465,0.02263236990651942,0.17104865565716137,0.03512892086187258,0.6520063231997328,GRU
S125,0.12533426717375068,0.06006812804543307,0.28272712326274596,0.1908935525602916,0.1495701844001912,0.19140674455758613,BiLSTM
S126,0.16277893069864852,0.07853202838610399,0.1016769784169574,0.26636060656628174,0.06458703006753966,0.326064425864469,GRU
S127,0.12195390117942262,0.1681427860793046,0.22187424577164963,0.11072366386236822,0.06301614461809488,0.3142892584891601,GRU
S128,0.09303986418677554,0.10664891584798894,0.3004400216778416,0.14812349804476072,0.17177706767864268,0.17997063256399096,BiLSTM
S129,0.18835556209095303,0.13807837307163082,0.10334124420901387,0.15606817185200644,0.2732171410364624,0.14093950773993344,CNN-LSTM
S130,0.26933837518144693,0.06841786089545027,0.13337239937396544,0.10549992598697866,0.077938132917157,0.34543330564500074,GRU
S131,0.13068078315586099,0.1018183359970745,0.3717282820324653,0.09026540838657986,0.07272709416739621,0.2327800962606242,BiLSTM
S132,0.08476772944412328,0.11521216722215687,0.5234537747224908,0.08216297655226938,0.11217121693881056,0.08223213512014754,BiLSTM
S133,0.09189128466963359,0.11578361978356376,0.3955428614428702,0.10641341358154034,0.2185837664835373,0.07178505403885409,BiLSTM
S134,0.1523693085750697,0.20523374602262054,0.09227979874241059,0.11764289833677727,0.37185926975484884,0.06061497856827155,CNN-LSTM
S135,0.12787875580611308,0.09907856910910018,0.0670142775552072,0.33422911349080064,0.2864570480676525,0.08534223597112799,LSTM
S136,0.14088635188669055,0.07598095120342623,0.05377597781252672,0.4023782840687853,0.18719574803045028,0.13978268699812055,LSTM
S137,0.25864954981072963,0.04859424477217858,0.018968158505062123,0.25886575387145927,0.10526479671286641,0.3096574963277029,GRU
S138,0.11923400597616521,0.13779803730235288,0.1404725295201393,0.20409158301146568,0.11943498686386803,0.2789688573260089,GRU
S139,0.12072342631719477,0.1688310475367874,0.22868263844625064,0.1578360592501367,0.10416791956928385,0.21975890888034685,BiLSTM
S140,0.06214670481991509,0.051265675907053436,0.6871093754276983,0.07055159800062455,0.061919933261404186,0.0670067125833058,BiLSTM
S141,0.14951697043787196,0.13774772058561227,0.34046070987562443,0.11873020327545103,0.12073860176671597,0.13280579405872367,BiLSTM
S142,0.21176929091641172,0.15672216271727776,0.1390450646331993,0.13090940862405032,0.24450702167904284,0.11704705143001794,CNN-LSTM
S143,0.11400890138129102,0.10873152998520082,0.16313361762127002,0.2959057724592544,0.1498584034615249,0.16836177509146127,LSTM
S144,0.11340267806884236,0.1383419571398736,0.3761791728806028,0.11635475902458495,0.09968251045434541,0.15603892243174997,BiLSTM
S145,0.07953409002567852,0.07334536376952276,0.5893410448433181,0.08115303817776273,0.08526068627148038,0.09136577691223623,BiLSTM
S146,0.021556969765864516,0.024358208828872716,0.8853925956008091,0.02142924277534609,0.028146724967753833,0.019116258061353062,BiLSTM
S147,0.11932705276258704,0.28623203732847674,0.13167486335821774,0.12240038678114087,0.2733489974808618,0.06701666228871588,ANN
S148,0.30207596748867627,0.050829268550293204,0.037877193415425524,0.334892401387206,0.18974134128746162,0.08458382787093724,LSTM
S149,0.18249568402331048,0.20282501890082613,0.04489294926049121,0.16557932239337414,0.206814346427279,0.19739267899471893,CNN-LSTM
S150,0.1614368647563312,0.11323778578321217,0.035097377088865254,0.11331072731685778,0.0822033612689881,0.49471388378574527,GRU
S151,0.15690551141771047,0.10179749977128194,0.2906027398064798,0.1024087772788017,0.164016850591641,0.18426862113408646,BiLSTM
S152,0.10875209778080107,0.12519537303086734,0.22419437660262256,0.24916265399707274,0.12898353507596885,0.16371196351266748,LSTM
S153,0.11371933697323845,0.19926072261663574,0.24593622216191172,0.1933547645570204,0.14847519993502006,0.09925375375617276,BiLSTM
S154,0.31621152259950536,0.14705249600378015,0.05472930081146155,0.2619871022271121,0.12302564161903258,0.09699393673910721,1D-CNN
S155,0.1722770381466988,0.17688776038682213,0.1624039940592456,0.16594762735803792,0.10236545843700022,0.2201181216121943,GRU
S156,0.0932141263842067,0.28507355332486295,0.3063942448999613,0.10985507078169465,0.10515261941391196,0.10031038519536216,BiLSTM
S157,0.08171510361539047,0.08275221323585295,0.5235261740469421,0.10284105505481912,0.13715519965277692,0.0720102543942163,BiLSTM
S158,0.1024069246029497,0.17478109412156945,0.09611193653704692,0.12083106628209797,0.4430489468416726,0.06282003161466339,CNN-LSTM
S159,0.1059565536229821,0.3218997290021948,0.02103748071817741,0.14896969907416407,0.34867605762196385,0.05346047996051666,CNN-LSTM
S160,0.12402003257047242,0.1598092555777706,0.021612867255320405,0.4342485822051016,0.09395278747460797,0.16635647491672687,LSTM
S161,0.06646154384498311,0.03898076419381959,0.008353874552850839,0.05416255819480686,0.015631951213695632,0.8164093079998442,GRU
S162,0.09578136376748246,0.16003518145675513,0.21775860950829257,0.1321432011333806,0.08230868479536278,0.3119729593387264,GRU
S163,0.10883118636443544,0.1465431716427092,0.30625229069241866,0.14712622913166834,0.10951187386135598,0.18173524830741197,BiLSTM
S164,0.13153850195082886,0.11708386527857514,0.42233121414919594,0.10732212538039858,0.10181108191452397,0.11991321132647878,BiLSTM
S165,0.15574739592290449,0.37323862256305856,0.1646007273459014,0.07334441906597845,0.17069495154582162,0.062373883556335614,ANN
S166,0.08162190324642538,0.14058043746029647,0.04116275580128723,0.16258961801704438,0.5299829573892768,0.044062328085671384,CNN-LSTM
S167,0.20225513024398759,0.05592831710713711,0.04754031329785723,0.5455173788415935,0.08532973845460633,0.06342912205481836,LSTM
S168,0.1822177583494799,0.17389796582797262,0.062278831272023015,0.18017223493190587,0.07850292697368351,0.32293028264493523,GRU
S169,0.17143497352073483,0.08796515257550963,0.1846557493875929,0.14032256254718087,0.0884186493209823,0.3272029126480011,GRU
S170,0.03714037919824495,0.0376758418390278,0.7444958425036367,0.056833462351358784,0.07490934434825096,0.048945129759481135,BiLSTM
S171,0.22578010796574377,0.13111005891372843,0.1698910657876962,0.1912046451527032,0.12348669020947856,0.15852743197064958,1D-CNN
S172,0.1755723525448618,0.08732119173682258,0.1730041195355614,0.08851359605168634,0.0679481328120742,0.4076406073189936,GRU
S173,0.1212406767457098,0.1592433618615853,0.1599624693990085,0.20262530808913853,0.24070408862958514,0.11622409527497254,CNN-LSTM
S174,0.20332475650389611,0.07838017043727606,0.09436489907441892,0.32599552466887277,0.19889974477717562,0.09903490453836207,LSTM
S175,0.17943468330823703,0.15118518039626627,0.10916386635458114,0.16984166947643886,0.24158495771073282,0.14878964275374304,CNN-LSTM
S176,0.23878407651463,0.18687636966409904,0.0842451093762848,0.22850310412368374,0.11399712177628467,0.14759421854501753,1D-CNN
S177,0.3354734353803391,0.09425736010952518,0.1257554188879226,0.19516669252469301,0.11117646715492902,0.13817062594259102,1D-CNN
S178,0.05403107786811448,0.04073114883014251,0.46847646782673186,0.07976757691665105,0.053678461808061614,0.3033152667502985,BiLSTM
S179,0.011901040713455968,0.019627143035394517,0.8551396819849734,0.010101710579963149,0.00964322967030659,0.09358719401590725,BiLSTM
S180,0.08036685462499497,0.19095708514603976,0.4791175835342999,0.021418137300315377,0.01857684470418505,0.20956349469016475,BiLSTM
S181,0.0832194364216927,0.21971118766845324,0.4550478157453282,0.03378985510118143,0.04664918278939619,0.16158252227394745,BiLSTM
S182,0.10059947916669582,0.2572627779011469,0.18863384164342092,0.11692741407257021,0.1375448813366841,0.19903160587948063,ANN
S183,0.10644924173555151,0.17403301754766795,0.04329310324904608,0.14021745069810346,0.4906078392160849,0.04539934755354581,CNN-LSTM
S184,0.25131153720984334,0.26110319492287154,0.07123410465454806,0.19609862040940984,0.1072069211558217,0.11304562164750384,ANN
S185,0.24742927738439474,0.23608721080756348,0.08453203258361743,0.09292219105173628,0.22221523371507299,0.11681405445761532,1D-CNN
S186,0.24221943127752937,0.11491086928174493,0.13713076175784383,0.14375793541003945,0.14379845230064428,0.21818254997219763,1D-CNN
S187,0.12545249966265878,0.14771732361054768,0.3020628982523505,0.10249086752435135,0.20358289388197118,0.1186935170681203,BiLSTM
S188,0.18618396081697217,0.19727686300725314,0.10728287919715825,0.19634976384525235,0.153311022437493,0.15959551069586964,ANN
S189,0.11944301517738971,0.17569058475136695,0.22192014507345492,0.1267111954851402,0.14053500099589714,0.21570005851675134,BiLSTM
S190,0.10905890740095127,0.19509668229734828,0.3109459571649282,0.11030954186148609,0.17638024824306564,0.09820866303222014,BiLSTM
S191,0.1767714911585346,0.12600986905274286,0.15175647723724997,0.197822278196219,0.23539616364650243,0.11224372070875262,CNN-LSTM
S192,0.2118441837930751,0.2424695266629326,0.07876720082114613,0.1096498443038411,0.2801832170955953,0.07708602732340997,CNN-LSTM
S193,0.18468435284852092,0.25711862108135236,0.021486600152556684,0.23840412400421349,0.2221377310511724,0.0761685708621839,ANN
S194,0.40373695207405047,0.10744420240147134,0.023052379031363437,0.14656457758106642,0.05728887788462383,0.26191301102742426,1D-CNN
S195,0.13446549578218533,0.1238882663006861,0.10182642678349782,0.1439583958927322,0.06496581455811351,0.4308956006827836,GRU
S196,0.09873978074387355,0.11422945339122591,0.31542994210031144,0.142398783669551,0.08279970853771725,0.24640233155732102,BiLSTM
S197,0.10276059987266992,0.1813192376521136,0.37930141789317656,0.11223037798226526,0.09481650410664409,0.12957186249313046,BiLSTM
S198,0.1416724965609157,0.17687099238966605,0.3294047436024162,0.11666723299506455,0.13381724821312152,0.10156728623881577,BiLSTM
S199,0.14817784561803427,0.18142488209333577,0.2781771738140808,0.10594193386050287,0.21121387003996417,0.07506429457408315,BiLSTM
S200,0.15018002992667043,0.09536283973160738,0.36909318673203906,0.09568143586619247,0.1368509985196207,0.15283150922386776,BiLSTM
S201,0.07318922693214827,0.5609848965844202,0.08109261569941724,0.07100873987486829,0.1728633208572451,0.040861200051901074,ANN
S202,0.2684548204816623,0.1115704851573725,0.05419292811980405,0.2349855313490745,0.250642100646529,0.08015413424555883,1D-CNN
S203,0.15189780140330028,0.3729209946780505,0.02683314315161637,0.10263798725125341,0.2955307285436326,0.050179344972146364,ANN
S204,0.3306832342450694,0.20909250141038543,0.0342768310634928,0.14222758742027644,0.09001835752906082,0.19370148833171658,1D-CNN
S205,0.16398792775202134,0.22256966928699293,0.17847068059752083,0.11440097907282398,0.12315430664783578,0.19741643664280673,ANN
S206,0.14673448961195776,0.1763284440101654,0.21636805742969553,0.13774952852502795,0.15773660175235996,0.1650828786707935,BiLSTM
S207,0.1703918905094133,0.16363562199292514,0.19921374382001727,0.14740618290296653,0.19285088563063896,0.1265016751440384,BiLSTM
S208,0.2044418822949338,0.15376443332770395,0.11625926144573481,0.15412985849761326,0.27493810749976,0.09646645693425426,CNN-LSTM
S209,0.37058395763984947,0.12312633382761129,0.022917677270194767,0.1869568695018752,0.234549644612057,0.06186551714841097,1D-CNN
S210,0.20502251513483633,0.19809282722886165,0.06047010941831784,0.14020489875999048,0.061360967064946044,0.334848682393048,GRU
S211,0.15863007964075773,0.16951123968690388,0.16121693536812465,0.14414550171470203,0.10748433639980261,0.2590119071897084,GRU
S212,0.1232555874379059,0.1257078925633284,0.2731605569565891,0.14513513895593666,0.16299667386252595,0.16974415022371367,BiLSTM
S213,0.13957655134810057,0.14346176009296024,0.20852016453424024,0.1762949695360909,0.2049900792505645,0.12715647523804247,BiLSTM
S214,0.30367490137374775,0.31686587396594873,0.05923662866260223,0.11279866077539101,0.12755357650375349,0.07987035871855698,ANN
S215,0.1659731830501334,0.07610219296080384,0.06684160290167182,0.30236583105914494,0.16261261820823222,0.22610457182001292,LSTM
S216,0.14204866414627038,0.2207768242014355,0.10312305657241962,0.23358225192717025,0.10054031933839641,0.19992888381430907,LSTM
S217,0.07954170325463296,0.03547329776553637,0.4246597497547438,0.19480539393510576,0.17041248412111235,0.09510737116886872,BiLSTM
S218,0.10637516537562937,0.26975214384171525,0.10323567288088857,0.2162711278009601,0.18081900322122865,0.12354688687957675,ANN
S219,0.22405689331646997,0.13837506012071282,0.11823729746065868,0.19597430949255543,0.0906875143244301,0.23266892528517286,GRU
S220,0.12864740510633701,0.1374481042910583,0.32390007182252634,0.14122780657047757,0.11989886921580473,0.1488777429937974,BiLSTM
S221,0.10440044844142296,0.13921705344534663,0.40234127598570135,0.11363082140703497,0.14835132458076228,0.09205907613973285,BiLSTM
S222,0.12293214023381298,0.18877756759875108,0.28665464277680924,0.12548237738083284,0.19541536101116344,0.08073791099863052,BiLSTM
S223,0.18827394120324456,0.2838956539191567,0.08885441581640649,0.12300974211987499,0.2450634779948773,0.07090276894643963,ANN
S224,0.3451321266902071,0.0685272734007224,0.020856875883774807,0.22677383495850104,0.2624833725213122,0.07622651654548361,1D-CNN
S225,0.22644417532591368,0.17795921195909717,0.07571452425559143,0.1475451108275965,0.07602159189652873,0.29631538573527216,GRU
S226,0.1378024274532187,0.3420648022555569,0.1436715896465943,0.08061127273745887,0.1911990098073717,0.10465089809980073,ANN
S227,0.23426749662277013,0.1210962003771101,0.14734545133167545,0.17632457106506588,0.1772584157904956,0.14370786481288322,1D-CNN
S228,0.12614067852566724,0.41983576598600014,0.08591760567841673,0.07797646165920236,0.22714914392495578,0.06298034422575773,ANN
S229,0.21948731268580546,0.11614426866595277,0.07126708191713368,0.24573408926335077,0.21848405462565362,0.12888319284210392,LSTM
S230,0.2052158881489053,0.28862137913663805,0.13974544310831008,0.10384167902308938,0.13790714794863781,0.12466846263441829,ANN
S231,0.1484946401498659,0.20717862749767413,0.09741230351152155,0.152446437832048,0.28340933599984824,0.11105865500904169,CNN-LSTM
S232,0.18767651768863064,0.1499164510422247,0.18297087705592407,0.16735509230289128,0.15406758311153215,0.15801347879879693,1D-CNN
S233,0.159908898394927,0.21142565205467984,0.1506557772718097,0.1403271229305084,0.2143821357495487,0.12330041359852582,CNN-LSTM
S234,0.13698530083414062,0.1203498309986492,0.14717857638853862,0.16791301878389572,0.33031602296279133,0.09725725003198465,CNN-LSTM
S235,0.09896204251020319,0.14988654359488254,0.06308971481813498,0.11245501973082841,0.5208094893075252,0.05479719003842663,CNN-LSTM
S236,0.3295357343478672,0.08788851354058175,0.05087353724319436,0.25030876659861756,0.13594949834958323,0.14544394992015702,1D-CNN
S237,0.19180073467315634,0.24884089588785424,0.08168073820238182,0.13943375802754573,0.07288771451161732,0.26535615869744433,GRU
S238,0.10459668159390055,0.11331864326739066,0.22458197875844388,0.14688375204724502,0.1262501234872224,0.2843688208457975,GRU
S239,0.13010973132221187,0.09748369370096512,0.28102990825518204,0.17981921082335145,0.13133174051202956,0.1802257153862599,BiLSTM
S240,0.177420107380963,0.16562556662607428,0.17437468098446826,0.16648624353199082,0.15214732480950416,0.16394607666699978,1D-CNN
S241,0.24553560343148872,0.1151055989940841,0.2665417334160727,0.1262283282883615,0.1567491579062255,0.08983957796376914,BiLSTM
S242,0.06257883841522359,0.39737144038816663,0.36788346168125396,0.05372079681918376,0.0828100893011903,0.03563537339498301,ANN
S243,0.11675805758990607,0.14714099926376983,0.07877254049087638,0.10106277678416353,0.49894036376842615,0.05732526210285816,CNN-LSTM
S244,0.3912513347843191,0.052104243948107795,0.04324860845997419,0.1999514448845511,0.20876589467191872,0.10467847325112918,1D-CNN
S245,0.1120686230792659,0.33777826170661734,0.04238601015564778,0.17688868142243136,0.09129604128965534,0.2395823823463824,ANN
S246,0.22975764772219368,0.0871355691353429,0.09038253167542933,0.11007440774590099,0.086503140668354,0.39614670305277944,GRU
S247,0.1561131294195193,0.1769665309537158,0.2671565836562088,0.10350797224050769,0.16186285674813683,0.13439292698191144,BiLSTM
S248,0.10690410080032885,0.14190540175578437,0.18948097979170897,0.16990598211304395,0.2826624392342261,0.10914109630490917,CNN-LSTM
S249,0.26761078640899644,0.041982830816687876,0.06381193918963261,0.3171203745488403,0.18767273161042955,0.12180133742541312,LSTM
S250,0.5820178366541474,0.0535250703470039,0.04383908736786741,0.09773608019892378,0.06233622233989143,0.16054570309216634,1D-CNN
S251,0.13554467345319107,0.08941264385207877,0.11703466463033879,0.15379028272130835,0.060500422368521906,0.4437173129745596,GRU
S252,0.138452505718659,0.14844403432703315,0.24049939180885307,0.14626193386940547,0.10408993779243378,0.22225219648361572,BiLSTM
S253,0.135327177747555,0.15495055805525043,0.22942362944257785,0.15315756857066656,0.16215912259540627,0.16498194358854545,BiLSTM
S254,0.09012492259423861,0.4198395221703789,0.15581703715365955,0.07686369503885562,0.19973485461192803,0.05761996843093915,ANN
S255,0.07517797863230932,0.47896998055467005,0.04653183536349764,0.07442215802276635,0.27593631952421926,0.048961727902537285,ANN
S256,0.19245285050053493,0.11544603843918719,0.08452296986221071,0.3697237106183228,0.13591711624441347,0.1019373143353304,LSTM
S257,0.11967480286281912,0.15974056682017268,0.07390232878783463,0.20262745804340618,0.08784791496244923,0.356206928523318,GRU
S258,0.22038879674396555,0.11184195371261733,0.18015436432479537,0.15178125667503373,0.08355827378274491,0.2522753547608432,GRU
S259,0.09914987024531068,0.13480296115627477,0.3174512391988876,0.16118065768137696,0.14433619847206114,0.14307907324608987,BiLSTM
S260,0.14908646458739538,0.1591140341018138,0.2548419922601239,0.16317480785611463,0.14268880159180394,0.13109389960274773,BiLSTM
S261,0.07722866397500872,0.19203403766318333,0.062072984777808794,0.1363187905201008,0.4785105945616588,0.05383492850223938,CNN-LSTM
S262,0.5989149764232915,0.024541458280617618,0.016051421872342875,0.16558718118039265,0.13602124900748183,0.05888371323587351,1D-CNN
S263,0.1302079321254186,0.06848856511228865,0.0618143219092506,0.13968303437655297,0.0817423213623052,0.5180638251141851,GRU
S264,0.10283161968634134,0.32201574334731925,0.16720958522177048,0.11584575561201069,0.09291616013019842,0.1991811360023614,ANN
S265,0.0896808537713993,0.05125134895063883,0.5254691089509452,0.11324303637630802,0.12379820211088885,0.09655744983981873,BiLSTM
S266,0.15091555606193896,0.20293901042314788,0.17114310181439576,0.17445864148497015,0.15184076201876961,0.14870292819677736,ANN
S267,0.25671672143474933,0.15245652879772384,0.13142998601258948,0.1435705303462447,0.1560576678201483,0.15976856558854577,1D-CNN
S268,0.06279288172731096,0.1095481288040344,0.06777391620189717,0.5134096301796649,0.18255702974032487,0.06391841334676905,LSTM
S269,0.18933620227951237,0.03476699833103109,0.06099424002118995,0.41855503625535007,0.08124214265286182,0.21510538046005465,LSTM
S270,0.08411527591297163,0.23622582312274598,0.21284964288562383,0.1204269637009288,0.08994393149412393,0.2564383628836051,GRU
S271,0.0961914133395254,0.15950667014158398,0.36291847931677007,0.12529028707850898,0.1126592656597861,0.143433884463827,BiLSTM
S272,0.16193470016201417,0.10125978557418576,0.170176561195001,0.16296546947181914,0.3042314646234614,0.09943201897351871,CNN-LSTM
S273,0.18027398142771106,0.25221065894312755,0.08372114965448944,0.16809743554176232,0.1920202703782619,0.12367650405464721,ANN
S274,0.16705977372937736,0.08461966452799517,0.16720290015582975,0.2204146149998805,0.14671308420055565,0.21398996238636073,LSTM
S275,0.12499050988646017,0.2045163923054547,0.2735086045861882,0.11073596720061524,0.08741978444783122,0.19882874157345054,BiLSTM
S276,0.04220834311443901,0.08809518827569887,0.7062785293944432,0.0486221407423809,0.0537148685569014,0.06108092991613581,BiLSTM
S277,0.08254246344752528,0.17335466217653103,0.4421752480389338,0.10572803837715757,0.11795535360792972,0.07824423435192124,BiLSTM
S278,0.22960891802692393,0.24371789313750955,0.10654947652764526,0.12123254144194379,0.1563442335974113,0.14254693726856538,ANN
S279,0.094927971372212,0.12730767600877202,0.04711663919057129,0.2532149766721125,0.42815770931229596,0.049275027444035925,CNN-LSTM
S280,0.6966959839253556,0.019448671463636547,0.012887825810059731,0.2096886715310626,0.041155752227113374,0.020123095042771863,1D-CNN
S281,0.1480625413366078,0.26043627704686717,0.0811431237098918,0.12011137421842003,0.1284276236517376,0.26181906003647604,GRU
S282,0.11132054034708096,0.18643633714530944,0.2009786582372831,0.14664618398335127,0.12368284189484743,0.23093543839212682,GRU
S283,0.11628970248319954,0.10620115335864205,0.3693594873034451,0.13464162807905292,0.12459902405819494,0.14890900471746593,BiLSTM
S284,0.1315559604871275,0.1762913874206993,0.2821721799508811,0.13704359464634316,0.13490783903128312,0.13802903846366452,BiLSTM
S285,0.27277951001935086,0.0906121284527292,0.26546151784904115,0.05009633309846936,0.07785204905260013,0.24319846152780916,1D-CNN
S286,0.12478802348230617,0.17834367776644255,0.10552465781244912,0.10028888189040283,0.3475370814378047,0.14351767761059617,CNN-LSTM
S287,0.5212251570595317,0.07198566659353847,0.051327048585669735,0.18075462926061084,0.12345427459905328,0.05125322390159597,1D-CNN
S288,0.5993898129438829,0.029779318755026634,0.017167888962241255,0.20861243534893667,0.10499841712951087,0.040052126860401736,1D-CNN
S289,0.0694100153601182,0.8531349943227858,0.003338835293637986,0.022427621888782744,0.01982442540447116,0.03186410773020336,ANN
S290,0.20235195751101098,0.16703040151992557,0.07523421348360385,0.10765399632356906,0.1010264158804787,0.3467030152814115,GRU
S291,0.14369059276909218,0.1538577294273113,0.20199398252074138,0.15681071877413563,0.1353089099975741,0.20833806651114523,GRU
S292,0.14947802169319932,0.17507507299130023,0.2239852001606391,0.1614759091485955,0.12938931003878254,0.1605964859674846,BiLSTM
S293,0.2118763954014097,0.27379040892654105,0.22749378242897367,0.0981816655076783,0.09465815699411652,0.09399959074128098,ANN
S294,0.468047382661537,0.13958198806970856,0.0981513690144561,0.0501510603237734,0.06586295217230732,0.17820524775821786,1D-CNN
S295,0.1491325867681905,0.15769618900306384,0.16418941176084118,0.152667888910777,0.21447750347842556,0.16183642007870314,CNN-LSTM
S296,0.1903753138693374,0.18188929416102992,0.06188593253172014,0.3901640312002242,0.12235872746789138,0.05332670076979642,LSTM
S297,0.26242348701304746,0.1072188627028058,0.03635341568174784,0.47970506107358907,0.051293334271382676,0.06300583925742693,LSTM
S298,0.1092826801945947,0.2681601355502052,0.06128735878505061,0.20936200119739198,0.1733705576324479,0.17853726664031094,ANN
S299,0.2163238660254612,0.09370588440280901,0.1097212088748236,0.12330256362196843,0.10119233090913604,0.3557541461658017,GRU
S300,0.09313296101804833,0.1368482798144731,0.14257537727884678,0.15369801926084276,0.3428704317483702,0.1308749308794191,CNN-LSTM
S301,0.1818323147037605,0.055779753443579334,0.06940658656063037,0.36604988816390643,0.2010608613073622,0.12587059582076082,LSTM
S302,0.18999137616517406,0.06116845389099269,0.07346675014511675,0.1668690177997863,0.14422060487726815,0.36428379712166165,GRU
S303,0.1716696808509168,0.08647731851170504,0.11171485477145192,0.26262282253901553,0.14980109808664566,0.21771422524026768,LSTM
S304,0.09622392673513533,0.07169632883082913,0.3857803474878208,0.1074153058328718,0.07366392761725608,0.26522016349608635,BiLSTM
S305,0.09322954678073461,0.09365567877866784,0.4740341936285971,0.10317864840918176,0.11492478839725782,0.12097714400555984,BiLSTM
S306,0.09893725549375718,0.19532072423430638,0.31277547313680504,0.09255285964733773,0.17351064938222546,0.1269030381055681,BiLSTM
S307,0.11757402173645028,0.16733619599034738,0.10471452255745593,0.13033928001205194,0.337503321503543,0.1425326582001526,CNN-LSTM
S308,0.24838734955209996,0.22229251931281638,0.0752305584875581,0.1557162607690516,0.22055332828410945,0.07781998359436557,1D-CNN
