Segment,1D-CNN,ANN,CNN-LSTM,GRU,Selected
S1,0.11633833801831434,0.09551253169742141,0.6920103948716391,0.09613873541263962,CNN-LSTM
S2,0.6036534414021804,0.19471965718268136,0.11097154240252775,0.09065535901260792,1D-CNN
S3,0.16706331220578355,0.3167057635712963,0.33434313682390865,0.18188778739902556,CNN-LSTM
S4,0.16238703666221307,0.4533775051319116,0.2634273471404625,0.12080811106541665,ANN
S5,0.16525617235433607,0.09970163062565011,0.5939928505398746,0.14104934648013917,CNN-LSTM
S6,0.39565692502621924,0.0973394309201333,0.2484062959343397,0.258597348119298,1D-CNN
S7,0.10759700298672406,0.07385156855269559,0.28543773015439156,0.5331136983061746,GRU
S8,0.12559168194110606,0.058434893318481965,0.02930068833908938,0.7866727364013205,GRU
S9,0.10922179600200725,0.09659204586262532,0.13848508614807417,0.6557010719872933,GRU
S10,0.18268898951227786,0.2996732848088527,0.16797513355132387,0.3496625921275439,GRU
S11,0.11523283094601419,0.7853323130571714,0.06762562478563233,0.031809231211176084,ANN
S12,0.09831272386407079,0.4968588389636329,0.3676821763907138,0.03714626078159352,ANN
S13,0.030551627060256766,0.12804674907987848,0.8343747081351586,0.007026915724704303,CNN-LSTM
S14,0.3483224807001903,0.21011928611743635,0.3914901161338498,0.050068117048520044,CNN-LSTM
S15,0.5629548525982542,0.1655512595002816,0.06709078496940665,0.2044031029320662,1D-CNN
S16,0.41220329534360167,0.2626376945756851,0.10353050013437605,0.22162850994635264,1D-CNN
S17,0.23168368806794803,0.20929254088921567,0.26865595795172836,0.2903678130911096,GRU
S18,0.23571365622590928,0.21063527442520197,0.34690853708140157,0.20674253226748485,CNN-LSTM
S19,0.27075772165685547,0.2101085464531359,0.40682581184794586,0.112307920042063,CNN-LSTM
S20,0.11534526308320991,0.04021380779761544,0.8187254510422197,0.025715478076953197,CNN-LSTM
S21,0.537284367678732,0.05646051065325859,0.39180613925412794,0.014448982413868623,1D-CNN
S22,0.7002669522020163,0.22676691655436232,0.051561331724056574,0.021404799519564154,1D-CNN
S23,0.24555529118988162,0.5201632368295844,0.11984308388642598,0.11443838809409423,ANN
S24,0.34372987044059755,0.06368776455290065,0.027605388749470706,0.5649769762570225,GRU
S25,0.25067669950017235,0.20654453288744618,0.07530122784411383,0.46747753976828094,GRU
S26,0.24095281448826072,0.15041692184181318,0.08486131943382196,0.5237689442360989,GRU
S27,0.2523664115384152,0.5115786360994552,0.11708096069341861,0.11897399166871175,ANN
S28,0.19803986888910946,0.49336496622219944,0.2604025965808816,0.0481925683077988,ANN
S29,0.06809269945494298,0.02732724477265977,0.9005905233380902,0.003989532434304658,CNN-LSTM
S30,0.010990891881568599,0.13713310565576384,0.8488076516315285,0.0030683508311370416,CNN-LSTM
S31,0.9010636963113504,0.05921588147431742,0.03742323657042238,0.0022971856439092473,1D-CNN
S32,0.5474237176077617,0.24705883387785693,0.1945778685094057,0.010939580004972074,1D-CNN
S33,0.10736855735314123,0.07006997224789498,0.6448026487367161,0.17775882166223408,CNN-LSTM
S34,0.6373993061972711,0.05390884959857062,0.04984729429393856,0.25884454991021566,1D-CNN
S35,0.08950583199347782,0.29445188211850576,0.19817344033371323,0.4178688455543023,GRU
S36,0.1523983236898522,0.10446712922830806,0.5321820365250262,0.2109525105568058,CNN-LSTM
S37,0.4325469437166349,0.0671422227127783,0.3086068658832765,0.19170396768729758,1D-CNN
S38,0.21569569945784373,0.15016005531554602,0.052353832914431575,0.5817904123121911,GRU
S39,0.18318402603510026,0.11217096623190964,0.06921082948609666,0.6354341782468933,GRU
S40,0.20483252908954042,0.14380962820981383,0.21041334653470256,0.44094449616593345,GRU
S41,0.2048451334531765,0.24795265205023062,0.30849335004473605,0.23870886445187456,CNN-LSTM
S42,0.19575520923626516,0.675419600027161,0.09715279125877525,0.03167239947780759,ANN
S43,0.24676396669695033,0.40428455060923696,0.279595201353063,0.06935628134074874,ANN
S44,0.23380246505480143,0.23334953808928152,0.4669705215685813,0.06587747528733394,CNN-LSTM
S45,0.648142674112324,0.07553578461435864,0.1786876655360013,0.0976338757373156,1D-CNN
S46,0.2859536498620329,0.2635001815730923,0.13917514498281322,0.31137102358205915,GRU
S47,0.19988989405287644,0.3083598634825618,0.17329086806799635,0.31845937439656186,GRU
S48,0.2158642823732719,0.14517323349161676,0.2660288578037928,0.37293362633132476,GRU
S49,0.2753608955393284,0.22376518379741275,0.2660654157823889,0.23480850488087013,1D-CNN
S50,0.31087233230277805,0.1438687717409615,0.16990895692678534,0.3753499390294892,GRU
S51,0.015450281233286211,0.0486108919661584,0.8598955234340769,0.07604330336647855,CNN-LSTM
S52,0.20455485753631855,0.5078024468721661,0.15766577122764722,0.1299769243638673,ANN
S53,0.08200801684432411,0.30749655576908874,0.4120942666023918,0.19840116078421316,CNN-LSTM
S54,0.131371706264153,0.15052029413997325,0.5509739538437064,0.16713404575217874,CNN-LSTM
S55,0.009690151918381441,0.013108459525506972,0.9679703359162317,0.009231052639881526,CNN-LSTM
S56,0.7470424747994848,0.06147241646835121,0.10801145400865401,0.08347365472350714,1D-CNN
S57,0.6214830618307056,0.012329939480914575,0.10091525525772968,0.26527174343064513,1D-CNN
S58,0.5449945346357179,0.009645271023847794,0.052012860122226404,0.39334733421820495,1D-CNN
S59,0.18690953545679503,0.045501676381539534,0.3797930415405081,0.3877957466211583,GRU
S60,0.22400664418058255,0.5059912258702616,0.055694935811361895,0.21430719413779345,ANN
S61,0.43061234775396895,0.079291808819631,0.009703100416684051,0.48039274300971885,GRU
S62,0.0955686877951391,0.0423911375858228,0.04992251067128127,0.8121176639477504,GRU
S63,0.036153197185183956,0.7803407231259047,0.03851990420453243,0.14498617548437884,ANN
S64,0.04118432739483495,0.14312354291106982,0.02190905516742034,0.7937830745266762,GRU
S65,0.07198582490910146,0.22388364342032901,0.6497012009299874,0.05442933074058049,CNN-LSTM
S66,0.2579932168471074,0.39599193733044163,0.2786231810177443,0.06739166480470185,ANN
S67,0.6215495877890801,0.266506104270378,0.08917415283336634,0.02277015510717558,1D-CNN
S68,0.3082108056279636,0.23609407036138824,0.01950870247614699,0.4361864215344987,GRU
S69,0.19571599091400055,0.6106277859521545,0.10017562806967026,0.09348059506416811,ANN
S70,0.35945894227032865,0.30562567103198357,0.14027355728353372,0.1946418294141438,1D-CNN
S71,0.3431086341710832,0.23816296287774114,0.2648433968611005,0.15388500609007694,1D-CNN
S72,0.16150748073689702,0.2798866619457798,0.4728104960148867,0.08579536130244973,CNN-LSTM
S73,0.5712197531383425,0.07768178566768377,0.2853071367138338,0.06579132448013972,1D-CNN
S74,0.2926176314154883,0.43110509506704925,0.1192762935968706,0.15700097992058515,ANN
S75,0.18487089953962466,0.23514078273151762,0.10535284408477143,0.4746354736441,GRU
S76,0.2644768261832659,0.16637065632421286,0.15741713489163917,0.41173538260088277,GRU
S77,0.27598082642527344,0.21066188716004125,0.20624095923849464,0.3071163271761933,GRU
S78,0.9965441013768482,0.0015665249023942484,0.0001323771195133745,0.001756996601244206,1D-CNN
S79,0.2555810492253648,0.1425704344243762,0.03596258032800743,0.5658859360222506,GRU
S80,0.08353900400733431,0.6242704885551763,0.24985230783871407,0.04233819959878336,ANN
S81,0.15404847466933572,0.19073164555796898,0.44130122576936764,0.21391865400332755,CNN-LSTM
S82,0.222712730916954,0.16708472797807666,0.35038865830458144,0.2598138828004137,CNN-LSTM
S83,0.52993308554609,0.1565580421859229,0.21312031502847775,0.1003885572395083,1D-CNN
S84,0.3888249251548967,0.1638446352133514,0.2681741343460336,0.17915630528571846,1D-CNN
S85,0.19901247032523212,0.12686913940629818,0.4841267748085722,0.18999161545990786,CNN-LSTM
S86,0.4076264395647835,0.0405053310275895,0.20137103226032405,0.35049719714727956,1D-CNN
S87,0.21002271606794734,0.242674834700572,0.23672555812029705,0.31057689111119074,GRU
S88,0.18145457773598422,0.26929939731246916,0.17786685053367263,0.37137917441787405,GRU
S89,0.1485152182200086,0.1868452710923205,0.2982250628596657,0.36641444782799204,GRU
S90,0.04360395046573618,0.050699505835796514,0.04541067916627422,0.8602858645321918,GRU
S91,0.01667177943407957,0.07100864676030966,0.8529345853661734,0.05938498843943756,CNN-LSTM
S92,0.19844664312295518,0.29410482414944433,0.38661423134700995,0.12083430138059058,CNN-LSTM
S93,0.2626711837902585,0.20975250161372533,0.3113618063899996,0.21621450820601065,CNN-LSTM
S94,0.48764951733834927,0.34315398626867544,0.10216058260934277,0.06703591378363101,1D-CNN
S95,0.5002799989679765,0.05720175217896792,0.3656160739705205,0.0769021748825219,1D-CNN
S96,0.5196497972871069,0.18376172282494066,0.1727620549658566,0.12382642492209238,1D-CNN
S97,0.37327209652113674,0.27825174918720463,0.1379770156558269,0.2104991386358232,1D-CNN
S98,0.4037986793682188,0.1322365118731193,0.10440550656078597,0.35955930219787435,1D-CNN
S99,0.1554106722104403,0.3426962398244859,0.17936961098292664,0.3225234769821461,ANN
S100,0.15039732255304517,0.6579699165583395,0.0607451036589184,0.13088765722968926,ANN
S101,0.19690617188989443,0.16485987615462797,0.07598759326026731,0.5622463586952102,GRU
S102,0.015339272088816485,0.036163713461978955,0.6298074587486655,0.3186895557005406,CNN-LSTM
S103,0.06364063888695044,0.12021174731296992,0.7719825443785443,0.04416506942153481,CNN-LSTM
S104,0.2712837355980851,0.3068943704438804,0.3050270901891004,0.11679480376891438,ANN
S105,0.7219546311490252,0.21434071665338553,0.02268642591642779,0.041018226281162834,1D-CNN
S106,0.8242089957457387,0.13921508294408896,0.014443250102478773,0.022132671207690503,1D-CNN
S107,0.1122029916113268,0.24945861531097213,0.13824207526697138,0.5000963178107299,GRU
S108,0.3039234917861219,0.1250441098230711,0.2904772730635982,0.2805551253272079,1D-CNN
S109,0.3191960258441513,0.303254129890562,0.16742428220247135,0.21012556206281274,1D-CNN
S110,0.060248230247376314,0.16128025494476786,0.6801159440271691,0.09835557078067003,CNN-LSTM
S111,0.040129269940786874,0.12123224925538142,0.8117216659722574,0.026916814831574303,CNN-LSTM
S112,0.03320054405773178,0.011210019663331596,0.9414618537836854,0.014127582495251038,CNN-LSTM
S113,0.11512605411914101,0.0642084007166307,0.6215074150928429,0.19915813007138913,CNN-LSTM
S114,0.042767457191331334,0.09008928243109149,0.8020238034753011,0.06511945690227607,CNN-LSTM
S115,0.4484326095801526,0.06215449867906627,0.36458713517811703,0.12482575656266348,1D-CNN
S116,0.32058526301266044,0.4643299618968504,0.15830241967515485,0.05678235541533835,ANN
S117,0.3565729412283967,0.25520193572895433,0.3585598647272948,0.029665258315349562,CNN-LSTM
S118,0.1873859621184636,0.6576172465284515,0.14495320495013014,0.010043586402957492,ANN
S119,0.2261004743573062,0.5787124184937628,0.1515651027960776,0.04362200435284418,ANN
S120,0.2178730854366149,0.22097786334216243,0.531438431077428,0.029710620143792783,CNN-LSTM
S121,0.06045150381015131,0.10481517099823404,0.8246056494040107,0.01012767578760124,CNN-LSTM
S122,0.33020253107900144,0.3178273621233462,0.3332240558281374,0.01874605096951865,CNN-LSTM
S123,0.3588048008061126,0.4954224394356625,0.10994249005200751,0.03583026970620809,ANN
S124,0.07799007242064476,0.04529998259894564,0.033368031505517974,0.8433419134748796,GRU
S125,0.08129479807668184,0.02582855864462026,0.1436372392194072,0.7492394040592881,GRU
S126,0.04416054857072196,0.03250204540226759,0.027097552560779767,0.8962398534662301,GRU
S127,0.07596397605050896,0.11004015596112088,0.009709715456363751,0.8042861525320021,GRU
S128,0.09223167721809164,0.07988170095458227,0.07562082617144472,0.7522657956558989,GRU
S129,0.20578025662810842,0.12821355485749764,0.13379683160316716,0.5322093569112224,GRU
S130,0.20036615533023971,0.040009406837412644,0.02505091022974724,0.7345735276026004,GRU
S131,0.2873421845254135,0.21670563096389853,0.14049888542478647,0.35545329908589574,GRU
S132,0.24001394754022626,0.31474725343898013,0.3128879427477735,0.13235085627301965,ANN
S133,0.1667541286009348,0.226689053485376,0.5207750183777698,0.08578179953591465,CNN-LSTM
S134,0.1776713700509269,0.26530397791626087,0.5255268884396143,0.031497763593204234,CNN-LSTM
S135,0.17501929022498597,0.14164609182759064,0.6396655557142964,0.043669062233127005,CNN-LSTM
S136,0.33107921865464085,0.13435255478726274,0.39141666800818686,0.14315155854990674,CNN-LSTM
S137,0.1411914789178745,0.021183380735819702,0.15503355185661025,0.6825915884897042,GRU
S138,0.03884959539064503,0.09018273987550582,0.1305851910830891,0.7403824736507603,GRU
S139,0.15484217013318521,0.2096514365985936,0.08194868610593414,0.5535577071622814,GRU
S140,0.32536510302400695,0.18687025698397586,0.11372693746393862,0.3740377025280829,GRU
S141,0.3207077692332794,0.23493781263395802,0.1458225987002783,0.2985318194324802,1D-CNN
S142,0.2789836761401237,0.26657017367598873,0.34512478303119065,0.10932136715269687,CNN-LSTM
S143,0.13529616735549355,0.1406030254568355,0.6283791798320028,0.09572162735566726,CNN-LSTM
S144,0.30281816654929766,0.3271577135315568,0.23486302389856545,0.13516109602057658,ANN
S145,0.23944676837472878,0.2070934556831502,0.32855336604625407,0.22490640989587868,CNN-LSTM
S146,0.2455672423655686,0.25698710879957054,0.381073913597191,0.11637173523767007,CNN-LSTM
S147,0.11977584651782083,0.5006983630409074,0.3427123129891621,0.03681347745211037,ANN
S148,0.5274547917829427,0.07691763547006947,0.34478677844782374,0.05084079429915157,1D-CNN
S149,0.2760198167267289,0.3558887517270936,0.2467869527892866,0.12130447875689072,ANN
S150,0.3234463170401087,0.18697530606529572,0.09334195230642697,0.3962364245881697,GRU
S151,0.2534447231497308,0.09800652149839771,0.26188582067431015,0.3866629346775636,GRU
S152,0.10328723235236076,0.16608393991410916,0.17898227958082413,0.5516465481527099,GRU
S153,0.14281971550747638,0.5763083426616077,0.06991592204671068,0.21095601978419248,ANN
S154,0.6058239380690249,0.26067356089350946,0.05888743778867063,0.07461506324879805,1D-CNN
S155,0.35725668544896194,0.4058796857881785,0.10928392329846162,0.12757970546440447,ANN
S156,0.10581436487266452,0.7085446970630468,0.1383390698869611,0.0473018681773305,ANN
S157,0.18461474246370588,0.15656294417771358,0.5734140983919741,0.08540821496661727,CNN-LSTM
S158,0.07580713725876738,0.18671540161390918,0.7077676992089758,0.029709761918345876,CNN-LSTM
S159,0.10848225300862749,0.4464634793416608,0.41223878968584465,0.032815477963858385,ANN
S160,0.22796706295031768,0.3038738759399278,0.16201709959543836,0.30614196151429174,GRU
S161,0.02861817051211825,0.013164606925240829,0.007994335720111254,0.9502228868425199,GRU
S162,0.04894372277826242,0.11420796302165488,0.07742900752757842,0.7594193066725045,GRU
S163,0.13363699070853235,0.22345200438368681,0.1378988677972175,0.5050121371105633,GRU
S164,0.3306068699865913,0.2400896966830334,0.14249701707449425,0.28680641625587344,1D-CNN
S165,0.16597523630631636,0.5864513261857356,0.19770819687159877,0.0498652406363468,ANN
S166,0.0697710388016566,0.16036278906671217,0.7489811074391725,0.020885064692456635,CNN-LSTM
S167,0.5897407446182782,0.11164797897873245,0.2077507055584047,0.09086057084458475,1D-CNN
S168,0.21345813510739925,0.21270561112407124,0.09244137813258792,0.4813948756359586,GRU
S169,0.1480637349058924,0.0733181678757024,0.093777087962523,0.6848410092558792,GRU
S170,0.10025469057356849,0.10963111126954403,0.4030078048862873,0.38710639327061647,CNN-LSTM
S171,0.3439462306719707,0.13390321674143565,0.10262732241130199,0.41952323017530074,GRU
S172,0.21704691477480476,0.09688171257751914,0.04365187293022177,0.6424194997174576,GRU
S173,0.15834201134551298,0.23379210527763672,0.41455738862752084,0.19330849474930892,CNN-LSTM
S174,0.2544446763553757,0.09844835366033815,0.3726360526045799,0.2744709173797134,CNN-LSTM
S175,0.19874109464826198,0.14929495939780388,0.2622452880834964,0.3897186578704372,GRU
S176,0.21615366478547962,0.3589912690932607,0.055322202911887886,0.36953286320936735,GRU
S177,0.6189257472258746,0.054910739283417935,0.05167513175881126,0.2744883817318919,1D-CNN
S178,0.014192613997976108,0.009500774990908588,0.03410205370555123,0.9422045573055654,GRU
S179,0.01777182344206987,0.04216723454615244,0.016392715645591423,0.9236682263661864,GRU
S180,0.15295268678285293,0.5571016871002773,0.022857989921126115,0.26708763619573794,ANN
S181,0.19239535659531215,0.5640864377514533,0.0926005685275114,0.15091763712572395,ANN
S182,0.16151534609091195,0.4315795347189877,0.25808723809860606,0.14881788109149904,ANN
S183,0.14260666863207483,0.15552547565400224,0.6854152629049333,0.01645259280898356,CNN-LSTM
S184,0.30781451899045054,0.5291098666860908,0.1129462011673178,0.05012941315614106,ANN
S185,0.4884999838890807,0.33489461693742867,0.14306128482403932,0.03354411434944952,1D-CNN
S186,0.5387720294126898,0.11506303242675686,0.1270635159028025,0.21910142225775417,1D-CNN
S187,0.1444705720350607,0.21329796503742332,0.46443403688474366,0.17779742604277002,CNN-LSTM
S188,0.2731981642687239,0.37473279328357384,0.22510175875532307,0.12696728369237942,ANN
S189,0.1384483485110709,0.2680874522248202,0.44375735421107093,0.14970684505303783,CNN-LSTM
S190,0.14645003395899733,0.39096660567844177,0.3964158617549751,0.06616749860758238,CNN-LSTM
S191,0.23378335767142075,0.1363282439669172,0.5719563832437907,0.05793201511788894,CNN-LSTM
S192,0.17714534277812816,0.25237483340106565,0.5431007229200846,0.02737910090071762,CNN-LSTM
S193,0.2655371597601436,0.3823093135516267,0.313561201247223,0.038592325441007866,ANN
S194,0.5847249826992509,0.16345829051813723,0.04699039237067144,0.20482633441192277,1D-CNN
S195,0.044971366127126246,0.021479055744164154,0.024558052299321675,0.90899152582939,GRU
S196,0.061575770049756416,0.09042026922282018,0.057251996576142196,0.7907519641512812,GRU
S197,0.19182794311737225,0.394422536274998,0.1129608249690047,0.3007886956386296,ANN
S198,0.3036901286323798,0.3514010515952455,0.21654073562625095,0.12836808414612466,ANN
S199,0.1007830956991609,0.21633449820512576,0.6487959847423438,0.03408642135337022,CNN-LSTM
S200,0.27566789820373083,0.17739344363128037,0.4529843256800075,0.09395433248497705,CNN-LSTM
S201,0.11579702004253825,0.6846591908291166,0.18842171629594473,0.01112207283239039,ANN
S202,0.5170995189104296,0.20204842498490583,0.25585598229564205,0.024996073809024938,1D-CNN
S203,0.20443846256117462,0.5693059339031207,0.21648789419345896,0.009767709342238352,ANN
S204,0.5785399286919233,0.2916841273627018,0.06153308466035882,0.06824285928501858,1D-CNN
S205,0.25029009428759647,0.436734690900551,0.16156470237341322,0.1514105124384266,ANN
S206,0.23306901852866618,0.2952040249106389,0.25094218656729667,0.2207847699933984,ANN
S207,0.295462176645062,0.24754400171502183,0.3434570229566808,0.11353679868324242,CNN-LSTM
S208,0.23733732068983548,0.16609980281154124,0.5340882422186618,0.062474634279957385,CNN-LSTM
S209,0.3053132888768195,0.12251174560545937,0.5346459524138443,0.03752901310387615,CNN-LSTM
S210,0.3026650546638589,0.34556635355764237,0.07382451446330714,0.27794407731519083,ANN
S211,0.24146228359121916,0.2687690398370154,0.1357980682945928,0.3539706082771729,GRU
S212,0.18481018386718567,0.19083918626135266,0.3324004662928482,0.29195016357860387,CNN-LSTM
S213,0.2092931065944971,0.22138235256695504,0.3904882882094216,0.1788362526291251,CNN-LSTM
S214,0.32874545322289767,0.4415952469669855,0.18388307731956388,0.04577622249055296,ANN
S215,0.14019364166056938,0.11592280452409544,0.6361489049305268,0.10773464888480519,CNN-LSTM
S216,0.23659186571765203,0.5777956950812114,0.1267418501000974,0.05887058910103874,ANN
S217,0.0611496342622549,0.017011941811674414,0.7281000547749077,0.19373836915116008,CNN-LSTM
S218,0.03428400222812855,0.6021731332598055,0.1201502318668096,0.2433926326452448,ANN
S219,0.5248589029487982,0.19658320847494432,0.08281459331967506,0.1957432952565841,1D-CNN
S220,0.23566185671337148,0.3046156720957635,0.278344494075125,0.18137797711573977,ANN
S221,0.19800811324800335,0.3091592018258975,0.386505440844126,0.10632724408198675,CNN-LSTM
S222,0.17937472182114356,0.3824108485961566,0.39373418424730494,0.04448024533538941,CNN-LSTM
S223,0.2081014878417241,0.3568691166576857,0.41443408411027627,0.020595311390311816,CNN-LSTM
S224,0.35887400208803033,0.04674391766224981,0.5724441436554177,0.021937936594317378,CNN-LSTM
S225,0.3761649056165651,0.3747439825386399,0.1221547989885932,0.12693631285620155,1D-CNN
S226,0.1310143504200513,0.7168750031526196,0.13860739679095868,0.013503249636370488,ANN
S227,0.5479984170580484,0.1301570287291485,0.27859494421124437,0.043249610001567705,1D-CNN
S228,0.08153391627544908,0.7073957314102968,0.20314862203633866,0.007921730277905869,ANN
S229,0.3458889410221625,0.14121141161928044,0.47395135357272006,0.03894829378583139,CNN-LSTM
S230,0.22489310691893794,0.5299964694210821,0.22142087122634332,0.023689552433642524,ANN
S231,0.15980040302051446,0.2456593887079435,0.5696202756972479,0.02491993257429422,CNN-LSTM
S232,0.3901465633144315,0.2157232102853228,0.3222060138427173,0.07192421255752987,1D-CNN
S233,0.20487395987988777,0.31993949347477696,0.414201959846378,0.06098458679895688,CNN-LSTM
S234,0.11876700363374025,0.08726270340769544,0.7687291454558848,0.025241147502676267,CNN-LSTM
S235,0.08864023655025742,0.17214971659494382,0.7145698717167028,0.024640175138090723,CNN-LSTM
S236,0.5139278812080551,0.10625280871837373,0.2035859346822731,0.17623337539128445,1D-CNN
S237,0.2817651681203224,0.3609430828126957,0.07663459896904166,0.2806571500979437,ANN
S238,0.11554573072293091,0.11836727487422684,0.16075618916057982,0.6053308052422601,GRU
S239,0.17226299575905923,0.12551954959124034,0.21130887892108474,0.4909085757286113,GRU
S240,0.284753468140868,0.25017136958600117,0.20838743882139535,0.2566877234517312,1D-CNN
S241,0.2565288105542097,0.14736723829661091,0.5122671902224017,0.08383676092678095,CNN-LSTM
S242,0.06976030370065958,0.7152271629050945,0.1949557820363507,0.02005675135789211,ANN
S243,0.14971103936053717,0.21021971260366432,0.6195409769436686,0.02052827109212885,CNN-LSTM
S244,0.7744129508111292,0.02194094773661507,0.18147480911974373,0.02217129233250784,1D-CNN
S245,0.08823166625453388,0.6666113584535697,0.12134692925136549,0.12381004604053034,ANN
S246,0.6043126538127367,0.12347312461402832,0.07631848591357004,0.1958957356596647,1D-CNN
S247,0.2285695662132921,0.3776307766656298,0.3025375246798757,0.09126213244119967,ANN
S248,0.14860188727048443,0.13472835078298617,0.5534735610690478,0.16319620087747602,CNN-LSTM
S249,0.46226907381627325,0.050705535365356075,0.25333446902748163,0.23369092179088916,1D-CNN
S250,0.6758257836362168,0.04472892721012095,0.04362005194898115,0.23582523720468357,1D-CNN
S251,0.1328377974618737,0.07694845755560081,0.0327787849794036,0.757434960003125,GRU
S252,0.2028792804182319,0.20104116766142746,0.11238754432092173,0.48369200759940245,GRU
S253,0.19928607584355942,0.2500909897598194,0.24305702177157254,0.3075659126250399,GRU
S254,0.09107787310725371,0.6227126807637459,0.23878948338324835,0.04741996274577131,ANN
S255,0.051286930625706544,0.5532614497175201,0.3700112110270415,0.025440408629729117,ANN
S256,0.40233592983606725,0.2225521738801178,0.2994526507179989,0.07565924556580539,1D-CNN
S257,0.23209368620021237,0.31420006557339214,0.12978335371423097,0.32392289451215417,GRU
S258,0.31271929314799674,0.11555301906080981,0.10935648599417248,0.46237120179702434,GRU
S259,0.08871395456346233,0.21002130332351107,0.326177926542107,0.3750868155709336,GRU
S260,0.2681362320893587,0.3145309579960544,0.2115952901311213,0.2057375197834662,ANN
S261,0.04477191015034001,0.22760640760054487,0.703139752142363,0.02448193010675283,CNN-LSTM
S262,0.7962130842498911,0.016120409629474777,0.14319469582639885,0.04447181029423531,1D-CNN
S263,0.20491590168523124,0.07634599603198322,0.10678408939635567,0.6119540128864323,GRU
S264,0.11308437671655891,0.5361134394529602,0.10093602031071142,0.24986616351976393,ANN
S265,0.20899243690115954,0.10687972344867715,0.35482666211522995,0.32930117753494575,CNN-LSTM
S266,0.1992341921336066,0.3405122830940089,0.17460195082774554,0.2856515739446381,ANN
S267,0.3581813555448226,0.22871798628143467,0.16024067320222593,0.2528599849715308,1D-CNN
S268,0.11031663866271264,0.2870600634008515,0.4923432591837082,0.11028003875272747,CNN-LSTM
S269,0.10344398004538936,0.018397120304165585,0.11828487959938704,0.7598740200510534,GRU
S270,0.025245505263296854,0.24700461466550822,0.0755399311063798,0.6522099489648152,GRU
S271,0.15925097229732343,0.35114065854906146,0.1665573754914704,0.3230509936621432,ANN
S272,0.22598152604984922,0.12044810168453345,0.4391582785936906,0.21441209367192482,CNN-LSTM
S273,0.22254847857325136,0.28492211790594424,0.22007000014059508,0.2724594033802048,ANN
S274,0.32046290350646217,0.08979460643634021,0.22155369003572797,0.36818880002146986,GRU
S275,0.1911663336818179,0.4257068770306688,0.14830686554287237,0.23481992374463803,ANN
S276,0.12738473706630987,0.421556789179673,0.2245969327918341,0.22646154096217821,ANN
S277,0.13570249725937242,0.44518301542888755,0.27185627052141215,0.14725821679033144,ANN
S278,0.18152540615440887,0.29522952795998764,0.39606838644963654,0.12717667943596606,CNN-LSTM
S279,0.10756264901626421,0.18075331157342828,0.671641739384341,0.04004230002596314,CNN-LSTM
S280,0.9115357076481189,0.020511826005565573,0.04782026784986915,0.02013219849644657,1D-CNN
S281,0.16744353253411726,0.27077202965668873,0.16991629799094343,0.39186813981825125,GRU
S282,0.11312102652518005,0.23845289672610212,0.19251583063098698,0.455910246117729,GRU
S283,0.2235809228305233,0.21199056923899695,0.2187778842705563,0.345650623659927,GRU
S284,0.21051980851074711,0.31365786164516035,0.22527102304804075,0.25055130679603244,ANN
S285,0.1390976441494156,0.13333644078276574,0.3477254297187046,0.3798404853490958,GRU
S286,0.04738207943165103,0.18857982369774,0.681694644944654,0.08234345192595655,CNN-LSTM
S287,0.8734488735245226,0.04881247558183714,0.062028638256464125,0.015710012637175134,1D-CNN
S288,0.9100601720437372,0.01461532838210683,0.05746910320533707,0.017855396368817916,1D-CNN
S289,0.06913570143649435,0.8934234706788886,0.014198603217295344,0.023242224667324184,ANN
S290,0.2777626932218376,0.16797184736363074,0.11088545919031426,0.4433800002242085,GRU
S291,0.2380747646945937,0.16566321441939655,0.1943544436153161,0.4019075772707143,GRU
S292,0.2514174886768224,0.31538024038615375,0.14747752609319617,0.28572474484383126,ANN
S293,0.31231043429637134,0.48868321394670355,0.07081290586909128,0.12819344588783124,ANN
S294,0.40836196426508065,0.18741811487650073,0.18691323750718333,0.21730668335122424,1D-CNN
S295,0.07768394001741219,0.08600868500550964,0.7478817850950461,0.08842558988203329,CNN-LSTM
S296,0.28031014914641256,0.2988449394815296,0.3734354151344197,0.047409496237633936,CNN-LSTM
S297,0.7204271914634608,0.16769585680965735,0.05811426483075859,0.05376268689612326,1D-CNN
S298,0.07369769860471641,0.2656596897605846,0.3004380518584163,0.3602045597762676,GRU
S299,0.36430434567559494,0.10026062552554016,0.10880400634186642,0.42663102245700474,GRU
S300,0.12767085314120633,0.11117253950711095,0.517967767243348,0.24318884010833383,CNN-LSTM
S301,0.2363616545472751,0.05538906162510441,0.3439266999183359,0.3643225839092815,GRU
S302,0.1797428995641421,0.04367951455362035,0.09635459781218236,0.6802229880700523,GRU
S303,0.3004356855217085,0.10387599237947776,0.12112442218171884,0.47456389991709175,GRU
S304,0.1621426278400961,0.11353897306034255,0.10234610426630199,0.621972294833258,GRU
S305,0.1799934857979579,0.16800391080368393,0.2868960061660844,0.3651065972322624,GRU
S306,0.14700312266404905,0.32843302274086245,0.32752816043884553,0.19703569415623404,ANN
S307,0.06414373691956085,0.2184257613454821,0.635771339663742,0.08165916207120939,CNN-LSTM
S308,0.377638845965089,0.337781423271151,0.25274649227402923,0.031833238489719196,1D-CNN
S309,0.6916372724672598,0.1215242559990729,0.15223079381684912,0.03460767771681741,1D-CNN
S310,0.24975464279839885,0.3194058744740511,0.1678861112087622,0.26295337151879605,ANN
S311,0.017249770584635594,0.0689711913074257,0.26530014659781886,0.6484788915101224,GRU
S312,0.08802619091611105,0.32673441532031194,0.1267576025371556,0.45848179122642446,GRU
S313,0.5163783905749876,0.08937400544634215,0.12834966836451203,0.2658979356141584,1D-CNN
S314,0.6339166015940342,0.035258241937486466,0.03921642501315809,0.29160873145531047,1D-CNN
S315,0.2151487777685544,0.12646159064708948,0.11447035055341788,0.5439192810309359,GRU
S316,0.10228827429171262,0.2597674439288813,0.45605089458960935,0.18189338718979703,CNN-LSTM
S317,0.10850010461042171,0.15181888854072537,0.4825935157655846,0.25708749108326806,CNN-LSTM
S318,0.13399210760824093,0.2087067830774639,0.4882138128241498,0.16908729649014542,CNN-LSTM
S319,0.02074807414013723,0.06312874664890307,0.8797414758884565,0.036381703322510964,CNN-LSTM
S320,0.07740848145914843,0.6840029977322738,0.2328439426067979,0.0057445782017798725,ANN
S321,0.45542287971746387,0.5068351402460842,0.03036493967998573,0.0073770403564663856,ANN
S322,0.2632758358767612,0.4767552549505017,0.25134847497210594,0.008620434200634023,ANN
S323,0.7109605761796952,0.07648995175485415,0.1815625677972977,0.030986904268151864,1D-CNN
S324,0.16252866472907185,0.39516133391505226,0.43285124334641967,0.009458758009453179,CNN-LSTM
S325,0.30118548238340426,0.11251863938650353,0.4304328074740357,0.1558630707560463,CNN-LSTM
S326,0.6804674299165542,0.08126681524629499,0.0471744411981279,0.19109131363902726,1D-CNN
S327,0.11989780677719139,0.45333372122113513,0.08426955052350557,0.34249892147815253,ANN
S328,0.03734562136775194,0.02036597177378073,0.016700588663898862,0.9255878181945673,GRU
S329,0.18673926856975134,0.1740270247284221,0.061983362678104656,0.5772503440237371,GRU
S330,0.14534980410768067,0.08103421207077162,0.04137433778363919,0.732241646037908,GRU
S331,0.28659494005282055,0.11318848279404074,0.045763427518628275,0.5544531496345062,GRU
S332,0.17488704160375124,0.3805678006003911,0.28708648237179335,0.15745867542406702,ANN
S333,0.14468778614513852,0.26049355980112354,0.5602390703773279,0.03457958367641017,CNN-LSTM
S334,0.309600430533472,0.1782091580282983,0.4234206837823345,0.08876972765590194,CNN-LSTM
S335,0.4740241208690869,0.19510046275195306,0.21958397374756305,0.11129144263139253,1D-CNN
S336,0.27610148612935104,0.18015063794322597,0.17594426756203468,0.36780360836538645,GRU
S337,0.08387777222323056,0.051666360542161775,0.3533349981087331,0.5111208691258743,GRU
S338,0.07953981170896261,0.10866890787908161,0.2943270072018493,0.5174642732100941,GRU
S339,0.44163684004158615,0.23664051631969776,0.02173793574701581,0.2999847078917004,1D-CNN
S340,0.3081103630927327,0.3861153433017654,0.11582886277217455,0.18994543083332935,ANN
S341,0.09697424195470054,0.6596830821167486,0.22833184205317758,0.015010833875372498,ANN
S342,0.11170941269322328,0.05404508576249606,0.16491203453652056,0.66933346700776,GRU
S343,0.08375129962918622,0.5506487454685266,0.34067017960828017,0.024929775294015022,ANN
S344,0.25566397767817667,0.18923724664730965,0.5173767147776654,0.037722060896856355,CNN-LSTM
S345,0.07154592216517419,0.6513092819020013,0.2529372974332927,0.02420749849953329,ANN
S346,0.33703969712719056,0.10251677482825208,0.23280618289768235,0.327637345146887,1D-CNN
S347,0.21414582174648505,0.2743665512715623,0.1656583155146576,0.3458293114673241,GRU
S348,0.06583659494584922,0.7943903398898688,0.08744015151219321,0.052332913652087976,ANN
S349,0.2537351970307284,0.2770608835232006,0.33716215325265075,0.13204176619341973,CNN-LSTM
S350,0.3157407461041561,0.3756162083354922,0.26540509469835455,0.04323795086199323,ANN
S351,0.44468807958552353,0.2031438355815198,0.1383290577233197,0.2138390271096326,1D-CNN
S352,0.19802523702362923,0.31880930093857257,0.24139427610922978,0.24177118592855956,ANN
S353,0.16512519993053879,0.07399952952984454,0.35123447961611454,0.40964079092349576,GRU
S354,0.149865203556899,0.16159158321785147,0.16898171622256028,0.5195614970026958,GRU
S355,0.2440984536912903,0.3179830543465994,0.16124640445206542,0.2766720875100432,ANN
S356,0.14304156340884605,0.18811960500199518,0.5632848673854747,0.10555396420368199,CNN-LSTM
S357,0.35732930124611645,0.26277853044363686,0.2947653129805439,0.08512685532971705,1D-CNN
S358,0.4152622801078225,0.14964710018608982,0.2165116278950895,0.2185789918110271,1D-CNN
S359,0.24690128880634224,0.21499626835486263,0.23914753400565228,0.2989549088331401,GRU
S360,0.1774112584919146,0.10515934908525616,0.14179671719202172,0.5756326752308072,GRU
S361,0.10127614884024305,0.20326657063677217,0.298227200960562,0.39723007956243606,GRU
S362,0.29260553761631203,0.23511155738779738,0.01273252603840287,0.4595503789574892,GRU
S363,0.057824432452351374,0.39160418390826696,0.006925835131569796,0.5436455485078268,GRU
S364,0.00725743859765775,0.5864297146100304,0.3904139621900988,0.015898884602213028,ANN
S365,0.3483162350559191,0.23024956191060839,0.38089065261529353,0.04054355041817712,CNN-LSTM
S366,0.23592242377015069,0.2379565465166608,0.41952343251160473,0.10659759720158614,CNN-LSTM
S367,0.3273064320088029,0.407630747912641,0.1852698323263629,0.0797929877522014,ANN
S368,0.17715700211407534,0.29998630563102124,0.12522596064482217,0.3976307316100858,GRU
S369,0.0898812797011043,0.17503509868582987,0.12017718986995371,0.6149064317431094,GRU
S370,0.22187437748483235,0.37690625496865443,0.22365031024234475,0.17756905730418165,ANN
S371,0.6291544561646705,0.058297217797925384,0.2244076664333422,0.08814065960405355,1D-CNN
S372,0.1952841202004727,0.08449688677166356,0.6012792434956,0.118939749532258,CNN-LSTM
S373,0.19433801488467925,0.28354565510929225,0.23599725932540996,0.2861190706806062,GRU
S374,0.21091925553444527,0.09263467062404585,0.249609785195359,0.44683628864614516,GRU
S375,0.16035865612768668,0.18179004923761705,0.3387805765528089,0.31907071808190385,CNN-LSTM
S376,0.49840434621446245,0.29600518648827134,0.026217849261240253,0.1793726180360245,1D-CNN
S377,0.008849966634004185,0.04129920249856867,0.0034007941564279612,0.9464500367109949,GRU
S378,0.11162614771669661,0.17257777301408742,0.16463219038284174,0.551163888886374,GRU
S379,0.15648051465890836,0.4750693499862784,0.243525206289802,0.12492492906500555,ANN
S380,0.1773488287302147,0.2975002922998638,0.39833873935767816,0.1268121396122351,CNN-LSTM
S381,0.07201939149478712,0.30498753176739524,0.5994665253111449,0.023526551426677377,CNN-LSTM
S382,0.14498592074201358,0.5242536892455549,0.3090689221257168,0.021691467886707314,ANN
S383,0.4231709840754445,0.24097822600013463,0.0877806637109154,0.24807012621349306,1D-CNN
S384,0.20779179213132043,0.517185779965055,0.11110592074896719,0.16391650715465728,ANN
S385,0.14915076791507922,0.15638709605751167,0.3983041156203735,0.29615802040703354,CNN-LSTM
S386,0.1521506724503413,0.4132118159779028,0.18910526347308623,0.24553224809866608,ANN
S387,0.13690174718937825,0.2816887092629085,0.42243902681309753,0.15897051673461904,CNN-LSTM
S388,0.07216635375092084,0.14514639268239418,0.7007617178391395,0.0819255357275446,CNN-LSTM
S389,0.23259212724173497,0.4586015567860029,0.24726075161208505,0.06154556436017606,ANN
S390,0.41812338093086554,0.24936771000005512,0.29091035998089254,0.04159854908819209,1D-CNN
S391,0.16205742184099267,0.08784049002293322,0.7337318802433078,0.016370207892756707,CNN-LSTM
S392,0.16737133420395492,0.6787288577993508,0.14292173581006104,0.01097807218663067,ANN
S393,0.19203600350042027,0.7653070771651225,0.034881950753955025,0.007774968580504289,ANN
S394,0.13578513309641443,0.46329240117675174,0.375113149445794,0.025809316281041498,ANN
S395,0.256120732533027,0.008288405343385192,0.07531748623988024,0.6602733758837155,GRU
S396,0.06408670437928614,0.332693665680327,0.027719856406394426,0.5754997735339908,GRU
S397,0.29036101454036395,0.20122712429269843,0.1323949367788708,0.37601692438807904,GRU
S398,0.33679289103481036,0.07233089645966044,0.06742012804570816,0.5234560844598091,GRU
S399,0.24824247352709922,0.29237960608516805,0.11309097510752761,0.3462869452802004,GRU
S400,0.37800145813534203,0.19495773386487625,0.31288010063465876,0.11416070736511003,1D-CNN
S401,0.2867096225130962,0.2397805927120407,0.3528356710775645,0.12067411369729482,CNN-LSTM
S402,0.1857288963374654,0.2925951289590717,0.44104649897275294,0.08062947573070928,CNN-LSTM
S403,0.24646273057755413,0.33555194970325924,0.4014747923739168,0.016510527345263974,CNN-LSTM
S404,0.09058654726571996,0.416718721920638,0.47876606628193935,0.013928664531697846,CNN-LSTM
S405,0.21310804615764428,0.15221975900810422,0.6160137035925711,0.01865849124169034,CNN-LSTM
S406,0.6726806773608305,0.07970615561812273,0.05383943373126388,0.19377373328978206,1D-CNN
S407,0.21591351051305788,0.35785486271829325,0.13066972883177003,0.2955618979368774,ANN
S408,0.17342549912355637,0.22234608793491623,0.2307575923682158,0.3734708205733113,GRU
S409,0.22510096845521743,0.26919437318050743,0.2914766361064363,0.2142280222578339,CNN-LSTM
S410,0.20291642396380272,0.28260564724590137,0.370220618085587,0.14425731070470804,CNN-LSTM
S411,0.1383308455384338,0.1197337225264102,0.6793194716172294,0.06261596031791558,CNN-LSTM
S412,0.09655946901550554,0.1838555836923526,0.7030550107806683,0.01652993651147296,CNN-LSTM
S413,0.8060463413516947,0.12169025351839574,0.04974741910125588,0.02251598602865432,1D-CNN
S414,0.3942244336562161,0.2125964617713995,0.3790921270630067,0.014086977509374196,1D-CNN
S415,0.632608738842392,0.12396434254400228,0.20199023941516936,0.04143667919843331,1D-CNN
S416,0.1688336235092056,0.7529505529064399,0.0512636138898372,0.026952209694510197,ANN
S417,0.21163115133508875,0.406863490669952,0.23119655318736013,0.1503088048075894,ANN
S418,0.11000138833610666,0.4006316359188066,0.430176703512281,0.0591902722328097,CNN-LSTM
S419,0.2961209273358222,0.2328814863429179,0.38140577380398943,0.08959181251726915,CNN-LSTM
S420,0.15784649722645308,0.30841792053935563,0.5032584595805948,0.03047712265359374,CNN-LSTM
S421,0.27404161458527476,0.10220284108520611,0.5151854092475575,0.10857013508196076,CNN-LSTM
S422,0.44807260434880875,0.5034532600414439,0.00884784449992036,0.03962629110982434,ANN
S423,0.2314881218418189,0.15838311431792443,0.08576299751848498,0.5243657663217817,GRU
S424,0.24026179471580206,0.4301041921031108,0.15530998727306713,0.17432402590802026,ANN
S425,0.21930690283768392,0.15942950989662416,0.4260854689139141,0.19517811835177654,CNN-LSTM
S426,0.2795937376508476,0.3957528671605463,0.27692917351914387,0.04772422166946197,ANN
S427,0.12782763567597022,0.14886681377149438,0.6980073295558573,0.025298220996667856,CNN-LSTM
S428,0.28387648647350455,0.20225836330974378,0.39267641326360053,0.12118873695315058,CNN-LSTM
S429,0.28296549405768556,0.6167816996123999,0.09417692074184675,0.00607588558806957,ANN
S430,0.021173177457594564,0.011828940793992274,0.9647363671550709,0.002261514593341112,CNN-LSTM
S431,0.72447463234932,0.0800213783141185,0.1427867210445092,0.05271726829205483,1D-CNN
S432,0.2499580241530366,0.37303366033695273,0.053279378171077245,0.32372893733893454,ANN
S433,0.0260342797029368,0.017951488444171573,0.022963787095077265,0.9330504447578093,GRU
S434,0.09425630984436255,0.031807327072528105,0.01652374495154124,0.8574126181315654,GRU
S435,0.08544050914629663,0.16924007116214476,0.03644053872541166,0.7088788809661467,GRU
S436,0.18000761538737003,0.5600343040681637,0.03781521220155106,0.2221428683429121,ANN
S437,0.14302502468429032,0.491202141664095,0.26647106569327295,0.09930176795834925,ANN
S438,0.49193566356437834,0.16162212496523792,0.20657323210508846,0.13986897936529466,1D-CNN
S439,0.3353179797150965,0.2714993537268249,0.19712145029708258,0.19606121626100306,1D-CNN
S440,0.12665304955357098,0.06678642634917996,0.2840525712781182,0.5225079528191404,GRU
S441,0.503211420472952,0.03249034487421455,0.08712586597798457,0.37717236867483483,1D-CNN
S442,0.18587706770592755,0.14668198780079064,0.0922149738281381,0.5752259706651406,GRU
S443,0.07637565902616364,0.05181968455583402,0.04176325796094506,0.8300413984570566,GRU
S444,0.19747397059463748,0.24525968705279,0.09250853509046991,0.46475780726210264,GRU
S445,0.11106272298244486,0.6123043122043533,0.08418947001199505,0.19244349480120562,ANN
S446,0.09290880432338355,0.8135173809499322,0.04511622703906058,0.04845758768762218,ANN
