Segment,1D-CNN,ANN,CNN-LSTM,GRU,Selected
S1,0.15595743459524383,0.12557550229432216,0.6006511040686967,0.11781595904174137,CNN-LSTM
S2,0.5623569043945598,0.19534476704135495,0.11987304171637646,0.12242528684770822,1D-CNN
S3,0.1931328484295155,0.2757731601418227,0.2646745043932931,0.2664194870353722,ANN
S4,0.17723584300766954,0.39140195154021007,0.2560380700602309,0.17532413539189065,ANN
S5,0.19841678319084466,0.1311599745474442,0.5195169183967836,0.15090632386492744,CNN-LSTM
S6,0.384789125533459,0.12337274614967732,0.26565863909218684,0.2261794892246742,1D-CNN
S7,0.11755817977945696,0.09087051614173036,0.27769006884443065,0.5138812352343785,GRU
S8,0.1419444145949614,0.09464852636120172,0.05249968620599317,0.7109073728378431,GRU
S9,0.1779281365767099,0.16857371540979182,0.18050168580083295,0.47299646221266545,GRU
S10,0.20389947873081168,0.308646550159511,0.19849724129312155,0.28895672981655535,ANN
S11,0.1439788947493542,0.7326075122352346,0.07259120118514704,0.05082239183026233,ANN
S12,0.12480828960919028,0.5202297115180927,0.28625352741436577,0.0687084714583544,ANN
S13,0.0479936777216161,0.16056001825635383,0.7738898545180829,0.017556449503946633,CNN-LSTM
S14,0.386533222457938,0.17167649066511353,0.3562936533883212,0.08549663348862656,1D-CNN
S15,0.4060899859633913,0.14228828364167023,0.08573892166220516,0.36588280873273554,1D-CNN
S16,0.35620328738633944,0.23102981280815305,0.12479488978800676,0.28797201001750455,1D-CNN
S17,0.23332865391870775,0.2165095395845276,0.2548640434974292,0.29529776299933563,GRU
S18,0.24059237783417764,0.23379581701329022,0.3046555761319105,0.22095622902062115,CNN-LSTM
S19,0.2945395360371093,0.21649816240743636,0.3268413507267794,0.16212095082867498,CNN-LSTM
S20,0.19880143247038343,0.07083830315121463,0.669207682096446,0.06115258228195514,CNN-LSTM
S21,0.5044156767237453,0.06248472492993474,0.40109438888816895,0.032005209458147485,1D-CNN
S22,0.5724995356149462,0.2852920729723083,0.08270925825455201,0.0594991331581933,1D-CNN
S23,0.22838689395481326,0.45747732595580487,0.16127413379769828,0.15286164629167992,ANN
S24,0.37348427808286194,0.09354979723215807,0.05475345612134721,0.4782124685636301,GRU
S25,0.25942553052651923,0.2687531594083192,0.11595718192260633,0.35586412814255874,GRU
S26,0.24189544906123453,0.2058069553934772,0.15101623078055454,0.40128136476473225,GRU
S27,0.23162353798965923,0.43567918695711183,0.18132781998793485,0.15136945506529426,ANN
S28,0.20729969796785816,0.41185667575347035,0.298548994541119,0.08229463173754936,ANN
S29,0.2737562349283155,0.13344880336074672,0.560933023513663,0.031861938197273704,CNN-LSTM
S30,0.04686043063577675,0.27407694240046665,0.657095283394622,0.02196734356913379,CNN-LSTM
S31,0.7667369566065999,0.12071207116303034,0.08357431722253132,0.028976655007838168,1D-CNN
S32,0.4661817826112885,0.27450446521874666,0.2062050916412202,0.05310866052874356,1D-CNN
S33,0.1549828714108822,0.10357988064617721,0.5375038943182279,0.20393335362470882,CNN-LSTM
S34,0.5402582085882892,0.08884102557707341,0.07450059280967619,0.2964001730249602,1D-CNN
S35,0.12986456839825514,0.3291372423193939,0.2130113659261549,0.3279868233561959,ANN
S36,0.16629299937506722,0.11321777267522379,0.545857411759159,0.1746318161905481,CNN-LSTM
S37,0.4228501578067024,0.08219142240050921,0.3532679377087106,0.14169048208407473,1D-CNN
S38,0.28740089271215036,0.18282329525431137,0.08647136975555843,0.4433044422779832,GRU
S39,0.195500958476177,0.12742836369499158,0.10180121816596781,0.5752694596628636,GRU
S40,0.2182842627549658,0.180808220265648,0.21995415518263334,0.3809533617967504,GRU
S41,0.21977654250642845,0.24662200360249667,0.29238730971539906,0.24121414417568035,CNN-LSTM
S42,0.1983979458837764,0.6671284965924826,0.08907750290198524,0.045396054621758074,ANN
S43,0.2971567299987965,0.41370191558141034,0.1836089499988135,0.10553240442097947,ANN
S44,0.22923324862859856,0.22815146147506013,0.45435535232220126,0.08825993757413972,CNN-LSTM
S45,0.6467105355146121,0.07995909934659276,0.17670958856582752,0.09662077657296764,1D-CNN
S46,0.2890162259961649,0.2737674551186688,0.14139294111747194,0.29582337776769396,GRU
S47,0.21132205048304434,0.311672303115641,0.17640406194550037,0.3006015844558135,ANN
S48,0.2220523160359546,0.16483610685185038,0.26672195452268627,0.34638962258951034,GRU
S49,0.26817115975627237,0.23751901257954802,0.2674009082344184,0.22690891942976107,1D-CNN
S50,0.3475181210970123,0.14425198754464205,0.1770736470973208,0.33115624426102835,1D-CNN
S51,0.0857753798545386,0.14325788385373783,0.5853058740996234,0.18566086219210035,CNN-LSTM
S52,0.2218215442174568,0.3824279950884148,0.196321069810903,0.1994293908832253,ANN
S53,0.15823886333004472,0.2523657830460335,0.3986126748242498,0.1907826787996766,CNN-LSTM
S54,0.17244863579409891,0.2077350193954305,0.44077403672023485,0.17904230809023902,CNN-LSTM
S55,0.023892901717021832,0.023707418971713315,0.9355502125513132,0.01684946675995234,CNN-LSTM
S56,0.6281512494010054,0.09311389506471072,0.15463225347186338,0.12410260206241953,1D-CNN
S57,0.6065657684789071,0.020309183234750942,0.11415446971257714,0.2589705785737632,1D-CNN
S58,0.40379855224311356,0.022691448502181695,0.08478866807351235,0.4887213311811915,GRU
S59,0.2009815510783739,0.05285365771256479,0.4289483127697473,0.3172164784393143,CNN-LSTM
S60,0.22946588797624695,0.37517554185191737,0.12126737463850983,0.27409119553332567,ANN
S61,0.3482752894426094,0.10326180012999454,0.033520262176419666,0.5149426482509772,GRU
S62,0.14360767209405434,0.08295104273113146,0.11182789972913838,0.6616133854456735,GRU
S63,0.05517789439200683,0.7142237169276581,0.05799527507410015,0.17260311360623498,ANN
S64,0.028319492765063285,0.0879672057980812,0.016524868726283833,0.8671884327105718,GRU
S65,0.09496691518429111,0.26595146775480094,0.5412620658511327,0.09781955120977472,CNN-LSTM
S66,0.25326600030448077,0.35196581186413106,0.27030726402658695,0.12446092380479977,ANN
S67,0.5561645785415835,0.21093323741847397,0.1734780315480148,0.05942415249192778,1D-CNN
S68,0.14256430696415906,0.14740135533158324,0.02757348218761314,0.6824608555166441,GRU
S69,0.19797282331957086,0.48241980733252476,0.16094214139109086,0.1586652279568116,ANN
S70,0.30571159653355506,0.2657753564565362,0.19684496018793962,0.23166808682196657,1D-CNN
S71,0.3027985045031403,0.24368336854316983,0.2639636468198924,0.18955448013379778,1D-CNN
S72,0.2128890424524697,0.28700512256176314,0.3892411234884063,0.11086471149736456,CNN-LSTM
S73,0.5430522944268484,0.08586484460305958,0.2892600234335986,0.08182283753649347,1D-CNN
S74,0.2841994888934037,0.4175249508287805,0.1333680640399688,0.16490749623784517,ANN
S75,0.18920221573751886,0.22279619300602335,0.1282394468078539,0.45976214444860736,GRU
S76,0.24211109328163885,0.17834860884544265,0.19266403396655885,0.3868762639063597,GRU
S77,0.2609019597998843,0.22408491265497302,0.24312889461551415,0.2718842329296293,GRU
S78,0.9920440568052195,0.003430562338129101,0.0007946688717546785,0.003730711984896762,1D-CNN
S79,0.37952262276665116,0.13760215778824256,0.06937615896585946,0.41349906047924656,GRU
S80,0.11408088872919755,0.509330087153423,0.27681561327311877,0.09977341084426318,ANN
S81,0.2008419117114314,0.20707970132101694,0.39962533520620347,0.19245305176134817,CNN-LSTM
S82,0.259272284020648,0.1722071968640661,0.3296539776279236,0.23886654148736863,CNN-LSTM
S83,0.48101251093533454,0.1735827091617279,0.20186014817683948,0.1435446317260976,1D-CNN
S84,0.36195174221257337,0.2048123398000235,0.2568805378856785,0.17635538010172455,1D-CNN
S85,0.24526242594505576,0.1649230627650871,0.4292814954173865,0.1605330158724734,CNN-LSTM
S86,0.46359462514162963,0.05349497546789484,0.19565620456783142,0.2872541948226381,1D-CNN
S87,0.20994836929765096,0.2474427020776235,0.2659283154390715,0.2766806131856557,GRU
S88,0.18559251470601545,0.28144594984555243,0.1916543476783247,0.3413071877701074,GRU
S89,0.198972211575713,0.21579165758374877,0.2806177372761429,0.304618393564392,GRU
S90,0.05138565867725614,0.059071627206074034,0.05283604174955354,0.836706672367116,GRU
S91,0.07454462705572787,0.15066234771248765,0.6493207133669252,0.12547231186485922,CNN-LSTM
S92,0.22843196547157818,0.27046971040157414,0.32219448695325864,0.17890383717358907,CNN-LSTM
S93,0.1679413068139297,0.14401133685329814,0.3845944674440398,0.303452888888731,CNN-LSTM
S94,0.3954107264875457,0.3249488592291698,0.16811071143449563,0.1115297028487885,1D-CNN
S95,0.4497528868956395,0.07240917732329034,0.3811076477588649,0.09673028802220157,1D-CNN
S96,0.4737640018160401,0.20438803483261822,0.1800858565037012,0.14176210684763949,1D-CNN
S97,0.33417108115026334,0.2872955151787802,0.15036254026011434,0.22817086341083972,1D-CNN
S98,0.305073117136237,0.17079613808487126,0.1270818052501462,0.39704893952874504,GRU
S99,0.17996253114669022,0.33977972472747575,0.19427452219486493,0.285983221930969,ANN
S100,0.16271774270708,0.5810645114277224,0.10469910279960497,0.15151864306559049,ANN
S101,0.3179920210192552,0.1591182585326505,0.06959088526602566,0.4532988351820686,GRU
S102,0.03270258284759059,0.04810315438703925,0.47646679466033814,0.4427274681050326,CNN-LSTM
S103,0.11567182223444863,0.15923256081962683,0.6395297126285954,0.08556590431732888,CNN-LSTM
S104,0.27128892347150696,0.2770473134393354,0.28586002595765997,0.16580373713149246,CNN-LSTM
S105,0.5980327536113696,0.22293359842862745,0.06673184562326008,0.1123018023367431,1D-CNN
S106,0.5923592388861884,0.2569277457775457,0.060891244787629,0.08982177054863577,1D-CNN
S107,0.1389572131111428,0.20831645648142252,0.16052997734399294,0.4921963530634418,GRU
S108,0.2744055908806629,0.18043637978006297,0.28847265611794515,0.2566853732213288,CNN-LSTM
S109,0.28563676138305727,0.2913589362392897,0.20624706147903202,0.21675724089862022,ANN
S110,0.12156029376527692,0.29683769439097907,0.4268717477428248,0.15473026410091412,CNN-LSTM
S111,0.12158645180970772,0.2428367561753727,0.562464835237791,0.07311195677712866,CNN-LSTM
S112,0.12230859626734548,0.0560017542795633,0.7594041541135725,0.06228549533951878,CNN-LSTM
S113,0.19618203141827206,0.14067102042877355,0.33354571462550336,0.3296012335274522,CNN-LSTM
S114,0.1228563757080262,0.18461300574913736,0.5328299847986248,0.15970063374421162,CNN-LSTM
S115,0.3852430842106375,0.09705463648276684,0.29005128357765014,0.22765099572894543,1D-CNN
S116,0.2916025374017215,0.4064410949643611,0.18878324310964748,0.11317312452427096,ANN
S117,0.2992414806129613,0.2630159607095692,0.3487366923920481,0.08900586628542012,CNN-LSTM
S118,0.22559338714208055,0.5137735751763977,0.1985088390839384,0.06212419859758427,ANN
S119,0.22778731376132003,0.4754109038447808,0.19227642626043032,0.1045253561334663,ANN
S120,0.23614654587865827,0.2639990378325167,0.4215998438899525,0.07825457239887192,CNN-LSTM
S121,0.11021110815283597,0.15632899557633553,0.6973538235792297,0.03610607269159781,CNN-LSTM
S122,0.30384750091465706,0.3173760222691403,0.3235903487192305,0.05518612809697328,CNN-LSTM
S123,0.330006674732424,0.46643146550978865,0.11988718481319892,0.08367467494458576,ANN
S124,0.07209589414388766,0.04400653495264702,0.03333508970634901,0.8505624811971134,GRU
S125,0.1766284868161314,0.0729293439939157,0.23497041494302448,0.5154717542469277,GRU
S126,0.15195041770815712,0.08614163223747989,0.07161433384165178,0.6902936162127111,GRU
S127,0.14583199458728957,0.1989261298062589,0.044541746069250765,0.6107001295371992,GRU
S128,0.15180333809468705,0.15986938621156746,0.20659802523210044,0.48172925046165094,GRU
S129,0.2585573608068559,0.17566997097491988,0.26958710581634804,0.29618556240187505,GRU
S130,0.32448814599622244,0.07872877827360107,0.0695221132180414,0.5272609625121351,GRU
S131,0.25162368737871504,0.203405974269433,0.14021615641923055,0.40475418193262,GRU
S132,0.2277959095235469,0.2963640578341323,0.2907322037329811,0.18510782890933952,ANN
S133,0.17861909228784478,0.2281742414904353,0.46913083150381485,0.12407583471790402,CNN-LSTM
S134,0.1810838579890037,0.2696896064687047,0.492277290555494,0.05694924498679944,CNN-LSTM
S135,0.20489436518305768,0.15965536609540215,0.5439650144660879,0.09148525425545236,CNN-LSTM
S136,0.2764868525889011,0.13659767350177568,0.37127646614168386,0.21563900776763884,CNN-LSTM
S137,0.2654070923019506,0.047696847918664215,0.15109172871979015,0.5358043310595977,GRU
S138,0.10650371404275638,0.1601626010073983,0.16912926174090814,0.5642044232089374,GRU
S139,0.1901622649888762,0.25548228734748213,0.13520477598956904,0.4191506716740711,GRU
S140,0.2881510342569828,0.21212359085276122,0.1921815942858955,0.3075437806043616,GRU
S141,0.302910905107049,0.250112291944002,0.20132870804774694,0.24564809490120104,1D-CNN
S142,0.2733717422145072,0.24661539423656334,0.3479986111333556,0.13201425241557374,CNN-LSTM
S143,0.20098507346706299,0.18272592545994754,0.3989376604463758,0.21735134062661327,CNN-LSTM
S144,0.24733992633124313,0.30130322418183375,0.21162102893783372,0.23973582054908849,ANN
S145,0.2252238213302314,0.21501411040137733,0.28983977522935295,0.2699222930390412,CNN-LSTM
S146,0.23570748175891434,0.26353142343358676,0.33155138167704173,0.16920971313045713,CNN-LSTM
S147,0.14494536325648052,0.4241012883452741,0.36100578773482234,0.06994756066342322,ANN
S148,0.506997428355759,0.08048891598493706,0.3152037867944114,0.09730986886488895,1D-CNN
S149,0.25314968995006926,0.29097181238556075,0.25802756620417283,0.1978509314601973,ANN
S150,0.2280445938853335,0.15035404692465273,0.0972775264272907,0.5243238327627232,GRU
S151,0.25070985233482135,0.149519593397896,0.25240163149182243,0.34736892277546094,GRU
S152,0.1650703804894259,0.22157950334762347,0.2132276822363741,0.4001224339265777,GRU
S153,0.20455901205601748,0.4300038295880903,0.1672208719757562,0.19821628638013256,ANN
S154,0.4910346784106121,0.2685034090136674,0.12175962304779804,0.11870228952792321,1D-CNN
S155,0.32500629065626185,0.32403927472406474,0.12842598213459386,0.22252845248508138,1D-CNN
S156,0.1444357883587943,0.5823111793099056,0.1607961106926893,0.11245692163861169,ANN
S157,0.21213284897888746,0.19803731265121502,0.4305989892178441,0.15923084915205632,CNN-LSTM
S158,0.11022258576093626,0.21600966450373035,0.6070747978709432,0.06669295186438948,CNN-LSTM
S159,0.12131591204558571,0.4024616343524554,0.420760549772233,0.05546190382972335,CNN-LSTM
S160,0.2246571100617767,0.29915647261896333,0.1673041554304529,0.30888226188880097,GRU
S161,0.055569872473495104,0.03117427467834485,0.01347514105207692,0.8997807117960792,GRU
S162,0.1081815645504251,0.199045732392688,0.11490125552617407,0.5778714475307128,GRU
S163,0.18068318846466738,0.2593500626662241,0.17825716343040526,0.3817095854387032,GRU
S164,0.29632763353134706,0.24636325800649303,0.19524559300179345,0.26206351546036444,1D-CNN
S165,0.19353587982606832,0.5177288575036101,0.2162209788848334,0.07251428378548752,ANN
S166,0.09263382575467011,0.17295754141485858,0.694865126559019,0.03954350627145169,CNN-LSTM
S167,0.5202506820764418,0.13188457558280198,0.20982648892442568,0.13803825341633064,1D-CNN
S168,0.22084657220562703,0.2067093467601715,0.09589484847036238,0.4765492325638434,GRU
S169,0.2188801021739782,0.10903221923653668,0.11528136108027136,0.5568063175092128,GRU
S170,0.15311984337678652,0.1622717040914285,0.3933454572102686,0.2912629953215207,CNN-LSTM
S171,0.3529834877487812,0.18072367078689697,0.16234798699809616,0.30394485446622815,1D-CNN
S172,0.22286305129736114,0.10567760511701127,0.06797557423803552,0.6034837693475931,GRU
S173,0.17428000204847494,0.24608166701008485,0.38206086874096573,0.19757746220046926,CNN-LSTM
S174,0.32761057436996305,0.11822352478664445,0.34180411873425776,0.21236178210913662,CNN-LSTM
S175,0.23476791901358482,0.1925619498812323,0.3171409185314996,0.25552921257368316,CNN-LSTM
S176,0.29358101886259147,0.3136954986165246,0.11483266609442601,0.2778908164264567,ANN
S177,0.5412969755463473,0.10128981634134622,0.10932115397549418,0.24809205413681107,1D-CNN
S178,0.06341587203622205,0.0464970235228289,0.08514787642325461,0.804939228017695,GRU
S179,0.059525163855917315,0.102973444697108,0.04703736748553874,0.7904640239614359,GRU
S180,0.15748705458191872,0.446617416437488,0.029582845604265235,0.36631268337632655,ANN
S181,0.1778610353312431,0.47673481460464245,0.09240000852327392,0.25300414154084083,ANN
S182,0.1521211726161078,0.39508837279983766,0.22027114968409547,0.2325193048999602,ANN
S183,0.13765876746529654,0.18546714591526114,0.6417990383842066,0.03507504823523406,CNN-LSTM
S184,0.3428495558348214,0.4128139747118475,0.14013582300374058,0.10420064644959057,ANN
S185,0.3610595628783288,0.3317474518029863,0.22186060984628833,0.08533237547239593,1D-CNN
S186,0.39060991799343114,0.15514506934626507,0.17379808514572448,0.2804469275145803,1D-CNN
S187,0.20663364393122347,0.24403662724585778,0.3604421473104617,0.18888758151245627,CNN-LSTM
S188,0.2609976065977761,0.3213062104668894,0.24391763288392793,0.17377855005140666,ANN
S189,0.16278402586848834,0.26210963982093916,0.3474911327464142,0.2276152015641583,CNN-LSTM
S190,0.19241879532314776,0.3470421199801916,0.3465700058278756,0.11396907886878417,ANN
S191,0.25802350453863726,0.18522749552915807,0.4456484534129013,0.11110054651930852,CNN-LSTM
S192,0.2244066817436911,0.2859025980949256,0.4297519592967097,0.05993876086467241,CNN-LSTM
S193,0.26476109284948285,0.35927652040971797,0.30785508116946747,0.06810730557133193,ANN
S194,0.5095701324329166,0.15390476235972586,0.06089868307867994,0.27562642212867283,1D-CNN
S195,0.10733539539850051,0.07603807233874448,0.0585411426672104,0.7580853895955453,GRU
S196,0.13509737030878843,0.16496026847198836,0.1138326618561943,0.586109699363029,GRU
S197,0.1966454472353911,0.3713674821615149,0.15759745789279858,0.27438961271029655,ANN
S198,0.27220204959474076,0.32118974555727225,0.2409297367150161,0.16567846813297107,ANN
S199,0.19783054227061683,0.2813089522420177,0.4341545435178545,0.08670596196951108,CNN-LSTM
S200,0.28564937831786275,0.18769232955256865,0.33345637469120476,0.19320191743836265,CNN-LSTM
S201,0.10152158999558175,0.6682296989891298,0.20080210849133198,0.029446602523953553,ANN
S202,0.43248568477574806,0.18521546281520473,0.3157926087736249,0.06650624363542307,1D-CNN
S203,0.20734220660714087,0.47183118749358527,0.2909324029280585,0.029894202971212994,ANN
S204,0.468072495945829,0.2826979130069428,0.09471265248419022,0.15451693856303875,1D-CNN
S205,0.23965271696715884,0.3554308934203439,0.17758839861939496,0.227327990993099,ANN
S206,0.2265337872128548,0.2646127004771025,0.24755219992200111,0.26130131238804155,ANN
S207,0.27337191128939703,0.2504398838112461,0.3104611636582107,0.1657270412411479,CNN-LSTM
S208,0.26782119183305214,0.19428347065002569,0.43194075568614426,0.10595458183077684,CNN-LSTM
S209,0.4315922277922433,0.14720746671811474,0.3567091929941707,0.06449111249547107,1D-CNN
S210,0.2685882810111967,0.2722183592420861,0.07377925992499841,0.3854140998217187,GRU
S211,0.2369323023582131,0.26064566351895313,0.14590956316273787,0.356512470960096,GRU
S212,0.21175959253527693,0.21154354262026404,0.3004056247427555,0.27629124010170103,CNN-LSTM
S213,0.21583341322753938,0.23043051922902955,0.369872096003616,0.18386397153981485,CNN-LSTM
S214,0.35503718266760864,0.3904553163928895,0.18204646001785144,0.07246104092165044,ANN
S215,0.23007991427449437,0.13514116143246718,0.3848419638174782,0.24993696047555947,CNN-LSTM
S216,0.2281609675652034,0.4545114510682601,0.15113008363759858,0.16619749772893788,ANN
S217,0.145318957441816,0.05224472049726429,0.574523761473365,0.2279125605875539,CNN-LSTM
S218,0.09642194176603636,0.47341673960489383,0.20857082326003304,0.22159049536903316,ANN
S219,0.43541999356103256,0.19447840808597047,0.10200097584514427,0.268100622507853,1D-CNN
S220,0.24557528106198406,0.2659841622215948,0.23352687313286688,0.2549136835835544,ANN
S221,0.20477364441689203,0.28023766759745206,0.331181266269482,0.18380742171617764,CNN-LSTM
S222,0.20058666819004067,0.3445655210727408,0.35089689176375255,0.10395091897346433,CNN-LSTM
S223,0.2282532608505143,0.3765959827853114,0.3381820615649027,0.05696869479927081,ANN
S224,0.434414712320259,0.07551378193902372,0.42808301774485724,0.061988487995865,1D-CNN
S225,0.3297007267905794,0.29047482258147306,0.11493299491758444,0.2648914557103632,1D-CNN
S226,0.1907798042677551,0.5451551261403661,0.20548070861297404,0.05858436097890485,ANN
S227,0.40898473721506856,0.16288270645183825,0.30356149715111225,0.12457105918198377,1D-CNN
S228,0.12242776409852388,0.5949926042229101,0.2429048593086117,0.03967477236995074,ANN
S229,0.35195481365712095,0.17162566755914402,0.36030176307072576,0.11611775571300761,CNN-LSTM
S230,0.265499047742977,0.45617738069962566,0.19568697864546808,0.08263659291193115,ANN
S231,0.20070782649561608,0.2821012645445248,0.43063162124322063,0.08655928771663844,CNN-LSTM
S232,0.33671858355259804,0.2306815611604827,0.28732729863362044,0.14527255665329916,1D-CNN
S233,0.2291218190150491,0.31912545064889436,0.33069366044713855,0.1210590698889177,CNN-LSTM
S234,0.1818242462082604,0.1480698229572071,0.5912398865795757,0.07886604425495573,CNN-LSTM
S235,0.10666004404145513,0.177837045925494,0.6714507920265783,0.044052118006471117,CNN-LSTM
S236,0.4810106934582641,0.12044973119884556,0.20745533384271408,0.19108424150017253,1D-CNN
S237,0.27145600515743856,0.331745156459968,0.08916170753329808,0.3076371308492963,ANN
S238,0.15337046647835026,0.1726131313626711,0.1959838294168088,0.4780325727421694,GRU
S239,0.2243837655861141,0.16086510497410167,0.23870421183058704,0.37604691760919595,GRU
S240,0.2734291673138565,0.25839486657343325,0.2286423435722379,0.2395336225404712,1D-CNN
S241,0.3612672087957271,0.1800938254727335,0.32964237506826777,0.1289965906632727,1D-CNN
S242,0.09577655426052441,0.7028895646631501,0.15823992503981682,0.04309395603650774,ANN
S243,0.14512906753728994,0.19122028064265337,0.6168923662721977,0.04675828554785863,CNN-LSTM
S244,0.6359636384994328,0.04798458504945151,0.24238964781557312,0.07366212863554118,1D-CNN
S245,0.12705053516933945,0.5230576208988494,0.1222376100556072,0.22765423387620362,ANN
S246,0.3865178566519415,0.12344587357587831,0.10482198502421372,0.3852142847479665,1D-CNN
S247,0.23939199831436944,0.3350661480741789,0.2792801115723326,0.14626174203911818,ANN
S248,0.15466603186601355,0.17773307328226548,0.5161069631218644,0.15149393172985498,CNN-LSTM
S249,0.4211949832898171,0.06639244892134888,0.31988377350372943,0.19252879428510444,1D-CNN
S250,0.6927869010302251,0.05612302246540674,0.06671765734821276,0.18437241915615607,1D-CNN
S251,0.18039898720580116,0.10989943462309669,0.06772597643614577,0.6419756017349574,GRU
S252,0.22261497395211782,0.2329358728956605,0.1503402538364894,0.39410889931572785,GRU
S253,0.2129065004722074,0.25420020111036995,0.25407468640535025,0.2788186120120704,GRU
S254,0.10896870373359628,0.5804135459126545,0.24467953872584555,0.06593821162790868,ANN
S255,0.07549504334706719,0.5578914385054181,0.3212952622733922,0.04531825587412152,ANN
S256,0.38501513491854417,0.21599299384212672,0.25966616482213895,0.1393257064171874,1D-CNN
S257,0.18509699922370682,0.23642037915394987,0.1320250123866407,0.4464576092357002,GRU
S258,0.3116020013108589,0.14792197732819024,0.12221738149686627,0.4182586398640854,GRU
S259,0.1532523124075121,0.2574165448006167,0.2818296614585751,0.30750148133329996,GRU
S260,0.2549937073425926,0.27856738794509434,0.23936303787507676,0.2270758668372366,ANN
S261,0.07112044835400311,0.24569563234026362,0.6370855864719639,0.04609833283376946,CNN-LSTM
S262,0.7561143460563594,0.024394906079496403,0.16093062451511816,0.05856012334902604,1D-CNN
S263,0.18798462126092408,0.0840051754190482,0.1081468758271666,0.6198633274928619,GRU
S264,0.12819808705774616,0.4997162503766867,0.12281430951960737,0.2492713530459584,ANN
S265,0.241722408419705,0.12428990511597432,0.3686767119071373,0.2653109745571867,CNN-LSTM
S266,0.22770577173263037,0.3280002620341012,0.21128999719785632,0.23300396903541182,ANN
S267,0.35178932285623116,0.21450368743419312,0.20924967570430636,0.22445731400527283,1D-CNN
S268,0.13402727664410355,0.2723988032406055,0.45989466385026584,0.13367925626502503,CNN-LSTM
S269,0.25354785317957973,0.04884861765670538,0.15904847523379906,0.5385550539299142,GRU
S270,0.07429499456487137,0.3209533443221395,0.1121744308367932,0.4925772302761959,GRU
S271,0.1800007795268706,0.3151824763608431,0.21308311015150957,0.2917336339607763,ANN
S272,0.23275250843330794,0.1449394930403906,0.45774155109760023,0.1645664474287008,CNN-LSTM
S273,0.23868650404297154,0.3261276941200238,0.24795463376212667,0.187231168074877,ANN
S274,0.28619585818034365,0.11531155108714997,0.2428013930000168,0.35569119773248953,GRU
S275,0.1959312530785904,0.36712738640987386,0.1472075810613195,0.2897337794502155,ANN
S276,0.15257427563014492,0.3902529748968963,0.22047132571203895,0.2367014237609188,ANN
S277,0.1676961855785469,0.4068372604423664,0.2648730989133088,0.16059345506577877,ANN
S278,0.2531969980738214,0.3086356977963232,0.27190088332431256,0.16626642080554255,ANN
S279,0.11857338730085078,0.1807828560096523,0.6474580915500945,0.05318566513940148,CNN-LSTM
S280,0.9047073732078461,0.02375091853209138,0.04979956208832658,0.021742146171736018,1D-CNN
S281,0.18063552750161407,0.30879351649146614,0.16297010409773496,0.34760085190918505,GRU
S282,0.14798579754402982,0.26626970964674745,0.1943823504026386,0.39136214240658357,GRU
S283,0.2305131588298161,0.217774794890647,0.24190881568467035,0.3098032305948674,GRU
S284,0.21708595173208586,0.3064417199093685,0.2410162928292749,0.23545603552926594,ANN
S285,0.29769822113728545,0.13923483987310292,0.17925978530208195,0.3838071536875256,GRU
S286,0.1078670834799958,0.21882951645843732,0.5304723200543151,0.14283108000725242,CNN-LSTM
S287,0.7595609050366265,0.07759478169026418,0.12014511260634929,0.04269920066675951,1D-CNN
S288,0.835822223319901,0.02728424759385966,0.10057032866401414,0.03632320042222486,1D-CNN
S289,0.06856193409777493,0.8851870845355342,0.017830244371750147,0.02842073699494134,ANN
S290,0.2670258220949643,0.18412899971117036,0.11957490532350233,0.4292702728703608,GRU
S291,0.23082370968146787,0.2132870394475274,0.203617347213909,0.35227190365710104,GRU
S292,0.24333482448285407,0.29725831743986403,0.19064609591440027,0.26876076216288264,ANN
S293,0.31154220262287063,0.43581122957641816,0.11562027499100076,0.13702629280970968,ANN
S294,0.5092141578057477,0.17323341372642334,0.10492562069634098,0.21262680777148554,1D-CNN
S295,0.16479908639518218,0.17762164538963396,0.47582371977109883,0.1817555484440852,CNN-LSTM
S296,0.3221064814622992,0.3226450808871691,0.27879772980784817,0.07645070784268247,ANN
S297,0.588387806307045,0.2080969041346653,0.09253825146830578,0.11097703808998394,1D-CNN
S298,0.1268055857567927,0.34619476541297445,0.2541731583144139,0.27282649051581503,ANN
S299,0.30474119288602247,0.11159259362304265,0.12204206516021411,0.46162414833072246,GRU
S300,0.13035496762622767,0.1680609693046407,0.4935769633592302,0.20800709970990128,CNN-LSTM
S301,0.2942929496015794,0.08272852797825021,0.35268144956603237,0.27029707285413723,CNN-LSTM
S302,0.22602714860905404,0.0664394839399039,0.15334004353928632,0.5541933239117549,GRU
S303,0.29120697337773344,0.12398077328365481,0.1917278464749009,0.39308440686371,GRU
S304,0.18186293233661308,0.1303784076392521,0.12487257562091446,0.56288608440322,GRU
S305,0.20600342278242903,0.20134154576171437,0.273788479840316,0.3188665516155379,GRU
S306,0.16171991794382373,0.3248762422613006,0.2913388867630582,0.2220649530318154,ANN
S307,0.1144824827072556,0.23215687510323677,0.5114146633934691,0.14194597879603676,CNN-LSTM
S308,0.3378629954158315,0.3218255400899953,0.27547483602600986,0.06483662846816007,1D-CNN
S309,0.5663304623498445,0.1622317646388694,0.19450182991897044,0.0769359430923153,1D-CNN
S310,0.23911283374352038,0.2930684746092936,0.186970706094392,0.2808479855527961,ANN
S311,0.0742185811867274,0.16662053652776654,0.2580770374532523,0.5010838448322547,GRU
S312,0.14814159450551684,0.29360977793435566,0.19822042005372378,0.3600282075064045,GRU
S313,0.41666821357143474,0.1356351754837472,0.21356693431362495,0.23412967663119316,1D-CNN
S314,0.5289628984091639,0.08085812307973865,0.09782388559951027,0.29235509291158357,1D-CNN
S315,0.21674395820153386,0.15571722326170007,0.15621800436632274,0.4713208141704428,GRU
S316,0.14421151120978534,0.2844282205190638,0.3338022646339854,0.23755800363716537,CNN-LSTM
S317,0.16083272177897553,0.1836104678515654,0.4000780368351991,0.25547877353425996,CNN-LSTM
S318,0.17373044985964023,0.2461977097695503,0.3828734053362101,0.1971984350345993,CNN-LSTM
S319,0.07978536219094354,0.1530002713331437,0.6307291940335831,0.13648517244233296,CNN-LSTM
S320,0.13230222307086345,0.49419791952817715,0.3389052009113808,0.03459465648957843,ANN
S321,0.3972257204888296,0.46219094897162594,0.09015480060114213,0.05042852993840239,ANN
S322,0.2288291745172721,0.40934896365810225,0.32659247605187147,0.035229385772755,ANN
S323,0.5881751661813829,0.10369416945769512,0.20609621769487638,0.10203444666604519,1D-CNN
S324,0.18827683480860855,0.3510527056360682,0.42534418574005955,0.03532627381526278,CNN-LSTM
S325,0.30987768420506595,0.1227505985565884,0.40642012695661456,0.1609515902817285,CNN-LSTM
S326,0.6146661236873756,0.11113502735533431,0.07828195687390546,0.19591689208338636,1D-CNN
S327,0.12993867513233856,0.5757396691945281,0.09635170256213609,0.19796995311099358,ANN
S328,0.08265679037057415,0.03987466379763201,0.04637101144611735,0.8310975343856761,GRU
S329,0.21754179474803514,0.24375569240832606,0.11960214002426693,0.41910037281937634,GRU
S330,0.20574839724661337,0.1464026997339298,0.10836193428685911,0.5394869687325977,GRU
S331,0.2653991795312759,0.11669219912915847,0.05812637509919634,0.5597822462403682,GRU
S332,0.1755641081470047,0.34946112895025083,0.26249862831630877,0.21247613458643652,ANN
S333,0.16041003414576158,0.27225533403660496,0.5045187562622724,0.06281587555536114,CNN-LSTM
S334,0.30213634981450954,0.18129418230080652,0.40152108439871387,0.1150483834859717,CNN-LSTM
S335,0.4661349924271984,0.18967984347424197,0.21274463559463364,0.131440528503925,1D-CNN
S336,0.2612597966018507,0.18263599151948665,0.17345964467485925,0.3826445672038031,GRU
S337,0.1441708551277781,0.10649017822517455,0.3250962230652123,0.424242743581835,GRU
S338,0.1528852038629864,0.16095189198132662,0.2932720793235767,0.3928908248321068,GRU
S339,0.403283127310901,0.2546398989005155,0.0633454909838602,0.27873148280472326,1D-CNN
S340,0.3007159057461209,0.3288378580622721,0.14581512581190387,0.22463111037970335,ANN
S341,0.13973696043137485,0.5498012753418072,0.2598854883593695,0.050576275867448194,ANN
S342,0.10633659711724687,0.06104986530226309,0.12627462284419297,0.7063389147362972,GRU
S343,0.09831480606180124,0.6049943535991626,0.23432320945005314,0.06236763088898504,ANN
S344,0.295748351595162,0.21486373853657864,0.40286863629640945,0.08651927357185239,CNN-LSTM
S345,0.11979466323655052,0.5553952542207047,0.2709104209785047,0.05389966156424058,ANN
S346,0.30877318052545616,0.13369103462570048,0.2067887112860475,0.35074707356279905,GRU
S347,0.19815403313750118,0.20530680384940367,0.14223132855043977,0.4543078344626619,GRU
S348,0.09089726504145323,0.6863186416059663,0.1258812610267783,0.09690283232580175,ANN
S349,0.24846447923870718,0.2688956787852161,0.3112164485429282,0.17142339343314847,CNN-LSTM
S350,0.311790745746293,0.3616832943208558,0.2674780238154741,0.059047936117376035,ANN
S351,0.40169238866040646,0.1919260855310727,0.140049504506793,0.2663320213017269,1D-CNN
S352,0.1995820277371886,0.2962838672262411,0.2375468738985091,0.2665872311380591,ANN
S353,0.20733019509199,0.112092928755763,0.3471419939409723,0.3334348822112731,CNN-LSTM
S354,0.19850077087136458,0.1894024938949998,0.19136810889682684,0.4207286263368106,GRU
S355,0.2403585964134884,0.30465035578854477,0.19231502205162634,0.2626760257463399,ANN
S356,0.15226603290760093,0.18560193550215442,0.551042357319165,0.11108967427107891,CNN-LSTM
S357,0.32789856000728845,0.2853336170280362,0.30751704871423163,0.07925077425044733,1D-CNN
S358,0.435454624443342,0.15508590086746132,0.22394601292715774,0.18551346176204597,1D-CNN
S359,0.23909648374536363,0.230480642141125,0.2617389238891408,0.26868395022436997,GRU
S360,0.20301491984184428,0.14477732617070846,0.14245785589756718,0.5097498980898799,GRU
S361,0.1606005984152213,0.2230493825818443,0.2836309750085073,0.3327190439944306,GRU
S362,0.24782259831295853,0.2306578195969175,0.030604300315323803,0.49091528177480076,GRU
S363,0.1430486807641063,0.23235550198681373,0.020361817797727794,0.6042339994513567,GRU
S364,0.01786829639929946,0.3927769974788308,0.5262448802492037,0.06310982587266582,CNN-LSTM
S365,0.2884286401985793,0.30895656182181963,0.2970574312780186,0.105557366701582,ANN
S366,0.34215647024822754,0.18740048642939924,0.3137365105794237,0.15670653274295016,1D-CNN
S367,0.23488348502988826,0.33779095483409216,0.2669217932375857,0.16040376689843613,ANN
S368,0.1513431751066597,0.25271874283444673,0.13432661724546066,0.46161146481343407,GRU
S369,0.10094470856106273,0.14277018898781182,0.12506664397076636,0.6312184584803584,GRU
S370,0.22876637885541437,0.3089663054256768,0.25467966372892537,0.2075876519899869,ANN
S371,0.5374422565822751,0.08413280641762165,0.24919162044729018,0.1292333165528107,1D-CNN
S372,0.19687713135319698,0.11221604636057121,0.5297904926473042,0.16111632963892591,CNN-LSTM
S373,0.17745677995262205,0.25035832609446723,0.22586441653919961,0.34632047741370825,GRU
S374,0.22334925269828484,0.1256148716220264,0.2441590256540069,0.40687685002568075,GRU
S375,0.20100824644963977,0.21883016054728943,0.31355983709674984,0.2666017559063253,CNN-LSTM
S376,0.39848158058726246,0.3159494230811436,0.08041313746790502,0.20515585886368842,1D-CNN
S377,0.021672169706472243,0.037889465826468495,0.008688059558318086,0.9317503049087398,GRU
S378,0.14893604019451134,0.1931930551986584,0.18396402577816137,0.473906878828669,GRU
S379,0.17776300625522454,0.40729237594521384,0.22862656578222576,0.1863180520173343,ANN
S380,0.203565576535334,0.28493070479807037,0.3351938629027013,0.17630985576389238,CNN-LSTM
S381,0.09048546037515875,0.32649700215474886,0.540134775367467,0.0428827621026266,CNN-LSTM
S382,0.18971297687031727,0.5337019437132642,0.23581300749770692,0.040772071918709685,ANN
S383,0.343773153128686,0.1929189010587548,0.08848938886019903,0.37481855695235716,GRU
S384,0.19990611021509122,0.47253350754623663,0.11850094459141002,0.2090594376472622,ANN
S385,0.19581988105391118,0.18943155735824163,0.3465397306213695,0.2682088309664771,CNN-LSTM
S386,0.188922502988656,0.38835582012192893,0.2063617917748679,0.21635988511454632,ANN
S387,0.19583085699535788,0.2833636445168517,0.31832077613135923,0.2024847223564322,CNN-LSTM
S388,0.14233113422508306,0.2045643167126034,0.46671476513307875,0.18638978392923464,CNN-LSTM
S389,0.2455628303387723,0.3654269906078731,0.2610923297568739,0.12791784929648026,ANN
S390,0.3362918608263121,0.2706008503535169,0.29693959135999404,0.09616769746017859,1D-CNN
S391,0.22025135872800777,0.1531259416418994,0.5825109234884712,0.04411177614161814,CNN-LSTM
S392,0.17305062325744933,0.6552599795283981,0.14107053993458848,0.030618857279563438,ANN
S393,0.24699379801494722,0.6384122272448871,0.06910697557043534,0.045486999169731014,ANN
S394,0.15324592144597612,0.3961894746888712,0.3959954550885831,0.05456914877657013,ANN
S395,0.3803263474533754,0.03357779480121585,0.14094347620799294,0.4451523815374185,GRU
S396,0.11516378309443098,0.4219129751718628,0.06087824376156149,0.40204499797214416,ANN
S397,0.2757630506363931,0.2027044840576617,0.22597094435218412,0.29556152095376415,GRU
S398,0.3258810551195501,0.12115931377067776,0.1360250543956621,0.41693457671410633,GRU
S399,0.2527794326977256,0.312237354031704,0.16258345892443796,0.27239975434613134,ANN
S400,0.3198684989373637,0.20367162280843717,0.30292899019439196,0.17353088805980396,1D-CNN
S401,0.27364767990773825,0.23626285992407997,0.29914785986142933,0.19094160030675164,CNN-LSTM
S402,0.19996178928221317,0.2778724338668573,0.3937089462471253,0.1284568306038041,CNN-LSTM
S403,0.20941526040050476,0.43146650466696257,0.31967469290801526,0.03944354202451588,ANN
S404,0.13514222060759604,0.33282538135642864,0.49715577255154847,0.03487662548442535,CNN-LSTM
S405,0.18307357203626368,0.13653470249520916,0.6443740386567121,0.03601768681181767,CNN-LSTM
S406,0.5723507549938245,0.08157040052897965,0.06033020089711719,0.2857486435800785,1D-CNN
S407,0.21988664348296952,0.32572357700703075,0.15047054115669353,0.3039192383533058,ANN
S408,0.18924094092532384,0.23586211593781178,0.23106509909438339,0.34383184404248107,GRU
S409,0.23137622552521586,0.25927902663315466,0.27580682925763683,0.23353791858399134,CNN-LSTM
S410,0.22753426141267738,0.27963703903553777,0.3123405410143311,0.1804881585374534,CNN-LSTM
S411,0.29022072102736607,0.1574855757136546,0.438292409765015,0.11400129349396118,CNN-LSTM
S412,0.11792571309451973,0.2010373767452485,0.6484990782063397,0.03253783195389179,CNN-LSTM
S413,0.7317065401225872,0.13552649467351496,0.07629597408697085,0.05647099111692713,1D-CNN
S414,0.2563642095154767,0.23017806637652902,0.47900495832203,0.034452765785963436,CNN-LSTM
S415,0.6067220722933404,0.12908626550767408,0.1782530107189273,0.08593865148005725,1D-CNN
S416,0.2410308504888305,0.6048892262453924,0.07877442514305269,0.07530549812272194,ANN
S417,0.22838736876532714,0.32877681202977216,0.22026858947587075,0.2225672297290274,ANN
S418,0.15518255934915126,0.3609063657224775,0.3588968952420742,0.1250141796862981,ANN
S419,0.2890368269487818,0.23179267103934964,0.32438897202379485,0.1547815299880732,CNN-LSTM
S420,0.1948169624333563,0.3733616555947352,0.3657764246069297,0.06604495736497784,ANN
S421,0.32117095019103487,0.13496885557081248,0.36062475555427953,0.1832354386838729,CNN-LSTM
S422,0.4169319566364821,0.48049195183265664,0.021800538585095158,0.08077555294576517,ANN
S423,0.24325835762584522,0.18948714715627704,0.11329280467915635,0.45396169053872387,GRU
S424,0.24012923300946465,0.3675688161376795,0.17662413255614437,0.21567781829671162,ANN
S425,0.22193102788867614,0.1845753111039914,0.3815061532783372,0.211987507728995,CNN-LSTM
S426,0.280830499231715,0.35551528959277723,0.26435734378548853,0.09929686739001908,ANN
S427,0.1829997797417167,0.19327531073428814,0.5463269265770523,0.07739798294693956,CNN-LSTM
S428,0.2735940032405357,0.17159429185614417,0.26811338333030466,0.2866983215730153,GRU
S429,0.3188186808832429,0.4449418835164681,0.19514029186512283,0.04109914373516682,ANN
S430,0.039570595406435205,0.023814626222640085,0.9266781152522403,0.009936663118683901,CNN-LSTM
S431,0.6426034955109082,0.09735352633278173,0.16177525178000815,0.09826772637630259,1D-CNN
S432,0.2589807071004277,0.4625992899113358,0.06945218649225168,0.2089678164959848,ANN
S433,0.07181956319088144,0.05026328011130732,0.06662866766007268,0.8112884890377362,GRU
S434,0.20249337233849066,0.09902608463480729,0.05278775459357709,0.6456927884331238,GRU
S435,0.1530772227479789,0.2881615967713801,0.08822438800225238,0.4705367924783886,GRU
S436,0.1978956106004935,0.462209893089644,0.09035799377239946,0.24953650253746207,ANN
S437,0.14981333389862247,0.3793932937798663,0.35990642128760386,0.11088695103390912,ANN
S438,0.4002714981396734,0.17631761027852738,0.26813856958475923,0.15527232199703994,1D-CNN
S439,0.28788199484404675,0.24615743755307562,0.2174006064018785,0.24855996120100105,1D-CNN
S440,0.1615757715000183,0.09173400171987688,0.31673656355618285,0.42995366322392464,GRU
S441,0.6171557957025573,0.04105656585522556,0.08887631720951732,0.2529113212326963,1D-CNN
S442,0.24888236473054695,0.20507571666318347,0.10605181360415247,0.4399901050021164,GRU
S443,0.11404587162012124,0.07645779672236311,0.07632868409151493,0.7331676475660004,GRU
S444,0.2139806583889513,0.2971722158411053,0.11978924353579005,0.36905788223415326,GRU
S445,0.12359456677369988,0.6026156263142889,0.09958163518911771,0.1742081717228935,ANN
S446,0.11241413768338511,0.7663259657071118,0.053830549441006126,0.06742934716849652,ANN
S447,0.09903300278983318,0.15050288574223383,0.6821041191529268,0.06835999231500627,CNN-LSTM
S448,0.3234127578422709,0.23946720074088002,0.33511883152078,0.10200120989606806,CNN-LSTM
