Segment,1D-CNN,ANN,LSTM,CNN-LSTM,GRU,Selected
S1,0.10477546097719537,0.08500127539033314,0.19754181163234866,0.52229731910253,0.09038413289759256,CNN-LSTM
S2,0.5152248095585134,0.1691326899615671,0.12907597165609402,0.0940184933368557,0.09254803548696997,1D-CNN
S3,0.13897940421162985,0.2254193163511938,0.24850260303398533,0.21888912747671516,0.16820954892647358,LSTM
S4,0.13820212149962532,0.29712527084260804,0.18559837060487389,0.23804651693718684,0.14102772011570897,ANN
S5,0.1316834018566803,0.09143088294106606,0.22778035259814766,0.420807506515482,0.12829785608862485,CNN-LSTM
S6,0.2655805398987887,0.07646478951375403,0.28923018950824275,0.18121430200933006,0.18751017906988163,LSTM
S7,0.06672141252435777,0.046165520797192945,0.41334636898642807,0.16625438593687208,0.30751231175514315,LSTM
S8,0.11325607489927174,0.05828306391200959,0.13896215627257685,0.03160417069100685,0.6578945342251352,GRU
S9,0.10577916932611854,0.10006644441424903,0.2521239507960156,0.12021322682351751,0.42181720864010436,GRU
S10,0.150798786961916,0.22697850825102042,0.22190598984926477,0.14077092604682326,0.2595457888909742,GRU
S11,0.12406807854394959,0.7105408083104249,0.05604822055954903,0.06935947434703009,0.03998341823904746,ANN
S12,0.1025450053952417,0.44951687492528153,0.10536201887606,0.29505893470732886,0.04751716609608717,ANN
S13,0.03675876226397257,0.13957982291924875,0.07192211358284337,0.7404998788000273,0.011239422433906115,CNN-LSTM
S14,0.24179780116031158,0.12602289919225632,0.34297902399217683,0.24615619598544394,0.0430440796698124,LSTM
S15,0.4391841447204128,0.13833040988977935,0.1401442009479572,0.06517753448420167,0.2171637099576489,1D-CNN
S16,0.3613322214775574,0.23348525622854624,0.08246356269341361,0.10490698725577305,0.2178119723447151,1D-CNN
S17,0.19761140846299116,0.18126260146537687,0.14295679261317684,0.22722156611765296,0.25094763134080084,GRU
S18,0.19792461666614622,0.1749431483527751,0.17657413297815172,0.26885313191626564,0.18170497008666822,CNN-LSTM
S19,0.23474366537753474,0.18211395928234794,0.1730953587951393,0.29828194138646213,0.1117650751585148,CNN-LSTM
S20,0.13273705135069325,0.045569025395388124,0.14990885460280248,0.6371119715172137,0.03467309713390721,CNN-LSTM
S21,0.4859897764814198,0.0504540670787583,0.09223518697172724,0.3512037753054008,0.02011719416269387,1D-CNN
S22,0.5953683404750659,0.2734100962962293,0.03390076937495113,0.06301011491355511,0.03431067894020169,1D-CNN
S23,0.22841828975031012,0.4402849894543295,0.06536653007554866,0.13983721341145253,0.12609297730835875,ANN
S24,0.31549581317373265,0.0645577891185832,0.19350249218752827,0.03337189198928666,0.3930720135308674,GRU
S25,0.19905449114833457,0.19313852841962734,0.24640576783880253,0.0751920838251846,0.2862091287680521,GRU
S26,0.17871568776914848,0.12419305826909588,0.2481244686564401,0.0870377980520956,0.3619289872532265,GRU
S27,0.20758372981956547,0.38219480174027365,0.162095684163909,0.11705149248508649,0.13107429179116548,ANN
S28,0.19466517539210845,0.3567272534587875,0.156775077249889,0.216308398156117,0.07552409574309504,ANN
S29,0.14141622855040853,0.06219092971248271,0.23614921685114765,0.5486559853167818,0.011587639569180528,CNN-LSTM
S30,0.019033678113800787,0.1629132872648567,0.25968260182371233,0.5513587596732472,0.007011673124383807,CNN-LSTM
S31,0.622299742459215,0.07502981501682297,0.2375240981216277,0.05661276733948563,0.008533577062849568,1D-CNN
S32,0.3860574556577647,0.20632431757146796,0.24888280309484764,0.13985256135632945,0.018882862319592218,1D-CNN
S33,0.07744246456870599,0.049328590767355206,0.3446267767047516,0.3947662037057865,0.13383596425339914,CNN-LSTM
S34,0.4742964610706824,0.05335284385187463,0.2183070865099436,0.049349114496538775,0.20469449407095983,1D-CNN
S35,0.08785140793422277,0.2513020392722019,0.24602249152618144,0.1556167807619951,0.259207280505398,GRU
S36,0.10280867523000421,0.07044610170099415,0.31172328339424754,0.3802902701295669,0.1347316695451874,CNN-LSTM
S37,0.3380587474458694,0.059402705054468416,0.18809231276741617,0.27795128148601517,0.1364949532462331,1D-CNN
S38,0.20584588996665884,0.1328143900520018,0.1589895171200716,0.05414615068791729,0.44820405217334774,GRU
S39,0.15470874853852112,0.10342018573522557,0.16658019129154852,0.0664378427845858,0.50885303165012,GRU
S40,0.1696275428911678,0.12543090457401515,0.2197102549411756,0.16558148361686786,0.3196498139767737,GRU
S41,0.16586887636751302,0.1996101811440724,0.20713003958080373,0.23833813731835427,0.18905276558926098,CNN-LSTM
S42,0.18833179056128554,0.6366342724044995,0.05022037991223198,0.08996251815101675,0.03485103897097165,ANN
S43,0.26081657503984124,0.3932624619456042,0.051280054555766084,0.21237258483373184,0.08226832362506369,ANN
S44,0.1545788926355839,0.1545876408805245,0.32066877964326873,0.3156168524176144,0.05454783442300965,LSTM
S45,0.31323947740687125,0.03862048975034622,0.4987286215514348,0.09542112056976085,0.05399029072158367,LSTM
S46,0.22070277332669425,0.19819308189090654,0.20888795623306666,0.11642382281134994,0.255792365737983,GRU
S47,0.16762082562555022,0.25429082367644257,0.14989723529442034,0.15318641731532334,0.2750046980882629,GRU
S48,0.16365471928214148,0.1151081814947128,0.24879590579642094,0.196473452863978,0.27596774056274326,GRU
S49,0.20521683188000178,0.17560527366059578,0.23811062706548866,0.20248452319864493,0.17858274419526554,LSTM
S50,0.3202167146576902,0.12497410149742294,0.1348325210325675,0.11991078237014641,0.3000658804421732,1D-CNN
S51,0.007975799801974515,0.01659138582256177,0.8013959142243383,0.1489530156595174,0.025083884491610548,LSTM
S52,0.15507723803781664,0.32771064830209834,0.28190873278767314,0.12284979111686448,0.11245358975554623,ANN
S53,0.060008755618459926,0.19403029267354868,0.30003007461791403,0.3029817733450348,0.1429491037450499,CNN-LSTM
S54,0.11565975387569415,0.13387226167142738,0.22937844005792682,0.3864261899455672,0.13466335444938327,CNN-LSTM
S55,0.014599654770130246,0.016836815954655696,0.10019502288528778,0.8562650888568213,0.012103417533105149,CNN-LSTM
S56,0.45589501772811575,0.038621623890460435,0.36287507128377705,0.07704599074202659,0.06556229635561804,1D-CNN
S57,0.5369838966002736,0.013696776000703095,0.10126569325007374,0.09779946561930102,0.2502541685296507,1D-CNN
S58,0.4379541196636563,0.013726205442408901,0.08245859944802812,0.06079883168160857,0.40506224376429745,1D-CNN
S59,0.1511212884916831,0.03615778734300155,0.2233619506336194,0.32115175983189315,0.26820721369980943,CNN-LSTM
S60,0.20110019104005755,0.367309664404375,0.13945367337831246,0.07395888814995694,0.21817758302729912,ANN
S61,0.26929476669656743,0.09919936646697532,0.04180301003271008,0.020079911913172554,0.5696229448905783,GRU
S62,0.095180393579952,0.06093745004213138,0.04515199765177287,0.06780698259827096,0.7309231761278794,GRU
S63,0.04564132067502233,0.7189530578270728,0.01036231363115724,0.04773438761112672,0.17730892025561976,ANN
S64,0.03537388092241838,0.11459060027816495,0.006138003123553271,0.01933718362199984,0.8245603320538619,GRU
S65,0.07532100271017649,0.220998683957743,0.09300976861172618,0.5441623553279886,0.06650818939236575,CNN-LSTM
S66,0.18394514995230443,0.2700457746113522,0.2794641501394652,0.19806854681095495,0.06847637848591717,LSTM
S67,0.468488667913114,0.17816034899744637,0.21309022848092246,0.10810937001653735,0.032151384591977056,1D-CNN
S68,0.17014305869657448,0.17834823364187236,0.024632736049564702,0.024712492752724764,0.6021634788592622,GRU
S69,0.1779956115626106,0.510991940858352,0.05846847915859038,0.12721380387832346,0.12533016454211707,ANN
S70,0.29878355875945306,0.27965831594129636,0.09651979205771302,0.1411652121397573,0.18387312110177645,1D-CNN
S71,0.28592070297313027,0.21423157981840474,0.11094049661685129,0.24085186288583454,0.14805535770577902,1D-CNN
S72,0.1603782338075329,0.23715678294304654,0.14813266474404807,0.3685507477360942,0.08578157076927827,CNN-LSTM
S73,0.48279839761109594,0.06957496106659353,0.14390653191729563,0.23977110991793898,0.06394899948708117,1D-CNN
S74,0.25952238170747,0.36719394969787816,0.11059202111176526,0.11131150898625258,0.15138013849663967,ANN
S75,0.14880669843935526,0.18673449022122235,0.1726929836642074,0.09485766125171032,0.3969081664235031,GRU
S76,0.1882540079358943,0.12897822493382782,0.22792311666335743,0.1370398937389894,0.3178047567279227,GRU
S77,0.19717493883221326,0.15957526326544297,0.25765980966943824,0.17123739424005202,0.21435259399284953,LSTM
S78,0.9939589747470419,0.0025430214362569584,0.0005149574004329382,0.00038937107032134414,0.0025936753459458585,1D-CNN
S79,0.3094221336646773,0.13894340831188182,0.022901914941366838,0.05011674492833218,0.478615798153747,GRU
S80,0.0995503283341896,0.5365556624711432,0.0342255197963544,0.251931804377076,0.07773668502124106,ANN
S81,0.13765024928509118,0.154972322012985,0.19041334350099093,0.319734904125315,0.19722918107561688,CNN-LSTM
S82,0.1771183601585035,0.13805781848751822,0.19770666805859916,0.25432256513805307,0.23279458815732712,CNN-LSTM
S83,0.38713049380220266,0.13012207075517235,0.22616319759468775,0.1537446406682608,0.10283959717967636,1D-CNN
S84,0.3113111551687635,0.15051613051047114,0.1448493889336039,0.22543588017815222,0.1678874452090086,1D-CNN
S85,0.172555235932435,0.11129048078289722,0.23757179944693915,0.3474392109005054,0.13114327293722025,CNN-LSTM
S86,0.26268859794751,0.02732126615955747,0.40699386131498577,0.1161252700991278,0.18687100447881894,LSTM
S87,0.17498886035031688,0.2004850404938611,0.1850623564434464,0.19575226273068,0.2437114799817026,GRU
S88,0.16080437276705145,0.22388782854966593,0.14915178487082717,0.15398471409177622,0.3121712997206794,GRU
S89,0.12392425716786516,0.1494117635519148,0.25081379665571596,0.219510802855514,0.2563393797689899,GRU
S90,0.04456393711496804,0.05231944789509159,0.04842604635895674,0.040942560223813984,0.8137480084071749,GRU
S91,0.02957852644216936,0.08439112043512102,0.18913517410674274,0.6276669538457492,0.06922822517021858,CNN-LSTM
S92,0.14790128356933208,0.1946630842060453,0.3116146198977291,0.2432155258998285,0.10260548642706212,LSTM
S93,0.14318259830773306,0.1311789788871766,0.23952620936973268,0.27886584755755234,0.20724636587780285,CNN-LSTM
S94,0.38668012136762153,0.3021776924388945,0.09380121140704115,0.12943636162766653,0.08790461315877096,1D-CNN
S95,0.3776471128432329,0.054300638619777165,0.17231472045151175,0.32245454135372204,0.07328298673175644,1D-CNN
S96,0.4028943956952061,0.14864142527497898,0.1949640065471556,0.14246065088042903,0.11103952160223131,1D-CNN
S97,0.3366481593655548,0.2633799304891944,0.05965173341526795,0.134560808800415,0.2057593679295671,1D-CNN
S98,0.29192089438948937,0.1227429698206051,0.16642176459667704,0.09443933867727931,0.3244750325159548,GRU
S99,0.12858875616591475,0.2625032006197451,0.23387367499474082,0.14436586617072728,0.23066850204886588,ANN
S100,0.14157394334819545,0.5531439473016883,0.11009607340129092,0.0690363611533594,0.12614967479546993,ANN
S101,0.22316976859147855,0.1501965487633485,0.056182282801660106,0.072761476307975,0.4976899235355362,GRU
S102,0.02130898751996357,0.039752009693546815,0.03429998080678831,0.5391735512796371,0.3654654707000586,CNN-LSTM
S103,0.07544935829624053,0.12036884222902282,0.14861312442572933,0.6013196944277133,0.054248980621294025,CNN-LSTM
S104,0.1553524274962555,0.16099572359905354,0.4361491956394354,0.16655727784381844,0.08094537542144135,LSTM
S105,0.6289524653126832,0.20512051728959232,0.06493804842797993,0.03664420784822288,0.06434476112152579,1D-CNN
S106,0.6976807767694134,0.21210551785425333,0.0069900761532891275,0.032854268075430605,0.050369361147614075,1D-CNN
S107,0.12685759669972568,0.1920259797748471,0.04197498693125917,0.1490499874959033,0.4900914490982661,GRU
S108,0.26547595720460715,0.13000232528005473,0.08841099919540958,0.24648085635811925,0.26962986196181016,GRU
S109,0.2617174498637178,0.23794271419195143,0.14294791222300698,0.15794499430207112,0.19944692941924938,1D-CNN
S110,0.07932706933475109,0.20735292159300833,0.1653353896055152,0.43535686383538286,0.11262775563134042,CNN-LSTM
S111,0.06902374716926041,0.17136497934630154,0.074535261278624,0.641547812213344,0.043528199992469804,CNN-LSTM
S112,0.06222827060568874,0.024715413680052978,0.1541902304296426,0.7289188891847792,0.029947196099839618,CNN-LSTM
S113,0.13014557768414395,0.0825137792595048,0.18298468162373657,0.37220966411006917,0.2321462973225402,CNN-LSTM
S114,0.058534043020777325,0.10238864431695276,0.11559188365804399,0.6287397868476183,0.09474564215660745,CNN-LSTM
S115,0.25669947071262217,0.056767054072733227,0.3359690462061098,0.2428705744957235,0.10769385451281008,LSTM
S116,0.26121951890557266,0.34622141410155916,0.18318546180652923,0.1471367721850522,0.062236833001286164,ANN
S117,0.2683159903754464,0.19618239748288493,0.23053209166885824,0.26319031368590384,0.04177920678690633,1D-CNN
S118,0.18381577825369116,0.5498690416297385,0.1104900880482127,0.1316073319052845,0.024217760163073,ANN
S119,0.22691370856427176,0.44955149208304274,0.11503619914117694,0.1397493912553627,0.06874920895614609,ANN
S120,0.18240102149647755,0.2300303452299645,0.1368187060548431,0.39912481445758247,0.05162511276113098,CNN-LSTM
S121,0.07569541935966366,0.1079116686922453,0.08837075462597277,0.7079334290026406,0.020088728319476837,CNN-LSTM
S122,0.2974293579776939,0.2818030879758258,0.11544731232797167,0.2764937969127583,0.028826444805749783,1D-CNN
S123,0.3015129747212162,0.4388090278412572,0.10657176833027068,0.10808684349208288,0.045019385615174295,ANN
S124,0.080156911295612,0.04628187647711628,0.19263751544001503,0.03512694287478455,0.6457967539124659,GRU
S125,0.08605793298757788,0.03173664677150609,0.3307622866712759,0.13640113076875657,0.41504200280088166,GRU
S126,0.05960964141987877,0.0373362045853216,0.33882788179555645,0.030793650922037973,0.5334326212772045,GRU
S127,0.09993348521447538,0.14631810476816856,0.08100125871457317,0.021609840354469806,0.6511373109483138,GRU
S128,0.10450360447762679,0.0985148859706748,0.16118746385196114,0.11623685594655223,0.5195571897531833,GRU
S129,0.2027949159913176,0.13633077036855532,0.13484080268229473,0.18343680218769914,0.34259670877014037,GRU
S130,0.21986760842465225,0.04596588012971729,0.060813757660606975,0.037126843847736415,0.6362259099372867,GRU
S131,0.2354078268082803,0.17111724907580675,0.1560420271617051,0.11495618939543617,0.3224767075587727,GRU
S132,0.18722307966880386,0.2564915359629829,0.1799815615818425,0.2530552750291692,0.12324854775720681,ANN
S133,0.14351760693052476,0.1924390482612233,0.17508069537979362,0.40593473625088694,0.08302791317757069,CNN-LSTM
S134,0.16818552313662355,0.22713377827225636,0.12036635413205303,0.446598389780921,0.03771595467814304,CNN-LSTM
S135,0.1135454324798254,0.09137263845066276,0.4025847173209652,0.3501522107930104,0.042345000955535804,LSTM
S136,0.17509562239919102,0.07756330041239073,0.44620433681569865,0.20482681014544443,0.09630993022727538,LSTM
S137,0.14527167729708118,0.022785769010150354,0.3014119103163417,0.1140358551402578,0.41649478823617403,GRU
S138,0.04646221965922552,0.08288642636801663,0.3810712924976865,0.09851101934315583,0.39106904213191734,GRU
S139,0.12486512092270419,0.17598434795909754,0.25029338279732033,0.08019894104409661,0.3686582072767824,GRU
S140,0.23231430242096038,0.14951506493485087,0.2270677943303413,0.121307900276642,0.26979493803720456,GRU
S141,0.2442861710184956,0.19967152157172002,0.17202803595746669,0.13495192704862385,0.24906234440368843,GRU
S142,0.2533671537214522,0.19860215040987228,0.15011325712568394,0.28428381158759797,0.11363362715539332,CNN-LSTM
S143,0.07304750482308683,0.07963333985649385,0.5520777333794504,0.22466881151271553,0.0705726104282572,LSTM
S144,0.2200996877604458,0.2381308805198788,0.22692479835846405,0.17538126998121,0.13946336337999796,ANN
S145,0.20411024419429472,0.1705253339738271,0.20829976034963107,0.23329938242004472,0.1837652790622016,CNN-LSTM
S146,0.19981329030254422,0.21133132380508274,0.184064793902006,0.2878232289426069,0.11696736304775546,CNN-LSTM
S147,0.1198605874311988,0.41076874133714203,0.11106521563585522,0.31543188737074285,0.042873568225066175,ANN
S148,0.34336526101413534,0.05307187124801995,0.32851080718808756,0.2267680352381951,0.048284025311563006,1D-CNN
S149,0.22478060423995064,0.28023878461984886,0.13481668116757736,0.22344987930960472,0.1367140506630187,ANN
S150,0.255207240812296,0.15695253979133297,0.0832319434509813,0.08791475815961751,0.41669351778577257,GRU
S151,0.2343755092251267,0.09859528733087214,0.11248978828404771,0.25146090439655655,0.30307851076340364,GRU
S152,0.05868635825586859,0.08092978043076446,0.5723533614352586,0.09337330987541156,0.19465719000269666,LSTM
S153,0.0912854844011219,0.3070450805051368,0.40884590780774377,0.0713735640631865,0.12144996322281298,LSTM
S154,0.317496533961539,0.11618407719713228,0.46827949087861903,0.04842192315353078,0.049617974809175104,LSTM
S155,0.23189383545095285,0.2713130333184465,0.23559178532608377,0.10666698690003132,0.15453435900448576,ANN
S156,0.1072741159582115,0.5448945328692629,0.13943884757637698,0.1421126717800822,0.06627983181606231,ANN
S157,0.15400755553558226,0.14167812837835678,0.22512916646389847,0.39553860274091823,0.08364654688124301,CNN-LSTM
S158,0.08191315085173603,0.17570584981685572,0.10909673266531249,0.6007379242991246,0.03254634236697311,CNN-LSTM
S159,0.09865866222724519,0.37183351646625706,0.14085566729913734,0.35571521132518175,0.032936942682182585,ANN
S160,0.12451268353618111,0.16060782700836593,0.46172851199254894,0.09001888122683545,0.16313209623607516,LSTM
S161,0.035533829443630614,0.017089565022100146,0.042660418448613006,0.009627895653474916,0.895088291432182,GRU
S162,0.058972793941564274,0.1249642903641891,0.18263077027553434,0.07548341256256891,0.557948732856148,GRU
S163,0.1126743881683471,0.1767365559207754,0.255435403832206,0.11858720213894178,0.3365664499397339,GRU
S164,0.25890671339283206,0.20130072293586776,0.17717620494704778,0.1310902177707367,0.23152614095351198,1D-CNN
S165,0.16385252194695446,0.518640837361757,0.07342063066840158,0.19146881721968037,0.05261719280320606,ANN
S166,0.06521799679429502,0.13827514976800612,0.1657983865168678,0.6060206186832728,0.02468784823755753,CNN-LSTM
S167,0.22449990935468678,0.046361423207100995,0.6055289366005178,0.08272766307843722,0.04088206775925486,LSTM
S168,0.18549770628645398,0.1884686545663237,0.20274884817759978,0.0797044886895275,0.3435803022800945,GRU
S169,0.14677765690192815,0.07486615358419738,0.17796767473782163,0.09103316280902614,0.5093553519670305,GRU
S170,0.08777315804440622,0.0918747458367693,0.3085288044110517,0.277024053838487,0.23479923786928555,LSTM
S171,0.27220624087786466,0.12019550341288328,0.24027920776775272,0.09658562130591349,0.27073342663558353,1D-CNN
S172,0.21318320312373032,0.0998067258972115,0.09159063193535515,0.054401244453440585,0.5410181945902626,GRU
S173,0.12967473074435132,0.1781026253732533,0.250893528056145,0.3074637859330344,0.13386532989321318,CNN-LSTM
S174,0.16819432127615327,0.0695178557636338,0.3950020338456105,0.2309550245922851,0.13633076452231724,LSTM
S175,0.17633668322571208,0.13607277466400447,0.19225087508881847,0.2319063558599069,0.26343331116155566,GRU
S176,0.22355414617690775,0.27193976958651866,0.18510230395534857,0.06983459847704529,0.24956918180417548,ANN
S177,0.5144041296453375,0.06852517299166437,0.14158822395584825,0.07047476167580233,0.20500771173134627,1D-CNN
S178,0.027728724659902924,0.0190845700877284,0.08975042031479265,0.049297922382448664,0.8141383625551246,GRU
S179,0.02761047141614326,0.06245460361921835,0.034037496461945226,0.026114871816027556,0.8497825566866697,GRU
S180,0.15567260803199226,0.4750699668040638,0.03588158951006734,0.028628132652622214,0.30474770300125403,ANN
S181,0.17083041919189307,0.49334147448638943,0.06420168172425132,0.08871812360445551,0.18290830099300714,ANN
S182,0.13133402063837163,0.34554206808779253,0.16833610650297218,0.1981575957329271,0.15663020903793487,ANN
S183,0.11666208474870196,0.15438937275774253,0.15212552541523913,0.5542942779137842,0.022528739164532175,CNN-LSTM
S184,0.2634093660516226,0.39069417149079316,0.1815320501521514,0.1008738416510657,0.06349057065436417,ANN
S185,0.41418420333689104,0.29486944692375483,0.05684728149789087,0.17728520324560457,0.056813864995856896,1D-CNN
S186,0.4423356046813448,0.11283402771720458,0.0799579937423727,0.13919102602852346,0.22568134783055477,1D-CNN
S187,0.13397025402970655,0.19720314287953708,0.09751504141864115,0.4006641261757096,0.17064743549640446,CNN-LSTM
S188,0.2370667528784799,0.27987613495879027,0.16910948654650723,0.17210607705574557,0.14184154856047573,ANN
S189,0.14307941223596624,0.2530943072196952,0.15123921563766884,0.25277070083094044,0.19981636407573042,ANN
S190,0.13086445092132834,0.3465180962483761,0.11465013468555423,0.3180742844850812,0.089893033659659,ANN
S191,0.21171585635675652,0.12259472509925588,0.18897041375497248,0.39935279298236337,0.07736621180665107,CNN-LSTM
S192,0.199085652119936,0.2548088865029847,0.08265047557188429,0.42153544191880277,0.041919543886395405,CNN-LSTM
S193,0.19923877382293692,0.2943013066229946,0.21666233153006323,0.2433721859165246,0.04642540210747647,ANN
S194,0.49124716111362565,0.12100177714056244,0.13449384639343007,0.04687328105606044,0.2063839342963226,1D-CNN
S195,0.07359522899652196,0.045715128565750364,0.1701574354266033,0.035601090096540965,0.6749311169145826,GRU
S196,0.07210154897431809,0.10031226110331204,0.2282750839499069,0.06671784857364702,0.5325932573988176,GRU
S197,0.16245139184605012,0.31208332500518066,0.1851456764673172,0.11013653729542619,0.23018306938603114,ANN
S198,0.23940257125159112,0.2930906586672006,0.1661491593450006,0.18216514153251745,0.11919246920368758,ANN
S199,0.11274044513903225,0.20837287945119873,0.16341547586247288,0.4713986706612583,0.04407252888603723,CNN-LSTM
S200,0.2359168877588413,0.14671149646076065,0.19378006141911025,0.30261193523881624,0.12097961912247622,CNN-LSTM
S201,0.09306245460671393,0.6407494008041104,0.06816022909587263,0.180823099634211,0.017204815859088642,ANN
S202,0.39014849277342095,0.14793940911273082,0.17846092626088322,0.24683342339562586,0.03661774845734654,1D-CNN
S203,0.1710096496374766,0.5137716543156959,0.045402674283639935,0.25109519708907274,0.018720824674115434,ANN
S204,0.4924582010852268,0.2599355233152723,0.07406758033232344,0.07046423714865138,0.10307445811852725,1D-CNN
S205,0.22434775890531797,0.3582424533157769,0.09840185518357518,0.1467675518660701,0.17224038072925724,ANN
S206,0.20031390127347753,0.26101248803927807,0.1414331700127195,0.21216155496817782,0.1850788857063411,ANN
S207,0.24286374327016683,0.21330081979918497,0.14819258140143948,0.2813536263821124,0.11428922914709323,CNN-LSTM
S208,0.21742703801751775,0.15776539083704344,0.14855793362994996,0.40798702736725534,0.06826261014823275,CNN-LSTM
S209,0.27313264461153774,0.10676127201690302,0.2163272206191653,0.36627026527491147,0.0375085974774877,CNN-LSTM
S210,0.2501025366071482,0.2722225558410662,0.14980034535394862,0.06646604218527466,0.26140852001255915,ANN
S211,0.19626247683835862,0.2122041828466635,0.15788343764358975,0.12144558148526072,0.31220432118612573,GRU
S212,0.14617727255959503,0.15410643034471047,0.21088787992869687,0.24508838975403363,0.24374002741296016,CNN-LSTM
S213,0.16244285626185823,0.16542116024144113,0.26395513039177687,0.25974141115620186,0.14843944194871744,LSTM
S214,0.3014753070167885,0.3842248495792888,0.12206554352132049,0.13813670609985307,0.05409759378274265,ANN
S215,0.10167392979133458,0.0656297092985389,0.46447019948916796,0.2702418969280421,0.09798426449291606,LSTM
S216,0.18896511508050656,0.36005510882630887,0.25196041841967676,0.10816715405370095,0.09085220361980632,ANN
S217,0.05065440998977898,0.017480901560850755,0.48267228727739336,0.3268400438563861,0.12235235731558901,LSTM
S218,0.038519059349668074,0.3494318221781731,0.36776882512569437,0.10608034216247685,0.13819995118398715,LSTM
S219,0.28850895315718933,0.14941686995470116,0.30195532726919344,0.0786532783019796,0.18146557131692784,LSTM
S220,0.17652541949090503,0.22507994293713174,0.24258173062179347,0.20434425588175276,0.1514686510684191,LSTM
S221,0.17092325482086201,0.2600386899985986,0.1857357147571807,0.29313733965775685,0.09016500076560739,CNN-LSTM
S222,0.1629239415622066,0.31050533193276486,0.15040044845724035,0.32496949076035253,0.05120078728743658,CNN-LSTM
S223,0.19946939889713697,0.3126222592465405,0.10913289195970051,0.34898869722265285,0.02978675267397401,CNN-LSTM
S224,0.31535712016348344,0.04691828399245915,0.21965867793889862,0.3882278575710593,0.029838060334100514,CNN-LSTM
S225,0.3145575648158978,0.27952924765275833,0.13465531807198397,0.09837469030417104,0.17288317915518492,1D-CNN
S226,0.13171662404045148,0.6260787731741855,0.02911712037859788,0.1795139673381685,0.03357351506859639,ANN
S227,0.4512891240869162,0.13912135311193516,0.10397108648225786,0.23388589736209695,0.07173253895679406,1D-CNN
S228,0.10414223646654652,0.6187905221262857,0.02597194979835867,0.23550608583308744,0.01558920577572165,ANN
S229,0.2745925228949381,0.1216507686705554,0.18286322302372449,0.36586144579850427,0.05503203961228307,CNN-LSTM
S230,0.23060509624311457,0.44484884728745827,0.0701258418418221,0.20700848498354818,0.04741172964405388,ANN
S231,0.15059438422936164,0.22980407309114373,0.101370497173817,0.4775052069930769,0.040725838512600136,CNN-LSTM
S232,0.2918678989164937,0.18816939158885718,0.18306888602253865,0.23189090600933562,0.10500291746277618,1D-CNN
S233,0.18054428992270397,0.2676423924479688,0.13433254833926694,0.3390515125961792,0.07842925669387699,CNN-LSTM
S234,0.12296194589243695,0.09746761663995583,0.1466048335965497,0.5901902335834991,0.042775370287557596,CNN-LSTM
S235,0.09110201962476795,0.1607225921693563,0.10026404412931209,0.6139593339217108,0.03395201015485307,CNN-LSTM
S236,0.3689770394722809,0.08124863652308369,0.2693854121780126,0.1398138363647409,0.1405750754618813,1D-CNN
S237,0.21879820452868495,0.2975510761411223,0.14874486278284774,0.06885040212770527,0.2660554544196364,ANN
S238,0.10256990154215805,0.10114607893561314,0.1927773187155732,0.1347935595025401,0.46871314130411484,GRU
S239,0.13050077816247707,0.09937662874419459,0.31085049846154006,0.1518903285621015,0.3073817660696817,LSTM
S240,0.21668575204228227,0.18805480616726294,0.22660029331860368,0.16262321033062563,0.20603593814122073,LSTM
S241,0.23581518505257387,0.12739379036100212,0.2283545939044973,0.3294643373035469,0.07897209337837635,CNN-LSTM
S242,0.0724602205003967,0.6428010155035377,0.09618167050270124,0.1621908329276371,0.026366260565725778,ANN
S243,0.13589938361322185,0.18251745017399904,0.08780620250769453,0.5653800560215365,0.028396907683555146,CNN-LSTM
S244,0.5871477172822085,0.02936148119592571,0.15203669982130016,0.1926251785708539,0.03882892312970666,1D-CNN
S245,0.08875432284933812,0.49092185693494295,0.16837736175065332,0.1033554503439122,0.14859100812115272,ANN
S246,0.4723346337599304,0.11459852367676697,0.06536367505299155,0.08281269746862106,0.26489047004168215,1D-CNN
S247,0.2269381256448267,0.30365974724829264,0.0747704648735887,0.2669596970980429,0.12767196513525017,ANN
S248,0.11975857329796179,0.12542165797736465,0.264302174422534,0.3534338411723157,0.13708375312982493,CNN-LSTM
S249,0.29744342628731557,0.03247113835429975,0.36984349070795053,0.1505193590095137,0.1497225856409245,LSTM
S250,0.5982635085985409,0.04494959752418407,0.09746393004756311,0.04294444555440183,0.21637851827531518,1D-CNN
S251,0.11956186249711,0.07499391778214494,0.14324003152311937,0.03507669187761861,0.6271274963200109,GRU
S252,0.16833118820120702,0.17091957995159854,0.19304333860748404,0.10380830460366344,0.36389758863604466,GRU
S253,0.16239465470302633,0.19544023297349813,0.20996730899218657,0.1988780399774652,0.2333197633538216,GRU
S254,0.0909385469536478,0.5437828411558558,0.07993090764200293,0.23532247693491087,0.05002522731358196,ANN
S255,0.05409932624539811,0.5031551831908401,0.07701608492546204,0.33661415225917285,0.029115253379125575,ANN
S256,0.1867597664597093,0.11046359400820692,0.5058132588728342,0.14555760719269098,0.05140577346655637,LSTM
S257,0.15661572152595235,0.22156709809732286,0.2619565240600925,0.09012866130121024,0.2697319950154167,GRU
S258,0.2714542125020506,0.10722744862717339,0.18728475234635297,0.09176005502855347,0.34227353149586154,GRU
S259,0.07242881629464169,0.1387907937314471,0.3577376480994036,0.2108033294942517,0.22023941238026326,LSTM
S260,0.20422752546521838,0.23404083160164044,0.2426820742609663,0.16431939187559302,0.15473017679658319,LSTM
S261,0.05367422647823647,0.19639996055694034,0.135303442902614,0.5830577395473978,0.03156463051481615,CNN-LSTM
S262,0.6517627131606288,0.016759451244488875,0.16018821069042363,0.1250770124153441,0.04621261248911855,1D-CNN
S263,0.14910447355746556,0.06538801929746683,0.1634319302635025,0.08478898369903821,0.5372865931825259,GRU
S264,0.11066496168851903,0.42147587836214345,0.13111230017916384,0.09316458592125673,0.24358227384891804,ANN
S265,0.15525925669299062,0.08824881385959046,0.27793861415416327,0.23857722847170942,0.23997608682154173,LSTM
S266,0.15318406741850046,0.24440713757681914,0.24536023996843392,0.1455620903046726,0.21148646473156932,LSTM
S267,0.30382042745739324,0.18895312319749039,0.1591068822626569,0.13891065870622862,0.20920890837623524,1D-CNN
S268,0.051788813575969456,0.11567786516334198,0.5838634970407359,0.19583301348618243,0.052836810733768606,LSTM
S269,0.09699931788086656,0.01644199459306359,0.4295766677957113,0.07587012949449738,0.38111189023586084,LSTM
S270,0.039931590921263624,0.25398481973720066,0.14709809212619712,0.08461976294132632,0.47436573427400835,GRU
S271,0.13525723281838212,0.28243231788989903,0.18991539080321318,0.13995816616543358,0.25243689232306704,ANN
S272,0.1898642023281593,0.10161897869864964,0.1995969132363974,0.35247593073125344,0.1564439750055396,CNN-LSTM
S273,0.1860773284790784,0.2439301970880107,0.18208493235476259,0.18866847435328107,0.19923906772486702,ANN
S274,0.22660272368373116,0.0798229096756401,0.26307223870309937,0.1621718527972488,0.26833027514027596,GRU
S275,0.16719220587941816,0.32512719675205315,0.16600906335002294,0.12074581971238467,0.2209257143061187,ANN
S276,0.11988279316355184,0.32373117551774544,0.17143117284913864,0.18615242380378202,0.1988024346657822,ANN
S277,0.11982219567720895,0.34028952729553225,0.19400488626491247,0.21717726061693599,0.1287061301454081,ANN
S278,0.18520000538125767,0.2622855886508744,0.17362453185838425,0.25622104999322975,0.1226688241162542,ANN
S279,0.09050910685346901,0.13378500103652718,0.2698894722016355,0.4668244558238889,0.038991964084478706,CNN-LSTM
S280,0.7158666420543127,0.01712920142476132,0.20769855724483768,0.04030327026376093,0.019002329012325507,1D-CNN
S281,0.14798053235102424,0.2462245121409523,0.1431841853788989,0.14437091905872637,0.31823985107039804,GRU
S282,0.1020198819117271,0.20016936454415582,0.22841479839045004,0.14686059539453752,0.3225353597591189,GRU
S283,0.17499464763023373,0.16039197858156995,0.23202464492872915,0.17482794285066142,0.2577607860088079,GRU
S284,0.17660639993508626,0.24978942219881853,0.1957242312958532,0.17455439035104495,0.2033255562191911,ANN
S285,0.18316655894722547,0.12470336627484833,0.12921116938347624,0.21702738366563218,0.3458915217288168,GRU
S286,0.06012804639598631,0.16858776396342093,0.19062511330625165,0.48989985638562866,0.09075921994870977,CNN-LSTM
S287,0.70812467582407,0.05350000501507826,0.14079556854381042,0.07530117342625087,0.02227857719079114,1D-CNN
S288,0.7545595246355603,0.018443328771068638,0.13486308349816625,0.06937056898531682,0.02276349410988804,1D-CNN
S289,0.07075439908040952,0.8704664528395393,0.01647787551352734,0.01595882561569135,0.026342446950831388,ANN
S290,0.2241315151675255,0.16224999542819657,0.13255163954928856,0.09975722570687577,0.3813096241481147,GRU
S291,0.1681059241018818,0.1355509830657197,0.28023481042439075,0.14649669593532127,0.26961158647269223,LSTM
S292,0.1917507150349672,0.2306180066939639,0.24138583206803474,0.12426955925708474,0.21197588694595493,LSTM
S293,0.2859899868817516,0.41337659075264477,0.10416275071456214,0.07806117906316662,0.1184094925878718,ANN
S294,0.41343717994337426,0.1663352042353626,0.09038525029991946,0.1292333494860736,0.20060901603527825,1D-CNN
S295,0.08327987607139381,0.09046043914339262,0.3336308065864896,0.39935551727112634,0.09327336092758898,CNN-LSTM
S296,0.13145267198086932,0.13367414740669487,0.5785930346445463,0.13004110409925473,0.026239041868633448,LSTM
S297,0.3815286769626277,0.10259494475822181,0.4413841340730119,0.03824903142435451,0.03624321278178346,LSTM
S298,0.06458352704006728,0.2092446007492224,0.27810406210869154,0.20837973317778197,0.23968807692423663,LSTM
S299,0.29287089799553956,0.09534556500459061,0.13726301513168365,0.10216956238982343,0.3723509594783592,GRU
S300,0.10481242978767828,0.10401960702510933,0.20189832792881987,0.41345009024857876,0.1758195450098151,CNN-LSTM
S301,0.13821320208713628,0.03534488710919085,0.480313802513883,0.18556331051408273,0.16056479777570792,LSTM
S302,0.17278600631734223,0.04598991396221559,0.1662397152410094,0.10364007406367906,0.5113442904157558,GRU
S303,0.21436932659698882,0.08769651953271806,0.2652503292098332,0.11454623497460534,0.31813758968585426,GRU
S304,0.14246872945644135,0.10368589127764287,0.16690527998058954,0.10026343399491545,0.48667666529040754,GRU
S305,0.15378432574833006,0.1475354063471787,0.2098169124958203,0.22735221692540883,0.2615111384832622,GRU
S306,0.13007046463376346,0.28558340998235743,0.1393754247092035,0.2821188530609027,0.16285184761377203,ANN
S307,0.07435363794698094,0.17770016485080714,0.18183015226934635,0.47356702162252307,0.09254902331034019,CNN-LSTM
S308,0.30326158325157054,0.25485431632656713,0.17910991137715065,0.22103890000681098,0.04173528903790679,1D-CNN
S309,0.4887347098910027,0.11111932329417161,0.21158870584982958,0.13990802270716565,0.04864923825783167,1D-CNN
S310,0.17279080315462478,0.3567130180857197,0.12748552799464263,0.1316904897502202,0.21132016101479037,ANN
S311,0.019283685810124157,0.0558186646277042,0.4724601403984638,0.14167625926191038,0.310761249901804,LSTM
S312,0.09192139571513225,0.24035816007760488,0.24229034082181555,0.12254239042713586,0.3028877129583054,GRU
S313,0.2949745135375505,0.06931261540870247,0.3769387667681729,0.10823216552073403,0.15054193876484034,LSTM
S314,0.5274011995760923,0.04903800266925777,0.11676467150486304,0.05614851770739052,0.2506476085423944,1D-CNN
S315,0.16172035654362668,0.10962281717244525,0.22978546487059306,0.10391322554373501,0.3949581358696042,GRU
S316,0.07528544125303485,0.17465700786421023,0.3662190904360642,0.24890056586998915,0.13493789457670005,LSTM
S317,0.10655190418428397,0.12759435330863236,0.2566548754234181,0.3200630983799872,0.18913576870367554,CNN-LSTM
S318,0.11416532493142223,0.1847182397289414,0.2405467240825942,0.30616276535182957,0.15440694590521686,CNN-LSTM
S319,0.035753146954915854,0.07930372757060689,0.22578727482258573,0.5958324176019896,0.06332343304989921,CNN-LSTM
S320,0.09241795037878994,0.502145850619019,0.11872349068750251,0.27261513790286895,0.014097570411819893,ANN
S321,0.3938488619318118,0.4810752923745838,0.05458449338565537,0.04974037374673836,0.020750978561214748,ANN
S322,0.2193157907946318,0.4545439947966825,0.04488823568840136,0.2634710023395709,0.017780976380714606,ANN
S323,0.5374973775182026,0.0744745102749867,0.1640778134065942,0.1684053645099816,0.05554493429023439,1D-CNN
S324,0.17297878267415787,0.3925227209241065,0.024461882602853494,0.39297851923498633,0.017058094563894628,CNN-LSTM
S325,0.1811177390478423,0.07449969725748945,0.40484882378438725,0.2526244632735669,0.0869092766367163,LSTM
S326,0.6034876950840051,0.07653430531358789,0.09979009722148548,0.051051811365628905,0.16913609101529842,1D-CNN
S327,0.1062195183566109,0.46620528771701997,0.14206230105288037,0.07660174607470864,0.20891114679878284,ANN
S328,0.0487315570827616,0.024387562559591458,0.13082300443329248,0.024485459375782382,0.7715724165485721,GRU
S329,0.17910705517753572,0.1895966274726573,0.1381875675913201,0.07985416285932019,0.4132545868991665,GRU
S330,0.16361214260078683,0.1042029189514841,0.14274894130117968,0.06981949983171101,0.5196164973148363,GRU
S331,0.25481436680589986,0.11218385159990767,0.07907401705380845,0.06589428165540978,0.4880334828849741,GRU
S332,0.16033951821407538,0.31845892898053907,0.1083484657309712,0.26533859784428654,0.14751448923012914,ANN
S333,0.12956784502565286,0.23737751657064501,0.12444705994162704,0.46616418528180453,0.04244339318026845,CNN-LSTM
S334,0.16099926862153371,0.09842632942924133,0.4708687614238067,0.21735136209995096,0.05235427842546729,LSTM
S335,0.3640395647899954,0.14451662601332477,0.2515800779412199,0.15796647557256233,0.08189725568289649,1D-CNN
S336,0.21492745049471976,0.1465283325364903,0.21308458913934553,0.14446371752497156,0.28099591030447235,GRU
S337,0.08193990134884682,0.054641948545898045,0.24331643090484453,0.25888397126339835,0.36121774793701344,GRU
S338,0.0581731810275765,0.06759243903639052,0.5126555340551331,0.1448767600486324,0.21670208583226833,LSTM
S339,0.3915546449656558,0.2203887712461281,0.07973689539936915,0.034692494494979034,0.27362719389386586,1D-CNN
S340,0.25435548785820844,0.29548875561667226,0.17084249539332688,0.1006820643458918,0.17863119678589776,ANN
S341,0.09877710407382076,0.5708645097733597,0.0987940828391674,0.20833867942813092,0.0232256238855203,ANN
S342,0.08929623097463378,0.05119298124907549,0.13421238609837693,0.1256399345156489,0.5996584671622635,GRU
S343,0.07039033779343322,0.5438469723652998,0.11289739005092599,0.23713461921192713,0.03573068057840669,ANN
S344,0.19030440079580352,0.1297215662830497,0.3477896713248138,0.2936465741758933,0.03853778742044469,LSTM
S345,0.0832549580590371,0.46051229708843805,0.19614559735256606,0.2292659248818757,0.030821222618081373,ANN
S346,0.2297822580158568,0.09048852420833439,0.2666394794487925,0.17415227451016327,0.23893746381685294,LSTM
S347,0.1785403212518776,0.19379930840181406,0.1381824760003937,0.12282507814526743,0.3666528162006545,GRU
S348,0.08140790654517822,0.6950828579416636,0.06582682084538453,0.09852220279752598,0.059160211870252055,ANN
S349,0.2179767110745883,0.19410425002614912,0.23438867825519807,0.253193256985018,0.10033710365904576,CNN-LSTM
S350,0.27361062710844025,0.3250660760283486,0.10795849591758858,0.24974300490188808,0.04362179604373556,ANN
S351,0.31811370839020175,0.14223108865675543,0.25029876092668124,0.1024303968999854,0.1869260451263763,1D-CNN
S352,0.16627277050218428,0.2441176281693535,0.18931571904393538,0.1919229349581802,0.20837094732634476,ANN
S353,0.13218747754015747,0.06582658037298296,0.32431343521159733,0.23700567530439415,0.24066683157086913,LSTM
S354,0.1361785527633321,0.129564232797701,0.2685862654640321,0.13781989595874944,0.327851053016192,GRU
S355,0.1998291707645316,0.26258293909577357,0.16808476367151484,0.15075021069361005,0.21875291577456782,ANN
S356,0.12092110879254253,0.15212689632332596,0.2284467609508975,0.4116734836504127,0.08683175028282902,CNN-LSTM
S357,0.27970369621559893,0.22546091649533853,0.18048006276841935,0.24589224210054203,0.06846308242009813,1D-CNN
S358,0.3161469808917081,0.11344058227307569,0.25011530724508807,0.16440718131285872,0.155889948277272,1D-CNN
S359,0.15223190365413133,0.13946323417117254,0.3767932652935186,0.15376221623771033,0.1777493806434741,LSTM
S360,0.15057890589523165,0.09637023195933582,0.20234862497851205,0.11395159787812127,0.436750639288799,GRU
S361,0.09564957060762849,0.15692908346540338,0.2630201176018978,0.2163401881231769,0.2680610402018989,GRU
S362,0.2687289321970825,0.24385813822962418,0.023447437236973446,0.0212981874053879,0.44266730493093326,GRU
S363,0.09038837341972823,0.30169616768051716,0.0012340214901951957,0.010575014338819019,0.5961064230707402,GRU
S364,0.011508951222952606,0.5130612934874755,0.011441573184268887,0.430299826137064,0.03368835596823896,ANN
S365,0.1482243086317419,0.13613923681827073,0.5235371662262804,0.15810798155501066,0.033991306768695974,LSTM
S366,0.09619908655495775,0.06333782131899961,0.6810139866070475,0.116485926538128,0.042963178980866754,LSTM
