Segment,1D-CNN,ANN,CNN-LSTM,GRU,Selected
S1,0.2018558747411463,0.10773333590660365,0.45138891136845244,0.23902187798379834,CNN-LSTM
S2,0.3489153965395292,0.18740861500401637,0.2996539045230813,0.16402208393336914,1D-CNN
S3,0.11788753485900469,0.3763519486622147,0.3733972711364572,0.1323632453423211,ANN
S4,0.24096629187747295,0.3663918291743817,0.2026756789550023,0.18996619999314365,ANN
S5,0.14750664739284877,0.26860834611721124,0.2101814828690566,0.3737035236208837,GRU
S6,0.14812080878226158,0.2605196571288063,0.2299867551495362,0.3613727789393921,GRU
S7,0.19320184874546825,0.16905422678489795,0.2970918676264768,0.3406520568431541,GRU
S8,0.17650814946738683,0.3416458954541611,0.179120922973976,0.3027250321044763,ANN
S9,0.28801759207206595,0.35091281005975866,0.1094625681011648,0.25160702976701144,ANN
S10,0.1931970018581382,0.3104902183862306,0.1340704810629166,0.36224229869271474,GRU
S11,0.2367203649750135,0.24811051755253424,0.17087884170197448,0.3442902757704735,GRU
S12,0.22050176985879583,0.19696186325216924,0.2145257976057242,0.36801056928331405,GRU
S13,0.15728814814064385,0.1719872421738423,0.22241024272058252,0.4483143669649313,GRU
S14,0.15899338317100642,0.20330654452388724,0.2756588353598673,0.36204123694523926,GRU
S15,0.20381095240215374,0.41069628367361793,0.10001216777422924,0.28548059614999893,ANN
S16,0.25265034680286974,0.13571307229572652,0.1104001504338127,0.5012364304675899,GRU
S17,0.2474909752820996,0.33282427830303474,0.3216790697356574,0.09800567667920711,ANN
S18,0.36703049386639275,0.2583033247159858,0.31866799086759406,0.05599819055002685,1D-CNN
S19,0.3048392976465776,0.25715728779940233,0.36910775807978247,0.06889565647423661,CNN-LSTM
S20,0.3798349403146134,0.35950658306126,0.15989177534978372,0.100766701274341,1D-CNN
S21,0.22312040281816795,0.32264082264319843,0.19361249186636642,0.2606262826722656,ANN
S22,0.2604092786171812,0.21539833381077575,0.16787486524078885,0.35631752233125846,GRU
S23,0.044383386272454625,0.10197346793264883,0.2858894373793098,0.5677537084155861,GRU
S24,0.036406847509866204,0.5977239712942544,0.0727140099180224,0.2931551712778563,ANN
S25,0.4656398583685106,0.17736165435952203,0.012924153285699059,0.3440743339862655,1D-CNN
S26,0.2211986433216499,0.45898127422033375,0.057759708045534146,0.2620603744124822,ANN
S27,0.2570097397883818,0.09683561603120619,0.54552559153106,0.10062905264934949,CNN-LSTM
S28,0.3385014699379521,0.17502223799045497,0.25355525857322647,0.23292103349836646,1D-CNN
S29,0.282113043533854,0.1741603062845308,0.4175327519182734,0.12619389826334199,CNN-LSTM
S30,0.34812732425583537,0.2146922446453023,0.31120938506969636,0.12597104602916798,1D-CNN
S31,0.28403290405047354,0.2134282616274041,0.36251598278562014,0.14002285153650185,CNN-LSTM
S32,0.24395831721959646,0.2498735085512399,0.3329151349249859,0.17325303930417682,CNN-LSTM
S33,0.2923357430015376,0.20965158509720336,0.2393407941510351,0.2586718777502278,1D-CNN
S34,0.2639030361714753,0.18969372246205346,0.277363218506469,0.26904002286000195,CNN-LSTM
S35,0.23373560904180407,0.28221895802996455,0.2137698228052476,0.27027561012298323,ANN
S36,0.19770029289405372,0.26992858427772604,0.21681015350222776,0.31556096932598815,GRU
S37,0.12710282332547468,0.1984669406761039,0.3342599317539838,0.3401703042444374,GRU
S38,0.2933836940229284,0.3045379054135286,0.2090996526845063,0.19297874787903754,ANN
S39,0.2594839618464438,0.2543141658618297,0.2540585460011221,0.23214332629060347,1D-CNN
S40,0.25105433334665717,0.2518628812561208,0.2596411865252378,0.23744159887198774,CNN-LSTM
S41,0.2536457754769845,0.23914491207478525,0.2709505381926064,0.23625877425562505,CNN-LSTM
S42,0.28059633436594006,0.25380797217334816,0.24928507247104115,0.21631062098966877,1D-CNN
S43,0.2764245409214492,0.2680357731799805,0.25333278896884104,0.20220689692972638,1D-CNN
S44,0.25463454974334343,0.09248207407653289,0.29335138577755476,0.3595319904025642,GRU
S45,0.02689743336585902,0.024284233206863775,0.7033840033996901,0.24543433002758613,CNN-LSTM
S46,0.1851408470431235,0.7400384878956902,0.020170112095273945,0.05465055296591488,ANN
S47,0.08601510854120858,0.23825399416011214,0.13317094758582862,0.5425599497128497,GRU
S48,0.16240882641988483,0.08196514975728036,0.2321926392073216,0.523433384615513,GRU
S49,0.14623071852940578,0.12120056768826037,0.39972606568626967,0.3328426480960691,CNN-LSTM
S50,0.5442064095362611,0.18838128546357225,0.1551124859644951,0.11229981903567149,1D-CNN
S51,0.29245066241372386,0.35370756214251237,0.26260752726559317,0.09123424817816991,ANN
S52,0.38964810316623044,0.44826488060244407,0.1171121728806838,0.04497484335064011,ANN
S53,0.29511123161544606,0.3459813615505461,0.23707562330120405,0.12183178353280408,ANN
S54,0.7696322305440784,0.16063693533360293,0.04218595688155814,0.027544877240760438,1D-CNN
S55,0.3240621216557504,0.4693174720312886,0.08687691102924983,0.11974349528371117,ANN
S56,0.12526686675718876,0.14886790647593176,0.2535826131280508,0.4722826136388264,GRU
S57,0.20010577401705582,0.24866525907883882,0.20680269964169484,0.3444262672624104,GRU
S58,0.17146085255902568,0.34567204216653696,0.19687798179918567,0.28598912347525135,ANN
S59,0.12312159167618235,0.16414250124798252,0.35093095296356,0.3618049541122761,GRU
S60,0.24761813552189796,0.20934981006574774,0.24683523384320255,0.29619682056915,GRU
S61,0.447105017260844,0.3712859512705051,0.050951075720840816,0.13065795574781008,1D-CNN
S62,0.5129323040041718,0.20939955800324983,0.06328697970242189,0.21438115829015741,1D-CNN
S63,0.2435105186242414,0.26663414780252714,0.10116330521649967,0.3886920283567321,GRU
S64,0.2207438718126252,0.2232811780370753,0.11911329666476551,0.4368616534855339,GRU
S65,0.1735218341014853,0.07898464974185787,0.1941563849756652,0.5533371311809906,GRU
S66,0.18082353078352587,0.17346783378152006,0.29413345226973286,0.35157518316522096,GRU
S67,0.2848712071608033,0.2797059162349428,0.23288410696195325,0.20253876964229883,1D-CNN
S68,0.243767732730978,0.3649708102181935,0.24190544780920076,0.14935600924162873,ANN
S69,0.250751696435246,0.3995956326493547,0.23084097240025306,0.11881169851514552,ANN
S70,0.2826347362045126,0.4129206395038098,0.20561409301620331,0.09883053127547202,ANN
S71,0.2931220273299674,0.36799028438811127,0.2164758542569095,0.12241183402501092,ANN
S72,0.10707767559310256,0.8701172665277869,0.008867043132475914,0.0139380147466366,ANN
S73,0.028383414094875124,0.06187750383420404,0.1630448183167099,0.7466942637542116,GRU
S74,0.25431606983953264,0.26266068418666144,0.22540960045140557,0.2576136455223994,ANN
S75,0.16241965812948028,0.18343862216716836,0.46061462417159654,0.19352709553175798,CNN-LSTM
S76,0.20469326250747563,0.30369343418561856,0.26389073559436305,0.22772256771253935,ANN
S77,0.2577585836801014,0.12481514776569964,0.24990948045183525,0.3675167881023617,GRU
S78,0.2963368828314818,0.23712196727332868,0.2573588871216515,0.20918226277353694,1D-CNN
S79,0.1931912481504945,0.22271028093758494,0.36840133715809414,0.21569713375382646,CNN-LSTM
S80,0.22127630496408707,0.32700317882615104,0.2813875873590208,0.1703329288507402,ANN
S81,0.28612804293436045,0.2501110054020827,0.22042832540703738,0.2433326262565183,1D-CNN
S82,0.21266789270542774,0.2669527594750789,0.24991989278895585,0.27045945503053775,GRU
S83,0.17409150194497444,0.22839050386207957,0.3227586742263262,0.2747593199666199,CNN-LSTM
S84,0.21613223749871724,0.13740884444723506,0.27888970724420153,0.367569210809847,GRU
S85,0.04429761348804501,0.020174700980334498,0.6055454781517777,0.32998220737984263,CNN-LSTM
S86,0.42545110232609523,0.21108977366883194,0.1755647269938395,0.1878943970112322,1D-CNN
S87,0.4187408711729256,0.38053777690535684,0.057539662599963244,0.14318168932175754,1D-CNN
S88,0.517978209592861,0.13595918917772234,0.08264780561310274,0.26341479561631415,1D-CNN
S89,0.3836927706452847,0.18560019483986112,0.2100511469508774,0.2206558875639763,1D-CNN
S90,0.3064649441699232,0.23972575210275673,0.29191298194789816,0.1618963217794211,1D-CNN
S91,0.3206002939420394,0.3327304359495158,0.2193570781496331,0.1273121919588111,ANN
S92,0.38661156687011067,0.32646838358329333,0.19418115339406816,0.09273889615252796,1D-CNN
S93,0.23481867765638376,0.3532561737205069,0.24725421727439395,0.1646709313487139,ANN
S94,0.296659995193565,0.3942929840849879,0.14373570661069837,0.16531131411074806,ANN
S95,0.06446277051411643,0.04945955925516928,0.3548211475128504,0.5312565227178639,GRU
S96,0.07280024618272887,0.0520311862879568,0.45932561357783536,0.41584295395147897,CNN-LSTM
S97,0.14730964114860579,0.07973732811555491,0.44208807450175713,0.3308649562340841,CNN-LSTM
S98,0.2340808111921852,0.47248956536854314,0.12766263837096686,0.1657669850683016,ANN
S99,0.25124038385687825,0.6590400605229179,0.013771166773655951,0.07594838884654773,ANN
S100,0.6478342299719051,0.06746581723366582,0.04246451929714526,0.24223543349728116,1D-CNN
S101,0.1650202500950191,0.12551282069875266,0.10991662878701564,0.5995503004192119,GRU
S102,0.24834647864774137,0.32784592679462865,0.20374919873234124,0.22005839582528802,ANN
S103,0.20692778282555285,0.2453324803449378,0.23442847899959826,0.31331125782991115,GRU
S104,0.01297958491594994,0.017241235672308144,0.1842768836189176,0.7855022957928242,GRU
S105,0.026523084213827236,0.029387371047799406,0.16140719246833213,0.7826823522700396,GRU
S106,0.019032463251057147,0.005174860266381723,0.12495701062411313,0.8508356658584466,GRU
S107,0.006422548136601781,0.010678747946601024,0.08487871267177613,0.8980199912450205,GRU
S108,0.03533735713329227,0.05922962660588476,0.233933065167935,0.6714999510928873,GRU
S109,0.4225557363915409,0.1412064182083213,0.10341214118554277,0.33282570421459456,1D-CNN
S110,0.22446209841536002,0.40352565515011946,0.20397329005272694,0.1680389563817891,ANN
S111,0.18784781680511764,0.2781004852459262,0.08858214091319001,0.4454695570357672,GRU
S112,0.07917580668873267,0.2759451472619863,0.0598691174357881,0.585009928613493,GRU
S113,0.20772732399367763,0.25912674888426956,0.09126598454356441,0.44187994257848706,GRU
S114,0.1678662805983731,0.16037561281716986,0.1284938836133935,0.5432642229710626,GRU
S115,0.12996405270280723,0.3635026350045419,0.1346863164058973,0.3718469958867512,GRU
S116,0.2026365033063277,0.3349656428754616,0.1409897432123279,0.3214081106058824,ANN
S117,0.21159318891317397,0.2882181533710127,0.24145031873283124,0.25873833898298393,ANN
S118,0.3005249731110168,0.19427477032876475,0.333523024543031,0.17167723201718726,CNN-LSTM
S119,0.20777344579790116,0.07169163303137473,0.6598369197677096,0.06069800140301191,CNN-LSTM
S120,0.21379725592287077,0.26412113567913614,0.4319863658015771,0.09009524259641623,CNN-LSTM
S121,0.50692964668351,0.2680614408269205,0.15922960593131524,0.06577930655825405,1D-CNN
S122,0.363449049871762,0.20648643945391434,0.3224855205733534,0.10757899010096937,1D-CNN
S123,0.3036654091387278,0.33468602784808116,0.2644612881817176,0.09718727483147369,ANN
S124,0.3899240729876669,0.19017415889750547,0.2522806083704239,0.1676211597444054,1D-CNN
S125,0.2148627624957372,0.21315200792885564,0.18824583294574787,0.3837393966296523,GRU
S126,0.2536896446661091,0.288005374260332,0.16368830489976355,0.2946166761737953,GRU
S127,0.24192203123148057,0.2955056679663583,0.1775782017428793,0.2849940990592802,ANN
S128,0.24812942304210625,0.23692148175403072,0.24656783653070577,0.26838125867315726,GRU
S129,0.20139574310986152,0.23421812183706853,0.26283345031544963,0.3015526847376202,GRU
S130,0.36407530621124096,0.2988501216145932,0.1566454894385073,0.18042908273565764,1D-CNN
S131,0.1966536938375748,0.09673408893995877,0.5932641519978852,0.11334806522458411,CNN-LSTM
S132,0.08816357303943191,0.41663554280744264,0.4172729380511596,0.07792794610196588,CNN-LSTM
S133,0.2864753958322911,0.36469808896381173,0.23281415903499827,0.11601235616889895,ANN
S134,0.39668106954517296,0.3408074702719017,0.15427696868521593,0.1082344914977087,1D-CNN
S135,0.23887016651724274,0.30892489140235874,0.23188575789280053,0.22031918418759716,ANN
S136,0.15617159503837813,0.14518794960830886,0.4266993832918286,0.2719410720614878,CNN-LSTM
S137,0.06800449231750336,0.0909309432940438,0.2847399307183743,0.5563246336700757,GRU
S138,0.19451567376598639,0.46197881953964093,0.08409081603645556,0.2594146906579163,ANN
S139,0.20749818466715875,0.24979675807804733,0.14039524114724108,0.4023098161075561,GRU
S140,0.21074961759469682,0.10885334181414394,0.21262899248517006,0.46776804810598693,GRU
S141,0.2295998190094024,0.302659405496753,0.18296314912615314,0.2847776263676921,ANN
S142,0.2641151000832035,0.22654775535013133,0.2044121714626302,0.3049249731040334,GRU
S143,0.175960419891827,0.4665224235935995,0.11434445857755862,0.24317269793701557,ANN
S144,0.3832791706595246,0.2251047831820937,0.1345605122510877,0.2570555339072942,1D-CNN
S145,0.3582039427617845,0.22814280540623275,0.3181820385873845,0.09547121324459838,1D-CNN
S146,0.19702904174924588,0.3756553718703919,0.36708480902608276,0.060230777354279535,ANN
S147,0.3683215303307199,0.013604871402354156,0.43789358342130025,0.18018001484562574,CNN-LSTM
S148,0.19796651820449998,0.15510940752526436,0.5141914766719891,0.13273259759824604,CNN-LSTM
S149,0.12520153663885975,0.16736348508858218,0.12591012858206374,0.581524849690494,GRU
S150,0.11020629932119949,0.1859440694326869,0.15315241554594336,0.5506972157001697,GRU
S151,0.19771183420973462,0.19538809684621217,0.1389401014637252,0.4679599674803242,GRU
S152,0.16282629531182027,0.358242881350311,0.24283741028678318,0.2360934130510863,ANN
S153,0.22497555564861918,0.2211331564356122,0.3191073911403318,0.23478389677544115,CNN-LSTM
S154,0.24448972395939045,0.22812469309626335,0.3312048973707484,0.19618068557359752,CNN-LSTM
S155,0.2579573402354409,0.1502878011237934,0.41967109181339973,0.17208376682736426,CNN-LSTM
S156,0.21389762709361818,0.16159770431005602,0.45653757812901885,0.16796709046730673,CNN-LSTM
S157,0.3050491505496797,0.19635197181509484,0.32528839103526674,0.17331048659995793,CNN-LSTM
S158,0.25587548841812335,0.3637490922950261,0.16380205845106524,0.21657336083578502,ANN
S159,0.15863057612474615,0.29792224308051873,0.28060838086012246,0.2628387999346081,ANN
S160,0.15644327910066633,0.17713008481824613,0.42952210758437914,0.2369045284967125,CNN-LSTM
S161,0.27048716983087456,0.2858814973160755,0.23910121283953428,0.20453012001351423,ANN
S162,0.29088740567001237,0.19998177879093612,0.2820911463186798,0.2270396692203752,1D-CNN
S163,0.27773263730349484,0.15840979591264828,0.3631916425488626,0.20066592423498963,CNN-LSTM
S164,0.1856069044549708,0.23932021407696533,0.447395299524353,0.1276775819437093,CNN-LSTM
S165,0.16287609407499987,0.65799867635493,0.11001259994392582,0.06911262962614415,ANN
S166,0.1688002122765091,0.15005300696108223,0.25119984858393585,0.4299469321784718,GRU
S167,0.25337968344761586,0.18057806258172648,0.35498085780412464,0.2110613961665327,CNN-LSTM
S168,0.21627430764644162,0.2400547741851944,0.36971737589149695,0.17395354227686613,CNN-LSTM
S169,0.3372612896769827,0.10540278682349977,0.4556036384869326,0.1017322850125879,CNN-LSTM
S170,0.27290926967333506,0.33387471642735256,0.2576754239825414,0.13554058991677018,ANN
S171,0.5644646421472961,0.18895057848606112,0.17686906823090462,0.0697157111357421,1D-CNN
S172,0.08280734410855735,0.15914677439364067,0.5911357262912141,0.1669101552065889,CNN-LSTM
S173,0.05556085818026593,0.709169165157404,0.1150406306701407,0.12022934599219184,ANN
S174,0.17326939918180528,0.3272828559447647,0.137843897378406,0.36160384749502744,GRU
S175,0.16725530292688492,0.3219712846403525,0.18576162414792577,0.32501178828483757,GRU
S176,0.14189204724717483,0.27022255871852285,0.20265173490266938,0.3852336591316328,GRU
S177,0.18568082975618294,0.14081958446865023,0.2832434895157432,0.39025609625942337,GRU
S178,0.17142635117695862,0.4256682244360167,0.10230956371404136,0.3005958606729832,ANN
S179,0.4585128191638366,0.18226717347095528,0.08584705330577484,0.2733729540594315,1D-CNN
S180,0.3046789574223764,0.15768679562308166,0.08060069576524173,0.4570335511892969,GRU
S181,0.17727475851652252,0.17439752138121298,0.32824135639652585,0.32008636370573423,CNN-LSTM
S182,0.1137990217146302,0.055555812505203306,0.13497891861314643,0.6956662471670191,GRU
S183,0.10744292890711904,0.07660985605662914,0.1684092192275002,0.6475379958087495,GRU
S184,0.1434860411393073,0.1024805781084642,0.13426989223341143,0.6197634885188162,GRU
S185,0.18920323092461352,0.03957224382766738,0.1306827751955136,0.6405417500522051,GRU
S186,0.16411316222502534,0.11848705241475481,0.2832275738887329,0.4341722114714866,GRU
S187,0.25291250521746206,0.17583121103738106,0.3062990157499508,0.26495726799520297,CNN-LSTM
S188,0.29046284708937653,0.24263518216070748,0.2980335096087948,0.16886846114112083,CNN-LSTM
S189,0.22073428826267572,0.08576209607145378,0.6388032821529901,0.054700333512879826,CNN-LSTM
S190,0.18324804974183476,0.39731178524837213,0.28317119719496964,0.13626896781482328,ANN
S191,0.3475868053290899,0.18627363708672973,0.2454104767585472,0.2207290808256342,1D-CNN
S192,0.20245463422502316,0.31722070299218513,0.17165455640340482,0.30867010637938586,ANN
S193,0.0694312795859954,0.09877103021956508,0.28779591642677,0.5440017737676672,GRU
S194,0.1910603640868868,0.24778049635414037,0.18352518249167013,0.37763395706730213,GRU
S195,0.25343885631490676,0.38184699439531117,0.10474377979576205,0.2599703694940194,ANN
S196,0.14077521847703478,0.49896702176461016,0.05417034494633226,0.30608741481202606,ANN
S197,0.19417255560763078,0.36650142106487493,0.09312268408497458,0.34620333924251623,ANN
S198,0.23391530903392896,0.20814717520624354,0.10787537659386563,0.4500621391659613,GRU
S199,0.21074216313669028,0.20359259874628072,0.1787368925542183,0.40692834556281743,GRU
S200,0.2622822992872075,0.24921427999426957,0.1752290890650857,0.31327433165344076,GRU
S201,0.2357395704032284,0.16576396875900998,0.18114971315116368,0.4173467476866024,GRU
S202,0.19167160396742122,0.2386421317277341,0.24154248960233876,0.3281437747025097,GRU
S203,0.1369067762304438,0.129080892950624,0.3803966339679382,0.3536156968509932,CNN-LSTM
S204,0.18699454730656107,0.3139551157240686,0.1703839277733781,0.32866640919598966,GRU
S205,0.2860728345957882,0.2500002031680005,0.17388804726642973,0.2900389149697818,GRU
S206,0.2790214687588139,0.27040155516588005,0.21913502076503538,0.23144195531026848,1D-CNN
S207,0.26851910344282287,0.32381275524009046,0.23855345553115254,0.1691146857859333,ANN
S208,0.12523456215016407,0.2273404296564999,0.24468071779520725,0.4027442903981247,GRU
S209,0.10441534788741298,0.17490228445859354,0.2981368038951481,0.4225455637588462,GRU
S210,0.2552744812444226,0.486233395849768,0.054071910247673216,0.20442021265813312,ANN
S211,0.3153807988645232,0.05523247763802477,0.5561390669895196,0.07324765650793044,CNN-LSTM
S212,0.1494203050762194,0.40183421339535835,0.4181412731214084,0.030604208407013236,CNN-LSTM
S213,0.10450809767981552,0.10673069437086255,0.18894794710300478,0.599813260846318,GRU
S214,0.17266692622034716,0.18271266493512153,0.1819862437183751,0.46263416512615607,GRU
S215,0.22790021934865726,0.27044416250140385,0.14238096278453247,0.3592746553654072,GRU
S216,0.16899941161389362,0.29229955781599676,0.14558449435274012,0.39311653621736925,GRU
S217,0.1617845841535691,0.4115077830189025,0.11260019986979707,0.3141074329577279,ANN
S218,0.10284556388887585,0.29655696698850953,0.17346869932187106,0.4271287698007393,GRU
S219,0.09884449914615956,0.32190635646265015,0.06622370855722239,0.5130254358339688,GRU
S220,0.13959286604422602,0.13646142334934935,0.030788852344884075,0.6931568582615414,GRU
S221,0.20951917144016236,0.19425281870714026,0.045069163495159506,0.551158846357538,GRU
S222,0.13551670475993377,0.5857771744431274,0.09087172258644642,0.18783439821049244,ANN
S223,0.05252409989325429,0.10996585434891898,0.056151995476851395,0.7813580502809758,GRU
S224,0.08434772016406036,0.12639504823440484,0.1064536745786845,0.68280355702285,GRU
S225,0.1915600184003179,0.2631055638670699,0.0817598044676779,0.46357461326493327,GRU
S226,0.17686866345438265,0.1389139586230511,0.1051210012494691,0.5790963766730972,GRU
S227,0.13240033112727873,0.3257799009953245,0.12094132741611414,0.42087844046128237,GRU
S228,0.14926381278193857,0.1558826649854128,0.12860355643976587,0.5662499657928829,GRU
S229,0.19219800244591387,0.33381725330059087,0.23794780432503743,0.23603693992845778,ANN
S230,0.24427587830906047,0.2474499470530663,0.261963114155669,0.2463110604822078,CNN-LSTM
S231,0.23303683866728664,0.2347766882266857,0.24812788378024,0.28405858932579114,GRU
S232,0.31159589866217613,0.16354536662578203,0.363770975871294,0.1610877588407513,CNN-LSTM
S233,0.2844935205381831,0.25443501232790317,0.28512589235155045,0.17594557478236392,CNN-LSTM
S234,0.26651197325195897,0.2667700470832105,0.2436235067919087,0.22309447287292306,ANN
S235,0.138419913386151,0.1049033345528497,0.294148943005345,0.46252780905565427,GRU
S236,0.1701200307842642,0.3962622596504077,0.17328056790498597,0.2603371416603411,ANN
S237,0.2791578750641206,0.3476656395850515,0.11543374513352234,0.25774274021730387,ANN
S238,0.3794605566053836,0.1177786670761565,0.17002134938867972,0.33273942692978103,1D-CNN
S239,0.11474989820760799,0.4498258668879172,0.10212838833678085,0.3332958465676928,ANN
S240,0.4684575295283671,0.18864312084782325,0.029008090441516955,0.3138912591822927,1D-CNN
S241,0.2727742788024096,0.34554718453246674,0.12875899900692755,0.25291953765819525,ANN
S242,0.3095438385505315,0.30543022247364426,0.3135843673009197,0.0714415716749041,CNN-LSTM
S243,0.30360258833394543,0.28168136914565484,0.2722596925530182,0.14245634996737802,1D-CNN
S244,0.30470658086547925,0.22279400220030174,0.3317092536267949,0.14079016330742383,CNN-LSTM
S245,0.3666738405000037,0.22760608533793616,0.26723345594261405,0.13848661821945055,1D-CNN
S246,0.251217673746585,0.30425322376090347,0.25089662144927694,0.193632481043233,ANN
S247,0.2769561791120738,0.2504102922752971,0.24037662098980467,0.23225690762282442,1D-CNN
S248,0.1904485479016755,0.294168444396381,0.25923058926373244,0.256152418438208,ANN
S249,0.14271169645533632,0.2540199638852376,0.3341743058528561,0.2690940338065686,CNN-LSTM
S250,0.2285356781075306,0.2633802017949822,0.24187635170561902,0.2662077683918681,GRU
S251,0.2944690040671774,0.3540191361496951,0.126245236122682,0.22526662366044273,ANN
S252,0.3134566904380851,0.14588830051362292,0.28212773802898755,0.25852727101930434,1D-CNN
S253,0.17370993620450656,0.24484095997754624,0.4388991147267478,0.14254998909119812,CNN-LSTM
S254,0.27336667635557793,0.26176304739473516,0.16533367679947736,0.2995365994502105,GRU
S255,0.12172857782459715,0.22789580412550728,0.41068918671891863,0.23968643133097808,CNN-LSTM
S256,0.312808167321455,0.2535540510577514,0.2590034157485001,0.17463436587229353,1D-CNN
S257,0.23627059527784114,0.27097139295068257,0.22868147206235237,0.26407653970912026,ANN
S258,0.2636614768957711,0.20144941492620333,0.2658324927071062,0.26905661547091814,GRU
S259,0.2788347321382062,0.2917756862185516,0.27847780622365725,0.15091177541958287,ANN
S260,0.26941412541762294,0.3532173647391854,0.25544380506865366,0.12192470477453815,ANN
S261,0.23741228099622055,0.09276206674217662,0.3697058513774568,0.30011980088414675,CNN-LSTM
S262,0.24663056001333322,0.20214628829587766,0.3652966767780853,0.1859264749127032,CNN-LSTM
S263,0.09126782992342045,0.0483402865896421,0.673823670239488,0.1865682132474525,CNN-LSTM
S264,0.110837908273071,0.25509610275190037,0.41972764997925616,0.2143383389957733,CNN-LSTM
S265,0.31231081585549486,0.15380612133308993,0.2589283702128179,0.2749546925985954,1D-CNN
S266,0.22802470575681744,0.2447260978623566,0.36039384560714616,0.16685535077367974,CNN-LSTM
S267,0.18649727771699304,0.340100531721839,0.3117496318558104,0.16165255870535852,ANN
S268,0.23518903776852626,0.14366874001661634,0.2874788639569299,0.33366335825793003,GRU
S269,0.22298356189086133,0.27498515565369447,0.18194566478763122,0.3200856176678101,GRU
S270,0.20709667386960165,0.21382300530880155,0.22696706200440056,0.3521132588171947,GRU
S271,0.18849050304847315,0.3218941479620851,0.2194664287033137,0.2701489202861256,ANN
S272,0.10681815053790338,0.05545692755079557,0.3883633344039839,0.44936158750731814,GRU
S273,0.2598914935271017,0.23083222018346466,0.2957825280643667,0.21349375822507038,CNN-LSTM
S274,0.3050158300490871,0.24869836269898493,0.23714533396123255,0.20914047329069388,1D-CNN
S275,0.2644272272037835,0.2114917239078942,0.33562224016569725,0.18845880872262533,CNN-LSTM
S276,0.18461289596751254,0.2940566333862406,0.33595004913654386,0.1853804215096988,CNN-LSTM
S277,0.25889096377983456,0.3012860029850114,0.21738667121265362,0.2224363620225006,ANN
S278,0.2246899946049347,0.24421051818897974,0.24285410168439797,0.28824538552168616,GRU
S279,0.07406579675420998,0.0216175645070263,0.5108406127519306,0.39347602598683307,CNN-LSTM
S280,0.17127933270340073,0.15391026668395122,0.38138899712211893,0.29342140349052903,CNN-LSTM
S281,0.5505438859514703,0.32504070795227996,0.05145813693230173,0.07295726916394447,1D-CNN
S282,0.44656916092937526,0.2244620564750592,0.1439984668992877,0.18497031569627947,1D-CNN
S283,0.29886659967054424,0.28179259609906004,0.25622779428237635,0.1631130099480188,1D-CNN
S284,0.2369544881278529,0.2865773824400388,0.3593555899554282,0.11711253947668032,CNN-LSTM
S285,0.2739825618780462,0.3220558244483301,0.28359073037323224,0.12037088330038895,ANN
S286,0.3363682346092094,0.3226512702956304,0.1882963219609622,0.15268417313419713,1D-CNN
S287,0.28606954476843116,0.28075869267193176,0.1910149725650132,0.242156789994623,1D-CNN
S288,0.043048198697103225,0.04364626632321653,0.4423381210435438,0.47096741393613656,GRU
S289,0.05386002725566902,0.09233585631051545,0.45744824089319586,0.3963558755406195,CNN-LSTM
S290,0.1353119020617535,0.15302426880313244,0.27951489399327933,0.4321489351418349,GRU
S291,0.2759878700085078,0.3948720866291887,0.13379096681854485,0.195349076543763,ANN
S292,0.10385725397120657,0.11872814262667272,0.6857486061133927,0.09166599728873191,CNN-LSTM
S293,0.30454867171123184,0.08891735557298507,0.2706446317575472,0.33588934095823575,GRU
S294,0.2789040517356523,0.17616628873375662,0.40757651146321594,0.1373531480673731,CNN-LSTM
S295,0.25242759526170855,0.23102153200860798,0.35346577658839556,0.1630850961412875,CNN-LSTM
S296,0.2892142413623336,0.40768599783608694,0.1905087247573218,0.11259103604426093,ANN
S297,0.33754157405174684,0.33239303462734554,0.19675687975462075,0.13330851156628332,1D-CNN
S298,0.22567610076016364,0.30651158158847486,0.2182165871556632,0.2495957304956986,ANN
S299,0.24540142727956302,0.22393420944800824,0.27952957005441065,0.2511347932180183,CNN-LSTM
S300,0.2371016998909985,0.0767488709103606,0.2975402493127197,0.3886091798859209,GRU
S301,0.1047452416288001,0.1422038820404123,0.39521788410158115,0.35783299222920617,CNN-LSTM
S302,0.3864515588272185,0.3130491701297602,0.13024741590091113,0.17025185514210642,1D-CNN
S303,0.4649253896210205,0.15112466734144508,0.16844777549284828,0.21550216754468599,1D-CNN
S304,0.409780609931229,0.20996736351307332,0.19921150175390545,0.18104052480179145,1D-CNN
S305,0.04503366321893803,0.1190645927868205,0.7601904825194086,0.07571126147483334,CNN-LSTM
S306,0.2380154962762418,0.4630969431656016,0.23628777874256615,0.06259978181558966,ANN
S307,0.44026535914682674,0.35269040470236407,0.14836698543860288,0.05867725071220575,1D-CNN
S308,0.2539912777537718,0.516951516726699,0.16330229102260202,0.06575491449692429,ANN
S309,0.22515670990154532,0.22180780301452113,0.24484473559310968,0.30819075149082387,GRU
S310,0.03914605721334718,0.13214390274789664,0.2838960701400868,0.5448139698986688,GRU
S311,0.2130363327379289,0.14773153873327327,0.3109696647568827,0.3282624637719123,GRU
S312,0.1558546615414685,0.07231368746193198,0.22913100666296385,0.5427006443336357,GRU
S313,0.026515281217627917,0.026567019375348003,0.25061095564291463,0.6963067437641084,GRU
S314,0.27790841544255956,0.2704211333531577,0.08533240406698707,0.36633804713729534,GRU
S315,0.1794490535196969,0.6391956085406767,0.01617551974271712,0.16517981819690733,ANN
S316,0.21505315534271743,0.34243466159432856,0.06636639840006613,0.3761457846628881,GRU
S317,0.17756733452334988,0.10021591509204579,0.05095505152765514,0.6712616988569491,GRU
S318,0.12642983873220073,0.6285845525407399,0.12563088751078846,0.11935472121627054,ANN
S319,0.33082642351263264,0.2605864868307424,0.3088278708732855,0.09975921878333933,1D-CNN
S320,0.29563607932149344,0.38669538918052665,0.25021259319389366,0.067455938304085,ANN
S321,0.25362340154976337,0.2044799696601098,0.4457608792935952,0.09613574949653583,CNN-LSTM
S322,0.26606125338194114,0.32189417406739856,0.28613995101720985,0.12590462153345228,ANN
S323,0.3887735268739174,0.1921679247920373,0.314164193579719,0.10489435475432608,1D-CNN
S324,0.12370767010072951,0.7478775817112661,0.08098363429947278,0.04743111388853136,ANN
S325,0.2161033131954346,0.20440280374931638,0.1882897186004283,0.39120416445481954,GRU
S326,0.2231590607357672,0.281323075544983,0.18743912553713826,0.3080787381821151,GRU
S327,0.22845408458906666,0.14023939406284608,0.3619819831384271,0.26932453820966007,CNN-LSTM
S328,0.23257287786995615,0.2889951728638351,0.26588411887862723,0.21254783038757796,ANN
S329,0.27001343140793527,0.20920708805636742,0.2846632063469464,0.23611627418875153,CNN-LSTM
S330,0.29852030312965877,0.21488266507951284,0.23213417792642976,0.2544628538643961,1D-CNN
S331,0.17312025411733103,0.127347300828266,0.5535168020877639,0.14601564296663713,CNN-LSTM
S332,0.12155298522228652,0.32557670912905545,0.4101565807613886,0.14271372488727,CNN-LSTM
S333,0.24022877651252436,0.6193249316542975,0.0634561258598419,0.07699016597333869,ANN
S334,0.13251278680586248,0.11927097537938536,0.21309468256251862,0.5351215552522337,GRU
S335,0.44004414408752257,0.07459024775374823,0.3420946099251034,0.1432709982336255,1D-CNN
S336,0.17012786178901515,0.18260995877815642,0.17867911702868888,0.46858306240413844,GRU
S337,0.2759600662340462,0.04543190346077197,0.22764198379959766,0.4509660465055824,GRU
S338,0.15028655087844242,0.2917182356456948,0.1430757077727831,0.4149195057030798,GRU
S339,0.24717456313102099,0.22332028317535604,0.36687403214384096,0.16263112154978004,CNN-LSTM
S340,0.23526985639013642,0.2772364401039884,0.280708965473971,0.20678473803190506,CNN-LSTM
S341,0.17179839502182867,0.1043558750323964,0.20037719735793044,0.5234685325878443,GRU
S342,0.2350428554538381,0.189306786351724,0.21643806747544567,0.35921229071899236,GRU
S343,0.23817204664226743,0.28468520953989734,0.22048587078213858,0.25665687303569307,ANN
S344,0.2183076704159953,0.2422054921040545,0.3355037023712419,0.20398313510870678,CNN-LSTM
S345,0.2537599547624347,0.24227809605815379,0.2459750486134962,0.2579869005659147,GRU
S346,0.29867478054636626,0.22965968957906285,0.2667396176319856,0.2049259122425844,1D-CNN
S347,0.2751001635721567,0.13651962908982165,0.46190532894567704,0.12647487839234017,CNN-LSTM
S348,0.1513994145516169,0.436670649404451,0.23925940550547317,0.17267053053845885,ANN
S349,0.26025381696961514,0.2863790701459252,0.22298232717520658,0.2303847857092532,ANN
S350,0.2095134876071387,0.1854334772272802,0.3459116090683632,0.2591414260972159,CNN-LSTM
S351,0.2665351931843508,0.22825927255126008,0.29753458311778164,0.20767095114660428,CNN-LSTM
S352,0.2092515564401943,0.31509471471812556,0.2679089233561365,0.2077448054855435,ANN
S353,0.2970561678685778,0.21509686362256483,0.2570140058487645,0.23083296266009126,1D-CNN
S354,0.2065012734746013,0.13751689883529017,0.4336523830911193,0.22232944459898993,CNN-LSTM
S355,0.11752704749532018,0.36997641964850253,0.3281105107736206,0.1843860220825576,ANN
S356,0.06601280685384886,0.9011650921046648,0.012916424971431969,0.019905676070054435,ANN
S357,0.05385810152768584,0.0367187381808811,0.1609374958869717,0.7484856644044621,GRU
S358,0.18217057943598552,0.26179584682987855,0.2910913664659913,0.2649422072681442,CNN-LSTM
S359,0.3674964665789108,0.0900156301149032,0.32055078634182627,0.22193711696436003,1D-CNN
S360,0.03822766520562124,0.6980711214535855,0.08073579535664721,0.18296541798414623,ANN
S361,0.3355057493108654,0.34913015275576914,0.06887841674217217,0.24648568119119346,ANN
S362,0.14830258703846608,0.19325188215027797,0.15932809073358212,0.49911744007766967,GRU
S363,0.12582467981921708,0.18404011696060263,0.1911576015818828,0.49897760163829824,GRU
S364,0.22154336167083646,0.17451497854534379,0.2212973803521912,0.3826442794316312,GRU
S365,0.29353995518203413,0.1370430457322091,0.2737080089033734,0.29570899018238445,GRU
S366,0.2043534362924318,0.229459305492759,0.25402101357874135,0.31216624463606774,GRU
S367,0.2181007476128484,0.34889645717311346,0.19721055376750427,0.23579224144653013,ANN
S368,0.31535603867399625,0.31480511648096804,0.2612972588155613,0.108541586029478,1D-CNN
S369,0.2116292862731212,0.359377326594869,0.36061825837080164,0.06837512876120774,CNN-LSTM
S370,0.6369100747312318,0.20759990164685344,0.0995556425700244,0.055934381051893155,1D-CNN
S371,0.07360103199453256,0.021540852764525824,0.40028092892499184,0.5045771863159497,GRU
S372,0.13809228018984473,0.2126378275294396,0.22753630920899715,0.42173358307172193,GRU
S373,0.20209768441657133,0.06932595637439001,0.19409091526669842,0.5344854439423403,GRU
S374,0.14741789013777573,0.24241237049050954,0.18243961497086153,0.4277301244008549,GRU
S375,0.22271939908678365,0.22421590039490458,0.2825640905190601,0.2705006099992511,CNN-LSTM
S376,0.12729205275224798,0.09269324889277698,0.4083362078316393,0.3716784905233357,CNN-LSTM
S377,0.2373288792317618,0.307976718695591,0.15483140587386598,0.2998629961987776,ANN
S378,0.28304894661130653,0.23510504101828128,0.17098450471168203,0.3108615076587317,GRU
S379,0.2971535575492607,0.1952223372751366,0.28357489641232697,0.22404920876327375,1D-CNN
S380,0.27457140176182815,0.22672350779483708,0.3091682237679244,0.18953686667541153,CNN-LSTM
S381,0.10166632236259542,0.02610305687827067,0.2712399656538555,0.6009906551052777,GRU
S382,0.1433448788422771,0.09763363257645319,0.22399446886594088,0.5350270197153304,GRU
S383,0.20202104234555118,0.3002410513955362,0.08806520076730111,0.4096727054916095,GRU
S384,0.2998007757284773,0.10817209722136584,0.11784385937378034,0.47418326767637964,GRU
S385,0.11822044872814699,0.13517042256775055,0.18230990525489385,0.5642992234492071,GRU
S386,0.12574466394587358,0.288630923883279,0.06477973501454762,0.5208446771562992,GRU
S387,0.17210579862274156,0.09041549641200947,0.06536109594893415,0.672117609016315,GRU
S388,0.24085078569058274,0.35829845275048505,0.2675147416232856,0.1333360199356511,ANN
S389,0.3613179850687822,0.10771649810196175,0.5063268183908617,0.02463869843839386,CNN-LSTM
S390,0.3272556371723563,0.19965455845506122,0.37001515103516924,0.10307465333741297,CNN-LSTM
S391,0.42219360200097306,0.24739505273525522,0.25867228846008494,0.07173905680368661,1D-CNN
S392,0.3600898756517586,0.3373105307200714,0.18605059796235243,0.11654899566582091,1D-CNN
S393,0.23095028010398727,0.3081443820982693,0.26123498279866303,0.1996703549990793,ANN
S394,0.17593132141312312,0.19504729702801846,0.1684219146976429,0.46059946686121556,GRU
S395,0.18344724828186706,0.2921387546481356,0.16062335977852815,0.36379063729146893,GRU
S396,0.23547703943664217,0.29491771439430786,0.13298813572822563,0.3366171104408242,GRU
S397,0.3169854713443313,0.0961472055997759,0.21878871284380486,0.3680786102120835,GRU
S398,0.14239853186022805,0.5050222625777528,0.09267221158520805,0.259906993976811,ANN
S399,0.36402191285428087,0.291245360544041,0.136425972425385,0.208306754176293,1D-CNN
S400,0.21472314634360196,0.31489489342710747,0.157786604922346,0.3125953553069447,ANN
S401,0.2687621086142906,0.2729679419466029,0.2135976997056835,0.2446722497334193,ANN
S402,0.25922110109136304,0.25130167577071155,0.2519320499510373,0.2375451731868871,1D-CNN
S403,0.25839598067604314,0.23239130961161308,0.20835273323118905,0.30085997648115836,GRU
S404,0.1620631872211732,0.214687103606451,0.22486440449754447,0.3983853046748302,GRU
S405,0.08120809396271804,0.08023788913517357,0.3946487942329516,0.44390522266915966,GRU
S406,0.19408465928332014,0.380998536405128,0.14945808413820744,0.27545872017334466,ANN
S407,0.22356495258693454,0.3772897232352258,0.0578196480418877,0.34132567613595205,ANN
S408,0.12815496426814665,0.08755110273125417,0.04768942994766765,0.7366045030529315,GRU
S409,0.0334184079681015,0.058058245981940496,0.02113026179712354,0.8873930842528344,GRU
S410,0.11926786516960414,0.2770358315240465,0.1114028099561992,0.4922934933501504,GRU
S411,0.15739607101433914,0.2642525757030383,0.22133609095411888,0.3570152623285014,GRU
S412,0.15563750770155552,0.2913723367305986,0.21272475376474206,0.34026540180310477,GRU
S413,0.15765077759287588,0.23316895153090214,0.14833986944855362,0.4608404014276717,GRU
S414,0.1050164562443765,0.27559825007228017,0.28657478111277784,0.3328105125705636,GRU
S415,0.06402985720849394,0.2313492464442701,0.2929017078015494,0.411719188545686,GRU
S416,0.2596098736270613,0.3384564911644376,0.28199004352834073,0.11994359168016025,ANN
S417,0.34862609183063953,0.18101979698024076,0.2600412015321979,0.21031290965692206,1D-CNN
S418,0.28079010179271574,0.24095331845880666,0.24334681395690008,0.2349097657915765,1D-CNN
S419,0.3383199125792599,0.23588503120598456,0.21301334078357478,0.21278171543118027,1D-CNN
S420,0.1956140202502842,0.2832839479540173,0.16915125831214706,0.35195077348354825,GRU
S421,0.12748136678974095,0.4109021801355143,0.1405189319137849,0.32109752116095935,ANN
S422,0.1766587771703596,0.4075787012068807,0.13669572827012902,0.279066793352634,ANN
S423,0.020019543028019875,0.8428979017388302,0.004304092582433178,0.13277846265071785,ANN
S424,0.29174494956304864,0.3028407687289811,0.12104063055345832,0.2843736511545078,ANN
S425,0.1457578151924239,0.2806107009117409,0.30708056466646494,0.2665509192293702,CNN-LSTM
S426,0.15920133534850245,0.146223407515955,0.6293941571418209,0.06518109999372398,CNN-LSTM
S427,0.34029237683611413,0.14128328791992514,0.4453684537537463,0.07305588149021701,CNN-LSTM
S428,0.48923372652355085,0.09759694638022125,0.35190343729145895,0.061265889804768846,1D-CNN
S429,0.3623308930075247,0.20300423551589167,0.32045521034493396,0.11420966113165387,1D-CNN
S430,0.3842252455509139,0.2640533976195156,0.14112695306616077,0.21059440376340974,1D-CNN
S431,0.27285989027361773,0.3058778107086069,0.2921073813487786,0.12915491766899564,ANN
S432,0.23517853615873888,0.32867042728124884,0.2547781845076348,0.18137285205237658,ANN
S433,0.2011619501956021,0.20092491201862864,0.39552857007971515,0.20238456770605417,CNN-LSTM
S434,0.2658550813327078,0.1369179705130694,0.397378252232616,0.19984869592160553,CNN-LSTM
S435,0.2031951417262281,0.16053302529305966,0.4372538918350619,0.19901794114564755,CNN-LSTM
S436,0.23919414773794453,0.1789885203428736,0.4085243127688645,0.17329301915032178,CNN-LSTM
S437,0.24411389181514104,0.3436240811445335,0.23269152755531317,0.17957049948501222,ANN
S438,0.26512415320776717,0.18729293186326404,0.2844303653475011,0.2631525495814713,CNN-LSTM
S439,0.2113411454080013,0.2803218237889978,0.23348014005135995,0.2748568907516404,ANN
S440,0.18476994948458392,0.20822810743795422,0.28152517234321656,0.3254767707342461,GRU
S441,0.11313865860889409,0.10606761648421913,0.439856862875361,0.34093686203152473,CNN-LSTM
S442,0.3748717049911579,0.19543675574736113,0.21159370080402912,0.2180978384574525,1D-CNN
S443,0.28333847681088725,0.4947469156238205,0.06477528000237545,0.15713932756291582,ANN
S444,0.30078423687061373,0.3322850325499195,0.05810601217015716,0.30882471840930964,ANN
S445,0.21452066650473067,0.26394895349810066,0.24323288030470927,0.2782974996924562,GRU
S446,0.3126138239736648,0.22565809489617178,0.24697550778107905,0.21475257334908798,1D-CNN
S447,0.19030033786610268,0.23321043413416007,0.2792773499270145,0.29721187807272037,GRU
S448,0.23686665712008625,0.25073900975556945,0.27441575023019654,0.23797858289415158,CNN-LSTM
S449,0.288385232827058,0.26305894964748955,0.2399715535061243,0.20858426401933336,1D-CNN
S450,0.30067996986299245,0.18103448544978762,0.37202912536120175,0.1462564193260151,CNN-LSTM
