Segment,1D-CNN,ANN,BiLSTM,LSTM,CNN-LSTM,GRU,Selected
S1,0.1139950973809524,0.0608407961056224,0.2531928079570795,0.18207209316538553,0.25491516149388543,0.13498404389707422,CNN-LSTM
S2,0.23855798728537558,0.12813370358173048,0.14660517977618576,0.16968183520984303,0.204877265532568,0.1121440286142962,1D-CNN
S3,0.06606062061572666,0.21089628626384796,0.16165564599048796,0.2779745007019773,0.20924057405216817,0.07417237237578499,LSTM
S4,0.1562776850410369,0.23762189489324304,0.1325877451737402,0.2188664195419497,0.13144446749968522,0.12320178785033833,ANN
S5,0.09139693238008824,0.1664330339053742,0.16778079848102773,0.21260690610374286,0.13023103105427336,0.23155129807549596,GRU
S6,0.07995321708095375,0.14062429763595466,0.19861428933849823,0.26160188326906353,0.1241431309441859,0.19506318173134923,LSTM
S7,0.09345669936767004,0.08177587405120888,0.23858475338395435,0.2776895474339739,0.14371097138892427,0.16478215437426474,LSTM
S8,0.1173634316751446,0.22716647831400355,0.19014024772861138,0.14494183188477386,0.11910071160158713,0.2012872987958796,ANN
S9,0.22920377978047368,0.27925565886600173,0.12767984803181734,0.07652230458140163,0.08711007606433568,0.20022833267596904,ANN
S10,0.15805483856643013,0.25401264445876864,0.11307802310815747,0.06882005477978316,0.10968331825606067,0.296351120830801,GRU
S11,0.18320464149925147,0.19201980541557398,0.12288022806118243,0.10319125286700674,0.13224800889911598,0.2664560632578689,GRU
S12,0.15071375691451494,0.13462414564122033,0.16923619332308237,0.14726019121374087,0.14662915827363288,0.2515365546338049,GRU
S13,0.10711767058382751,0.11712816871189333,0.17056198839730005,0.14840977234817693,0.15146765599216974,0.30531474396663405,GRU
S14,0.09224330902505211,0.11795250871013799,0.19735139511244498,0.2224778632797862,0.15992919094147004,0.21004573293111606,LSTM
S15,0.1599257416054728,0.32226387722047123,0.11866507456073085,0.09665804855626639,0.07847723545938133,0.22401002259767952,ANN
S16,0.20637312863455842,0.11085490948536064,0.12768987338366122,0.05547717449068409,0.09017848079396756,0.4094264332117667,GRU
S17,0.18275387123559342,0.24576623544249063,0.19196828301562463,0.06960531162844945,0.23753631914314002,0.07236997953470214,ANN
S18,0.22356027948872215,0.15733396660876067,0.13224929042387326,0.25864524497648506,0.19410241463043776,0.03410880387171291,LSTM
S19,0.14462473262358752,0.12200298412087963,0.13734000819630582,0.3882305670539378,0.1751155813364659,0.03268612666882934,LSTM
S20,0.2824873437617445,0.2673689251171007,0.09285846224272944,0.16343074714974198,0.11891323865702895,0.07494128307165276,1D-CNN
S21,0.15673299004160707,0.226642029162896,0.10625065175449876,0.1912901017491749,0.1360048851487239,0.1830793421430983,ANN
S22,0.16245899314033574,0.13437845464196058,0.12191670281736923,0.2542230645403002,0.10473045248391817,0.2222923323761171,LSTM
S23,0.011345360239699499,0.026066639473729416,0.30186849185301895,0.44250972728388727,0.07307956711284745,0.14513021403681856,LSTM
S24,0.02261305636649126,0.37125889163616976,0.25131556921285747,0.12756346280541664,0.04516419622611504,0.1820848237529513,ANN
S25,0.42543434046235185,0.1620474216063322,0.07010920175607668,0.01623546394120902,0.011808221590824945,0.31436535064320636,1D-CNN
S26,0.11080134020414004,0.2299098201893871,0.4883088870970153,0.010777822747666794,0.028932605395499033,0.13126952436629072,BiLSTM
S27,0.2049328612361989,0.07721419382465797,0.14163884788166758,0.06098724167845706,0.4349878741641518,0.08023898121487273,CNN-LSTM
S28,0.20218197718769435,0.10453822293655557,0.18256840368351013,0.2201462219730448,0.1514448475336573,0.13912032668553273,LSTM
S29,0.15003758355316493,0.09262454219942645,0.2516157400317202,0.2165492846203166,0.22205852082342045,0.06711432877194734,BiLSTM
S30,0.24787996887282154,0.15286908901412288,0.11830052255773985,0.16966123280664405,0.22159298425915844,0.08969620248952209,1D-CNN
S31,0.1765239697868486,0.13264380101708387,0.17865014841539772,0.19985858325085032,0.22530051793269276,0.08702297959712962,CNN-LSTM
S32,0.15531397074317285,0.15907982658237418,0.1826769557385163,0.18068161914717384,0.21194756594076597,0.11030006184799673,CNN-LSTM
S33,0.2018138659930064,0.14473288988068028,0.15871144333541115,0.15093894727061402,0.1652288237542088,0.17857402976607353,1D-CNN
S34,0.17038598933795224,0.12247359121664185,0.1550305550125614,0.1993308354064529,0.17907640274542416,0.1737026262809687,LSTM
S35,0.15314379153765464,0.1849101275312526,0.14824715475934117,0.19655190189503893,0.1400621895608257,0.17708483471589342,LSTM
S36,0.12352010001287732,0.16864722473722712,0.17438748303568982,0.20082790888551372,0.13545964678339603,0.19715763654530696,LSTM
S37,0.05805441165776298,0.09065008292509016,0.23682553328280997,0.3064229159738857,0.15267374217998367,0.1553733139804689,LSTM
S38,0.20230080877376744,0.20999212233864348,0.15460507966752,0.15585145593680833,0.14418329891600454,0.1330672343672489,ANN
S39,0.17758200933822463,0.17404397657395018,0.1628429581148593,0.1527910098784559,0.17386903902417566,0.15887100707033341,1D-CNN
S40,0.16682701184660334,0.1673642964649269,0.1724949786284498,0.16299941566171133,0.17253302391917763,0.15778127347914578,CNN-LSTM
S41,0.17040150893478756,0.16065969872744107,0.16844873643543692,0.1597422865991757,0.18202700387139845,0.15872076543176997,CNN-LSTM
S42,0.18602730109744164,0.16826738726688698,0.15884535363540456,0.17818340150565673,0.16526883482087637,0.14340772167373028,1D-CNN
S43,0.17147968365634056,0.16627572009442823,0.17829208564293045,0.20135892839249991,0.15715473874839486,0.1254388434653964,LSTM
S44,0.15358050673752333,0.05577971966148081,0.20535753564688863,0.19150158306922838,0.17693221334372086,0.2168484415411489,GRU
S45,0.004014072603054209,0.003624088360995106,0.1982282753619251,0.652535455569023,0.10497040439022247,0.03662770371477911,LSTM
S46,0.16697490899425263,0.6674262386832736,0.03832660500466736,0.05979295282926184,0.018191029615024827,0.049288264873519456,ANN
S47,0.06096750512528958,0.16887442051088358,0.16343895121798735,0.12776109306168082,0.09439156175207215,0.38456646833210223,GRU
S48,0.10360879724580095,0.05228971090812586,0.23158686520302557,0.13046260261386067,0.14812741775131322,0.3339246062778765,GRU
S49,0.09297871649638818,0.07706365212191685,0.20071327200250103,0.163450992309089,0.25416011704945923,0.21163325002063949,CNN-LSTM
S50,0.43922120396706754,0.15203983921593442,0.09991026793787246,0.09300404495795336,0.12518906731309076,0.09063557660807911,1D-CNN
S51,0.2050074272258738,0.24794841190200542,0.13896027658334556,0.1600413890861436,0.18408743919583404,0.06395505600679319,ANN
S52,0.30939072890101377,0.35593397484383243,0.08748417073914301,0.11848981864527512,0.09299011142697262,0.035711195443769855,ANN
S53,0.18734455715077777,0.21963828556201126,0.1676705504918395,0.19750251959007756,0.1505019900987192,0.07734209710657443,ANN
S54,0.7061784063605802,0.14739291117828834,0.04299637752702621,0.03945056487640675,0.03870785372431034,0.025273886333381658,1D-CNN
S55,0.2861145124770354,0.41436049057850166,0.07253815507125372,0.04456164352547131,0.07670364224501929,0.10572155610272099,ANN
S56,0.09802295718723192,0.1164910786132174,0.12569281846287408,0.09179413778681994,0.1984317024409876,0.36956730550886835,GRU
S57,0.14504969583597446,0.180248772787961,0.12120907645983652,0.15392580383796128,0.14990406363051517,0.2496625874477489,GRU
S58,0.09898957903640974,0.19956701152493103,0.19086519396852286,0.23180431012522856,0.11366366286514441,0.165110242479759,LSTM
S59,0.04827707565206848,0.06436174063855563,0.2386955729708214,0.3691954963792186,0.1376031606985118,0.1418669536608213,LSTM
S60,0.12298048548664504,0.10397437661081875,0.19974992075160733,0.30359628922028137,0.12259165440070158,0.14710727352994468,LSTM
S61,0.38797409643900904,0.3221823193735998,0.07333899279942224,0.05891387518245313,0.044212649829997626,0.11337806637551248,1D-CNN
S62,0.45709974769184486,0.18660646713584805,0.06151357995018071,0.047336176394803094,0.05639820738200311,0.1910458214453177,1D-CNN
S63,0.21106685001810585,0.2311096457019293,0.07482995700097565,0.05840317308897651,0.08768500141226013,0.33690537277775195,GRU
S64,0.1884573066438312,0.19062349994860564,0.0885634763856994,0.05769908983493766,0.1016914802235768,0.3729651469633487,GRU
S65,0.13807181938733598,0.06284831156839671,0.1108703543616158,0.093426787250061,0.15449079049948014,0.44029193693310775,GRU
S66,0.11887142243763842,0.1140358672316322,0.16947925893584243,0.17313161741107455,0.1933601324246557,0.23112170155915687,GRU
S67,0.18757478098694125,0.1841736709772335,0.15858624790749312,0.1829590670563364,0.1533436312995635,0.13336260177243395,1D-CNN
S68,0.15947968617314742,0.23877413808575051,0.17599135358990253,0.16978060569910877,0.15826132715752758,0.097712889294563,ANN
S69,0.17118994536489585,0.2728067466493068,0.15035516622978073,0.16693780606680303,0.1575967541395429,0.08111358154966927,ANN
S70,0.19499119698787215,0.2848761296615173,0.13544239407786568,0.17465232532429223,0.14185424853721512,0.0681837054112386,ANN
S71,0.1946119754677922,0.24431912145963564,0.14586545030980236,0.19020636510270217,0.14372442092381763,0.08127266673625154,ANN
S72,0.10549055030649365,0.857220226053458,0.007986996285793,0.0068351902980824135,0.008735614164719064,0.013731422891453106,ANN
S73,0.023738670547938795,0.05175169107349248,0.1145491210605437,0.049093756128598016,0.13636369513658195,0.6245030660528414,GRU
S74,0.16864120323936752,0.17417465539186514,0.14470043206815467,0.1921829849106597,0.14947284403150626,0.17082788035844393,LSTM
S75,0.11722171932464998,0.1323915524057946,0.13640595684361975,0.14187278924755448,0.3324353641258634,0.13967261805251188,CNN-LSTM
S76,0.13612103984127877,0.20195616381269804,0.19959820181181012,0.13540169914337166,0.17548736530726208,0.15143553008357957,ANN
S77,0.13849432739861117,0.06706348899101013,0.27595832265859854,0.18673919289536114,0.13427698473339036,0.19746768332302803,BiLSTM
S78,0.2199102019227428,0.17596709260470078,0.11757180311224359,0.14033291728059455,0.19098481529792952,0.1552331697817863,1D-CNN
S79,0.11749375018518884,0.13544643643365195,0.16837179669222999,0.22345494851487255,0.2240518402894943,0.13118122788456388,CNN-LSTM
S80,0.13641392892465898,0.20159315477438003,0.1918691750913897,0.19164398983243877,0.17347174316068148,0.10500800821644692,ANN
S81,0.19970348113589628,0.17456533773116845,0.16342650841087172,0.13862204618778723,0.15384826832524082,0.16983435820904344,1D-CNN
S82,0.14789276726586825,0.18564336076209934,0.14944374758716902,0.1551397258066246,0.17379842377308916,0.18808197480514194,GRU
S83,0.10595090531665292,0.13899690897929193,0.18882832941464622,0.20257846452443304,0.19642873633137187,0.16721665543360334,LSTM
S84,0.13218689890920501,0.08403951784511157,0.21273377002569016,0.17566427536080667,0.17056949007214084,0.22480604778704466,GRU
S85,0.01172678297561595,0.005340792005830702,0.23729981224655386,0.49797299248861054,0.16030435603642448,0.0873552642469654,LSTM
S86,0.22607639888857092,0.1121689792606889,0.1576317248602282,0.3109878235378675,0.09329166391535246,0.09984340953729715,LSTM
S87,0.3595568653531228,0.3267533208050094,0.0687812848543062,0.07255673561171697,0.049407120589801096,0.12294467278603802,1D-CNN
S88,0.46028165665014004,0.12081496802871364,0.060718954981785915,0.05066903755186658,0.07344183245854823,0.23407355032895225,1D-CNN
S89,0.2904175857904925,0.14048104272850176,0.12384630536831473,0.11925231934104355,0.15898800200849558,0.1670147447631507,1D-CNN
S90,0.19664083997091134,0.15381815817083233,0.17652380314256194,0.18183400021558882,0.18730368696532199,0.10387951153478349,1D-CNN
S91,0.2208491259853499,0.22920511102669128,0.14621494122587614,0.164923787719654,0.1511065956689509,0.08770043837347727,ANN
S92,0.26355748307523885,0.22255719397490817,0.1372163597659545,0.18107231636207918,0.1323754911512558,0.06322115567056476,1D-CNN
S93,0.14706323394446252,0.22123876957609742,0.17702484980794017,0.1966909235188133,0.15485141625739254,0.10313080689529246,ANN
S94,0.2308908012108077,0.30687866406719977,0.12111308844853247,0.10058580944244905,0.11186965886752508,0.12866197796348536,ANN
S95,0.04126232311017132,0.03165883654390172,0.18893169245716898,0.17097290393098913,0.22711938562725723,0.3400548583305184,GRU
S96,0.02956098939660548,0.02112758440803175,0.26142340265445013,0.33252042382098046,0.18651200105124058,0.168855598668691,LSTM
S97,0.042557932283702124,0.023036209877137708,0.23517173856673387,0.4759270601821609,0.12771977578234775,0.09558728330792278,LSTM
S98,0.15922911590173516,0.3214022344815761,0.1469479896887757,0.1728206188922814,0.08684013413129622,0.11275990690433409,ANN
S99,0.2430319597405296,0.6375081704525783,0.021507193720687264,0.011164401467707936,0.013321240787555198,0.0734670338309426,ANN
S100,0.6199883418439943,0.06456593094758888,0.031240578509731543,0.011742466904712208,0.04063926493569371,0.23182341685828117,1D-CNN
S101,0.15195813757873652,0.11557790310373568,0.05163704472607296,0.02751755908020221,0.10121622158365874,0.5520931339276001,GRU
S102,0.19199266385680963,0.25345240714762124,0.13777470857778262,0.08914139306287704,0.15751522484358957,0.17012360251131564,ANN
S103,0.1408278365540992,0.1669647350957951,0.20654767576609667,0.11288717908459324,0.1595438518374957,0.21322872166192938,GRU
S104,0.010268475414699498,0.013639974295524611,0.08528617314039746,0.1235887268511204,0.14578606798226784,0.6214305823159912,GRU
S105,0.018888864248661645,0.02092871469516152,0.1143404161082038,0.17349262410759875,0.1149488695474753,0.5574005112928998,GRU
S106,0.013873066035902075,0.003772038188388035,0.10471109600359309,0.1663729537642965,0.09108315813723955,0.6201876878705816,GRU
S107,0.0051684909525309,0.008593631526375505,0.10082533300536119,0.09443317769759134,0.06830542164510137,0.7226739451730398,GRU
S108,0.024976587049959,0.04186373981727991,0.20838484768028467,0.08481110481419568,0.16534483730606883,0.47461888333221075,GRU
S109,0.35332578484423366,0.11807168674257047,0.08213718665267472,0.08169907347836428,0.08646948272156048,0.27829678556059595,1D-CNN
S110,0.11141567495453948,0.20029699244291993,0.31634384887139033,0.18728872098738464,0.10124569780092323,0.08340906494284243,BiLSTM
S111,0.15269715774182596,0.22606147032164303,0.09277310253008071,0.09434996156045537,0.07200637928181408,0.3621119285641798,GRU
S112,0.06340902118358796,0.2209944226653974,0.11348762797340212,0.08564877700355315,0.047946996620482,0.46851315455357584,GRU
S113,0.15734138955964216,0.19627347022852096,0.1289971556218267,0.11356089338845887,0.06912868539167386,0.3346984058098689,GRU
S114,0.12523798857268048,0.11964951563672165,0.13827636712939467,0.11566559115872314,0.09586389518056357,0.40530664232192126,GRU
S115,0.09376176544200793,0.26224673740196086,0.16525985802928916,0.11329630044618764,0.09716861350865699,0.26826672517188865,GRU
S116,0.1396180770147843,0.2307938508670097,0.2026041518048547,0.10838831630084438,0.09714299499313737,0.22145260901936964,ANN
S117,0.1406011174392476,0.19151748049352163,0.24886014771131978,0.08665193487776902,0.16044081945297872,0.17192850002516039,BiLSTM
S118,0.22013905439426468,0.14230918578949017,0.16418180916378053,0.10330317847170241,0.2443106224469918,0.12575614973377713,CNN-LSTM
S119,0.10774826533255354,0.03717823068450385,0.17016247097478132,0.31125217795316423,0.34218176068803613,0.03147709436695256,CNN-LSTM
S120,0.08888565351763393,0.10980767574083856,0.1364886250386462,0.4477639738361457,0.17959720890352784,0.03745686296320494,LSTM
S121,0.38491428704996533,0.2035404302283765,0.09331223443786905,0.1473826241718158,0.12090385844520153,0.04994656566677199,1D-CNN
S122,0.27528935132247023,0.1564002382017811,0.10633932388450827,0.13622479502128035,0.24426210441560173,0.08148418715435263,1D-CNN
S123,0.2465513204946954,0.2717375098833574,0.08458542182924807,0.10349687837749152,0.21472080078486286,0.07890806863034559,ANN
S124,0.2828165830506408,0.13793558677158993,0.1354245891397189,0.13926347799179256,0.18298213568239188,0.12157762736387343,1D-CNN
S125,0.13411245788076312,0.13304464372287814,0.17741534093301786,0.19840736411377136,0.11749877479429069,0.2395214185552731,GRU
S126,0.173113751245527,0.1965302556306455,0.13357158071978248,0.18404443205296295,0.11169827815997253,0.2010417021911177,GRU
S127,0.16073490396130194,0.19633629446151993,0.14063444956696836,0.19495767016227944,0.1179843566022779,0.1893523252456483,ANN
S128,0.15369264258975143,0.14675038603091198,0.2033912955235278,0.17720355410995844,0.15272538786184714,0.16623673388400043,BiLSTM
S129,0.1127522247692211,0.13112796681105643,0.22672728314059556,0.21341865525833612,0.14714837468372677,0.16882549533706273,BiLSTM
S130,0.2802242664399991,0.2300212474623698,0.1313207472152165,0.09899160394047142,0.12056809846798952,0.13887403647394223,1D-CNN
S131,0.11642827894149624,0.05727115148701606,0.18514498425591952,0.2228077642052496,0.35124041062686706,0.06710741048345993,CNN-LSTM
S132,0.0331275031432596,0.156550996949433,0.18714006857624993,0.4371094712144949,0.15679049850559487,0.029281461610976396,LSTM
S133,0.1792730172048457,0.22822388145214023,0.17322077145466205,0.20099069726848004,0.14569243064296825,0.07259920197690291,ANN
S134,0.3202418056871297,0.27513488303506717,0.09539238251291166,0.0973046472336566,0.12454825506127176,0.08737802646997096,1D-CNN
S135,0.1672119879520075,0.21625113747939567,0.13196361591486958,0.16802436337120275,0.1623228179573199,0.154226077325204,ANN
S136,0.07425193082659431,0.06902974634101662,0.3714867470195035,0.15306231833167028,0.2028746206001761,0.12929463688103723,BiLSTM
S137,0.024805137325521358,0.033167728464423896,0.20178238394589765,0.4334602819399199,0.10386097804469303,0.20292349027954945,LSTM
S138,0.1431136678481741,0.3398979735279763,0.13291760457382845,0.13133876573622763,0.06186928221425211,0.19086270609955233,ANN
S139,0.14961859225425392,0.18011839165371346,0.12477008760031343,0.15417014749498092,0.10123335957536858,0.2900894214213683,GRU
S140,0.13712526005175263,0.07082595439139913,0.17654940938731714,0.17279574427523312,0.13834808443232394,0.3043555474619673,GRU
S141,0.163743496859822,0.21584733658489383,0.15445483855374925,0.13237605893438478,0.13048366485504306,0.203094604212106,ANN
S142,0.17814278735019737,0.15280401837414503,0.15896900917860818,0.16654177269612316,0.13787380570511806,0.20566860669580841,GRU
S143,0.14034369760569454,0.37209209879895805,0.12657635932116976,0.07583690104743818,0.09119962391179266,0.19395131931495552,ANN
S144,0.326478346712277,0.1917449292218385,0.07836021708039059,0.0698367847277377,0.1146190477737105,0.21896067448404546,1D-CNN
S145,0.24679064460146288,0.15718283158271568,0.1472030727046146,0.16383007031809435,0.21921687907217988,0.0657765017209404,1D-CNN
S146,0.07936166392426118,0.15131086823059936,0.2042415203878412,0.3929667732744533,0.14785871659826563,0.024260457584576515,LSTM
S147,0.1701676094482476,0.006285563706554635,0.2594949114374923,0.2784967739916698,0.2023104764378595,0.08324466497817608,LSTM
S148,0.07164474405235326,0.05613461257514363,0.12501035831284074,0.5130863021621167,0.18608761256290482,0.048036370334638624,LSTM
S149,0.07866724238910425,0.10515864423074732,0.17292435204249246,0.19875075274460566,0.07911246834756658,0.36538654024547074,GRU
S150,0.07635961764891966,0.12883671925669016,0.1478697471415991,0.15925136917166152,0.10611607471740127,0.3815664720637307,GRU
S151,0.1425744706143854,0.1408987711006192,0.11146512829439346,0.16741227839062944,0.10019284628296812,0.33745650531700555,GRU
S152,0.10329561631156188,0.227266235760286,0.19163189148188053,0.1739766171822339,0.154053986863975,0.14977565240005625,ANN
S153,0.1402780423934777,0.13788220770761206,0.20767027242810535,0.16880402057210003,0.19897166166963648,0.14639379522907456,BiLSTM
S154,0.16278439877481535,0.15188835101115583,0.19899664879534532,0.13519050582775338,0.22052047512118317,0.13061962046974854,CNN-LSTM
S155,0.167272309817465,0.0974540503806562,0.1753211101910812,0.17622938391467607,0.2721355121244968,0.11158763357162461,CNN-LSTM
S156,0.11302010050301246,0.08538565401749393,0.189053767190267,0.2825621546939646,0.24122718734490853,0.08875113625035623,LSTM
S157,0.17031412099642576,0.10962664024909861,0.1738510427841739,0.267831975544081,0.18161403265566725,0.09676218777054929,LSTM
S158,0.18813978407213208,0.26745694206156334,0.12034330118530276,0.14437804732973888,0.12044015664835904,0.15924176870290066,ANN
S159,0.10411435803954497,0.19553596690991723,0.1677737314921263,0.1758940494426752,0.18417232129821548,0.17250957281751406,ANN
S160,0.08530881388231185,0.09658936788837422,0.23292345898058844,0.2217746630945778,0.2342192118759933,0.12918448427815402,CNN-LSTM
S161,0.17101371271803936,0.18074667380335685,0.22015014269749472,0.14760651346860124,0.1511701503204075,0.12931280699209255,BiLSTM
S162,0.2016206914494097,0.1386119293279121,0.17377095584633268,0.13310624983738276,0.19552380358828345,0.15736636995066838,1D-CNN
S163,0.16757067885501722,0.09557694513720434,0.15553917057870423,0.24110833731968423,0.21913258264233468,0.12107228546705459,LSTM
S164,0.08741872042504417,0.11271707239496315,0.19405779028003553,0.3349536940623905,0.21071804803515146,0.060134674802416126,LSTM
S165,0.12636341342525234,0.5104920967420793,0.08957224595343187,0.13460233815057923,0.08535057110529619,0.0536193346233693,ANN
S166,0.09083177735093684,0.0807438636202731,0.3473835809627666,0.11451414934253067,0.13517120866998106,0.23135542005350926,BiLSTM
S167,0.18164419301713136,0.12945377469869668,0.15417377568297286,0.12894083498515366,0.2544805904522728,0.15130683116377386,CNN-LSTM
S168,0.15816334037740243,0.1755542087816646,0.10808920894374664,0.16060182468580603,0.2703776320124031,0.12721378519897214,CNN-LSTM
S169,0.1926287616499156,0.06020141926073667,0.25481393279114495,0.17403020809910968,0.26022068755352684,0.05810499064556144,CNN-LSTM
S170,0.19982651721801947,0.24446594229170082,0.16085121258949786,0.10694017662493335,0.1886721642278415,0.09924398704801604,ANN
S171,0.49132509194821966,0.16446762722847014,0.06564106022586771,0.0639322464755702,0.15395155820702172,0.06068241591484081,1D-CNN
S172,0.04251346542124792,0.08170629022007235,0.20737038209952957,0.279227505093732,0.30349033083345484,0.08569202633196327,CNN-LSTM
S173,0.043807264293970624,0.5591483296818331,0.12121518633966966,0.09032931227410215,0.09070441813481357,0.09479548927561178,ANN
S174,0.12389369891592589,0.23401872348053318,0.13544174324688094,0.1495231755387613,0.09856322235687272,0.2585594364610327,GRU
S175,0.10563527258974749,0.20335094806484452,0.16550380885004817,0.2029151845021293,0.11732351357588032,0.20527127241734477,GRU
S176,0.08391163842382779,0.15980330174284466,0.165319072328123,0.24330431388849066,0.11984349676407091,0.22781817685265177,LSTM
S177,0.09567350285769292,0.07255839461064187,0.20212416092168423,0.28261800129656384,0.1459434279736409,0.2010825123397788,LSTM
S178,0.1321468804033084,0.32813349616226095,0.1107258921364643,0.11840732165459732,0.07886704457868256,0.231719365064695,ANN
S179,0.3973672152507829,0.15796068534324909,0.06866920131017891,0.06468716596557442,0.07439880213558878,0.2369169299946243,1D-CNN
S180,0.27799896522998746,0.14387854804451858,0.04417247385372206,0.04339508387362004,0.07354268968595537,0.41701223931219794,GRU
S181,0.10733254864839582,0.10559050033095416,0.23917964542505962,0.15536163305935877,0.19873659199237828,0.19379908054384284,BiLSTM
S182,0.09078691323126327,0.04432147705144808,0.12054854393347168,0.08166855896107506,0.10768387273935617,0.5549906340833779,GRU
S183,0.07940027545203383,0.056614648680095435,0.10987737879378469,0.1511230773584004,0.12445433618888875,0.47853028352679194,GRU
S184,0.11487040758078278,0.08204272473448744,0.09546425052188352,0.10396722958107636,0.1074922488920389,0.4961631386897425,GRU
S185,0.1473850419000402,0.030825883818776965,0.08900063736577939,0.13202195733417962,0.10179892913920996,0.4989675504420151,GRU
S186,0.09068041670789193,0.06546979621736518,0.27927749655394174,0.16817439896462266,0.15649685908909475,0.23990103246708244,BiLSTM
S187,0.15847973474089805,0.11017914539423518,0.20679421819313573,0.16658696513493348,0.19193272679700948,0.1660272097397801,BiLSTM
S188,0.1955639378994812,0.1633623445194185,0.18487525168278923,0.1418409192177025,0.20066114254937528,0.11369640413123583,CNN-LSTM
S189,0.11089549485024358,0.043086328626571455,0.18996727830840393,0.3076391165880847,0.3209306838727969,0.02748109775390018,CNN-LSTM
S190,0.10947535127371169,0.23736049205723758,0.14827172597850302,0.2543120863570501,0.16917105708459584,0.0814092872489008,LSTM
S191,0.2197511498284448,0.11776582224914937,0.15408306856427234,0.21369744997299545,0.15515328436181047,0.13954922502332787,1D-CNN
S192,0.14258464727594722,0.22341203607370053,0.12770273565947857,0.16801777070607926,0.12089278406383618,0.21739002622096582,ANN
S193,0.030416056415507965,0.04326904595867622,0.22246961188116895,0.33945612826257265,0.12607598307831122,0.2383131744037632,LSTM
S194,0.10177340827589704,0.1319869023529465,0.20710575367124184,0.2602175252187066,0.09775959245078812,0.20115681803042745,LSTM
S195,0.1855382548072864,0.27954365788126634,0.14053313839632187,0.12738395409265807,0.07668113085657628,0.19031986396589776,ANN
S196,0.12333397268936892,0.43714785671067086,0.07275902349825529,0.05113526682039624,0.04745894850288968,0.2681649317784182,ANN
S197,0.16474572729471432,0.310958173151357,0.11455860473969383,0.03699127943848074,0.07900995209753597,0.29373626327821584,ANN
S198,0.19827450991770337,0.17643257008367122,0.09861522285587526,0.053751029970506806,0.09143880969002322,0.3814878574822167,GRU
S199,0.16320773843757128,0.1576708101949979,0.1379607138267516,0.08759654529792651,0.13842148896522555,0.31514270327752564,GRU
S200,0.19784941448394952,0.18799171546041946,0.13214240710636774,0.11351993830681174,0.13218190006074113,0.2363146245817091,GRU
S201,0.16895055476090276,0.11880022701873964,0.14286239165498152,0.14045455648438074,0.12982692926485614,0.29910534081614815,GRU
S202,0.12178872703920288,0.15163394493209623,0.20093510152732394,0.16366182092602785,0.1534768412516067,0.20850356432375047,GRU
S203,0.06882045427657692,0.06488653035212397,0.250050983161935,0.24726787736884384,0.1912182134132587,0.17775594142725928,BiLSTM
S204,0.12565038086133343,0.21096112390603966,0.19267698997563745,0.1353762464893783,0.11448892882570015,0.22084632994191034,GRU
S205,0.21936364681739778,0.1917027750975078,0.1345060758088462,0.09868344696652935,0.13333917650802918,0.2224048788016911,GRU
S206,0.1980408678643926,0.19192271797272129,0.14250994217815166,0.14772077467188607,0.15553530660145096,0.1642703907113945,1D-CNN
S207,0.16090540575067364,0.1940391655606914,0.16195949982532928,0.23880788064176112,0.14294901205656227,0.10133903616499135,LSTM
S208,0.07056250640765087,0.12809331744315008,0.1989942729186215,0.23756297456836364,0.1378635771213921,0.22692335154082102,LSTM
S209,0.04321439571497182,0.07238683474191977,0.3273791656688658,0.25875068411558894,0.12338992381286687,0.17487899594578507,BiLSTM
S210,0.21817444084914367,0.41556719161493255,0.08842887216307792,0.056905045330057545,0.04621342770504185,0.17471102233774757,ANN
S211,0.16884811277263997,0.029570283436765613,0.22531830982090373,0.239303146588133,0.2977449237188809,0.039215223662666235,CNN-LSTM
S212,0.047684331441240915,0.12823689394959048,0.135734341970017,0.5451367992251687,0.13344094731042674,0.009766686103554802,LSTM
S213,0.06637317652057569,0.06778474945878836,0.15369228292966547,0.21120691632736965,0.1200009925038593,0.3809418822597504,GRU
S214,0.11628117460865317,0.1230463978227092,0.17154860098810878,0.15500931514539645,0.12255719520473862,0.31155731623039534,GRU
S215,0.16278877131927427,0.19317784357513418,0.12691135818269159,0.1587902011026494,0.10170249970444319,0.2566293261158062,GRU
S216,0.11450492888928275,0.19804648881592868,0.15790396099072596,0.16454972215647995,0.09864023793957531,0.26635466120800616,GRU
S217,0.1170555010195111,0.2977369566248827,0.14948266306137603,0.12699042223333076,0.08146927520699387,0.22726518185390526,ANN
S218,0.0651465800467329,0.18785129331594774,0.2034112350171228,0.1631479282237559,0.10988215804996194,0.2705608053464733,GRU
S219,0.08216955558128786,0.2676011561373297,0.10574429178076626,0.06295445937800426,0.055051851626516296,0.426478685496092,GRU
S220,0.13075204501256804,0.12781892566487107,0.049723335748925936,0.013609564292373295,0.02883890503693907,0.6492572242443192,GRU
S221,0.19430503188753082,0.18014723843022262,0.049922595731167085,0.022691950460740427,0.041796486640709646,0.5111366968496306,GRU
S222,0.10664683261343026,0.4609858274097755,0.17442637315720674,0.03860915037951945,0.07151281759055932,0.14781899884951563,ANN
S223,0.047091882424362755,0.09859281918620699,0.057434579894491175,0.04598875301233773,0.050344568955266296,0.7005473965273359,GRU
S224,0.06450749321736009,0.0966644706084523,0.15351290837832818,0.08170657245778501,0.08141369651118952,0.5221948588268819,GRU
S225,0.16122863223321635,0.22144574086742957,0.09676360135513618,0.061575212873390114,0.06881405397670942,0.3901727586941149,GRU
S226,0.1383576936093222,0.1086671575950664,0.11272834659476723,0.10500931870394337,0.082232199863547,0.45300528363335496,GRU
S227,0.09799687086473804,0.24112787797694787,0.1508858954483274,0.10895832072260829,0.08951542299100096,0.31151561199637284,GRU
S228,0.11183624205232176,0.1167954317135004,0.13720047129782942,0.11354731567111838,0.09635649926615984,0.42426403999908124,GRU
S229,0.12854118832229536,0.22325552750641947,0.20940207766924124,0.12180227052126678,0.15913845689019845,0.1578604790905684,ANN
S230,0.1641663872312359,0.16629953030755618,0.1792643264205854,0.14868246731263937,0.17605315079194572,0.16553413793603647,BiLSTM
S231,0.15320362352350275,0.15434743949015461,0.21155106229601184,0.1310265988168884,0.16312481369791135,0.18674646217553115,BiLSTM
S232,0.21052623829315253,0.11049757385712294,0.174142590934016,0.1502187398888895,0.24577773802293298,0.10883711900388549,CNN-LSTM
S233,0.16570991485143335,0.1482016326710029,0.14447609267180725,0.27305048389852543,0.16607825462644585,0.10248362128078371,LSTM
S234,0.1626143185257035,0.1627717842473602,0.16622269453604113,0.22361965835528652,0.14864874568451356,0.13612279865109125,LSTM
S235,0.07516888083147938,0.05696771556148742,0.19575635586316478,0.2611940279896224,0.1597374705891602,0.25117554916508317,LSTM
S236,0.10283964533640658,0.23954539659312374,0.18018464794427214,0.2153030858498666,0.10475022879368186,0.15737699548264938,ANN
S237,0.20322476272871412,0.2530978826850932,0.14849653704189006,0.12351123747625478,0.08403486901545787,0.18763471105258595,ANN
S238,0.2571647836788889,0.07981995734045665,0.18441505723772236,0.1378734409939259,0.11522542402688363,0.22550133672212233,1D-CNN
S239,0.08892925719380423,0.34860754417862605,0.14905582405348447,0.07596085497736048,0.07914779755846568,0.25829872203825577,ANN
S240,0.44645949974676785,0.1797847361940808,0.0335242015904509,0.01343422771208155,0.027645916077317374,0.2991514186792966,1D-CNN
S241,0.22619523104585335,0.2865414055376654,0.12406659715183609,0.046693813107727536,0.10677205951189385,0.20973089364502256,ANN
S242,0.17362650647727912,0.17131913446896146,0.22475529277856415,0.21433382852230415,0.1758928830090684,0.040072354743817075,BiLSTM
S243,0.19381416277685143,0.17982007014628032,0.15893182169193742,0.2026870503986171,0.1738054496162749,0.09094144537003764,LSTM
S244,0.19293439753749372,0.14106891445334083,0.19537369048598277,0.17144537528710188,0.21003197510312732,0.08914564713295482,CNN-LSTM
S245,0.2542715281123099,0.15783440413316654,0.14221585621001068,0.1643299072794583,0.1853141721607529,0.09603413210429283,1D-CNN
S246,0.17336680987914488,0.20996695818496544,0.13855366987350362,0.17134038617118688,0.17314524978045207,0.13362692611074953,ANN
S247,0.18261200764595847,0.16510888601297066,0.13943587791386483,0.20121068851619714,0.15849315039956904,0.15313938951144682,LSTM
S248,0.12594138495781987,0.19453013271224692,0.14866613154603972,0.19004562895086202,0.17142613999956355,0.1693905818334627,ANN
S249,0.08009074768919462,0.142557683363522,0.21772356015350416,0.221069827645239,0.18754083007239078,0.15101735107615716,LSTM
S250,0.1180003528210021,0.13599170595696383,0.2786108838116197,0.20505681394942382,0.12488857353332154,0.13745166992766789,BiLSTM
S251,0.22051667550834197,0.26511151221965745,0.1475875134975129,0.10355039078924053,0.0945402720966466,0.16869363588860858,ANN
S252,0.20314642567915944,0.09454794777654778,0.1772802636778985,0.1746352261614038,0.18284261690326162,0.16754751980172747,1D-CNN
S253,0.06067875633873234,0.0855255909755692,0.20799541625816645,0.44269378630249623,0.15331219976061883,0.04979425036441505,LSTM
S254,0.18187209253821987,0.17415214543903315,0.14674960788844488,0.18794584598738653,0.10999724680211602,0.1992830613447987,GRU
S255,0.07100931192999888,0.13294104418113156,0.21117992051548798,0.2054787376319968,0.23957198126493234,0.13981900447645362,CNN-LSTM
S256,0.2068079435398082,0.16763306509690518,0.16631919686324603,0.17254735092965712,0.1712358223872354,0.11545662118314634,1D-CNN
S257,0.15112689077821362,0.17332272794387307,0.20200452816753162,0.1583606895164623,0.1462726236023052,0.16891253999160563,BiLSTM
S258,0.18361500655173107,0.14029025429505396,0.15515871432611797,0.14843690869195858,0.1851269114652418,0.18737220466988744,GRU
S259,0.18868906112681413,0.19744627891234914,0.13258642066319606,0.19070784874192717,0.18844752731504097,0.10212286324068015,ANN
S260,0.15642996860879932,0.2050886574435689,0.16459029608276665,0.25477953700852946,0.14831837917280918,0.07079316168353564,LSTM
S261,0.13082287166645687,0.05111529994154035,0.28388396098190094,0.16507937352842603,0.20372147955505795,0.16537701432662766,BiLSTM
S262,0.17412342884536025,0.14271712655778765,0.13984394415140267,0.15414691879784884,0.25790279153960805,0.13126579010800826,CNN-LSTM
S263,0.05469599836528385,0.028969903617768925,0.18491172369642356,0.2157971743766657,0.4038165298422532,0.1118086701015993,CNN-LSTM
S264,0.05625966519246328,0.1294829680235943,0.23025624613041779,0.26215870405199737,0.21304748012453728,0.10879493647698729,LSTM
S265,0.21992172005796592,0.10830654925082134,0.13474647714611485,0.16107771819740138,0.18233109344300286,0.193616441904692,1D-CNN
S266,0.15681715692194692,0.16830303876065641,0.13372387268916372,0.17855609977491918,0.24785006542472013,0.11474976642858944,CNN-LSTM
S267,0.11999631762251552,0.21882792031962017,0.1817666710647176,0.17481204637583053,0.2005863479661052,0.10401069665122027,ANN
S268,0.1329537445375006,0.08121678263335279,0.28098518425451124,0.15370894180269995,0.16251349042925273,0.18862185634268544,BiLSTM
S269,0.14921522370212625,0.18401343654073032,0.1525524731052703,0.1782716359151215,0.12175365234414225,0.2141935783926186,GRU
S270,0.13631503396046155,0.14074243533505423,0.1483744143971135,0.19340625540595272,0.1493941075293019,0.23176775337211253,GRU
S271,0.12274255722259629,0.20961327089086543,0.16463786668284727,0.18417517568549732,0.14291367600959634,0.17591745350859977,ANN
S272,0.050765352877421864,0.026355918750107715,0.2499941184791614,0.2747556303061976,0.18456977223804874,0.21355920734906259,LSTM
S273,0.16298703478090612,0.14476294929473257,0.17858763408820252,0.19427743137071068,0.18549555637604587,0.1338893940894117,LSTM
S274,0.21229860315071802,0.17310024531634347,0.1493962091202344,0.15457892188673314,0.16505905000267654,0.14556697052329673,1D-CNN
S275,0.16270343057822673,0.1301319436073004,0.19160401409558045,0.1930908514870834,0.20651008759860087,0.11595967263320547,CNN-LSTM
S276,0.10637783328547014,0.16944161651823528,0.19277479076624315,0.23100417804322737,0.19358148374196857,0.10682009764485376,LSTM
S277,0.17411981509399663,0.2026330404284496,0.15265129561233348,0.1747882853145958,0.1462056706916821,0.1496018928589422,ANN
S278,0.14792224947013838,0.16077337692894608,0.1747476190042629,0.16691310011130495,0.15988039466273996,0.18976325982260112,GRU
S279,0.029927869176242763,0.008735039260054917,0.24329387602269822,0.3526347376185004,0.20641607460305178,0.15899240331945105,LSTM
S280,0.05878984558072991,0.05282809472002806,0.21207865543817062,0.4446817682929535,0.13090779776580502,0.10071383820230602,LSTM
S281,0.47981965785414304,0.2832851753658003,0.06160250996329196,0.06685996124388034,0.044847697498261015,0.06358499807461711,1D-CNN
S282,0.35493854172447065,0.1784051429613455,0.11348545272378076,0.09170251640110282,0.11445171391912515,0.14701663227017012,1D-CNN
S283,0.21365222659716124,0.20144645022738034,0.16151167198909,0.12361344124644012,0.18317081542352256,0.1166053945164011,1D-CNN
S284,0.1372685313591214,0.1660152408130791,0.18140169287302524,0.23929494620031416,0.20817590102896208,0.06784368772549698,LSTM
S285,0.14849035827237375,0.17454462951304042,0.17648397397326582,0.28154591940926044,0.1536976983761084,0.06523742045595149,LSTM
S286,0.22921272636003034,0.21986552152854116,0.15457883864272118,0.16398723634254606,0.12831150173969644,0.10404417538646513,1D-CNN
S287,0.20920831417363325,0.2053243830308283,0.1505596673872958,0.11812056090131373,0.13969302612970483,0.1770940483772332,1D-CNN
S288,0.019994257980182388,0.020272037742588785,0.26555092485963455,0.2699869469833546,0.2054493050648574,0.2187465273693814,LSTM
S289,0.011958578062440299,0.020501392255336207,0.2523358952569992,0.5256334324287495,0.10156754047448965,0.08800316152198902,LSTM
S290,0.062127948495150194,0.07026051475035949,0.20676928915708617,0.3340844897898943,0.12833820730504913,0.1984195505024593,LSTM
S291,0.21812823691719835,0.31208890471014167,0.12736728390965085,0.08227828163467978,0.10574228391514794,0.15439500891318267,ANN
S292,0.04973940500341318,0.05686138373202427,0.33649635414660506,0.18458278956729546,0.3284193096368253,0.04390075791383878,BiLSTM
S293,0.21578901479587548,0.06300269986251057,0.1632403076056831,0.12820623332527414,0.19176619001027723,0.23799555440037892,GRU
S294,0.17996268687957953,0.11367120147892065,0.16574417141767542,0.18900637537556736,0.2629885211615588,0.08862704368669964,CNN-LSTM
S295,0.13470549579381536,0.12328236132821478,0.17433172307169909,0.2920281427973257,0.18862352442933739,0.0870287525795981,LSTM
S296,0.20201346560248643,0.2847648888676122,0.17139896476745592,0.13011030859713488,0.13306857758612786,0.07864379457918994,ANN
S297,0.2594542179995187,0.2554967491337933,0.13319509605195065,0.09814635061753355,0.15123885855001162,0.10246872764718276,1D-CNN
S298,0.1635886142840997,0.22218482473416357,0.12736374048297744,0.14775394484981125,0.15818134479617776,0.1809275308527772,ANN
S299,0.15834999476394196,0.14449785922868055,0.1674025497511011,0.18732820092398939,0.1803718358331208,0.1620495594991539,LSTM
S300,0.1442790032806758,0.04670253567542844,0.17294684606273786,0.21854210847868846,0.18105652817528695,0.2364729783271796,GRU
S301,0.04583881624471952,0.062231539273512514,0.24753263781072118,0.31484541839574715,0.17295601866250399,0.15659556961280394,LSTM
S302,0.2589955358165566,0.2098020714439286,0.16774465439079594,0.16206646966691785,0.08729036925701866,0.11410089942477673,1D-CNN
S303,0.3214409082357192,0.10448483006413706,0.14370388644947232,0.16491440927805706,0.11646171010115032,0.14899425587145448,1D-CNN
S304,0.32185999776557195,0.16491774748078575,0.12338375272903668,0.09117157281554722,0.15646961314286884,0.1421973160661789,1D-CNN
S305,0.007899983679928212,0.02088678274517153,0.20125254982156424,0.6233234869640457,0.13335562724141412,0.013281569547876232,LSTM
S306,0.1422050019198943,0.2766824123733957,0.22337071768544617,0.17916817518205336,0.1411727578894122,0.037400934949794996,ANN
S307,0.3325199211422519,0.26637704539490636,0.09359330488365569,0.15113509758109606,0.11205737011370193,0.04431726088438369,1D-CNN
S308,0.17665693816806818,0.3595520008951226,0.17871267813478176,0.12576368132775237,0.11358060396015024,0.04573409751413111,ANN
S309,0.1415745895625106,0.1394688556573526,0.23655799913027664,0.13465954253474807,0.15395407475661474,0.1937849383585065,BiLSTM
S310,0.025374547375578142,0.085655924488023,0.12861032997596017,0.22318780291681006,0.18402196272920973,0.3531494325144201,GRU
