Segment,1D-CNN,ANN,CNN-LSTM,GRU,Selected
S1,0.16831283999394558,0.055212298485151336,0.6756126052997217,0.10086225622118179,CNN-LSTM
S2,0.22680489812511084,0.23749744543429968,0.17023814747854452,0.3654595089620443,GRU
S3,0.20965032365528027,0.2912437110718287,0.28692347130055673,0.21218249397233382,ANN
S4,0.23760254173182047,0.2954363360082049,0.21702478556323535,0.24993633669674023,ANN
S5,0.1937932288767148,0.4267901549122901,0.08600473338352808,0.2934118828274671,ANN
S6,0.08733020989057362,0.4590784128733574,0.10973527287601803,0.3438561043600509,ANN
S7,0.16770577120197924,0.11178059479710753,0.6353009639830238,0.08521267001788933,CNN-LSTM
S8,0.26976886862894983,0.2714771924698147,0.366554430738853,0.09219950816238233,CNN-LSTM
S9,0.21738289371520036,0.32427904187907,0.15997687294502577,0.29836119146070406,ANN
S10,0.2674876055551226,0.21380730606106826,0.21165843386861943,0.30704665451518875,GRU
S11,0.26681783041317003,0.25282481206169205,0.21642272124321754,0.2639346362819204,1D-CNN
S12,0.25509084846106256,0.23845527688749027,0.23878417920701073,0.2676696954444375,GRU
S13,0.20045463321112203,0.32935900468465806,0.203257432168387,0.2669289299358338,ANN
S14,0.1924021451218941,0.34423787836471637,0.33535747392038784,0.12800250259300242,ANN
S15,0.318538844947276,0.28236771105701963,0.25597034881464814,0.14312309518105606,1D-CNN
S16,0.1339736378041057,0.23901875623234878,0.27809843965131165,0.348909166312233,GRU
S17,0.14573905974550924,0.30542869563446967,0.4412312931948597,0.10760095142516163,CNN-LSTM
S18,0.4315280893839038,0.18585269378490124,0.18496318175308424,0.1976560350781108,1D-CNN
S19,0.2241119981081653,0.27598662554115083,0.32150967940844244,0.1783916969422412,CNN-LSTM
S20,0.29676544675089717,0.26541861299679187,0.22846066301065004,0.20935527724166075,1D-CNN
S21,0.23797530462156818,0.28924468395184955,0.24392727665767236,0.22885273476891005,ANN
S22,0.2502281646927186,0.23613987265201974,0.2206355974503486,0.29299636520491285,GRU
S23,0.1592743539261267,0.35855844229378414,0.1095928615866206,0.3725743421934694,GRU
S24,0.26379277064494394,0.3108685039353671,0.34330453140171585,0.08203419401797293,CNN-LSTM
S25,0.31561832691199576,0.2304690784850298,0.10387625030600256,0.35003634429697184,GRU
S26,0.1516797309637289,0.3317192148911295,0.36662788237103056,0.1499731717741111,CNN-LSTM
S27,0.3069478208354006,0.10908115087735745,0.4372781216786134,0.14669290660862808,CNN-LSTM
S28,0.2650626660701883,0.18464877049809933,0.1899915102957338,0.3602970531359785,GRU
S29,0.23299821748994298,0.24764541360387313,0.3294840800025333,0.18987228890365157,CNN-LSTM
S30,0.362011215388219,0.21615855988392052,0.28989517717246027,0.1319350475553999,1D-CNN
S31,0.14906057794809024,0.4942979245739507,0.28471946049310976,0.0719220369848495,ANN
S32,0.1911611090115415,0.18787375759740899,0.25141680056061066,0.369548332830438,GRU
S33,0.31063657100626263,0.12757056504667147,0.20345287164210227,0.358339992304964,GRU
S34,0.25704804078301374,0.21528811846789855,0.22172165279758324,0.3059421879515043,GRU
S35,0.24144997612831925,0.27060675905433285,0.22424430820547228,0.26369895661187553,ANN
S36,0.09268610659220057,0.6969740151376057,0.051845590775071455,0.15849428749512248,ANN
S37,0.1259399122249694,0.6211111932898453,0.08272205674463655,0.1702268377405481,ANN
S38,0.3350588049086732,0.30656923593446067,0.2987124669205204,0.05965949223634574,1D-CNN
S39,0.22994456726084733,0.23716504777951905,0.46159534997178087,0.07129503498785204,CNN-LSTM
S40,0.23182117750408351,0.2632457140854002,0.2526072927771886,0.2523258156333277,ANN
S41,0.25598418698928926,0.21160866938284123,0.2944951875247439,0.23791195610312554,CNN-LSTM
S42,0.30824963735564076,0.23698049784965627,0.2277077741620723,0.22706209063263016,1D-CNN
S43,0.2707735122786101,0.25933664729709494,0.2414174911853063,0.2284723492389876,1D-CNN
S44,0.4097027600875943,0.29481105167981125,0.0814625966868881,0.21402359154570533,1D-CNN
S45,0.19548620071812448,0.1924568352640727,0.29652801066272727,0.31552895335507564,GRU
S46,0.1950862274654594,0.48469473320871204,0.10770234927920973,0.21251669004661863,ANN
S47,0.16757139367242763,0.2746914687836982,0.30258405079955997,0.2551530867443133,CNN-LSTM
S48,0.2937019143751866,0.15987228216622912,0.2844946644178746,0.2619311390407096,1D-CNN
S49,0.060564808933791875,0.1224284971229432,0.7915588081555675,0.02544788578769769,CNN-LSTM
S50,0.4450522785477905,0.25626615822377585,0.2204847510268841,0.07819681220154971,1D-CNN
S51,0.07487590252225759,0.5411539523201921,0.27001145323619835,0.11395869192135209,ANN
S52,0.1671563381800281,0.14998624977734107,0.3810370090657977,0.30182040297683327,CNN-LSTM
S53,0.22115003833010372,0.32110598703047566,0.2731131716862345,0.18463080295318737,ANN
S54,0.3553517788421413,0.14256762395550604,0.2145545874700999,0.28752600973225245,1D-CNN
S55,0.14351608240688746,0.2210738673931482,0.08089392432420801,0.5545161258757565,GRU
S56,0.08137675516134205,0.11147237997382456,0.1580124553745613,0.6491384094902722,GRU
S57,0.2059689607273851,0.1766715067331436,0.09809386356508024,0.5192656689743911,GRU
S58,0.12747988539837238,0.41945410950699946,0.06624072254616031,0.3868252825484675,ANN
S59,0.17403193276560044,0.2895981239595332,0.3515795469296432,0.18479039634522312,CNN-LSTM
S60,0.1609120587770465,0.2903533509920165,0.3871155743684298,0.161619015862507,CNN-LSTM
S61,0.2769769074684168,0.26531016240822003,0.2691907933628767,0.18852213676048662,1D-CNN
S62,0.1737536985334303,0.36092268105702946,0.08990091796208653,0.3754227024474532,GRU
S63,0.23199417166394315,0.279993028586293,0.18286032998899215,0.30515246976077154,GRU
S64,0.25338425623181576,0.2459444016782713,0.19908215359020073,0.30158918849971234,GRU
S65,0.23987997564678332,0.23077471076968747,0.23584087076293572,0.2935044428205928,GRU
S66,0.269380689866951,0.24542941170542026,0.3225406219456098,0.1626492764820187,CNN-LSTM
S67,0.4135263128456307,0.2474818810676161,0.22729143723185388,0.11170036885489923,1D-CNN
S68,0.19289067554770348,0.25390853811078007,0.32043838986435175,0.23276239647716487,CNN-LSTM
S69,0.18737818573833756,0.29834505085415125,0.2872895865999952,0.2269871768075161,ANN
S70,0.2628517823133441,0.30801445557212864,0.24350501309219025,0.18562874902233717,ANN
S71,0.2964650464118881,0.2594029578154258,0.24155265346897015,0.20257934230371571,1D-CNN
S72,0.18990384721413883,0.6723023754297665,0.019465115298032486,0.11832866205806199,ANN
S73,0.2114694515475676,0.27869697901048146,0.07525820328794407,0.4345753661540068,GRU
S74,0.16121933105402939,0.2644851084388785,0.24600956021366796,0.3282860002934238,GRU
S75,0.08021502347496783,0.2966738273222554,0.5504001607711674,0.07271098843160961,CNN-LSTM
S76,0.17033054810565432,0.32685881597489796,0.26329872234196067,0.23951191357748722,ANN
S77,0.3401892354881989,0.19270618272694584,0.1605493807868501,0.306555200998004,1D-CNN
S78,0.47461951858919893,0.22424842302677933,0.1777320004497767,0.12340005793424537,1D-CNN
S79,0.3491263830193184,0.1969409611419739,0.34970168002044444,0.10423097581826297,CNN-LSTM
S80,0.2716174757510061,0.29115494785217594,0.30116368136121685,0.13606389503560073,CNN-LSTM
S81,0.2962892559597954,0.2627327868884802,0.16635595197949443,0.274622005172229,1D-CNN
S82,0.10266758757119983,0.529643634606531,0.10342590277454436,0.26426287504772467,ANN
S83,0.20642940368699528,0.20620813285002074,0.23844356285332938,0.3489189006096549,GRU
S84,0.044770524719764324,0.6070513581189552,0.07097329224231859,0.27720482491896214,ANN
S85,0.22087838020818568,0.1556758155153626,0.370758416968239,0.25268738730821244,CNN-LSTM
S86,0.07956049092768178,0.1965059449722125,0.15432211520462943,0.5696114488954757,GRU
S87,0.1509011009527723,0.16780591418711366,0.34463674042103487,0.3366562444390794,CNN-LSTM
S88,0.38006063010946367,0.12974673707024365,0.2314894222056176,0.2587032106146753,1D-CNN
S89,0.5899591212996234,0.07392631319144602,0.22870778553660273,0.10740677997232788,1D-CNN
S90,0.25560880347477005,0.22102024558787828,0.3246495214126987,0.19872142952465185,CNN-LSTM
S91,0.0626121776749518,0.523844689961818,0.3429679683549565,0.07057516400827349,ANN
S92,0.18136558737047392,0.4011528766104271,0.2017742528539231,0.2157072831651753,ANN
S93,0.23479126753243862,0.2796529723547034,0.2581646423517771,0.22739111776108004,ANN
S94,0.256051662698251,0.2692045564847569,0.20040854476143108,0.2743352360555599,GRU
S95,0.16929130901214082,0.13930766164201366,0.13195622168817267,0.5594448076576728,GRU
S96,0.05185737978008121,0.09440357857911624,0.4235962107830491,0.4301428308577526,GRU
S97,0.24983599593468053,0.30667812896120883,0.2459590051363379,0.19752686996777244,ANN
S98,0.30176390171461015,0.3146196009137914,0.231475433299213,0.1521410640723857,ANN
S99,0.3211355732787519,0.44869921493954773,0.09768423687725375,0.13248097490444632,ANN
S100,0.33294194638335306,0.09120737238027411,0.337658491581476,0.23819218965489594,CNN-LSTM
S101,0.23973032064839064,0.192476423560659,0.1888431651145019,0.3789500906764481,GRU
S102,0.2448040449733185,0.3027842111746813,0.2260047890173389,0.22640695483466153,ANN
S103,0.23827542630179088,0.2475617063191901,0.2551453828733118,0.2590174845057069,GRU
S104,0.12046759181083311,0.17613894241915592,0.22211499662065556,0.4812784691493545,GRU
S105,0.18297773730413155,0.18859814338532802,0.36229934789452206,0.26612477141601737,CNN-LSTM
S106,0.16170802967723552,0.09418354819209937,0.31699111664979995,0.42711730548086535,GRU
S107,0.0873249372183118,0.21234860133119962,0.17207256406090418,0.5282538973895841,GRU
S108,0.16155645605913177,0.19668512812627248,0.33972473240679796,0.3020336834077975,CNN-LSTM
S109,0.3914865333913279,0.15826323231759332,0.15066689533553856,0.29958333895553946,1D-CNN
S110,0.21249289944064684,0.3104299685245496,0.2708410639011828,0.20623606813362058,ANN
S111,0.2510239573534064,0.25416285686567985,0.1827460275046966,0.3120671582762174,GRU
S112,0.20888974078494357,0.22351146322601703,0.16753937433630076,0.40005942165273783,GRU
S113,0.23849169023723182,0.23739584007438547,0.18437705057087456,0.3397354191175082,GRU
S114,0.24551786301861125,0.23604152434694867,0.233325956362931,0.28511465627151095,GRU
S115,0.22593023197910192,0.3450564611566856,0.22753049313744855,0.20148281372676405,ANN
S116,0.13585819468066904,0.43384744420686716,0.2163888977408995,0.21390546337156335,ANN
S117,0.16160981709935265,0.31854582852019947,0.3437338682557155,0.17611048612473135,CNN-LSTM
S118,0.675444560382698,0.0984763578994936,0.11488143322082177,0.11119764849698689,1D-CNN
S119,0.12468078631818474,0.4510507486166107,0.35047872884414993,0.07378973622105435,ANN
S120,0.2532641664917793,0.15664042897187241,0.19063044002406862,0.39946496451227936,GRU
S121,0.32749516120645167,0.17140154950371816,0.26872665964546244,0.2323766296443676,1D-CNN
S122,0.34635017529481,0.21258072160011357,0.2978771302684159,0.14319197283666163,1D-CNN
S123,0.23291893446897496,0.39256619138040094,0.3064269191340587,0.0680879550165664,ANN
S124,0.16943505744638232,0.2607116540374883,0.17887209444570143,0.39098119407042753,GRU
S125,0.23115169929416152,0.20481891834250546,0.07819481928643486,0.48583456307689754,GRU
S126,0.3347190932753499,0.21777381393365017,0.1280725898658859,0.31943450292511416,1D-CNN
S127,0.20001956103829066,0.3266517204192971,0.2104738439848588,0.2628548745575525,ANN
S128,0.147979000681356,0.4099631704405683,0.2829410063424776,0.15911682253559792,ANN
S129,0.2742115299336626,0.23399401491246838,0.3136924715362775,0.1781019836175917,CNN-LSTM
S130,0.7136251885616397,0.11273891123695962,0.1360963144553548,0.037539585746045885,1D-CNN
S131,0.7105158229340146,0.09824392338346023,0.059639425281592426,0.13160082840093257,1D-CNN
S132,0.1976048745966298,0.3210822989182542,0.2804258174209853,0.20088700906413046,ANN
S133,0.24777505705188915,0.24798989136063398,0.2660825723739671,0.2381524792135099,CNN-LSTM
S134,0.3343503416363397,0.23854525462431542,0.22069167544225676,0.20641272829708815,1D-CNN
S135,0.2068608814148798,0.23816405044018862,0.19925879423726667,0.3557162739076648,GRU
S136,0.4398427909248608,0.22528059677021364,0.2075031342507795,0.1273734780541461,1D-CNN
S137,0.15598222258209132,0.20412390875953565,0.1361739270678149,0.5037199415905591,GRU
S138,0.16403035727049578,0.3790814374926019,0.12750595670629866,0.3293822485306031,ANN
S139,0.20769284396896076,0.19807730538475424,0.15297010563996816,0.4412597450063171,GRU
S140,0.1912901139629646,0.22740766834522752,0.2068170827035554,0.3744851349882525,GRU
S141,0.1788173529286675,0.44235560466214646,0.2197577007501043,0.15906934165908201,ANN
S142,0.27097352168918554,0.21666784591414745,0.3518351393681838,0.16052349302848343,CNN-LSTM
S143,0.1965952311996874,0.3170319716032838,0.341584070703048,0.1447887264939806,CNN-LSTM
S144,0.36453649283000167,0.1267634063459204,0.1357728932785233,0.37292720754555475,GRU
S145,0.29310822494479805,0.27176686171713865,0.25130068445159226,0.1838242288864711,1D-CNN
S146,0.23616208660627885,0.3003273682906974,0.2767500653698424,0.1867604797331812,ANN
S147,0.37513888212309254,0.13071020925564064,0.3373667426394682,0.15678416598179878,1D-CNN
S148,0.24716729369245616,0.29003203848924153,0.27553762533927956,0.18726304247902273,ANN
S149,0.11589493450203393,0.14419852335995664,0.11733381161198388,0.6225727305260258,GRU
S150,0.2297906908036671,0.1957150825245528,0.18940346579766268,0.3850907608741176,GRU
S151,0.2606337611565673,0.20429605716648683,0.20355001700469566,0.33152016467225,GRU
S152,0.12115993750037397,0.5719881799629694,0.20053419193150615,0.10631769060515013,ANN
S153,0.1826051394867031,0.3005780277604566,0.4074162548617605,0.10940057789108003,CNN-LSTM
S154,0.1298449226648183,0.13217473459739687,0.6760036020683714,0.06197674066941328,CNN-LSTM
S155,0.23633541977866313,0.17903439667815965,0.1840315676067229,0.4005986159364543,GRU
S156,0.28294190633657096,0.19012810156293478,0.2790213416562314,0.24790865044426239,1D-CNN
S157,0.27066046272231736,0.22385814080415578,0.26208078508948013,0.2434006113840469,1D-CNN
S158,0.185985977583962,0.4073529593911376,0.16076690099378185,0.24589416203111883,ANN
S159,0.10818395621854703,0.5794839881782852,0.15235612407532204,0.15997593152784662,ANN
S160,0.1021291263342662,0.1494604790466153,0.6451440757519192,0.10326631886719874,CNN-LSTM
S161,0.23103775677518107,0.2805844645454515,0.27964858366552264,0.20872919501384463,ANN
S162,0.5306859917831979,0.1811428258707729,0.15764068621225608,0.13053049613377382,1D-CNN
S163,0.37864020308516505,0.14474406043003976,0.16753796554918127,0.309077770935614,1D-CNN
S164,0.24733867991524072,0.2552430003973679,0.31717207588874874,0.18024624379864435,CNN-LSTM
S165,0.04696058011249631,0.8712570462488899,0.034205878078792336,0.04757649555982076,ANN
S166,0.2941943900930868,0.21420365638505595,0.1588216498384538,0.33278030368340333,GRU
S167,0.32516884880326796,0.17955805763786983,0.29255766328211136,0.20271543027675162,1D-CNN
S168,0.49591094433416416,0.1575382185393787,0.2574705075426575,0.08908032958379927,1D-CNN
S169,0.21119450047765695,0.22181447744128308,0.47765529076930613,0.08933573131175468,CNN-LSTM
S170,0.40767889552599473,0.19602967392806994,0.2249614614073764,0.17132996913855877,1D-CNN
S171,0.5635899777724063,0.12255216351365224,0.19525575103581108,0.11860210767813016,1D-CNN
S172,0.051121037761613815,0.058811135813216536,0.06736766919877274,0.822700157226397,GRU
S173,0.062003904888207,0.4135337847906645,0.0837695532027381,0.4406927571183904,GRU
S174,0.0726892484498224,0.15421655020180114,0.014468743181551759,0.7586254581668247,GRU
S175,0.06520895439363103,0.5509041156244288,0.12726761440901638,0.256619315572923,ANN
S176,0.05279311317737548,0.59744293538889,0.19255967890857373,0.15720427252516064,ANN
S177,0.07971927872107207,0.1352942773232269,0.6758295283135869,0.10915691564211408,CNN-LSTM
S178,0.28150961576322503,0.27857723423914343,0.16349912389517748,0.2764140261024537,1D-CNN
S179,0.48482093844263,0.12352851957056955,0.2124062058274009,0.17924433615939842,1D-CNN
S180,0.31096575675132343,0.2110558495517029,0.1363545288490027,0.3416238648479704,GRU
S181,0.2424928422488425,0.23585140804772187,0.2967806096725129,0.22487514003092288,CNN-LSTM
S182,0.21337673943741106,0.2015877254902763,0.21337061893945414,0.3716649161328586,GRU
S183,0.11913733881705187,0.10561069855578059,0.11620860309191826,0.6590433595352488,GRU
S184,0.23239342925234996,0.23010934368841676,0.26194878780986813,0.2755484392493653,GRU
S185,0.29458358054554695,0.15370263429382308,0.1920380321656441,0.3596757529949855,GRU
S186,0.22289717144110194,0.21960226131465693,0.37712883452558993,0.1803717327186511,CNN-LSTM
S187,0.1843533145060135,0.39932610417134723,0.3020181453862451,0.11430243593639389,ANN
S188,0.3015267538053311,0.23140491651191686,0.3329584290523832,0.13410990063036987,CNN-LSTM
S189,0.19715980611994613,0.24575792716010655,0.33583431831470967,0.22124794840523718,CNN-LSTM
S190,0.25705655178885695,0.2062496746295367,0.2636224195690973,0.27307135401250915,GRU
S191,0.2815473797473376,0.2247451422971749,0.23711818383409453,0.25658929412139275,1D-CNN
S192,0.18786367002715143,0.3675843328074525,0.1750738151940079,0.2694781819713877,ANN
S193,0.06758555602190636,0.6350151517758247,0.08159591380270548,0.21580337839956348,ANN
S194,0.07369295838637033,0.18012287710569452,0.08444915165678922,0.6617350128511462,GRU
S195,0.2568616936608586,0.31940812201984536,0.23812561263590165,0.18560457168339461,ANN
S196,0.27748840573065153,0.3180252681725288,0.1720293985298483,0.23245692756697123,ANN
S197,0.13790251770200915,0.38814369078665895,0.31105666533979626,0.16289712617153532,ANN
S198,0.1933241835132484,0.1676931246433404,0.1531392716843941,0.485843420159017,GRU
S199,0.22983031203987075,0.20011284230413875,0.24231201648558517,0.32774482917040526,GRU
S200,0.2676277575873006,0.2433037837539126,0.22405095411496775,0.26501750454381917,1D-CNN
S201,0.26075966679526086,0.2285027344634345,0.23076428276936917,0.2799733159719357,GRU
S202,0.223623987902441,0.3005723623273496,0.263867435732965,0.21193621403724447,ANN
S203,0.20069867462462493,0.26300673132925173,0.4117216109427357,0.12457298310338778,CNN-LSTM
S204,0.15952977100024457,0.28005785325622784,0.15678404991936143,0.4036283258241651,GRU
S205,0.28615482555089533,0.2366535750229188,0.2146668796094314,0.26252471981675446,1D-CNN
S206,0.28097836660230513,0.2496082096849425,0.2462493658926732,0.22316405782007928,1D-CNN
S207,0.2543328896865992,0.30059945619650313,0.23690457852561098,0.20816307559128663,ANN
S208,0.07316268493999388,0.6896941645700063,0.10064491863405231,0.13649823185594767,ANN
S209,0.26068409270290765,0.17145970066433774,0.2983694403852063,0.269486766247548,CNN-LSTM
S210,0.35915636123513156,0.3236883460782577,0.15992360940679537,0.15723168327981543,1D-CNN
S211,0.2707672950280503,0.2023009959477953,0.3452521869365169,0.18167952208763755,CNN-LSTM
S212,0.14952668399684738,0.5171087610553203,0.23070553503538246,0.10265901991244973,ANN
S213,0.16745595212743491,0.09713432530506491,0.13446259646457084,0.6009471261029296,GRU
S214,0.2213370412101607,0.189795699044594,0.22061384218631974,0.36825341755892504,GRU
S215,0.26246356003296023,0.24051739383329124,0.20899571722566226,0.2880233289080864,GRU
S216,0.21556186921601306,0.2941869896745096,0.2150252241565157,0.27522591695296256,ANN
S217,0.19267247185154082,0.3884287552501732,0.19133821335165374,0.2275605595466312,ANN
S218,0.23874038141477943,0.1606148359668415,0.43251693809806435,0.1681278445203139,CNN-LSTM
S219,0.15886393283448877,0.24035166319358112,0.112717036280161,0.48806736769176823,GRU
S220,0.22380731107310622,0.2654361659140467,0.2233473563054895,0.28740916670735733,GRU
S221,0.30026396400850924,0.18940501499652537,0.1373996709113416,0.3729313500836237,GRU
S222,0.15318522617397878,0.42833774611242975,0.2283793411854389,0.19009768652815243,ANN
S223,0.1919999260774659,0.1514597517709206,0.14811019137950845,0.5084301307721051,GRU
S224,0.1949224104394863,0.22423829915005647,0.2377697505466282,0.3430695398638292,GRU
S225,0.2558096348421547,0.25255383843495965,0.20078013416212084,0.29085639256076495,GRU
S226,0.24960157529531957,0.18226967631509294,0.1785194322506242,0.3896093161389627,GRU
S227,0.20867112300358942,0.28622343445623927,0.226976828214962,0.2781286143252087,ANN
S228,0.2421680342988539,0.2671517054257579,0.1952446305456293,0.2954356297297592,GRU
S229,0.17431210187870294,0.4027094824523277,0.3090004912718082,0.11397792439716141,ANN
S230,0.17807164307587706,0.2822130048119322,0.18072956403671006,0.3589857880754813,GRU
S231,0.23463211358599656,0.17911839141023528,0.26628940865033746,0.3199600863534307,GRU
S232,0.33404640007469,0.19980602848460483,0.2652873478565567,0.20086022358414934,1D-CNN
S233,0.307324600958705,0.2196720375413295,0.24589754196577315,0.22710581953419198,1D-CNN
S234,0.24120864334941935,0.2629752128191473,0.24882735693307664,0.24698878689835654,ANN
S235,0.23228584865238397,0.4126767846846035,0.09855745818067514,0.25647990848233726,ANN
S236,0.15810013113528168,0.2906436675880558,0.19637643673186447,0.3548797645447977,GRU
S237,0.24337060818094464,0.2734438848091862,0.27681568834752995,0.2063698186623387,CNN-LSTM
S238,0.24244902303439508,0.3575094036310797,0.19113554735157307,0.20890602598295213,ANN
S239,0.15441568869957353,0.3324124278235612,0.2681881703982322,0.24498371307863268,ANN
S240,0.49785462500708905,0.14450551050093147,0.09924655065108555,0.25839331384089376,1D-CNN
S241,0.29062060542289525,0.29087666746899243,0.2068287120456569,0.21167401506245462,ANN
S242,0.27614044267448357,0.2618051665175102,0.2900712205697637,0.17198317023824258,CNN-LSTM
S243,0.589931013001568,0.2100099149688668,0.1090219706782505,0.09103710135131425,1D-CNN
S244,0.1819003323529155,0.29991896014251535,0.37539689219889705,0.1427838153056723,CNN-LSTM
S245,0.24301884601021434,0.20359710649989676,0.20273109765018155,0.35065294983970813,GRU
S246,0.21188834930012096,0.2943219151046214,0.23985403732104907,0.2539356982742086,ANN
S247,0.2643255956143602,0.2451939738313608,0.24150517633184485,0.2489752542224332,1D-CNN
S248,0.15434916811287624,0.5339461073150584,0.15694636042210833,0.15475836414995606,ANN
S249,0.13332053770703683,0.34292932616762434,0.3809012253255009,0.14284891079983797,CNN-LSTM
S250,0.22252237958362575,0.28020063531215395,0.2569596938668166,0.24031729123740314,ANN
S251,0.5646400669705872,0.2505111467040605,0.08679193346758692,0.09805685285776507,1D-CNN
S252,0.33160298382296227,0.1797601687987651,0.20241889922192244,0.28621794815635015,1D-CNN
S253,0.22879055958245886,0.262840900249748,0.2996748644220621,0.20869367574573114,CNN-LSTM
S254,0.17307110613780582,0.4994113785701624,0.1443060523795539,0.18321146291247808,ANN
S255,0.09430901931289744,0.4317636619050814,0.3904246207903909,0.08350269799162978,ANN
S256,0.29038603897937715,0.4166922179319685,0.22718230063048572,0.06573944245816855,ANN
S257,0.223002959208976,0.30945216603766956,0.2054975738789992,0.2620473008743551,ANN
S258,0.2566541274530704,0.18860438563707332,0.26014156156534574,0.2945999253445096,GRU
S259,0.3340476794237356,0.2506175317577186,0.2374890188723062,0.17784576994623932,1D-CNN
S260,0.24304940198851532,0.28298323930451624,0.2538713053055106,0.220096053401457,ANN
S261,0.2798255900649645,0.27196628670382444,0.23659091054563233,0.21161721268557993,1D-CNN
S262,0.2808326007189322,0.1567524298592977,0.4312599691575264,0.13115500026424393,CNN-LSTM
S263,0.2516475673969269,0.24033366677004867,0.3628534487696991,0.1451653170633262,CNN-LSTM
S264,0.1761379263662886,0.26044402895467234,0.23808400850349193,0.325334036175547,GRU
S265,0.2590595780089687,0.2215188642549603,0.2007529203870397,0.31866863734903145,GRU
S266,0.24504702490127309,0.29707030444141447,0.3453459242426261,0.11253674641468722,CNN-LSTM
S267,0.173151143304474,0.33012980839258327,0.34487259507204526,0.15184645323089702,CNN-LSTM
S268,0.27443255501551167,0.24319238522775635,0.19370167064738292,0.2886733891093489,GRU
S269,0.1386983620666118,0.2833000424939563,0.11928289685715364,0.4587186985822777,GRU
S270,0.18216471204027845,0.1907197113371332,0.18315325860004175,0.4439623180225465,GRU
S271,0.12970906673102386,0.5502255783681513,0.144003884793637,0.17606147010718684,ANN
S272,0.21632320427162646,0.22493483654149438,0.33486936202810613,0.22387259715877278,CNN-LSTM
S273,0.29085622977713754,0.2207915176963046,0.37209160830883525,0.11626064421772259,CNN-LSTM
S274,0.5447862864572128,0.35757388679390534,0.06311264908041958,0.034527177668461986,1D-CNN
S275,0.2232940051000055,0.30036262211375286,0.27147069905885546,0.2048726737273864,ANN
S276,0.22673162328254237,0.23286403174260065,0.2783987641296438,0.26200558084521236,CNN-LSTM
S277,0.2631458178075697,0.2515390255771256,0.22464510316717623,0.26067005344812855,1D-CNN
S278,0.22803309547852024,0.23205529373089492,0.23318847696732137,0.30672313382326355,GRU
S279,0.4014609053341295,0.30459136776729123,0.08922844889573012,0.20471927800284925,1D-CNN
S280,0.2744231617352668,0.07227022516448336,0.5526388117745593,0.1006678013256899,CNN-LSTM
S281,0.5075113634065533,0.2699071329003553,0.14661193236715256,0.07596957132593853,1D-CNN
S282,0.5585250332671637,0.2164275718612758,0.18641228152925604,0.03863511334230474,1D-CNN
S283,0.1707964436808023,0.35898220119009727,0.284537929778234,0.18568342535086577,ANN
S284,0.21922343200084957,0.21546998184903315,0.32413879098997034,0.24116779516014689,CNN-LSTM
S285,0.2496317420132755,0.2445920591623868,0.28582149908137205,0.2199546997429647,CNN-LSTM
S286,0.28208325217858654,0.26067113988035323,0.23501920601773826,0.2222264019233223,1D-CNN
S287,0.28322001972291005,0.27742835831031715,0.17906367167172624,0.2602879502950457,1D-CNN
S288,0.15143931125103577,0.15295480620124668,0.21329817137472834,0.4823077111729891,GRU
S289,0.14300657798723931,0.28329110358997006,0.26345037719479597,0.3102519412279948,GRU
S290,0.5030348392405487,0.1851644026052738,0.16292052781835276,0.14888023033582456,1D-CNN
S291,0.2291652681995758,0.48481565310387736,0.20157658472721277,0.08444249396933412,ANN
S292,0.16395733379600014,0.20855107765037262,0.4364835564193462,0.19100803213428086,CNN-LSTM
S293,0.22611355458366433,0.09694968374974103,0.20956192396047973,0.4673748377061151,GRU
S294,0.272193813962113,0.18790417579824034,0.39441418735442735,0.14548782288521933,CNN-LSTM
S295,0.3399198320818528,0.23981587437521854,0.22436558112162186,0.19589871242130624,1D-CNN
S296,0.3042864029990018,0.2636552185342358,0.2829515508765278,0.14910682759023552,1D-CNN
S297,0.2307116645492941,0.39648007755927367,0.22564398964114693,0.14716426825028528,ANN
S298,0.12342378478015789,0.1992305246652987,0.10613862317145295,0.5712070673830902,GRU
S299,0.2351215407832603,0.23637672706800583,0.2519102781153945,0.2765914540333382,GRU
S300,0.1323972556920017,0.3989147517824132,0.15830652173763246,0.3103814707879539,ANN
S301,0.08266141379727894,0.12117638306717428,0.6777013771135916,0.11846082602195515,CNN-LSTM
S302,0.27233909471783385,0.3189592010268529,0.22319554393217328,0.18550616032313907,ANN
S303,0.7502027522991938,0.07631924046701594,0.08884427204693196,0.08463373518685928,1D-CNN
S304,0.30694016927825163,0.40844807286339857,0.1179229404319165,0.16668881742643338,ANN
S305,0.19662121632674967,0.2014626532056911,0.38465532635051697,0.21726080411704232,CNN-LSTM
S306,0.269798181742399,0.20908961407210608,0.34459155834353483,0.17652064584195992,CNN-LSTM
S307,0.4144730129463437,0.26797353053706485,0.19064835835874872,0.1269050981578429,1D-CNN
S308,0.2329782687393547,0.4222515759351008,0.18217360547473335,0.162596549850811,ANN
S309,0.16172135242668637,0.2735710105648007,0.19337702251818303,0.3713306144903297,GRU
S310,0.11088697037496117,0.19700479110556746,0.22914338462016906,0.46296485389930214,GRU
S311,0.22219941695816303,0.21190272211619374,0.26503863368278685,0.30085922724285546,GRU
S312,0.12774078134901462,0.3478455994576377,0.15721823057158146,0.3671953886217664,GRU
S313,0.08252306934044491,0.27041099351726816,0.1344559186936529,0.5126100184486341,GRU
S314,0.23303841308018586,0.24243460545958376,0.20359782695203915,0.32092915450819065,GRU
S315,0.18732184517017517,0.26505793319057824,0.09940161041844453,0.4482186112208019,GRU
S316,0.2642544347549014,0.21648537302824772,0.3177694640397309,0.20149072817712013,CNN-LSTM
S317,0.18609185634335074,0.211144595957535,0.06595508034878429,0.5368084673503298,GRU
S318,0.09579556114120924,0.5226787716029596,0.30803689411395235,0.07348877314187913,ANN
S319,0.3258020599809417,0.28594611559406835,0.2558562017887608,0.1323956226362286,1D-CNN
S320,0.26194819885605214,0.44653751409493375,0.20142545103983192,0.09008883600918231,ANN
S321,0.1447007417709182,0.24981947906793012,0.49955320671620074,0.10592657244495175,CNN-LSTM
S322,0.31940926383054585,0.07617176771731837,0.1671306375869613,0.4372883308651745,GRU
S323,0.26834186896236684,0.2712677011638842,0.3043051799245775,0.1560852499491716,CNN-LSTM
S324,0.15177738586285944,0.4338862789414014,0.10911816269212118,0.3052181725036181,ANN
S325,0.15327552174063386,0.12197044057938783,0.04452757563424937,0.6802264620457285,GRU
S326,0.11635999573594893,0.4713721349213884,0.10121006376699353,0.3110578055756688,ANN
S327,0.15092913604039385,0.09991002758749362,0.6631362022041207,0.0860246341679927,CNN-LSTM
S328,0.10872866017121001,0.3356808775673078,0.46366432672946667,0.09192613553201584,CNN-LSTM
S329,0.284820265388947,0.20554992998932542,0.3223322702366235,0.18729753438510385,CNN-LSTM
S330,0.5445577033169778,0.11019726379217618,0.16487886853984363,0.18036616435100175,1D-CNN
S331,0.2693803782959963,0.2198283687470135,0.2839347872493723,0.22685646570761714,CNN-LSTM
S332,0.22581958017231998,0.2795866765808357,0.2599203547691869,0.2346733884776582,ANN
S333,0.13502395273367268,0.6165184079899764,0.07404390701250985,0.17441373226384177,ANN
S334,0.23188351733088267,0.334460187627191,0.09873224185270217,0.33492405318922425,GRU
S335,0.25124298133974243,0.07417151073488375,0.5742413874929231,0.10034412043245133,CNN-LSTM
S336,0.09405961384298503,0.11341786993986905,0.12223492006552114,0.6702875961516248,GRU
S337,0.21891955096321375,0.18735345128723022,0.26301586871185745,0.33071112903769834,GRU
S338,0.5831077674063987,0.22839260330168507,0.0847611651461316,0.10373846414578468,1D-CNN
S339,0.24062741604152568,0.14325932577039266,0.48663232808159695,0.1294809301064841,CNN-LSTM
S340,0.17773307905213132,0.37997663586626584,0.20225452786982764,0.2400357572117752,ANN
S341,0.125371640907516,0.1329367750316605,0.10071054205293094,0.6409810420078925,GRU
S342,0.2322486462238852,0.23028870488870207,0.24297760264427887,0.29448504624313276,GRU
S343,0.25554004411754266,0.3116375870268917,0.1984826433250623,0.2343397255305032,ANN
S344,0.18927151597252054,0.25508862540973826,0.47838640932647575,0.07725344929126488,CNN-LSTM
S345,0.1462060217558365,0.6944843419479659,0.08798473172594677,0.07132490457025091,ANN
S346,0.3719601350165411,0.1739759289664335,0.3135638915920839,0.1405000444249416,1D-CNN
S347,0.3567890381158309,0.21636475199226454,0.2183184567383128,0.20852775315359162,1D-CNN
S348,0.21008391487854516,0.30886719441656413,0.21406454825326482,0.2669843424516257,ANN
S349,0.20843526491867573,0.2752431621381363,0.24666318164256987,0.26965839130061814,ANN
S350,0.19656778474762424,0.17503932658160262,0.4810083065457666,0.1473845821250067,CNN-LSTM
S351,0.27865572665676624,0.2440782081404184,0.4381803898725816,0.03908567533023321,CNN-LSTM
S352,0.22928819080580642,0.3868648755600805,0.2612689371726382,0.1225779964614751,ANN
S353,0.24311090270254637,0.23074020217761704,0.26033117097548336,0.26581772414435284,GRU
S354,0.2709342644260125,0.21742248589905402,0.16947108962567908,0.3421721600492539,GRU
S355,0.20674632258674067,0.3036579516572889,0.2620982964875913,0.22749742926837865,ANN
S356,0.04037787418703185,0.8101929532874651,0.012735979322680425,0.13669319320282264,ANN
S357,0.1455464724192024,0.1731017279678944,0.11482768860178663,0.5665241110111159,GRU
S358,0.01848365413127009,0.6479866643294824,0.11832423699961475,0.215205444539634,ANN
S359,0.40460911433486896,0.08927586420504778,0.4299973221728534,0.07611769928723003,CNN-LSTM
S360,0.2190048808572576,0.2645001589476849,0.3160680611340749,0.20042689906098182,CNN-LSTM
S361,0.1381770700718775,0.2621578364334158,0.17301978642139257,0.42664530707331433,GRU
S362,0.06046798759605384,0.18168924027256397,0.09646413801995644,0.6613786341114256,GRU
S363,0.07454684397455202,0.08435925644958077,0.09826659098179293,0.7428273085940751,GRU
S364,0.25688321030763944,0.19155152416230287,0.2569183991044282,0.29464686642562954,GRU
S365,0.33317834038191185,0.1597722994479951,0.34626031809460606,0.16078904207548703,CNN-LSTM
S366,0.2735749567317794,0.11775187063331359,0.48173549090348833,0.12693768173141803,CNN-LSTM
S367,0.17402029581049336,0.3621689369167563,0.2629040682839731,0.20090669898877672,ANN
S368,0.2912660419265509,0.27938567230140143,0.20211681122279537,0.22723147454925233,1D-CNN
S369,0.24747387173783,0.27456725650210206,0.2970299159448938,0.180928955815175,CNN-LSTM
S370,0.28069285728173793,0.4284482567179144,0.15548586464173872,0.13537302135860893,ANN
S371,0.25609035839452626,0.11547426947064374,0.23431857300827477,0.394116799126555,GRU
S372,0.14877207963937925,0.20271590777183823,0.1620513069891323,0.48646070559965116,GRU
S373,0.13181727138420235,0.09521459157598881,0.13378913214732116,0.6391790048924885,GRU
S374,0.16607573810022855,0.1958812056370927,0.19040708535243997,0.44763597091023893,GRU
S375,0.18832706350195194,0.3139566952758823,0.3486351383098403,0.1490811029123248,CNN-LSTM
S376,0.19838318708376892,0.13954176803433435,0.5072745131028692,0.15480053177902756,CNN-LSTM
S377,0.24680540261547843,0.3254746747440739,0.18776289493531026,0.2399570277051363,ANN
S378,0.26563268399765216,0.1804657924938606,0.21421061646202685,0.3396909070464597,GRU
S379,0.298542588855233,0.20221445930925439,0.25111162049791447,0.24813133133759732,1D-CNN
S380,0.251731063170962,0.2586803131350508,0.2620679622594082,0.22752066143457894,CNN-LSTM
S381,0.11222342024728131,0.38488885232757625,0.16242396540504467,0.34046376202009804,ANN
S382,0.15456738265547523,0.12796573414019366,0.13686361428435964,0.5806032689199708,GRU
S383,0.21795850812792777,0.2542416353456807,0.18248464849607307,0.34531520803031823,GRU
S384,0.2578478748143343,0.22196267408152232,0.2215699596764871,0.2986194914276566,GRU
S385,0.2754571443445202,0.23044434610186873,0.3007596080811515,0.1933389014724586,CNN-LSTM
S386,0.1514980749613134,0.3162237871597984,0.2872471499445139,0.2450309879343743,ANN
S387,0.1295015766158431,0.3487049406719886,0.2570690163084183,0.26472446640374997,ANN
S388,0.4023026039829238,0.2070300832038358,0.29650997432460857,0.09415733848863163,1D-CNN
S389,0.37256398200768703,0.26531593742983844,0.19098086963370905,0.17113921092876547,1D-CNN
S390,0.25069556128998566,0.2111785946634703,0.29417416657941126,0.24395167746713348,CNN-LSTM
S391,0.2937409400179261,0.25285216432840557,0.3315067466628138,0.12190014899085412,CNN-LSTM
S392,0.2845116639533669,0.24937131712844282,0.17349026209858365,0.29262675681960754,GRU
S393,0.2076891893392011,0.2912767427570677,0.2703361113685397,0.23069795653519143,ANN
S394,0.2432414418130074,0.2392800883386744,0.12198628744453566,0.3954921824037826,GRU
S395,0.15546488924951724,0.17771975965446826,0.14445039066544949,0.522364960430564,GRU
S396,0.23592621824841847,0.2505891642644956,0.2142781000743012,0.2992065174127846,GRU
S397,0.13028948237669952,0.4875313325953276,0.14004191343553782,0.24213727159243545,ANN
S398,0.17829804917065234,0.3863677118514677,0.2970985866803574,0.1382356522975226,ANN
S399,0.06863453256752855,0.7356977059665691,0.16046172374105522,0.03520603772484636,ANN
S400,0.17588647516002953,0.1306956950206717,0.12612391120660152,0.5672939186126975,GRU
S401,0.24371235067726285,0.25943673859343064,0.24850301554993193,0.2483478951793744,ANN
S402,0.2814185622287822,0.22631494005483785,0.24331980649161158,0.2489466912247684,1D-CNN
S403,0.2706469571888895,0.23958255002911175,0.2333313048496112,0.2564391879323875,1D-CNN
S404,0.21229551579466666,0.26145305511510347,0.23650081829958872,0.2897506107906414,GRU
S405,0.09572139851284715,0.4970912923337794,0.13922553998515116,0.26796176916822295,ANN
S406,0.2252124786041933,0.24328377895199,0.498297019514493,0.03320672292932357,CNN-LSTM
S407,0.24377861942308607,0.24215679328216808,0.16959337715816594,0.3444712101365796,GRU
S408,0.13147943123395386,0.3791595172066018,0.282839231658743,0.20652181990070093,ANN
S409,0.19499874213607307,0.2599979687065862,0.05649213733162268,0.48851115182571747,GRU
S410,0.17503379801764926,0.28247585397943104,0.2102142138693095,0.33227613413361023,GRU
S411,0.2054800147827691,0.24247049555730438,0.2576906956155844,0.2943587940443424,GRU
S412,0.25055952636535594,0.2504820570765828,0.26090512497265267,0.23805329158540853,CNN-LSTM
S413,0.23381234853528848,0.25095451616021797,0.20356822503028058,0.3116649102742138,GRU
S414,0.14752013252817506,0.43043665331218894,0.2585263020711343,0.16351691208850144,ANN
S415,0.18111298806169593,0.16378982133075837,0.2549429210684765,0.4001542695390692,GRU
S416,0.1688070802241661,0.38295505906526844,0.33246625394321394,0.11577160676735164,ANN
S417,0.31774654462782564,0.18638317963141188,0.20995081149205846,0.285919464248704,1D-CNN
S418,0.2717144920635923,0.2059748938423281,0.2883633975121554,0.23394721658192344,CNN-LSTM
S419,0.28720221652371813,0.24861453839000489,0.23198653086512278,0.23219671422115337,1D-CNN
S420,0.1653805233868082,0.41778099002753255,0.17905442095360655,0.23778406563205268,ANN
S421,0.18875738344278828,0.3252684975699125,0.20801641851756622,0.2779577004697327,ANN
S422,0.41538077336341955,0.1374371526440188,0.21771936317970514,0.22946271081285863,1D-CNN
S423,0.10619548175739968,0.6011708923820068,0.14183358712103467,0.1508000387395587,ANN
S424,0.21359994034709917,0.38563691995408395,0.21559220549765531,0.18517093420116115,ANN
S425,0.10972787772958137,0.4297288174516703,0.22730602785456747,0.2332372769641808,ANN
S426,0.10810067033094807,0.24422994768469714,0.5027487868374557,0.1449205951468988,CNN-LSTM
S427,0.5812049682193076,0.09068996088024028,0.23954566852326126,0.08855940237719082,1D-CNN
S428,0.3021871378024645,0.2289424818665184,0.2483085491900058,0.2205618311410112,1D-CNN
S429,0.2589919623486959,0.2285875542418763,0.27805717310248007,0.23436331030694868,CNN-LSTM
S430,0.29434354777681976,0.19116355412613026,0.18476020220740214,0.32973269588964776,GRU
S431,0.24347585309466718,0.34211835010586156,0.31042648324079697,0.10397931355867414,ANN
S432,0.07554381529097619,0.7621254913846403,0.08093243052924483,0.08139826279513836,ANN
S433,0.19606528156821565,0.19008699875055213,0.47212108249012164,0.14172663719110984,CNN-LSTM
S434,0.4347103367004943,0.11358439727747312,0.38806416353946505,0.0636411024825674,1D-CNN
S435,0.16469115639535453,0.23255828048876576,0.5347361790316827,0.06801438408419691,CNN-LSTM
S436,0.17298114806287826,0.26352903678037526,0.33312627026836106,0.23036354488838537,CNN-LSTM
S437,0.3470160428690218,0.15667775812082102,0.18048605035833398,0.3158201486518222,1D-CNN
S438,0.18059662249139788,0.13239670750286486,0.15135734747778207,0.5356493225279562,GRU
S439,0.10320935654341451,0.2995968951382806,0.10274846403853584,0.4944452842797687,GRU
S440,0.3430006739689179,0.2971026801631004,0.21059260308626074,0.14930404278172085,1D-CNN
S441,0.1515707213086203,0.17714592637651774,0.4865335654845526,0.1847497868303091,CNN-LSTM
S442,0.2211030309170063,0.2699412174331322,0.25675148270492015,0.2522042689449415,ANN
S443,0.3411515840093537,0.2954238611430283,0.11010127039824825,0.2533232844493697,1D-CNN
S444,0.2744261797836386,0.2537577723331221,0.13504533519712783,0.3367707126861118,GRU
S445,0.2570326111623919,0.2277008526862745,0.2547565355774775,0.2605100005738557,GRU
S446,0.20573598171774934,0.5652567591901091,0.11005005799944925,0.1189572010926924,ANN
S447,0.19541178480502874,0.26652344835456043,0.3065012762088651,0.23156349063154563,CNN-LSTM
S448,0.20974097725193847,0.2616186946606268,0.31195839910278494,0.21668192898465136,CNN-LSTM
S449,0.2676553123513008,0.2581019686156344,0.213607885921828,0.260634833111238,1D-CNN
S450,0.26393873823219216,0.23342171414312524,0.28849967811147287,0.2141398695132088,CNN-LSTM
