Segment,1D-CNN,ANN,LSTM,CNN-LSTM,GRU,Selected
S1,0.1333935322116149,0.04375758567629931,0.207466689906645,0.5354454944189836,0.07993669778645728,CNN-LSTM
S2,0.20188550705879524,0.211403248311786,0.10987148545870283,0.15153382933333917,0.32530592983737644,GRU
S3,0.16557555131477691,0.23001556681100352,0.21022992749094815,0.2266035707335895,0.16757538364968158,ANN
S4,0.18399036402819782,0.22877465288506582,0.22563806478187404,0.16805573293904552,0.19354118536581663,ANN
S5,0.17103710613499826,0.3766744248301062,0.11742475665232613,0.07590564849501921,0.25895806388755127,ANN
S6,0.06711695179322824,0.35282113422996225,0.23145779819690232,0.08433618823159882,0.26426792754830974,ANN
S7,0.14335951668077898,0.09555313409640258,0.14517243113761644,0.5430727785375368,0.07284213954766482,CNN-LSTM
S8,0.24522637582853338,0.24677928319833434,0.09097600077113822,0.3332067745652909,0.08381156563670283,CNN-LSTM
S9,0.20175992999498935,0.3009736215678524,0.07186841362356243,0.14847958887000856,0.2769184459435872,ANN
S10,0.24141108364141442,0.19296390701743144,0.09748684190279047,0.19102452158867717,0.27711364584968595,GRU
S11,0.22377308504427404,0.21203750919935171,0.16132634502814452,0.18150803464400433,0.22135502608422544,1D-CNN
S12,0.19995358629496712,0.18691375277577238,0.21614755095579666,0.1871715636644248,0.20981354630903787,LSTM
S13,0.16215537371336944,0.26643102050055717,0.19106198187704035,0.16442266434705644,0.21592895956197516,ANN
S14,0.1503442727603314,0.26898969055939814,0.21859357303380025,0.26205048545254067,0.10002197819392968,ANN
S15,0.23473545874528384,0.20808047508553024,0.26308686532678055,0.1886279121283998,0.10546928871400559,LSTM
S16,0.10141570162131791,0.18093301981843743,0.24301748251692337,0.2105156569553656,0.2641181390879558,GRU
S17,0.1413158692291664,0.29615891365352076,0.030350068979907715,0.42783989301030084,0.1043352551271043,CNN-LSTM
S18,0.3523358321540499,0.151745773064889,0.18351588037505806,0.15101950061669508,0.16138301378930786,1D-CNN
S19,0.17144891023519565,0.21113374825064912,0.2349855800560587,0.245959540899012,0.13647222055908392,CNN-LSTM
S20,0.24558614773513823,0.2196452970409316,0.17245706862470037,0.18906100677177812,0.17325047982745276,1D-CNN
S21,0.18931040828619966,0.2300954265007154,0.20449557323923256,0.1940452283888768,0.18205336358497579,ANN
S22,0.18330134927011496,0.1729811563248375,0.26746315909238305,0.161623703548043,0.21463063176462124,LSTM
S23,0.10287000448079955,0.23158096489594132,0.3541332804368996,0.07078238200048348,0.24063336818587586,LSTM
S24,0.2455098687402491,0.28932288557435654,0.06930782014986647,0.3195108426826914,0.07634858285283598,CNN-LSTM
S25,0.30254746673460825,0.22092454686811544,0.04141350188777842,0.09957437101785961,0.33554011349163804,GRU
S26,0.1461250002318997,0.31957117833023496,0.03662144372577809,0.35320144000847903,0.14448093770360917,CNN-LSTM
S27,0.29644055160696514,0.10534714482741528,0.03423145080436977,0.42230945716854484,0.14167139559270492,CNN-LSTM
S28,0.18944585974347727,0.13197235806994234,0.2852789774124118,0.13579092652152708,0.257511878252641,LSTM
S29,0.1947088812671314,0.20694905717820555,0.16433317231048805,0.27533891590991405,0.1586699733342609,CNN-LSTM
S30,0.3082126085034946,0.18403516454797128,0.14861033193966544,0.24681375866515323,0.11232813634371654,1D-CNN
S31,0.11074074844988023,0.3672260156109442,0.2570755462356703,0.21152504966291819,0.053432640040587225,ANN
S32,0.13467874176032477,0.13236270397173533,0.29546997055665086,0.17713068590151987,0.26035789780976937,LSTM
S33,0.26662153791736515,0.10949470674219197,0.14169301749087962,0.17462502034194805,0.30756571750761474,GRU
S34,0.2082785713842821,0.1744417176412383,0.18972900649299437,0.17965462389431336,0.2478960805871728,GRU
S35,0.17923239871055963,0.20087597153798128,0.25768309616520296,0.16646034056966214,0.19574819301659394,LSTM
S36,0.0791592864967038,0.5952560504864098,0.14594226246887113,0.04427912795832225,0.13536327258969247,ANN
S37,0.08721235267807001,0.43011438935044155,0.30750823041483044,0.0572843434588182,0.11788068409783974,ANN
S38,0.3114697257389124,0.2849859022881708,0.07040280340100404,0.2776822718384861,0.055459296733426554,1D-CNN
S39,0.2195847159122822,0.22647988713693706,0.0450536904262372,0.4407987759719622,0.06808293055258167,CNN-LSTM
S40,0.18627585235194682,0.21152648906889043,0.19646749120379378,0.2029781717054721,0.20275199566989677,ANN
S41,0.2212088988331705,0.18286176692503797,0.13584936071685497,0.2544882045653172,0.20559176895961945,CNN-LSTM
S42,0.2521946866694973,0.193885783336776,0.1818492023770675,0.18629929705564216,0.18577103056101701,1D-CNN
S43,0.20479025844572746,0.19614037790289424,0.24368430012825607,0.1825878388070957,0.17279722471602657,LSTM
S44,0.36828344814959874,0.26500683237290706,0.10109600415955179,0.0732270536733825,0.19238666164455837,1D-CNN
S45,0.12189135341873485,0.12000245561501333,0.3764708047372999,0.18489387186137973,0.19674151436757248,LSTM
S46,0.16701904657383768,0.4149613905174967,0.14387064251673617,0.0922071430878479,0.1819417773040816,ANN
S47,0.0827914799587579,0.13571596400937097,0.5059330942809934,0.14949676569846138,0.1260626960524162,LSTM
S48,0.19865560933618362,0.10813523533635412,0.3236148638704047,0.1924279623204279,0.17716632913663055,LSTM
S49,0.05873846958254093,0.11873665055483837,0.030155124459278735,0.7676892537787977,0.024680501624544153,CNN-LSTM
S50,0.4249655257713803,0.24469997776965505,0.045133468009541,0.2105335095698203,0.07466751887960298,1D-CNN
S51,0.07149046371748265,0.5166862193403129,0.04521399663621531,0.25780315629783757,0.10880616400815253,ANN
S52,0.14922143219505446,0.133893594733066,0.10729420242298941,0.3401539470844415,0.2694368235644487,CNN-LSTM
S53,0.18026720439597965,0.26174482733026977,0.18486469296061925,0.22262418905895753,0.15049908625417358,ANN
S54,0.21734928794495464,0.08720083420350262,0.38835458020456876,0.13123133072218474,0.1758639669247887,LSTM
S55,0.1315119733981002,0.20258259618036759,0.08364295351063082,0.07412771757266573,0.508134759338235,GRU
S56,0.07045675707055987,0.09651383101133931,0.13419063059385422,0.13680866434616565,0.5620301169780809,GRU
S57,0.1218908473746138,0.10455283935308742,0.40820768845872335,0.05805119426719353,0.30729743054638264,LSTM
S58,0.07025601826050933,0.2311672581511882,0.4488854610987412,0.03650622526251336,0.2131850372270478,LSTM
S59,0.12427776694419206,0.20680462249070705,0.2858910145439879,0.2510661135650124,0.13196048245610184,LSTM
S60,0.12815730680516105,0.23124993718804152,0.20355685099566834,0.30831554707861275,0.1287203579325161,CNN-LSTM
S61,0.23168578948270516,0.22192678442820127,0.1635194731563535,0.22517285665363831,0.15769509627910183,1D-CNN
S62,0.15767809224778095,0.32753029304338666,0.09251950560670519,0.08158332947864534,0.34068877962348193,GRU
S63,0.19937323722419456,0.24062292646868158,0.14061100848258443,0.15714815457778203,0.2622446732467586,GRU
S64,0.20972820653533344,0.20357017850469258,0.1722918793207982,0.1647819152089132,0.2496278204302623,GRU
S65,0.19299221744163927,0.18566669869299768,0.1954634107274755,0.18974260977467453,0.2361350633632124,GRU
S66,0.21011246057051455,0.19143086171198603,0.2200166215540895,0.25157632399118196,0.12686373217222793,CNN-LSTM
S67,0.2177648696257918,0.13032510360605115,0.47339537325383374,0.11969272246608015,0.05882193104824333,LSTM
S68,0.14984460016701054,0.19724552917951033,0.2231630702648828,0.24892837495148742,0.18081842543710872,CNN-LSTM
S69,0.16417184659228087,0.2613957314582574,0.12384760293529197,0.2517094599513153,0.19887535906285636,ANN
S70,0.2219538344713089,0.2600895032369575,0.15559319203428876,0.20561729082882507,0.15674617942861985,ANN
S71,0.23150372374776276,0.20256266771503897,0.21911966840729222,0.1886237161379479,0.15819022399195828,1D-CNN
S72,0.18488977803771722,0.6545514416423311,0.026403199566397924,0.01895117397423559,0.1152044067793181,ANN
S73,0.1783717189429508,0.23507725984301328,0.1565130677854523,0.06347931101532672,0.36655864241325714,GRU
S74,0.11576317977107575,0.18991294006003212,0.28195223851735346,0.17664661401475495,0.2357250276367849,LSTM
S75,0.07355817904751868,0.272053607460368,0.08298750207966288,0.5047238262845231,0.06667688512792704,CNN-LSTM
S76,0.13966447059298862,0.2680116044919237,0.18003862403850193,0.21589478266041867,0.19639051821616804,ANN
S77,0.2731228607489933,0.15471525380534124,0.19714431775879113,0.12889798264503025,0.2461195850418435,1D-CNN
S78,0.42583040425384755,0.2011965224578827,0.10279626611306883,0.1594618144347335,0.11071499274046864,1D-CNN
S79,0.303642618658739,0.17128373010701106,0.13027879465088282,0.304142966659992,0.0906518899233743,CNN-LSTM
S80,0.216137721363871,0.23168452920265717,0.20425693977803527,0.2396489094340875,0.10827190022134917,CNN-LSTM
S81,0.25408608845134717,0.2253093717899572,0.14243907485519883,0.14266036408287952,0.23550510082061735,1D-CNN
S82,0.09288362785398639,0.4791699446323207,0.09529745413008966,0.09356967754902404,0.2390792958345783,ANN
S83,0.15867773092419057,0.15850764491074618,0.23132204962045835,0.18328630917529265,0.2682062653693126,GRU
S84,0.04134866481663295,0.5606537625023978,0.07643108774243927,0.0655487263155761,0.2560177586229533,ANN
S85,0.14782438332431155,0.10418711602909035,0.33074308501818045,0.24813263434370642,0.16911278128471025,LSTM
S86,0.05584678110270519,0.13793560555349818,0.29805886751668836,0.10832504031395769,0.39983370551315034,GRU
S87,0.11787499173108747,0.13108002938576446,0.21885929932360818,0.2692097848913149,0.26297589466822513,CNN-LSTM
S88,0.32950926686072346,0.11248929466141636,0.1330086813627087,0.2006993194086329,0.22429343770651805,1D-CNN
S89,0.5065247454772399,0.06347135864410242,0.1414239950025448,0.1963630168178312,0.09221688405828199,1D-CNN
S90,0.20603398488970845,0.17815380894839708,0.19394800926703984,0.26168439302520863,0.1601798038696453,CNN-LSTM
S91,0.06007640295240588,0.5026291345751125,0.040499704956923205,0.3290778668269065,0.06771689068865204,ANN
S92,0.15466369995129414,0.3420923949367379,0.1472268681524249,0.17206766153244463,0.18394937542709838,ANN
S93,0.18814447193701728,0.22409334624007535,0.1986734689311933,0.20687417730036872,0.18221453559134485,ANN
S94,0.21591748253816573,0.2270087587460497,0.15674250944967388,0.16899600654036712,0.23133524272574277,GRU
S95,0.1597401336307373,0.1314481210898128,0.05641858071236626,0.12451143894435976,0.5278817256227247,GRU
S96,0.02377049623081099,0.04327291348514866,0.5416178694022373,0.19416893361187318,0.19716978726992992,LSTM
S97,0.18028783783359298,0.22130652780604027,0.27837525109580646,0.17749010532223514,0.14254027794232513,LSTM
S98,0.2551174220443505,0.2659858951110015,0.15457938940083982,0.1956941021585257,0.12862319128528218,ANN
S99,0.30411280901541027,0.424914553268222,0.053008030501079426,0.09250618786938965,0.12545841934589874,ANN
S100,0.3231881987336374,0.08853539396585554,0.029295640743582027,0.32776656971808543,0.23121419683883904,CNN-LSTM
S101,0.22005370705093474,0.1766783209144021,0.0820781182131542,0.1733432734844877,0.34784658033702115,GRU
S102,0.19811332639090373,0.2450351147629112,0.1907269080766351,0.18289959439754946,0.18322505637200004,ANN
S103,0.19386571281696088,0.20142121832138005,0.18637974622100584,0.2075914511639223,0.21074187147672968,GRU
S104,0.09622905078060712,0.1406991123480828,0.20120383138634593,0.1774246082922144,0.3844433971927492,GRU
S105,0.13403749298331555,0.13815463396325675,0.2674655673518969,0.2653967472586913,0.19494555844283828,LSTM
S106,0.09833774626370927,0.05727481735332982,0.3918808703563546,0.19276836196184366,0.25973820406476295,LSTM
S107,0.07014830049824264,0.17058006534058962,0.1966979567031087,0.13822624230545955,0.4243474351525992,GRU
S108,0.14460638170483314,0.17604944678336873,0.10491734448603236,0.3040817156264485,0.2703451113993161,CNN-LSTM
S109,0.32959287973941687,0.13324196376451766,0.15809906183935735,0.12684660053274133,0.25221949412396655,1D-CNN
S110,0.154046312095582,0.2250455988931133,0.2750519546719738,0.1963456998697258,0.1495104344696061,LSTM
S111,0.21592153166754233,0.21862149703175013,0.1398369544323801,0.15719137958382381,0.26842863728450345,GRU
S112,0.16914538953076125,0.18098511382077437,0.19026473538066266,0.13566253961236283,0.3239422216554391,GRU
S113,0.19066566090204964,0.1897895675029845,0.20053541189468158,0.14740292279071762,0.2716064369095663,GRU
S114,0.20374156888065542,0.1958776844183562,0.1701558233862138,0.19362418614062032,0.23660073717415417,GRU
S115,0.18199471149045482,0.27795505960413947,0.1944649908238543,0.18328377787732783,0.16230146020422473,ANN
S116,0.07493281769706434,0.239289293674945,0.4484483039599353,0.11934966355323329,0.11797992111482174,LSTM
S117,0.14725699499388187,0.2902552723445219,0.0888115732266881,0.3132063226446302,0.1604698367902772,CNN-LSTM
S118,0.6612696031637806,0.0964097217280374,0.020986114997930738,0.1124705182521224,0.10886404185812955,1D-CNN
S119,0.11635615918637045,0.4209352078774266,0.06676752190646024,0.3270781326382994,0.06886297839144306,ANN
S120,0.17341378738640909,0.10725405975158316,0.3152849461945581,0.1305275319980352,0.27351967466941435,LSTM
S121,0.2682506430568562,0.14039467241572234,0.18090196487589524,0.2201134789010621,0.1903392407504631,1D-CNN
S122,0.3000820072615085,0.18418252448858485,0.13358782912097103,0.2580843710910734,0.1240632680378629,1D-CNN
S123,0.19402768484437494,0.32701810797549713,0.16697332792315564,0.25526179668100524,0.05671908257596822,ANN
S124,0.10721122940058515,0.1649671406241551,0.36724293651854134,0.11318258122024019,0.24739611223647803,LSTM
S125,0.19426198400118494,0.17213167612303504,0.159590932732149,0.06571563514169086,0.40829977200193923,GRU
S126,0.25979199561972227,0.16902499693675987,0.22385068303824068,0.09940345314593088,0.24792887125934646,1D-CNN
S127,0.09939941297655178,0.16232906966155752,0.503051539256586,0.10459465279502493,0.13062532531027873,LSTM
S128,0.10755280361799924,0.2979658475728717,0.2731887421675905,0.20564470871214377,0.11564789792939413,ANN
S129,0.22898031320398268,0.1953966809326964,0.16495009068591066,0.26194886990888105,0.14872404526852934,CNN-LSTM
S130,0.6927636940847857,0.10944320053084387,0.029233125191254736,0.13211779385681308,0.03644218633630389,1D-CNN
S131,0.6997532588679266,0.09675577000898307,0.015147536083921564,0.0587360349351151,0.12960740010405533,1D-CNN
S132,0.1401313020870957,0.2276951958618354,0.2908509854671084,0.19886369207367244,0.14245882451028827,LSTM
S133,0.2008471927182603,0.2010213380431544,0.18939704783843903,0.2156873186850797,0.1930471027150657,CNN-LSTM
S134,0.2835197167406995,0.20227968869397786,0.152028033370239,0.1871403540435874,0.17503220715149634,1D-CNN
S135,0.162171627302286,0.18671220658354434,0.21603530743430116,0.15621185936523083,0.2788689993146387,GRU
S136,0.3704112006762265,0.18971882240754287,0.15785546945680312,0.17474762957986467,0.10726687787956307,1D-CNN
S137,0.1125888506155171,0.14733779202490616,0.27819434322867675,0.09829111086231433,0.3635879032685858,GRU
S138,0.13650005456263078,0.315457685775144,0.1678366319867611,0.10610578637446379,0.27409984130100057,ANN
S139,0.14641216888508246,0.13963373669546753,0.2950543404039319,0.10783561201884768,0.3110641419966714,GRU
S140,0.13116738831994718,0.15593314951209275,0.3143012694041141,0.14181421107537226,0.25678398168847366,LSTM
S141,0.14418440449230385,0.35668115195446115,0.19367778277189512,0.1771955165217746,0.12826114425956603,ANN
S142,0.15939259467212363,0.1274487998937726,0.4117779712257223,0.2069571794732341,0.09442345473514827,LSTM
S143,0.17733693735397063,0.28597580187645333,0.09795910983291241,0.30812279920387525,0.13060535173278945,CNN-LSTM
S144,0.3440504030830653,0.11963960236440536,0.05619763768476741,0.12814277741464417,0.3519695794531174,GRU
S145,0.24101659232846875,0.22346804812864887,0.1777214973279561,0.20663915053131474,0.1511547116836103,1D-CNN
S146,0.17060641701928483,0.21696021140907726,0.27758761166556806,0.19992767569553804,0.1349180842105317,LSTM
S147,0.27899769508199196,0.09721158974409527,0.2562815842948378,0.2509058593474364,0.11660327153163855,1D-CNN
S148,0.11338020735237084,0.13304305829256508,0.5412815115682454,0.1263942030017092,0.08590101978510858,LSTM
S149,0.09625985470346433,0.11976821046341704,0.16942138051965502,0.09745495526704843,0.5170955990464152,GRU
S150,0.19329020248423903,0.1646272431580447,0.15884232817165758,0.15931817832658096,0.3239220478594777,GRU
S151,0.2062064240937528,0.16163354746451147,0.20882688728157037,0.1610433005474942,0.26228984061267013,GRU
S152,0.10005887699421107,0.4723714465508102,0.17415872722860815,0.1656094122988975,0.08780153692747218,ANN
S153,0.14872298495159503,0.24480615181509544,0.1855487453986762,0.3318206799171335,0.08910143791749997,CNN-LSTM
S154,0.1225630583143618,0.12476221150336426,0.05608124061388134,0.6380924814049248,0.05850100816346777,CNN-LSTM
S155,0.2250315361808255,0.17047121143087696,0.047829832736980875,0.175229368509769,0.38143805114154755,GRU
S156,0.23793733712449314,0.15988644023839563,0.1590593977215347,0.23464037510093674,0.20847644981463961,1D-CNN
S157,0.21069095262872217,0.17425849518372674,0.2215673079489283,0.20401225107206225,0.18947099316656024,LSTM
S158,0.157433962812297,0.3448173431855202,0.153517029308165,0.13608644394213643,0.2081452207518807,ANN
S159,0.09409125322353991,0.5039968640130223,0.1302661086505082,0.13250928466295575,0.1391364894499738,ANN
S160,0.08589753021166535,0.12570641182552775,0.15893209611404455,0.5426099754971098,0.08685398635165367,CNN-LSTM
S161,0.1904202357092268,0.2312563999099198,0.17580468938450838,0.23048505127738778,0.17203362371895725,ANN
S162,0.4903726695529288,0.16738239272933583,0.0759645493841084,0.1456655825195405,0.12061480581408765,1D-CNN
S163,0.33026658508802303,0.12625211522837537,0.12775615902113302,0.14613395858040318,0.2695911820820668,1D-CNN
S164,0.18781535604221028,0.19381746119669394,0.2406551368893369,0.24084298654826627,0.13686905932349253,CNN-LSTM
S165,0.04271332238801005,0.7924579085289328,0.09044304210705632,0.031112194407403315,0.04327353256859776,ANN
S166,0.23931856898349843,0.17424843655545022,0.18652912141603026,0.12919678703224258,0.2707070860127784,GRU
S167,0.28023914410036627,0.15474789966490526,0.138173459322005,0.2521339588952596,0.17470553801746397,1D-CNN
S168,0.43064930527534795,0.136806265607608,0.13159951359097288,0.22358751398602272,0.07735740154004771,1D-CNN
S169,0.16395792194452824,0.1722025937996986,0.22366386637101768,0.3708210616432699,0.06935455624148516,CNN-LSTM
S170,0.35444820328669374,0.17043405110542556,0.13057014435496267,0.19558821091711187,0.14895939033580582,1D-CNN
S171,0.5085859794607812,0.11059159064890006,0.09759577082798672,0.1761996155048739,0.10702704355745933,1D-CNN
S172,0.04122690782581853,0.04742863958688604,0.19354321369478633,0.05432911400291496,0.663472124889594,GRU
S173,0.0531598160725403,0.3545483139955332,0.14263761018943177,0.07182086432726305,0.37783339541523137,GRU
S174,0.06923314338722115,0.14688412331259942,0.04754630342597275,0.013780807928049213,0.7225556219461565,GRU
S175,0.05614452672924035,0.4743252078267523,0.13900587348286103,0.10957666850201116,0.22094772345913494,ANN
S176,0.036789495333463464,0.41633506267479714,0.30313836181895126,0.13418745329184564,0.10954962688094368,ANN
S177,0.06586101586142866,0.11177495190244674,0.17383828707396826,0.5583444807575451,0.09018126440461131,CNN-LSTM
S178,0.23384319157745118,0.23140733356011536,0.16932431972720105,0.1358147459656332,0.22961040916959896,1D-CNN
S179,0.442660335737425,0.11278633328400677,0.08696118373236142,0.19393511073655076,0.16365703650965596,1D-CNN
S180,0.265690194114436,0.1803268315527816,0.1455966184504805,0.11650177053817938,0.29188458534412187,GRU
S181,0.1818411672368335,0.1768608711750673,0.25011738263915034,0.22255062036317247,0.1686299585857759,LSTM
S182,0.17430257753551312,0.16467240171126193,0.18312287461567225,0.1742975778407361,0.3036045682968168,GRU
S183,0.10464800586838634,0.09276645854244871,0.1216187392847132,0.10207545928984157,0.5788913370146102,GRU
S184,0.19533851600467592,0.1934186257310058,0.15944905743198604,0.22018130049813336,0.23161250033419917,GRU
S185,0.2247624575303958,0.11727259797982516,0.23701634315750933,0.146521880034579,0.2744267212976905,GRU
S186,0.15832495056747256,0.15598455979660308,0.2896951112306596,0.26787645485941025,0.12811892354585475,LSTM
S187,0.15668555308855237,0.33939520785097393,0.15008008666184566,0.2566912359532273,0.09714791644539975,ANN
S188,0.26106997941569854,0.20035660526979562,0.13417308374483924,0.2882843698675872,0.11611596170207904,CNN-LSTM
S189,0.1676196273184198,0.20893635965569626,0.149828605448897,0.2855167307397359,0.18809867683725107,CNN-LSTM
S190,0.20623269762858293,0.16547108598424262,0.1977146810948434,0.21150039695454226,0.2190811383377888,GRU
S191,0.22145947922276907,0.1767799871398027,0.21342020862879926,0.18651237157054015,0.20182795343808876,1D-CNN
S192,0.155023421970906,0.3033273071183369,0.17480893485951463,0.144469348038152,0.2223709880130913,ANN
S193,0.05806964987529734,0.5456063351343694,0.1407979264611599,0.07010737833158096,0.1854187101975918,ANN
S194,0.048027000200704294,0.11738925460898043,0.3482823698174804,0.05503700098868685,0.4312643743841481,GRU
S195,0.21706510648312102,0.26992097198172654,0.15493391252913644,0.20123187979682355,0.1568481292091915,ANN
S196,0.2387808003829659,0.273663066665043,0.13949269428308375,0.14803255423302167,0.2000308844358871,ANN
S197,0.11958402074447512,0.33658401560998263,0.13283656645862,0.26973696594198954,0.1412584312449319,ANN
S198,0.16799526262247416,0.1457223302459243,0.13101786041702576,0.13307529196248316,0.42218925475209246,GRU
S199,0.19582239873002963,0.17050221291037773,0.14796966078147766,0.20645718960293702,0.27924853797517674,GRU
S200,0.22548222852353417,0.20498874953635793,0.15747816834738687,0.18876782024445843,0.22328303334826352,1D-CNN
S201,0.20613461173272132,0.18063500014159875,0.20948429538157617,0.18242278959419334,0.22132330314991167,GRU
S202,0.17159280580044178,0.23063739933086994,0.23267263315552067,0.20247270465698086,0.16262445705618675,LSTM
S203,0.10430084913487789,0.1366816470369649,0.48031122113807545,0.21396710122189436,0.06473918146818666,LSTM
S204,0.1332531732653585,0.23392873574813353,0.16471281548348687,0.13095970763423995,0.3371455678687809,GRU
S205,0.2506900895146912,0.20732380029675707,0.12393548131829862,0.1880620365619391,0.22998859230831326,1D-CNN
S206,0.23427872626565951,0.20812240507187937,0.1662036864309336,0.20532181350003095,0.18607336873149588,1D-CNN
S207,0.18829426131321675,0.22254751489444324,0.2596542997437659,0.1753912860824514,0.15411263796612246,LSTM
S208,0.060546012684745035,0.5707586001101412,0.17244681856053717,0.08328902261132588,0.11295954603325095,ANN
S209,0.1937922709316886,0.12746295495244445,0.25660108784410224,0.22180751740292623,0.20033616886883782,LSTM
S210,0.3406791345092989,0.30703581363130406,0.051446190907742516,0.15169614886659807,0.14914271208505628,1D-CNN
S211,0.20230339601752725,0.15114889888650412,0.2528514346735642,0.25795467614543255,0.13574159427697066,CNN-LSTM
S212,0.09702467581090574,0.3355408450135188,0.3511213302038359,0.14969990068837138,0.06661324828336833,LSTM
S213,0.13692166859458996,0.07942264057868764,0.18234218100296837,0.10994439336189911,0.4913691164618561,GRU
S214,0.18100881902802246,0.15521439679877155,0.18220277076825192,0.18041738887014222,0.30115662453481057,GRU
S215,0.21181387598738385,0.19410283630922273,0.19297796630974406,0.16866414874800745,0.23244117264564115,GRU
S216,0.15797551401576118,0.21559629761796356,0.2671453694927132,0.15758223119896966,0.20170058767459234,LSTM
S217,0.14445009346133006,0.291212177119878,0.25028162003011795,0.14344977534033368,0.17060633404834039,ANN
S218,0.18912227916430627,0.1272337912239333,0.20783288506299383,0.34262569501453133,0.1331853495342346,CNN-LSTM
S219,0.1415854291321579,0.21421031677054903,0.10876291046081947,0.1004576033558131,0.4349837402806615,GRU
S220,0.20978326184914206,0.24880359998601498,0.06266126498157006,0.20935212842909842,0.26939974475417583,GRU
S221,0.2507495061537866,0.15817154126455002,0.16490309790661206,0.11474203952671233,0.31143381514833895,GRU
S222,0.13085632825261848,0.36590150439583374,0.14576404317215555,0.1950898450372561,0.1623882791421359,ANN
S223,0.16297766846141384,0.12856545163152666,0.15115764994796038,0.12572220291723912,0.43157702704185896,GRU
S224,0.15944753249257027,0.1834280799688101,0.18199486589013447,0.1944968766831639,0.28063264496532153,GRU
S225,0.22510335344629706,0.22223836874839756,0.12003567189642672,0.17667935585451597,0.2559432500543626,GRU
S226,0.19998573690392454,0.1460380828525852,0.19878014925463333,0.14303331286299284,0.3121627181258644,GRU
S227,0.17177903060035177,0.23562045096747947,0.17679538918570487,0.186848371534561,0.2289567577119027,ANN
S228,0.20032657064411585,0.22099359704767768,0.17277864015323485,0.1615105287827346,0.2443906633722366,GRU
S229,0.14860838213583252,0.343326734133717,0.14745803341156785,0.26343588650565886,0.09717096381322361,ANN
S230,0.11377353917964829,0.1803115409357745,0.36107997200222935,0.11547173811435958,0.22936320976798813,LSTM
S231,0.1982672972664233,0.15135745407075515,0.15498652662583953,0.22501813812637267,0.27037058391060853,GRU
S232,0.2992723031847811,0.17900630068583792,0.104099600780412,0.237671040852595,0.17995075449637515,1D-CNN
S233,0.22780270239168335,0.1628307126591739,0.2587553951715939,0.1822702263226963,0.16834096345485375,LSTM
S234,0.18149690613601638,0.19787511282501732,0.24755222857790968,0.18722959019314253,0.18584616226791395,LSTM
S235,0.20820955858144727,0.369903081373573,0.10364940529359094,0.08834203625300018,0.22989591849838836,ANN
S236,0.1203609551082556,0.22126578375277586,0.23870426770698755,0.14950054320687725,0.27016845022510366,GRU
S237,0.17372988522032304,0.19519766613221912,0.2861509180633846,0.19760462499253645,0.1473169055915362,LSTM
S238,0.19750938192694117,0.29124250723100076,0.18535707236518148,0.15570722186956898,0.17018381660730755,ANN
S239,0.14377909852241952,0.3095149178987049,0.06888283351731359,0.24971460930537795,0.22810854075618403,ANN
S240,0.48187614073005897,0.13986765255705788,0.03209467879665138,0.0960612644862633,0.25010026342996783,1D-CNN
S241,0.2499065682773075,0.2501267577133355,0.14009342897879845,0.1778533685639123,0.18201987646664555,ANN
S242,0.21750614358002263,0.20621474923061373,0.21233506590550147,0.22847892883279353,0.1354651124510682,CNN-LSTM
S243,0.44600976962143174,0.15877530038115115,0.24396283668469182,0.08242466145062918,0.06882743186209582,1D-CNN
S244,0.14229980554695146,0.23462524315415176,0.21770453244215546,0.29367128730249814,0.11169913155424392,CNN-LSTM
S245,0.2080465742847951,0.17429792477831021,0.14390765284083853,0.1735565412294969,0.3001913068665591,GRU
S246,0.17375730449261675,0.2413562746163438,0.1799581946504053,0.19669033778514208,0.20823788845549193,ANN
S247,0.21023199970346976,0.19501561819617724,0.2046475892172441,0.19208172421204783,0.1980230686710623,1D-CNN
S248,0.1298873112744843,0.4493242502862869,0.15848389166893873,0.13207289043913664,0.1302316563311522,ANN
S249,0.106157745931742,0.2730607369724452,0.20374049071856654,0.30329622276238,0.11374480361486626,CNN-LSTM
S250,0.17764453434796265,0.22369036083997387,0.2016778955880158,0.20513660355681648,0.19185060566723153,ANN
S251,0.5345491341425679,0.23716084705461202,0.053292237990590144,0.0821665970935688,0.09283118371866077,1D-CNN
S252,0.28521082224751,0.15461123105520372,0.1399027265696148,0.17409994331155548,0.2461752768161161,1D-CNN
S253,0.15886791371126208,0.1825118376250908,0.305618579712402,0.20808865798188472,0.14491301096936016,LSTM
S254,0.14591821385358303,0.4210594013369813,0.1568886505099391,0.12166607056130913,0.15446766373818768,ANN
S255,0.07777358163361622,0.35606145255517097,0.17533251644172274,0.3219704895464068,0.06886195982308424,ANN
S256,0.18432364202107707,0.2644969692104085,0.36524619892567384,0.14420482886201108,0.04172836098082944,LSTM
S257,0.18203605192478833,0.2526040495825136,0.18370566664004506,0.16774650507664576,0.21390772677600728,ANN
S258,0.22404371132114959,0.16464035450706602,0.12705977673351057,0.22708803283374634,0.25716812460452765,GRU
S259,0.27502911822964443,0.20633916359221888,0.17667705788558064,0.1955301577378141,0.14642450255474204,1D-CNN
S260,0.15388970869134835,0.17917430738284182,0.36683773984920137,0.1607417294546705,0.13935651462193738,LSTM
S261,0.23064530095118363,0.22416729660363283,0.1757533651670776,0.19500926184929424,0.1744247754288119,1D-CNN
S262,0.2463261838737229,0.13749197123598472,0.12287183452659266,0.3782702655892594,0.11503974477444054,CNN-LSTM
S263,0.21497289592773633,0.20530786317118144,0.1457382316410129,0.3099718288011605,0.12400918045891014,CNN-LSTM
S264,0.1368293019342553,0.20232084826924202,0.22316956514117717,0.18495090385869936,0.25272938079662627,GRU
S265,0.22440262789160037,0.19188410499400577,0.13377984471266507,0.17389622587204756,0.2760371965296814,GRU
S266,0.20129261156507383,0.2440268655517686,0.17855517059971318,0.28368262382356796,0.09244272845987596,CNN-LSTM
S267,0.10425337297613697,0.1987693837191274,0.3979053733834447,0.2076459363601856,0.09142593356110519,LSTM
S268,0.2251421918200697,0.19951301565163443,0.17960829462326713,0.1589112439167287,0.23682525398829993,GRU
S269,0.11384095113826495,0.2325272325821253,0.17921921036391775,0.097905110272494,0.37650749564319835,GRU
S270,0.13410626082285154,0.140404291622525,0.2638186654218776,0.13483401034851072,0.32683677178423504,GRU
S271,0.10024459860794202,0.42523736880874163,0.22715812291042106,0.111292232632106,0.13606767704078918,ANN
S272,0.12934658175490502,0.1344957528814523,0.4020679279857056,0.20022913149157026,0.13386060588636642,LSTM
S273,0.250319735855944,0.190019909256612,0.13936952270973718,0.3202333784545341,0.10005745372317196,CNN-LSTM
S274,0.5232227225873564,0.34342050676626995,0.03958169360335054,0.060614543542022656,0.03316053350100049,1D-CNN
S275,0.19604892907004354,0.26371406779012524,0.12201436405674985,0.2383473743531478,0.17987526472993318,ANN
S276,0.189226574801873,0.1943445845059574,0.16541604535655113,0.23234714153516708,0.21866565380045136,CNN-LSTM
S277,0.20857869039896276,0.19937873600360456,0.20736460059764358,0.1780616610726983,0.206616311927091,1D-CNN
S278,0.1814285542611355,0.18462871085396984,0.2043762161785619,0.18553029838829846,0.24403622031803426,GRU
S279,0.3671072422215932,0.27852698865531944,0.08557162766308239,0.0815930252898704,0.1872011161701345,1D-CNN
S280,0.22196641162904446,0.058455570754113576,0.19115277943203277,0.4470003668818366,0.08142487130297267,CNN-LSTM
S281,0.4645837610560071,0.2470771690647655,0.08458451464496126,0.13421083322671695,0.06954372200754819,1D-CNN
S282,0.5428216933084071,0.21034255232776433,0.02811573165646254,0.1811711638443105,0.03754885886305549,1D-CNN
S283,0.1655888516690875,0.34803681612833876,0.03049004943830829,0.2758623542322221,0.18002192853204352,ANN
S284,0.19079852858905672,0.18753175751644544,0.12966179368856387,0.2821103739461686,0.2098975462597663,CNN-LSTM
S285,0.19748145139845924,0.19349460310763375,0.2089088919310715,0.2261108464182051,0.17400420714463063,CNN-LSTM
S286,0.22555374500462103,0.20843262179001618,0.20040008308673618,0.18792133760480473,0.17769221251382208,1D-CNN
S287,0.2418656736049143,0.23691968112098302,0.14601491151104123,0.15291770549773717,0.2222820282653246,1D-CNN
S288,0.12464279454805151,0.12589012936592206,0.17694557959633567,0.1755560028139887,0.39696549367570305,GRU
S289,0.09612073868763445,0.19041187142547303,0.32785792066004515,0.17707608433060565,0.20853338489624193,LSTM
S290,0.43110164510077337,0.15868618304400137,0.142998433763306,0.13962314751243712,0.12759059057948136,1D-CNN
S291,0.21711064658592832,0.45931323165731236,0.05260230622360014,0.19097319148988443,0.08000062404327471,ANN
S292,0.14187592146179495,0.18046387818376922,0.1346777958812103,0.3776989131023967,0.1652834913708285,CNN-LSTM
S293,0.20112739529438747,0.08623648150197513,0.11050270442779521,0.18640476461775468,0.4157286541580874,GRU
S294,0.23668620473230156,0.16339212701294947,0.13044972886398307,0.3429629635539337,0.1265089758368311,CNN-LSTM
S295,0.19022207363044336,0.13420303438537556,0.44039136385358735,0.1255569168496682,0.10962661128092556,LSTM
S296,0.22295874974556337,0.19318719899712158,0.26727337288779557,0.2073261355099253,0.10925454285959417,LSTM
S297,0.19842711574080027,0.34099878908361914,0.13993461870063262,0.1940685839886234,0.1265708924863239,ANN
S298,0.10937114113412227,0.17654676422543703,0.11385685239734228,0.09405401361936383,0.5061712286237358,GRU
S299,0.18622391914357503,0.1872180675675004,0.20796742602482507,0.19952114598653845,0.2190694412775615,GRU
S300,0.1022816164963313,0.3081759168139832,0.227464225283709,0.12229745141322312,0.23978078999275354,ANN
S301,0.06623778834426212,0.09710039116450406,0.19868551357341424,0.5430519309523681,0.09492437596545221,CNN-LSTM
S302,0.22371228660754988,0.2620082594831429,0.17855243354122713,0.18334343640752596,0.1523835839605536,ANN
S303,0.6957791952258636,0.07078265115616611,0.072545131174917,0.08239905267714712,0.07849396976590524,1D-CNN
S304,0.29686677352207613,0.3950433135792843,0.03281876002043747,0.11405285574897704,0.16121829712922464,ANN
S305,0.1188965953846205,0.12182420600787637,0.3953012924758051,0.23260057868645473,0.13137732744524264,LSTM
S306,0.2249993248799472,0.174371160331061,0.1660458071775494,0.28737357489181303,0.1472101327196294,CNN-LSTM
S307,0.3363277772062922,0.21744948177680515,0.18854119158336666,0.15470328970037772,0.10297825973315922,1D-CNN
S308,0.17035151585155422,0.3087463754472541,0.26880941826323035,0.13320362456415505,0.11888906587380621,ANN
S309,0.1355439235187074,0.2292887585746652,0.1618674869779241,0.16207556984389127,0.3112242610848117,GRU
S310,0.09193272526025414,0.16333016651478008,0.17093302351587178,0.18997521306838322,0.38382887164071045,GRU
S311,0.16748159307756466,0.15972051575713564,0.24625547910821488,0.19977141796304562,0.2267709940940389,LSTM
S312,0.09227403292752753,0.2512675745293397,0.27764624614737854,0.11356717902744867,0.2652449673683048,LSTM
S313,0.06107824986123036,0.20014076499183933,0.2598645403110854,0.09951559319022209,0.3794008516456227,GRU
S314,0.180221929501924,0.18748854232426446,0.22664282201444744,0.1574538408956198,0.24819286526374368,GRU
S315,0.09624223664508638,0.13618149184688214,0.4862198983911689,0.05107056950086992,0.23028580361599293,LSTM
S316,0.23243898291929602,0.19042117484333712,0.1203970403187916,0.27951096106565854,0.1772318408529167,CNN-LSTM
S317,0.1493671588270461,0.16947581167481052,0.19734715015441284,0.05293903320374639,0.4308708461399841,GRU
S318,0.08792826761480621,0.47975332425202466,0.0821258671349705,0.2827390970752805,0.06745344392291706,ANN
S319,0.28240548077933847,0.24785831696721305,0.13319921673958143,0.22177635611253382,0.11476062940133389,1D-CNN
S320,0.19781991244616054,0.3372193904288992,0.24481285494591964,0.15211391131200117,0.06803393086701966,ANN
S321,0.13188263793908234,0.22768958544943424,0.08858353920623674,0.4553010156434546,0.096543221761792,CNN-LSTM
S322,0.2746666001673593,0.06550167085558666,0.1400794176305533,0.14371907520555674,0.37603323614094414,GRU
S323,0.2244690175232689,0.22691648754444796,0.16349610893278316,0.25455246707881835,0.13056591892068103,CNN-LSTM
S324,0.13494589678156402,0.3857700716091393,0.11089589523240079,0.09701740635426359,0.27137073002263185,ANN
S325,0.13779687147257091,0.10965315878951025,0.10098579402818958,0.040030923052674444,0.6115332526570546,GRU
S326,0.09252152223819475,0.3748029310912118,0.20486829126265993,0.08047533094446475,0.247331924463469,ANN
S327,0.13195096391102537,0.08734711395299205,0.1257422696986041,0.5797519510196623,0.07520770141771725,CNN-LSTM
S328,0.09625715833508725,0.29717727902815744,0.11470298462691013,0.41048064458857036,0.08138193342127584,CNN-LSTM
S329,0.2427340329743022,0.17517701353083096,0.14776417807620704,0.2747031072576712,0.15962166816098894,CNN-LSTM
S330,0.49127175689019353,0.09941426419628184,0.09785179073257463,0.14874517599925918,0.1627170121816903,1D-CNN
S331,0.22923778138515613,0.18706992638384137,0.14901826615868638,0.24162331755133556,0.1930507085209807,CNN-LSTM
S332,0.1416779426325293,0.1754111184477994,0.37260558838867375,0.1630725780462211,0.14723277248477643,LSTM
S333,0.12443246176381804,0.5681577355405869,0.07844157096145503,0.06823578662632462,0.16073244510781526,ANN
S334,0.2142720251037115,0.30905802423715867,0.07594973730729215,0.09123355402022958,0.30948665933160957,GRU
S335,0.21442032120868756,0.06330078982306546,0.14656194547087106,0.4900794525720669,0.0856374909253077,CNN-LSTM
S336,0.05874173173566713,0.07083127197566581,0.37548402193394614,0.07633766065854487,0.4186053136961761,GRU
S337,0.17592534723986053,0.1505585993999721,0.19639270925865243,0.21136146967751765,0.26576187442399685,GRU
S338,0.5265958220219249,0.20625791217690184,0.09691509621940501,0.07654652867032537,0.09368464091144262,1D-CNN
S339,0.17266444127047603,0.10279706214632353,0.28244069561600177,0.3491875548289962,0.09291024613820179,CNN-LSTM
S340,0.15073962617888242,0.3222671680064128,0.15187635873528954,0.17153684663923333,0.20358000044018298,ANN
S341,0.10831508661881357,0.11485099978073925,0.13604794645134166,0.08700907962062829,0.5537768875284781,GRU
S342,0.1924675272757113,0.19084329794855945,0.17128676353973607,0.2013587554746969,0.24404365576129766,GRU
S343,0.19318864584834605,0.23559847006005227,0.2439985423204994,0.15005316767782742,0.17716117409327437,LSTM
S344,0.13635649975009898,0.18377298828200886,0.27957199978312713,0.3446429642020036,0.055655547982761594,CNN-LSTM
S345,0.12659335193756557,0.6013233905110196,0.13414406317014732,0.07618210231529286,0.061757092065974406,ANN
S346,0.32795701227301904,0.15339446488994635,0.11830064192649253,0.27646908193177083,0.1238787989787701,1D-CNN
S347,0.31287198458028226,0.1897324808702881,0.12308969403171804,0.19144570469691694,0.18286013582079436,1D-CNN
S348,0.1521307529609932,0.2236639529433105,0.2758572066360072,0.15501329993232066,0.19333478752736938,LSTM
S349,0.1740065488833322,0.22977931669134388,0.16517702054293318,0.2059200922212102,0.22511702166118194,ANN
S350,0.16369116471127462,0.14576341324295258,0.16725334763557645,0.40055805703546754,0.12273401737472878,CNN-LSTM
S351,0.2483699475986869,0.2175504967837528,0.10868529213965798,0.3905566261894109,0.03483763728849099,CNN-LSTM
S352,0.19979053589221443,0.3370951662813068,0.128648818807135,0.22765699701438277,0.10680848200496114,ANN
S353,0.19896094138092302,0.1888368120448032,0.18160420133704236,0.21305393658734365,0.21754410864988738,GRU
S354,0.23608183221484572,0.1894536999389841,0.12863796421247523,0.14767067366336178,0.2981558299703326,GRU
S355,0.153178289632318,0.22498008712392786,0.2591002939457281,0.19418855082498201,0.16855277847304442,LSTM
S356,0.03921676440396894,0.7868949718267959,0.02875608997354903,0.012369742355376172,0.1327624314403106,ANN
S357,0.10306210652908256,0.12257410593100493,0.29189553813270436,0.08130999864483357,0.4011582507623745,GRU
S358,0.01317992576609698,0.46205236651961373,0.28694154995036386,0.08437209703825095,0.15345406072567408,ANN
S359,0.30784684507415677,0.06792554137583429,0.23914999893113567,0.3271634630348238,0.05791415158404838,CNN-LSTM
S360,0.1656239649927647,0.20003008560656155,0.24374304196117674,0.2390286704464845,0.1515742369930125,LSTM
S361,0.10921996124499679,0.2072186703657526,0.20956522534323216,0.13676085589115541,0.3372352871548624,GRU
S362,0.05146834801015145,0.15464786277522174,0.14883312548819927,0.08210707886092125,0.5629435848655057,GRU
S363,0.06312631490448548,0.07143547203101411,0.1531993637982185,0.08321221176076232,0.6290266375055187,GRU
S364,0.196573896730819,0.14658034475751686,0.23477327889430738,0.19660082413840527,0.22547165547895143,LSTM
S365,0.19697788446367123,0.09445874994481132,0.40879144713344306,0.2047120615758256,0.09505985688224858,LSTM
S366,0.19300883207738526,0.08307467648855577,0.29449378560400763,0.3398673825275153,0.08955532330253611,CNN-LSTM
S367,0.1564115752175381,0.32552188038859314,0.10118774083760324,0.23630139955730275,0.180577403998962,ANN
