Segment,1D-CNN,ANN,BiLSTM,LSTM,CNN-LSTM,GRU,Selected
S1,0.0822581203163222,0.023296834965159604,0.3341806466541572,0.13569752351243744,0.3771570205861927,0.04740985396572883,CNN-LSTM
S2,0.19844460016409493,0.19589133418255136,0.0943829844303204,0.10075657113844494,0.13993303674111354,0.2705914733434724,GRU
S3,0.10864672196875376,0.20557371823605872,0.17005499054037118,0.1978881870343901,0.20158171874571898,0.11625466347470069,ANN
S4,0.15363232310479336,0.2108668747511189,0.14097341500967697,0.2033480468951862,0.13630032330873723,0.15487901693048012,ANN
S5,0.13516994433458038,0.35115245122824906,0.08756277965577312,0.11359758183585604,0.06423922270643863,0.2482780202391042,ANN
S6,0.05005193098202503,0.30206148078758194,0.09480850508638258,0.23552046809241128,0.07042129065611784,0.24713632439548502,ANN
S7,0.11155329265042614,0.07194868895634948,0.12220434424104538,0.1534976588174948,0.47373420610870326,0.0670618092259783,CNN-LSTM
S8,0.19167017189294375,0.23060068668420433,0.16821400197462938,0.07389429283854541,0.26232536630484043,0.0732954803048378,CNN-LSTM
S9,0.16801028006370863,0.26056432126024676,0.19111369726282967,0.04948422682456461,0.10565242769241923,0.22517504689623047,ANN
S10,0.20639267336202644,0.18093749764972128,0.1227311636370739,0.06961810034016633,0.15302190674335997,0.2672986582676519,GRU
S11,0.19859813982882338,0.18640286695879374,0.12288535470998879,0.12498166967635053,0.14424143634987294,0.22289053247616997,GRU
S12,0.15823003916285378,0.14448673651112856,0.17482077131243562,0.17461429679174423,0.14719431802929892,0.20065383819253463,GRU
S13,0.12181555681935645,0.20731639578880792,0.17147493139171607,0.15526355270128156,0.13454854780698106,0.20958101549185848,GRU
S14,0.1033550102965859,0.19619105092429162,0.2171096175953276,0.18961084480502663,0.20713246659996498,0.08660100977881101,BiLSTM
S15,0.21087941548973418,0.22958390577676252,0.10783475412477576,0.20881796326080537,0.14032161557405562,0.10256234577386761,ANN
S16,0.09128284943051687,0.12763877172252833,0.24585059510200657,0.14761562917774232,0.14182418805651573,0.24578796651068824,BiLSTM
S17,0.11710049818197445,0.275002909563338,0.111089467707418,0.02030562863906083,0.4071196695291745,0.0693818263790342,CNN-LSTM
S18,0.34012450947979384,0.1336645481759931,0.08726414549512874,0.20043271394400633,0.1461569130915752,0.09235716981349558,1D-CNN
S19,0.14451999146418737,0.16054614270242853,0.1659753872676846,0.25454019589948845,0.20124425438561952,0.07317402828059838,LSTM
S20,0.23659865235667557,0.2138337093118424,0.12158775287860156,0.1497231272069403,0.1494492827000894,0.1288074755458479,1D-CNN
S21,0.14544880111812505,0.21219577874153822,0.13038490769016473,0.1824059150213188,0.1506406639645954,0.17892393346425575,ANN
S22,0.14214846512718332,0.15172801536560818,0.1381455331238065,0.2495689322815587,0.11423635193381458,0.20417270216803013,LSTM
S23,0.046351958550381725,0.1285111805345832,0.1507205729102347,0.4119494331714001,0.05373204020518144,0.2087348146282203,LSTM
S24,0.1277529128581128,0.32951102510916863,0.21666710428096395,0.05856776138857284,0.19861432502406218,0.06888687133911978,ANN
S25,0.34195318965819815,0.18139301025179327,0.07136771914762806,0.019872101613854345,0.04193112283994714,0.34348285648857896,GRU
S26,0.026010605543654076,0.06873214482205142,0.8350592874229331,0.0034192222766907935,0.039571780167332954,0.02720695976733612,BiLSTM
S27,0.2923842293280294,0.07330409217200157,0.07374592812869193,0.022280627837240503,0.43068443568791775,0.1076006868461247,CNN-LSTM
S28,0.16309290358178347,0.09418149931508242,0.14024573109466112,0.27903403124498105,0.12207738455134681,0.20136845021214023,LSTM
S29,0.14812485807027573,0.13155424270131147,0.2664198047670466,0.1441814685056162,0.21860866994263506,0.09111095601310965,BiLSTM
S30,0.30288614493543314,0.16448643856836898,0.09446078260524696,0.12939401540062903,0.22124804169798576,0.08752457679234671,1D-CNN
S31,0.09524845323334222,0.2936394061550341,0.14653506521061088,0.23881100271057432,0.18703474060841108,0.038731332082030216,ANN
S32,0.1007066554030692,0.10434001625480006,0.23115565451688094,0.23397676271486031,0.14734122099650776,0.18247969011388152,LSTM
S33,0.2264877268198092,0.08470347630099098,0.16280971536746355,0.11587722438897775,0.1424702168154395,0.26765164030731387,GRU
S34,0.17797547870008149,0.13657055993674816,0.1423418578224656,0.16867739221139302,0.1603098080280781,0.21412490330123313,GRU
S35,0.15005600376643333,0.17368436871801637,0.14611404911636092,0.22669123893934326,0.13387232512355768,0.16958201433629513,LSTM
S36,0.06809209315563323,0.5657279755222265,0.059404720518368634,0.13978389320510132,0.03867289421267209,0.1283184233860084,ANN
S37,0.06011821252203023,0.3278401584852441,0.1231065665633788,0.3302394839791734,0.052291580319599615,0.10640399813057344,LSTM
S38,0.29929435264697196,0.27931483184256056,0.07351106229645331,0.0629357539197735,0.23756376321508352,0.04738023607915162,1D-CNN
S39,0.2130614720384917,0.22147034831565013,0.06672318063058888,0.039522473319175064,0.3961337577660857,0.06308876793000875,CNN-LSTM
S40,0.15451795379964084,0.17921340722162368,0.18685355921873792,0.14818099449242503,0.16043997377696928,0.17079411149061816,BiLSTM
S41,0.19182534880301597,0.15405395920476536,0.1543493413239542,0.10442767919119983,0.2123452747276483,0.18299839674942278,CNN-LSTM
S42,0.22486509773261126,0.17076894936609055,0.13174320537240697,0.151147537672362,0.15932636220158067,0.1621488476549463,1D-CNN
S43,0.17050705726149795,0.16092767975412972,0.18162631057145895,0.20617284144119136,0.14715772476113675,0.1336083862105747,LSTM
S44,0.2974842725427013,0.16216329998294454,0.16903758290292936,0.10850951128638898,0.07254601897091785,0.19025931431410775,1D-CNN
S45,0.037081778985906214,0.0354519843112292,0.26063885945219456,0.42503402272304747,0.13355695797179534,0.1082363965558258,LSTM
S46,0.1393278784349827,0.5743647941320631,0.03986125570579923,0.09172760506740371,0.04402081056950145,0.11069765609025095,ANN
S47,0.07577076855935497,0.12255792186168807,0.13474212716687856,0.40512295639366547,0.11144721713019008,0.15035900888823972,LSTM
S48,0.12407866829838385,0.05880439131565485,0.2933500070305157,0.2193896119944954,0.1323595135399543,0.17201780782099754,BiLSTM
S49,0.04512746606178863,0.0881132781966564,0.041616208243658824,0.027407931341509713,0.7729592566917346,0.024775859464644882,CNN-LSTM
S50,0.48862516980237847,0.21204128849332735,0.03754639677665102,0.03393740209578859,0.1677334423967347,0.060116300435116364,1D-CNN
S51,0.06960053354428948,0.5156890985860394,0.06465531554380714,0.03804128009042562,0.23288222251898394,0.07913154971645128,ANN
S52,0.1772445678016648,0.15624168661300014,0.08412473414426593,0.100982631752211,0.29843249686325535,0.1829738828256118,CNN-LSTM
S53,0.1693568320972844,0.25289780309140103,0.09512899000557623,0.17574095007052554,0.1954840628407206,0.11139136189449199,ANN
S54,0.3206497271452192,0.08296712492983072,0.14041369362204517,0.2615631521385075,0.08829303197342286,0.10611327019096303,1D-CNN
S55,0.16440533398219484,0.25998986911346406,0.07532587052163028,0.05268463001198742,0.05276774433445128,0.3948265520362732,GRU
S56,0.0605674846239036,0.08423908625596208,0.08227819895872868,0.09909358651127048,0.11362804554590364,0.56019359810423,GRU
S57,0.10815938197062995,0.09900092604143232,0.040119322007884324,0.39678281334958904,0.05107684854769661,0.30486070808276533,LSTM
S58,0.05324011097505482,0.20853201434260246,0.10495638376499489,0.42389092413923907,0.029346766530505403,0.1800338002475987,LSTM
S59,0.0790873968265487,0.13925982248964874,0.16646879315785648,0.30020064725328427,0.20441185883818505,0.11057148143447451,LSTM
S60,0.10691912802269256,0.18232319954725676,0.12768738021205678,0.216418369394066,0.25360059961565024,0.11305132320827413,CNN-LSTM
S61,0.22541366120693165,0.20306136066134436,0.2616806377174272,0.09065670373173124,0.11348179921985256,0.1057058374627053,BiLSTM
S62,0.20322038450848992,0.2952442109249517,0.08138766362109214,0.056826746307552176,0.05268824914703319,0.31063274549087766,GRU
S63,0.1905590615791328,0.23034189967646862,0.09642914862580564,0.08849812470872666,0.11227116575611949,0.2819005996537457,GRU
S64,0.18419344365748622,0.17463579074712393,0.13982936023595455,0.11624755739398929,0.13263371462967274,0.25246013333577155,GRU
S65,0.1512034885500794,0.116630578135047,0.1913436429787181,0.1410489673109302,0.15518364400995216,0.2445896790152704,GRU
S66,0.14658572932512476,0.13462735441133517,0.23917004224530883,0.1696715752382411,0.20064678577390258,0.10929851300608741,BiLSTM
S67,0.20303774978784372,0.11933565513904394,0.07931560046667993,0.4393901760220896,0.10594346532896019,0.052977353255382366,LSTM
S68,0.12207534425188298,0.1819310383737159,0.16615649797107018,0.18285866917428656,0.20529420767916737,0.1416842425498797,CNN-LSTM
S69,0.15084155453064174,0.26340486417725406,0.10640163712163245,0.1075801467975839,0.21893629389715263,0.15283550347573083,ANN
S70,0.20106103245313797,0.27134768635814815,0.11436170907318924,0.13613370311470857,0.17068774661471034,0.10640812238610717,ANN
S71,0.20172875357811684,0.19189206046881305,0.15714891856190344,0.1892395604200876,0.15166851592471117,0.10832219104636674,1D-CNN
S72,0.14724240207426692,0.7785323365260182,0.008786124641936477,0.009311011172016286,0.007371127975559964,0.04875699761020124,ANN
S73,0.09692962902678091,0.1546931839664032,0.12525794156655223,0.10798166334271218,0.05709664348595494,0.45804093861159023,GRU
S74,0.10554323010965906,0.16650075902756528,0.09199739246502887,0.284251554918989,0.1460923002221734,0.2056147632565804,LSTM
S75,0.060085784546327,0.23418225342093982,0.06307527435784292,0.07774413528411848,0.5087629294723484,0.0561496229184179,CNN-LSTM
S76,0.10548702569200094,0.2039553272493693,0.2731981648490668,0.12619201233092675,0.15347061246559635,0.13769685741304005,BiLSTM
S77,0.18220074915862053,0.08553252596329673,0.29935141196500187,0.1531735394487324,0.09015444715812261,0.18958732630622546,BiLSTM
S78,0.4260365259272391,0.1862029487837543,0.06115078485252179,0.08523823022329469,0.1430899541253645,0.09828155608782196,1D-CNN
S79,0.2528162094844147,0.15157192518346527,0.08143498401837375,0.13199745013897332,0.30128455013583527,0.08089488103893876,CNN-LSTM
S80,0.14550352376412512,0.1748591153187128,0.2872669858694316,0.15149901666143442,0.17301446589216898,0.06785689249412355,BiLSTM
S81,0.2077055651998678,0.17459335180865543,0.19096895024004146,0.11511340469386643,0.1151716381146033,0.19644708994297383,1D-CNN
S82,0.07933629664488855,0.457457477177331,0.07525125275240042,0.08340999338382954,0.08286169012002549,0.2216832899215165,ANN
S83,0.1193506487903892,0.12658679780730156,0.17297660432005454,0.19483088657915376,0.1519127308465261,0.2343423316565742,GRU
S84,0.0344411046189747,0.4054658263036998,0.17699001651542148,0.07264440345034937,0.06012388217038398,0.2503347669411709,ANN
S85,0.0517631706940499,0.029809208771592002,0.3507566707786694,0.29395867260562103,0.16977348707699422,0.10393879007307466,BiLSTM
S86,0.05266913961508438,0.10573854324871479,0.17165574988909119,0.29603275227009507,0.07937666100244571,0.2945271539745745,LSTM
S87,0.13860591733961347,0.1423997380876188,0.19170926198059118,0.15102185465315662,0.1676783652686573,0.20858486267035292,GRU
S88,0.41028393486940384,0.09083995702047994,0.0659978497966565,0.08365379886475079,0.14332416854951086,0.2059002908992043,1D-CNN
S89,0.5216218672455523,0.05200767012736746,0.07076861758772816,0.1095588959872994,0.16326175439150534,0.08278119466054516,1D-CNN
S90,0.18379557385726034,0.15005567843495135,0.1441003439610231,0.16302759346116533,0.23386915971446662,0.12515165057113234,CNN-LSTM
S91,0.06083454952621467,0.5114873424452706,0.02714275411513969,0.03800209230001648,0.30592517748884235,0.05660808412451473,ANN
S92,0.16319154000556257,0.3416652772226059,0.07684681987629824,0.13777410343149107,0.1482848527980374,0.1322374066660062,ANN
S93,0.15308478100335005,0.20394289908581814,0.15996262208813217,0.1757808385606041,0.16992603706134102,0.13730282220075413,ANN
S94,0.19773922294467544,0.22592532578693533,0.14052321553811073,0.11715670189988568,0.13096276929060302,0.18769276453978964,ANN
S95,0.11199926911277092,0.0842781450341396,0.06660501106712756,0.05115274969623811,0.11870009694716811,0.5672647281425621,GRU
S96,0.010758125225818965,0.01845838598996163,0.2516506812665638,0.4435185547410824,0.13863357970359055,0.13698067307298262,LSTM
S97,0.10633263284095086,0.11079913225651215,0.21831395037720616,0.31891644879150816,0.14077456965985138,0.10486326607397878,LSTM
S98,0.2171833196000409,0.27595220590721914,0.12305713526123536,0.13883944013063637,0.14222305681277297,0.10274484228809343,ANN
S99,0.2777406467950933,0.5182393173750762,0.05494008638073013,0.0229767251884892,0.04092567115565255,0.08517755310495964,ANN
S100,0.43341031381742906,0.06107834986606871,0.06149096133121719,0.013673849385082386,0.20642118646248747,0.22392533913771803,1D-CNN
S101,0.17920990420725352,0.13074268473232795,0.046642477801495524,0.043747089562574504,0.12400782483442474,0.47565001886192954,GRU
S102,0.1916532879724262,0.23184435420030505,0.13182821084317276,0.1267267936989463,0.15194658576950473,0.1660007675156394,ANN
S103,0.14497747417056062,0.15926989168189037,0.21429585784136798,0.13543040011954735,0.15934820843279143,0.18667816775385146,BiLSTM
S104,0.037209095074102444,0.057893577413747774,0.12423861532374636,0.16530003506413513,0.1499408927520993,0.4654177843721679,GRU
S105,0.055562538269207165,0.06081356894938852,0.2820927483775184,0.20843659808673318,0.17662012695654977,0.21647441936060446,BiLSTM
S106,0.04199087424487278,0.017558523027871344,0.1749450505569209,0.3197632888756323,0.13644051917343883,0.3093017441212653,LSTM
S107,0.023998224792875743,0.06570320215084981,0.12195727927173686,0.1470155523844821,0.09550933316734184,0.5458164082327134,GRU
S108,0.07273723433554609,0.10484380937544245,0.20959706979916434,0.07869092249482827,0.2594235548379905,0.2747074091570285,GRU
S109,0.3508534535447192,0.1079309879194687,0.07069276270941563,0.11725312373889785,0.09825347664249913,0.2550161954449988,1D-CNN
S110,0.0917932823786732,0.16198983669191488,0.31327860314753225,0.21666811187917456,0.12126278816591653,0.09500737773678866,BiLSTM
S111,0.185853480884029,0.2004490147311521,0.10190187197330257,0.10761861956956062,0.1045421623049345,0.29963485053701905,GRU
S112,0.11279162661862673,0.18009078310165266,0.13221307087387085,0.14080750671200537,0.08697207724344268,0.34712493545040013,GRU
S113,0.1630816601944963,0.15870623725291816,0.15798658738596322,0.15424025875147063,0.09840458581853584,0.2675806705966067,GRU
S114,0.15374898549842997,0.14386180168978274,0.16016122019621937,0.12534123988012297,0.13757742326948852,0.2793093294659635,GRU
S115,0.13082694425201047,0.28579902806841534,0.1557185973478828,0.14325922883229722,0.1343425391493225,0.15005366235006107,ANN
S116,0.060999394756672765,0.2131005775761454,0.18964062510959956,0.3452731968220598,0.08976334798704055,0.10122285774848355,LSTM
S117,0.09904725415432251,0.20217680003511063,0.3112560247551149,0.051445500636551754,0.2334407982737386,0.10263362214515763,BiLSTM
S118,0.6469262498836492,0.08103127401938243,0.035324777712374744,0.01892656085705347,0.12891986507748066,0.0888712724500654,1D-CNN
S119,0.10299880402372849,0.27256032750537196,0.13487843086641654,0.07643079000199589,0.36953200305160544,0.043599644550872514,CNN-LSTM
S120,0.1366943689633991,0.09059948407787867,0.09107356728193833,0.3836964312668631,0.12637043418700275,0.1715657142229133,LSTM
S121,0.28768075219423855,0.12830252387332988,0.16168328888305664,0.15175481738874752,0.16035769976566583,0.11022091789496093,1D-CNN
S122,0.2832136496761587,0.157983544349224,0.11511916866863649,0.10908760540901509,0.24576860054131683,0.08882743135564296,1D-CNN
S123,0.1907803037728223,0.3314384880302827,0.07143174619501888,0.1313214133318458,0.23249432954123864,0.042533719128793834,ANN
S124,0.09332377819752177,0.13143005676124594,0.21043324160955465,0.29265257398474703,0.09160565709100309,0.18055469235593585,LSTM
S125,0.16251607135620483,0.13480605621350328,0.11719207646445595,0.14802424394931418,0.05385231278785927,0.38360923922865686,GRU
S126,0.23602959519361413,0.15616764326717197,0.08324926490812475,0.20713621422325737,0.08128663231403781,0.23613065009380202,GRU
S127,0.08708684978762232,0.1491588218525455,0.08556190659572882,0.4724735423148629,0.08372003830043609,0.12199884114879932,LSTM
S128,0.08061022842827831,0.22347192679074374,0.2500766104970128,0.20488174430297626,0.15494254690957848,0.0860169430714079,BiLSTM
S129,0.15743178761048832,0.14282693462265464,0.2471525768945673,0.14039627038452385,0.1947860018377328,0.11740642865003066,BiLSTM
S130,0.6853472496551201,0.10130541486771244,0.04326441811601925,0.023297311673430035,0.11569499634841053,0.031090609339298924,1D-CNN
S131,0.6936809691076861,0.08223720400773081,0.015369330577151891,0.017853589273638937,0.07922768921953428,0.1116312178142658,1D-CNN
S132,0.07638529602591679,0.1972404261185509,0.16399476756444953,0.3196193684978983,0.16811914401840103,0.07464099777479251,LSTM
S133,0.17178153199635368,0.17999024012692755,0.18207803069505346,0.163158230209232,0.17041415253380102,0.13257781443863104,BiLSTM
S134,0.29660820118815034,0.1966675290439961,0.11032035435649558,0.11495691809333779,0.15692400092543546,0.12452299639259269,1D-CNN
S135,0.13523758411248937,0.16797115181796604,0.13137677422238103,0.19361874327284534,0.1322582527583004,0.23953749381601636,GRU
S136,0.18370900756361921,0.09547160171742687,0.44775509002163677,0.09697811823795197,0.11620663441022577,0.05987954804913748,BiLSTM
S137,0.057318679555608244,0.08108611021136378,0.1626955504979687,0.30087849002008027,0.07742419134875153,0.3205969783662353,GRU
S138,0.10664817330167162,0.313833903838875,0.15078330954636288,0.13134105693775786,0.06982347385801067,0.2275700825173317,ANN
S139,0.12225306011444473,0.12386032194888746,0.10833962890216622,0.25957092004752425,0.08579740947361683,0.30017865951335887,GRU
S140,0.103900470065262,0.10073890833757884,0.17635760971794498,0.26106376547981985,0.1123637706856394,0.24557547571374908,LSTM
S141,0.12012782797538489,0.32002040163640083,0.1503029060350943,0.15499123242159485,0.14516093066980473,0.10939670126172042,ANN
S142,0.1426350639474448,0.10914800529871735,0.12445688485727399,0.3628200369871031,0.17126395607200248,0.08967605283745975,LSTM
S143,0.10538611588850405,0.22110048829268386,0.3792911476424463,0.04849088699350024,0.16121043233312066,0.08452092884975405,BiLSTM
S144,0.3683904009578518,0.11466460877128815,0.03792471980220244,0.04229385544239175,0.10653972652836297,0.33018668849790217,1D-CNN
S145,0.23309783588176713,0.19159552988005601,0.12280236859506007,0.15345610001708276,0.1986278495352401,0.1004203160908022,1D-CNN
S146,0.12041226092564702,0.17162486728246973,0.2108559509583373,0.26598020823092156,0.16869548553420907,0.06243122706841189,LSTM
S147,0.2229517027750643,0.031352142851810774,0.23965348010661935,0.2205739633343573,0.2069054216561091,0.07856328927604032,BiLSTM
S148,0.0708516208539386,0.07736345509069742,0.10111077257120465,0.5945786164830857,0.10338473936050444,0.05271079564056803,LSTM
S149,0.06403100154992297,0.09260489548691987,0.1506203631864345,0.15058040628733127,0.07014412982392988,0.4720192036654504,GRU
S150,0.13555374298166717,0.13294894332987056,0.1489863006032568,0.12600267600517923,0.12458111349861291,0.3319272235814143,GRU
S151,0.1810689725620354,0.13389602761834654,0.11427857359955265,0.1798642227175708,0.1270070252652156,0.26388517823728175,GRU
S152,0.07512671212288541,0.4199904699663083,0.1485661500143891,0.14982293695558765,0.1387463553726423,0.06774737556818215,ANN
S153,0.11720274000173114,0.1867355668540696,0.19580902091448604,0.15322039254754738,0.27690225532017165,0.0701300243620006,CNN-LSTM
S154,0.09525064568917278,0.09546153453160545,0.18999873435580247,0.04165155811966946,0.5337591939295099,0.04387833337424123,CNN-LSTM
S155,0.21549494994000393,0.14622609250372576,0.0835422561674137,0.04343501803710905,0.1818178180843105,0.3294838652674354,GRU
S156,0.19308350271921643,0.11923790547040491,0.15764206055545962,0.15669852056394382,0.2177282862411447,0.15560972444983331,CNN-LSTM
S157,0.17797141616939657,0.1324680100776023,0.1667823597185465,0.20564041697388669,0.17586829982445407,0.1412694972361102,LSTM
S158,0.13685841090490822,0.33097988094992825,0.11512315777509419,0.12768959707012562,0.1073239271376129,0.18202502616232638,ANN
S159,0.07653630201842385,0.4769949928516854,0.10122655157280086,0.1125456508140374,0.1184775580222773,0.11421894472076755,ANN
S160,0.058610780835802886,0.0861128558281818,0.1644810429475512,0.13792442767917337,0.4837442600256168,0.0691266326836741,CNN-LSTM
S161,0.1358237636758593,0.1626018005702539,0.30979891786220676,0.11562614453619707,0.16545693890084612,0.11069243445462915,BiLSTM
S162,0.4393703314069973,0.13480924684305887,0.1241848800963844,0.06257971703795248,0.13864747223359064,0.10040835238200607,1D-CNN
S163,0.30272739568042023,0.1022351486759132,0.08716229320795359,0.1323029914000746,0.14233480107136381,0.23323736996427433,1D-CNN
S164,0.13132000458425716,0.14464263956259923,0.193803913075243,0.23067200662633738,0.21207585856814215,0.08748557758342268,LSTM
S165,0.032157161514774706,0.825022348313889,0.026147636436793055,0.0690764121087291,0.02121210994832912,0.02638433167748982,ANN
S166,0.07778560956603343,0.05282556290736178,0.6531109425262387,0.061080118510265916,0.042820083533225445,0.11237768295687339,BiLSTM
S167,0.23272826472287472,0.12068135386512567,0.152199164924873,0.10737324315974008,0.24158108090696234,0.14543689242042426,CNN-LSTM
S168,0.4021272966906039,0.12915022965746162,0.0484601194759117,0.12168653339185198,0.23014089403122595,0.06843492675294062,1D-CNN
S169,0.02858845004179876,0.023652800960835545,0.8297751618575373,0.038577700909839883,0.07016953805015652,0.0092363481798284,BiLSTM
S170,0.294766205650401,0.17666430417424844,0.17119257712623984,0.09264434808508161,0.16088437461517285,0.10384819034886666,1D-CNN
S171,0.5733151800472683,0.09855210584834552,0.06051629320021048,0.0617340228882638,0.13918264673354935,0.06669975128235378,1D-CNN
S172,0.030018929215929944,0.041156480789004884,0.08480089826277082,0.22540467809944528,0.06334346551384762,0.5552755481190014,GRU
S173,0.03071365284717564,0.39433898808162865,0.14797586073287736,0.0985018985911422,0.04788500619306067,0.28058459355411686,ANN
S174,0.06013609983795041,0.15268025332629753,0.027020225778762386,0.03998148935716861,0.011001098217176548,0.7091808334826514,GRU
S175,0.04230692528318339,0.43154713790061655,0.10616150290955266,0.1281883266958852,0.08759547862784406,0.2042006285829131,ANN
S176,0.02746316447841282,0.3813650915925438,0.0663742379624416,0.3033785409691502,0.11125634218186811,0.11016262281559222,ANN
S177,0.04272524250218733,0.06535616708548252,0.2680953712997373,0.15605930709596563,0.39431462132295253,0.07344929069367614,CNN-LSTM
S178,0.17076269082364928,0.23128755922235117,0.19018469722020473,0.12113248702917707,0.08550315854798678,0.20112940715664013,ANN
S179,0.470095736679734,0.09775165592992444,0.07636032659678534,0.05967964824588309,0.13743108747879962,0.15868154506887103,1D-CNN
S180,0.2578301433701202,0.15297748926928734,0.04700342237820377,0.08595030618066686,0.08324720216335572,0.37299143663836754,GRU
S181,0.12518539894250366,0.11582111794258283,0.2622990223227718,0.18573332423878905,0.1637926221042093,0.14716851444913356,BiLSTM
S182,0.10088487545290523,0.0796540565264526,0.1728641953318365,0.10508763249382969,0.11012173528049363,0.43138750491447464,GRU
S183,0.06516552511867857,0.05174333174289052,0.08190749055180847,0.0972600913644676,0.0766913068260227,0.6272322543961286,GRU
S184,0.14849185355327105,0.12710906282247217,0.14180306554060493,0.12209498645973019,0.15697703433444804,0.30352399728948753,GRU
S185,0.1879569324127888,0.06000267141103044,0.09870191317098942,0.18752006816818087,0.11294011844745867,0.3528782963895517,GRU
S186,0.07104032601391251,0.061473896795701,0.5053304294771305,0.15060577390120428,0.13885193333205106,0.07269764047999916,BiLSTM
S187,0.1339600210779876,0.2505071187785061,0.162067615130769,0.1341945175705018,0.23096916968873085,0.08830155775349616,ANN
S188,0.23464610310103887,0.18063519350144547,0.10333553681055598,0.11301314195377025,0.2752941552388827,0.0930758693943094,CNN-LSTM
S189,0.13288957344100744,0.11781843868229923,0.18997085534050864,0.15790955532760667,0.30717842124925043,0.09423315595932709,CNN-LSTM
S190,0.1563902396241484,0.157818445422866,0.14858589582053544,0.19523044334922082,0.18310618643684184,0.15886878934638576,LSTM
S191,0.19764917208596933,0.13544349512736473,0.15993536902691466,0.18765606067433951,0.1552890810456804,0.1640268220397311,1D-CNN
S192,0.12826976986451372,0.2788244189789523,0.12558135129834624,0.14808986553143377,0.11286754105858565,0.20636705326817642,ANN
S193,0.03960197783500221,0.39573224912954985,0.10731726331819896,0.17629340735727816,0.06760404976012181,0.21345105259984898,ANN
S194,0.03588744866727027,0.09210160003697651,0.12993434471063475,0.3284826583855127,0.04046593378868642,0.37312801441092497,GRU
S195,0.1857024181242779,0.2574860250814771,0.16487948449136633,0.12022822829955636,0.13539303460890847,0.13631080939442208,ANN
S196,0.20014483463941224,0.3377767430221453,0.059871003119479,0.09209252482253992,0.09545475706581619,0.21466013733060466,ANN
S197,0.08245326567050963,0.26899850575290973,0.33228891068068434,0.05363239677684955,0.1397398001656363,0.1228871209534074,BiLSTM
S198,0.1516285314968554,0.13329210435467828,0.09100358296304609,0.08398792267531646,0.09486522533264917,0.4452226331774501,GRU
S199,0.16506306192005069,0.1413303327857366,0.157009662245702,0.10249101422990607,0.17248034389829833,0.26162558492030635,GRU
S200,0.19992808198945636,0.17258360243000834,0.14126516978839218,0.1302563727104763,0.15323903191526297,0.2027277411664051,GRU
S201,0.16876995383558327,0.14176452624279925,0.15996981835629104,0.17254089209459736,0.14174409018839113,0.21521071928234733,GRU
S202,0.12418635990338024,0.17717255033521165,0.23192541932267988,0.17844851240157197,0.155876174214693,0.13239098382247122,BiLSTM
S203,0.07037766019411996,0.08999412947278879,0.1987333840080057,0.41288867780135574,0.17766217850204258,0.050343970021686814,LSTM
S204,0.10207068008516754,0.20216678350299042,0.1719826516273116,0.1299255832812347,0.09942844985712908,0.29442585164616636,GRU
S205,0.22966235082406783,0.18476313814023543,0.12816663260742572,0.08746745294960463,0.14734917134638073,0.2225912541322848,1D-CNN
S206,0.211176947474146,0.17966678530550056,0.13914774540259486,0.1287533236939321,0.16209938069187932,0.17915581743194361,1D-CNN
S207,0.15063348589909456,0.1971451432585205,0.164822393858002,0.22623264021157102,0.14201081681500433,0.11915551995781709,LSTM
S208,0.04301450156166748,0.4889578997628006,0.10898397512308047,0.17339390527788168,0.0706518983240891,0.11499781995047995,ANN
S209,0.08530033070234933,0.06559370483665089,0.39651788109555763,0.18582842539473188,0.13419705107580926,0.1325626068948977,BiLSTM
S210,0.32082607175587075,0.34508045755854727,0.0709293376340839,0.03479771495064216,0.09022890343778596,0.13813751466307256,ANN
S211,0.18638022166079457,0.0789424244979025,0.18350767855809794,0.21928821755376518,0.25402213798784856,0.07785931974157986,CNN-LSTM
S212,0.0537585276345603,0.23574036732126802,0.18454482153854254,0.3797369511766992,0.12158379298356281,0.024635539345367018,LSTM
S213,0.09868134846046307,0.05439710026351731,0.1141503510578425,0.1691125578324497,0.09751726167066535,0.46614138071506933,GRU
S214,0.14883914263971298,0.1187088825016229,0.1770072515699406,0.1433024366436669,0.1480507365981073,0.2640915500469479,GRU
S215,0.18065184714811566,0.16645019652522414,0.13426567348240487,0.17532936127650792,0.13258067704406845,0.21072224452367813,GRU
S216,0.12147965737707038,0.18922284953980784,0.15658582392310252,0.2325435196165025,0.11644754800689025,0.1837206015366255,LSTM
S217,0.11003581310724711,0.27262550716122236,0.1692658250411776,0.1954409364286759,0.09835476072310335,0.15427715753857324,ANN
S218,0.1123805265842526,0.10079874586413028,0.2808141655295273,0.15744287929838077,0.2318649553066677,0.11669872741703624,BiLSTM
S219,0.0984772046712506,0.205439185212281,0.0923931395374219,0.07067567711923428,0.06317999356427144,0.4698347998955371,GRU
S220,0.17920986857553348,0.20195948463886385,0.10871711707130838,0.026262519609304886,0.10425530414574358,0.3795957059592403,GRU
S221,0.25243700969192523,0.15625522160004754,0.072809825463046,0.08350718343816169,0.08028176521827832,0.35470899458854144,GRU
S222,0.09387877269652646,0.3420441467053451,0.27585290342788976,0.0742316586011562,0.1133275975577579,0.10066492101133256,ANN
S223,0.10168252247872213,0.1018938626232878,0.07475203418533237,0.09879825995129239,0.08322895699592218,0.5396443637654443,GRU
S224,0.10348007041902352,0.13542600788642759,0.2121537297124585,0.12601654292288317,0.13597068648817545,0.28695296257102815,GRU
S225,0.19575196853680327,0.20104570190241475,0.12185278961285342,0.08463736408928203,0.11893811766701927,0.2777740581916241,GRU
S226,0.15834171897269805,0.11512189042419155,0.12244051119732763,0.1480025605920196,0.10406762884811369,0.3520256899656507,GRU
S227,0.1217780684793769,0.21468108188687213,0.1889776713543375,0.13454859106516165,0.12885952542780282,0.2111550617864454,ANN
S228,0.15403043980366754,0.16850856961403912,0.1299332329268213,0.13365597671134638,0.12379507562636367,0.2900767053177728,GRU
S229,0.1083923612585608,0.29889493487951574,0.20780562434196592,0.10384931874720758,0.20119199795080256,0.07986576282193837,ANN
S230,0.10175734324143579,0.16871630806807114,0.10169451893614082,0.3102408751501637,0.10736082681747101,0.21023012778671635,LSTM
S231,0.14003908303367854,0.11085770702441428,0.26848685481878115,0.10631307843147268,0.16004644176542676,0.21425683492622655,BiLSTM
S232,0.2642336598678642,0.1493364134022495,0.14166849876518509,0.07918927324613488,0.22178014718713873,0.14379200753142857,1D-CNN
S233,0.20296243181515494,0.1374958357772007,0.1344401985629503,0.23476973053664912,0.15261268423658983,0.1377191190714543,LSTM
S234,0.1425177149762526,0.16523073472452995,0.1794840528480928,0.21145139576853478,0.14946748453197947,0.15184861715060624,LSTM
S235,0.17632541368271898,0.2755948555658542,0.09466693108827835,0.11260518334594531,0.0858978521724983,0.2549097641447008,ANN
S236,0.09356272895558793,0.21744060120135547,0.11547455669414772,0.2220211450064502,0.11898006114466281,0.23252090699779462,GRU
S237,0.1552693848078704,0.18162246372582935,0.17455914649932358,0.22719728599164676,0.13608237915913662,0.12526933981618993,LSTM
S238,0.19598115411962821,0.2028391367269205,0.16322578817288763,0.15291315568731972,0.12124797202880257,0.16379279326444046,ANN
S239,0.07711198286017935,0.22878595357573722,0.37092179200687125,0.035953519192488397,0.1274779811353709,0.15974877122935102,BiLSTM
S240,0.5186447407144035,0.12661190147914886,0.032945277421521015,0.015138722743994462,0.05143963881622546,0.2552197188247014,1D-CNN
S241,0.22509019627818672,0.23773628669900632,0.1263206013608666,0.08441081621608952,0.12577645649678584,0.2006656429490629,ANN
S242,0.1681854645918571,0.16534018498802766,0.2522984617714185,0.16571091734852528,0.1745265373601615,0.07393843394000503,BiLSTM
S243,0.3909531344713608,0.1495028588871775,0.06713495078210324,0.24595908722425128,0.08092842324819637,0.06552154538690887,1D-CNN
S244,0.07351262405798169,0.12601421247399,0.4724147851305829,0.11279449113100137,0.16158101016475945,0.05368287704168462,BiLSTM
S245,0.1956244528608392,0.1594173776948711,0.12118820507162499,0.12772028430887183,0.15784140708716543,0.23820827297661812,GRU
S246,0.14359877811587285,0.21422425895376468,0.1456139492141512,0.15276950758248814,0.17207865558865065,0.17171485054507388,ANN
S247,0.18169680359591528,0.1635304186927757,0.15000176730362186,0.1812394466072198,0.16053206797148814,0.1629994958289854,1D-CNN
S248,0.10802222797155518,0.4381040512773166,0.08671181819359637,0.14025836182337417,0.11716472816849313,0.10973881256565846,ANN
S249,0.078117043444087,0.23657393568214366,0.16035438312088265,0.17041041042735128,0.26281712638071714,0.09172710094482626,CNN-LSTM
S250,0.10676278913964544,0.14034391049351488,0.36337583828505327,0.13838366808217192,0.12543181737142597,0.12570197662818697,BiLSTM
S251,0.5208287816599381,0.21259576789787887,0.0731997631655038,0.04472288407262588,0.0642436218312872,0.08440918137277352,1D-CNN
S252,0.2511352644415862,0.11308437805863757,0.1230681577762589,0.14366826306317962,0.16334525820521045,0.2056986784551259,1D-CNN
S253,0.101232092301935,0.12762061117374862,0.20541043305857387,0.31205584883289234,0.16229375524623313,0.09138725938661481,LSTM
S254,0.12776444148598584,0.38700952073854084,0.1125009686291448,0.13813486387065585,0.09087908088935186,0.14371112438632078,ANN
S255,0.04991069828200278,0.26518805073730645,0.1695690807701792,0.16052697572138575,0.29580057712259605,0.059004617366528296,CNN-LSTM
S256,0.1714430699193016,0.24258016145400774,0.0873552763005933,0.3344732967676256,0.1289547144407436,0.0351934811177272,LSTM
S257,0.13092768751816322,0.18937822255264172,0.2584966315927186,0.13584626289929672,0.1194752850726611,0.16587591036450905,BiLSTM
S258,0.18152968881982157,0.14604950093346214,0.13618510687113175,0.09961678609017374,0.18590232741980411,0.25071658986559675,GRU
S259,0.2599774974476472,0.18486453549190468,0.10439362638336276,0.1512654433974482,0.1736570464973528,0.12584185078229249,1D-CNN
S260,0.11994274566575935,0.14698027601863276,0.18499141864956598,0.3305380807826109,0.1275031262807226,0.09004435260271632,LSTM
S261,0.1327215003819565,0.10695938072460506,0.39261631093344573,0.11746384244356604,0.14096564083109467,0.10927332468534219,BiLSTM
S262,0.21061102144972194,0.1165405208288139,0.10169287499901043,0.10765603403673601,0.3656383229065632,0.09786122577916812,CNN-LSTM
S263,0.14218774132120238,0.11277511817258849,0.14346747012093386,0.1393790411297528,0.36008258843087276,0.10210804082464492,CNN-LSTM
S264,0.07461901583910435,0.13922909097826838,0.2854955075177898,0.18853588578050637,0.1439084567242206,0.16821204316010924,BiLSTM
S265,0.20457115641931845,0.14065374650376863,0.1174495941994492,0.1221650451428549,0.1577912994611074,0.25736915827349843,GRU
S266,0.17877523907578155,0.22135032674250696,0.08162426471103221,0.16466762437544186,0.27495079007257367,0.07863175502266187,CNN-LSTM
S267,0.07298738298589164,0.1533374309383818,0.24911718999968252,0.30363217612426413,0.15992027910093712,0.061005540850852184,LSTM
S268,0.13139670213968435,0.10206978374682693,0.39678717792987234,0.11510028275754228,0.096364854630607,0.15828119879546826,BiLSTM
S269,0.09602196332741149,0.2017837092845026,0.1319332272375626,0.15566460680362812,0.07787797954694008,0.336718513799964,GRU
S270,0.10723859763979376,0.11232901355720014,0.12162348168823119,0.2334833036003925,0.11078478047511836,0.31454082303926123,GRU
S271,0.0799050219253598,0.3853487118845274,0.1290589699735425,0.19760095440003175,0.08962426424134091,0.11846207757519889,ANN
S272,0.06506608485530999,0.0558846217709215,0.31598150840071937,0.3198801946567277,0.13972817553037406,0.1034594147859486,LSTM
S273,0.2034358835667051,0.14783867794890948,0.1614258380285732,0.13014638668346284,0.2757585220259814,0.0813946917463785,CNN-LSTM
S274,0.5245059842991461,0.3256301889153026,0.034329858966447115,0.03433019919729771,0.05234064802074808,0.02886312060106067,1D-CNN
S275,0.16596945002173533,0.2111570452686091,0.16602120971839543,0.1058020512390256,0.21054998303025543,0.14050026072197552,ANN
S276,0.14266989019116152,0.1674484271498584,0.15273636091876444,0.15891122676695593,0.20950603097488085,0.1687280639983744,CNN-LSTM
S277,0.18081619594868856,0.176938727963841,0.14057740185935222,0.17775701468094635,0.14686921391690486,0.17704144563026808,1D-CNN
S278,0.13471120438176518,0.13946385209075357,0.20236580541577717,0.16528135191297758,0.14684840082619746,0.21132938537252144,GRU
S279,0.27957029554415663,0.14751726676762458,0.1472204280656742,0.12023542769724327,0.09721111050291407,0.2082454714223853,1D-CNN
S280,0.15241290772778196,0.03940407076943079,0.14123698775931184,0.22545628428461414,0.37646293141258563,0.06502681804626771,CNN-LSTM
S281,0.5115960734408111,0.2413538108111234,0.06629724297999759,0.055036700058051224,0.08109835267206403,0.04461782003794649,1D-CNN
S282,0.5757094487571177,0.18535322527216638,0.041588522208581405,0.02138834547472109,0.14428490217907525,0.031675556108333114,1D-CNN
S283,0.15877013207209648,0.3406885995068037,0.06162091190117341,0.02526018034827101,0.25435926125952685,0.15930091491212378,ANN
S284,0.16903381973708018,0.17393292011925915,0.11622580271117873,0.12353693416035226,0.26917680174968484,0.1480937215224439,CNN-LSTM
S285,0.16016532043357407,0.16719796455344044,0.16049225524385288,0.20866856000033263,0.18645949244048737,0.11701640732831245,LSTM
S286,0.1995436510442829,0.18663561328784867,0.1614251378694336,0.16328517334184822,0.15042284254106644,0.13868758191551972,1D-CNN
S287,0.21510448651403477,0.21497877796346065,0.1434794758385337,0.1139846354664097,0.12550952630000495,0.18694309791756517,1D-CNN
S288,0.0587096482579032,0.059601310084542905,0.22076044337652098,0.16101379499764104,0.1528248807363559,0.3470899225470352,GRU
S289,0.018248837857760877,0.04146741009213946,0.633606547954499,0.17524918699059794,0.061780159363500856,0.0696478577415074,BiLSTM
S290,0.31461708485304735,0.12275351060504713,0.12780755543911343,0.17156873272790743,0.13129407099302062,0.13195904538186176,1D-CNN
S291,0.20181969081419066,0.44013559704093735,0.07883266560163363,0.04208830863865152,0.171441445983502,0.06568229192108586,ANN
S292,0.05770977684682808,0.075439445790252,0.5013169003246346,0.0747612138913402,0.22613337963528216,0.06463928351166509,BiLSTM
S293,0.1817452886512994,0.0607275906823618,0.12047970702138941,0.08777900447030879,0.16441775923382493,0.3848506499408161,GRU
S294,0.20478863304779515,0.12722044745323008,0.13070271203047992,0.11394219097854744,0.32733317544138174,0.09601284104856554,CNN-LSTM
S295,0.15905409996832967,0.10930750448556792,0.08275647071160155,0.4528909689444465,0.11215693829412858,0.08383401759591562,LSTM
S296,0.11825483006771648,0.11254771162681573,0.5044575460934261,0.12408666993865998,0.09656153103153979,0.04409171124184869,BiLSTM
S297,0.18818802291491238,0.31891890982540566,0.13744165152874938,0.10296424128031803,0.15933678451321914,0.09315038993738557,ANN
S298,0.10279402557216517,0.18491908260585566,0.07271387975575348,0.09904755252219377,0.08447140961175009,0.4560540499322884,GRU
S299,0.15211419879057128,0.1487725420528841,0.1838152835965022,0.1732353388730423,0.16656537946505376,0.1754972572219333,BiLSTM
S300,0.0929584120644445,0.21593108246984286,0.09982984529972402,0.22478857937500457,0.11399464869181514,0.2524974320991674,GRU
S301,0.03738410583698165,0.05945745929098796,0.1622674977246864,0.19712924309565688,0.46105766455498326,0.08270402949671414,CNN-LSTM
S302,0.17360686509392548,0.20193609914112132,0.2883778425878787,0.13011195581581944,0.10621312797217242,0.09975410938907611,BiLSTM
S303,0.7013997942162548,0.05193582001906692,0.06215700492744318,0.061605768721380946,0.060230801157966966,0.06267081095787981,1D-CNN
S304,0.32971398393976475,0.323165465737649,0.042583589399772734,0.03277427456938957,0.13363967460681397,0.1381230117465983,1D-CNN
S305,0.041684301271488075,0.05278575215719568,0.20220684011496393,0.49133287930180675,0.15937577930830577,0.05261444784624118,LSTM
S306,0.16744909899142943,0.17017397252260769,0.23347338187794983,0.14409201844876418,0.20882690209130014,0.07598462606794554,BiLSTM
S307,0.3518907661086736,0.21371040229017838,0.07867394434336215,0.16690175229181123,0.1220157035657917,0.0668074314001795,1D-CNN
S308,0.12689609345414155,0.2902984659813044,0.23242996175482805,0.190057344240777,0.0971426144240687,0.0631755201448865,ANN
S309,0.0971990693621828,0.15860633193438198,0.2668944123121276,0.11399856667945056,0.11575406571009508,0.24754755400176953,BiLSTM
S310,0.047077159347879406,0.1121461784015289,0.10838915344657318,0.1534996562936701,0.1690037743282833,0.40988407818206524,GRU
