Segment,1D-CNN,ANN,LSTM,CNN-LSTM,GRU,Selected
S1,0.09754735685533655,0.023220604403147837,0.19931847788903595,0.6127646704656847,0.06714889038679472,CNN-LSTM
S2,0.25190443477220675,0.18129075374582193,0.11441257676389546,0.17809666812806935,0.2742955665900053,GRU
S3,0.1050839918727853,0.2575857340929434,0.273405024503228,0.25322113574945093,0.11070411378159054,LSTM
S4,0.17386424093111683,0.2676336973883372,0.2536621012010782,0.14427621066654275,0.1605637498129242,ANN
S5,0.12491476026865414,0.36745286913335473,0.131573119443792,0.06706488157994696,0.3089943695742577,ANN
S6,0.045738995589433035,0.3195389801908512,0.2825860257997576,0.07147024462409693,0.28066575379586733,ANN
S7,0.11535500966633984,0.07189797355915982,0.196797231113881,0.5394779856932662,0.07647179996735137,CNN-LSTM
S8,0.21627855286344785,0.3000909561538966,0.09002212886616098,0.2953396304289003,0.09826873168759193,ANN
S9,0.21949799850420076,0.36396014860064824,0.04271292891906991,0.09412080275459696,0.27970812122148425,ANN
S10,0.2197314035499332,0.22658565861806773,0.05747244510880993,0.14232929233314412,0.35388120039004245,GRU
S11,0.22767829723926525,0.22401880188309894,0.12256718780209974,0.1599656916764891,0.26577002139904704,GRU
S12,0.19399782501216695,0.17084579932638305,0.2036697185990919,0.1790433529517023,0.2524433041106513,GRU
S13,0.1323393964481729,0.2254366106530342,0.18390086871885006,0.1596839962262106,0.2986391279537254,GRU
S14,0.11702722715550659,0.2371289576695083,0.2620703831101322,0.2682262003285796,0.1155472317362731,CNN-LSTM
S15,0.23788163954359073,0.29334091767114984,0.20699142702286014,0.13486408560144503,0.12692193016095463,ANN
S16,0.1092228414257483,0.15147469770568178,0.14169222558909939,0.15836938856036323,0.4392408467191075,GRU
S17,0.1380069034103061,0.3266194116517914,0.0179608736886219,0.45378636831295616,0.06362644293632544,CNN-LSTM
S18,0.4055753433207024,0.1469053307764548,0.21441363187227103,0.1579435203137019,0.0751621737168697,1D-CNN
S19,0.15434348920418442,0.1817595139361904,0.3456831893025531,0.25658287135143487,0.06163093620563426,LSTM
S20,0.31072114354865915,0.2660313987396337,0.16238209009559212,0.15329714561345556,0.10756822200266501,1D-CNN
S21,0.18782183449516074,0.2584664590855473,0.20976385139133105,0.1739408334893087,0.1700070215386549,ANN
S22,0.18302026105588598,0.14019394250018183,0.3181839346370919,0.12810798657158345,0.23049387523525597,LSTM
S23,0.02824836807250684,0.09637095253679051,0.5943046712710072,0.0475257534941949,0.23355025462549953,LSTM
S24,0.11283910545567023,0.5095596107413999,0.07306363216687543,0.20686366778624798,0.09767398384980412,ANN
S25,0.3954307648354216,0.18775506883847518,0.010861451311604802,0.02304174072152851,0.38291097429296883,1D-CNN
S26,0.15086315915584209,0.473140777938773,0.012295348991178762,0.2028389572846161,0.1608617566295942,ANN
S27,0.2559279048198812,0.05986878035985821,0.0173793315374141,0.5889067166988023,0.07791726658404383,CNN-LSTM
S28,0.21384661331489116,0.1087510769272034,0.3130218018037584,0.12282488694165246,0.24155562101249212,LSTM
S29,0.19198915167870104,0.16676525634486092,0.18817385506185705,0.34268759374299207,0.11038414317158772,CNN-LSTM
S30,0.34807731456219304,0.16041492681152306,0.14130070439945921,0.275011185414412,0.07519586881241694,1D-CNN
S31,0.11341985090190153,0.32635000779452034,0.2717021484287365,0.2502509648526127,0.03827702802222994,ANN
S32,0.13488697897357033,0.13004357521148266,0.3150550578286415,0.20329615455111108,0.21671823343519553,LSTM
S33,0.2911718023402797,0.10197309187842882,0.1307683419087382,0.17145032535476767,0.30463643851778277,GRU
S34,0.21005222022018524,0.14965043536058842,0.20690537798443173,0.18196449782758392,0.25142746860721477,GRU
S35,0.16774256511020316,0.2086403800019817,0.2755645193099056,0.15077283704412903,0.19727969853377997,LSTM
S36,0.06752076921941948,0.5846927238693458,0.16022122331045566,0.03975949906502844,0.1478057845357484,ANN
S37,0.05441858236980571,0.33781201906682967,0.4328331451563346,0.05647367670733311,0.11846257669969615,LSTM
S38,0.3290198557869774,0.30458459944767513,0.06558258240354913,0.2528908250204437,0.04792213734135446,1D-CNN
S39,0.21782255516929336,0.22052016685167483,0.04324040123897255,0.4537579075216004,0.0646589692184619,CNN-LSTM
S40,0.18458947116075983,0.2071208690774973,0.20425274682248357,0.21242699559164108,0.19160991734761768,CNN-LSTM
S41,0.21966685315341844,0.17799569072969934,0.14002774373266927,0.2709506236711415,0.1913590887130716,CNN-LSTM
S42,0.26390299358470154,0.19131630285935322,0.1937660950430132,0.18524034621127974,0.165774262301652,1D-CNN
S43,0.20673391669174826,0.19588135704227078,0.27088704709509803,0.17771826200205884,0.1487794171688242,LSTM
S44,0.4050077092469612,0.1785209485409275,0.10656254633126037,0.0772371753000643,0.2326716205807788,1D-CNN
S45,0.019020591574317375,0.01783782044733872,0.7300039267688797,0.1428204869689548,0.09031717424050997,LSTM
S46,0.14785920335401684,0.6601653017676367,0.07683336200695674,0.027012825200644693,0.08812930767074603,ANN
S47,0.044785167109667956,0.14609213990435121,0.48991788366812145,0.12408594490868581,0.19511886440917292,LSTM
S48,0.17301664232775357,0.06547414821020327,0.3111818366915267,0.19944384943547594,0.25088352333504593,LSTM
S49,0.039311199462206195,0.07175689852352743,0.026280054572495118,0.8387383221583035,0.023913525283466873,CNN-LSTM
S50,0.5731694676703741,0.19647310066328794,0.02870352554089094,0.15705621153211763,0.04459769459332745,1D-CNN
S51,0.07123036964033505,0.5747875790026761,0.0420972066613152,0.25131548756230315,0.06056935713337473,ANN
S52,0.23186638588433303,0.2311413070663066,0.10267850525279236,0.29023459209906904,0.14407920969750038,CNN-LSTM
S53,0.18877085912968647,0.29910270837352815,0.1989472362407436,0.21074438642642945,0.10243480982961164,ANN
S54,0.5165172431512858,0.0976817696701028,0.2274733781251298,0.07595267554193379,0.08237493351154446,1D-CNN
S55,0.15869888047703695,0.30749204129865804,0.046144097886753166,0.054135447973176924,0.43352953236437286,GRU
S56,0.039641216691623515,0.06030948984145646,0.07997120502089201,0.12603468203697374,0.6940434064090544,GRU
S57,0.11014194043356676,0.10457171685498641,0.36113825764131346,0.053923402240774014,0.3702246828293628,GRU
S58,0.05019359492775523,0.234655070906865,0.48836690057545473,0.02749547367862866,0.19928895991129628,LSTM
S59,0.06851562756914557,0.13299842179066337,0.4381358718190802,0.23610571700815491,0.124244361812962,LSTM
S60,0.11546385419017445,0.19343966584538588,0.2849909036412489,0.2798246878795424,0.12628088844364643,LSTM
S61,0.34336920164750573,0.3027237450334273,0.10035559454204723,0.1216151358141065,0.1319363229629124,1D-CNN
S62,0.22792547567772303,0.33066948802993074,0.04833858073698192,0.04632849556539455,0.3467379599899708,GRU
S63,0.20531885394686805,0.26297565207633883,0.08123769085393451,0.10939831798649612,0.34106948513636876,GRU
S64,0.21285526017309606,0.2114703539451985,0.09469532484384283,0.11748076739493406,0.36349829364292646,GRU
S65,0.1749926452170099,0.11542559665367376,0.14430058841537838,0.18019270061146136,0.3850884691024739,GRU
S66,0.18275293154249286,0.16109405815296354,0.22999841424891518,0.2768175302491642,0.1493370658064654,CNN-LSTM
S67,0.22418498560013386,0.13414672245221254,0.4807701153879655,0.1115327321999706,0.049365444359717715,LSTM
S68,0.15002786877166802,0.23793085953530183,0.2320620175213284,0.24594683956084656,0.13403241461085505,CNN-LSTM
S69,0.16268073091298163,0.33229094235013473,0.12528368781467486,0.24482308973874717,0.13492154918347046,ANN
S70,0.23480014358902004,0.32242388499103725,0.1565282271908083,0.18649273974205605,0.09975500448707858,ANN
S71,0.24682251958481347,0.23771301301242542,0.23145398153227642,0.17335547291141157,0.11065501295907415,1D-CNN
S72,0.08152276767447211,0.8927991737423842,0.0032327124544154124,0.0025597850406583037,0.01988556108806969,ANN
S73,0.0648725459220303,0.12652344124180243,0.07880483967144886,0.05292126055491281,0.6768779126098066,GRU
S74,0.11333515909520891,0.19499723917838876,0.2816387063951791,0.1702905500806123,0.2397383452506165,LSTM
S75,0.052658394919358184,0.20396396460218139,0.0615791799824524,0.6292298022402961,0.05256865825571055,CNN-LSTM
S76,0.12009137456739924,0.2982784058725037,0.16213947042814872,0.2289646517034237,0.19052609742853013,ANN
S77,0.27196955983119153,0.10767811560822636,0.2164431864160479,0.12183034581126444,0.2820787923332667,GRU
S78,0.4501482811740106,0.19308987843204736,0.0912867564136127,0.1649870111609473,0.10048807281938861,1D-CNN
S79,0.25960895283835983,0.15459707859581406,0.15000799091012357,0.3561387940327622,0.07964718362293648,CNN-LSTM
S80,0.19671851827956124,0.25350754334543346,0.2186028337708227,0.244358511949569,0.0868125926546147,ANN
S81,0.27936301560971066,0.23469007879242285,0.12371677974284316,0.1329166402451572,0.2293134856098658,1D-CNN
S82,0.08641901891321704,0.4816842560831569,0.09006018349145087,0.09464128464948358,0.24719525686268737,ANN
S83,0.12594123972431842,0.14486036583199455,0.2622849882573507,0.20578419402852946,0.2611292121578079,LSTM
S84,0.042103666901370934,0.4637892104559509,0.08614844991573614,0.07418564242970276,0.33377303029723715,ANN
S85,0.039600743096396426,0.018903753081622062,0.5795872551146176,0.24315207375720377,0.11875617495015597,LSTM
S86,0.06526440894034938,0.11599353117654476,0.4162165290368213,0.08302233382161658,0.31950319702466606,LSTM
S87,0.18661885499931424,0.20525651401633327,0.17007056337404122,0.17336254051196395,0.26469152709834864,GRU
S88,0.47082411276381086,0.08794295946503902,0.0688268419588032,0.12221159723432636,0.25019448857801846,1D-CNN
S89,0.5835710129476044,0.0524780544771718,0.1088259530095977,0.17460926071658514,0.08051571884904316,1D-CNN
S90,0.22344463497144285,0.17042815704961667,0.20771326873508097,0.2744045637930223,0.12400937545083396,CNN-LSTM
S91,0.06524607282551304,0.5577290730848722,0.03809089775624884,0.2937835703043214,0.04515038602904487,ANN
S92,0.19046861175685856,0.3904126170841188,0.1529298922159809,0.15323697632142916,0.11295190262161228,ANN
S93,0.17860518121345453,0.259205126264705,0.21650530183425562,0.20197960938379814,0.1437047813037846,ANN
S94,0.24960643685872036,0.3001274863316606,0.11923157299917742,0.13471127351793868,0.19632323029249887,ANN
S95,0.06838893389831172,0.050062676291155586,0.052498379809026365,0.1354007108267781,0.693649299174732,GRU
S96,0.008329731542274454,0.012609851913833525,0.6417093093514556,0.17143683861524908,0.16591426857718836,LSTM
S97,0.10287294268135315,0.09355233467048277,0.5102399980257947,0.1729527011303896,0.12038202349198104,LSTM
S98,0.24606969117459543,0.35914371982510723,0.1519386852795503,0.1400093791487192,0.10283852457202614,ANN
S99,0.28362420690821766,0.6215495407121325,0.01042166558608139,0.020183045299311368,0.06422154149425695,ANN
S100,0.5429919037479388,0.05128420546013655,0.00706798111496822,0.14817677985622635,0.2504791298207275,1D-CNN
S101,0.19338660727552195,0.1379053102449407,0.03062833739311193,0.12667267828509082,0.5114070668013343,GRU
S102,0.1984534073254519,0.29978091166416654,0.14715807462557262,0.17771843008806892,0.17688917629673803,ANN
S103,0.18549600721672907,0.20800653488480356,0.15686440356290304,0.21213480853277972,0.23749824580277853,GRU
S104,0.022455351466106523,0.03806384476135684,0.14920016381837292,0.14414248098407947,0.6461381589700818,GRU
S105,0.050453878226794875,0.0534981405336148,0.28988074962484756,0.24286814173290408,0.36329908988183296,GRU
S106,0.027350064434311695,0.008338306069063387,0.37082792798449116,0.1342153900411062,0.4592683114710291,GRU
S107,0.011111360758932246,0.03503935894829115,0.12836782813436834,0.07659597970707883,0.7488854724513279,GRU
S108,0.05768885477256833,0.08854890740398631,0.07244795835457439,0.3007229771468167,0.48059130232204933,GRU
S109,0.43009179566638056,0.10045383553851774,0.09889531088658111,0.08005216518619078,0.29050689272232894,1D-CNN
S110,0.14421287790690362,0.27462300664260964,0.3022251347210675,0.16838236812335733,0.11055661260606638,LSTM
S111,0.19417485697001924,0.24484773565408752,0.09829521398377794,0.10170924804983748,0.3609729453422763,GRU
S112,0.0985718034609324,0.18566681121832793,0.12639514021464757,0.06736338728071345,0.5220028578253798,GRU
S113,0.1738913378963109,0.2036248932214993,0.15795658395935636,0.09165103435327773,0.37287615056955487,GRU
S114,0.18289209090499473,0.17367269102521676,0.1472079020356846,0.1513971061089226,0.34483020992518026,GRU
S115,0.14047805850832895,0.33549189637100313,0.16752872735302907,0.14301223024358778,0.21348908752405654,ANN
S116,0.0722668949680678,0.30388345515115345,0.37914812920408447,0.09527643552904062,0.14942508514765115,LSTM
S117,0.13686655126097932,0.32386061982309367,0.06604040528758005,0.2968584999023313,0.17637392372601174,ANN
S118,0.6979511514802719,0.08418229726404186,0.01412149292567483,0.11449294123477367,0.0892521170952406,1D-CNN
S119,0.10351786172410926,0.2269292085263272,0.10150459986656826,0.5343223127551582,0.0337260171278365,CNN-LSTM
S120,0.12885002840507734,0.087616385368799,0.5153521593873653,0.13515456854199223,0.1330268582967643,LSTM
S121,0.3899324353988111,0.1484729363432702,0.16332798262369316,0.19132154703680998,0.10694509859741,1D-CNN
S122,0.36158270410504,0.16225147010919655,0.11090630177580615,0.2854391513283361,0.07982037268162424,1D-CNN
S123,0.21058333106764843,0.37112430258646695,0.11790754520125152,0.2658803011947988,0.03450451994984047,ANN
S124,0.151880664253111,0.153606816259766,0.34409048799907155,0.12590720343367798,0.22451482805437203,LSTM
S125,0.1640871038620361,0.15112612120928337,0.16338412542720068,0.05152840670780649,0.4698742427936681,GRU
S126,0.2554250195118248,0.1788357022211273,0.2264742831164296,0.07828245529778002,0.26098253985283937,GRU
S127,0.0941875034350968,0.17027207949996667,0.5175804558359124,0.08565663080266799,0.1323033304263509,LSTM
S128,0.10511907879743192,0.2822615376177695,0.29346353433218475,0.19944644479516643,0.11970940445744438,LSTM
S129,0.2026807028101186,0.18361682618594294,0.19377563447769236,0.26279659290813184,0.15713024361811642,CNN-LSTM
S130,0.7556336132028632,0.10939837308352773,0.018404603690640266,0.08908818344704825,0.027475226575925944,1D-CNN
S131,0.709821207368566,0.06776645972011083,0.021103191321208227,0.10130580291290091,0.10000333867722248,1D-CNN
S132,0.06422801334037162,0.2158123617717097,0.46644694441623974,0.19176711978484678,0.06174556068683302,LSTM
S133,0.21061295325070262,0.24015677905190003,0.21331258898203298,0.20765627998674324,0.12826139872861633,ANN
S134,0.3674600507981833,0.24879246924380738,0.11057235237147003,0.14976811634589782,0.12340701124064242,1D-CNN
S135,0.1637881976148414,0.21280482040449422,0.2086262452042442,0.1531224983815568,0.2616582383948689,GRU
S136,0.3098594917829033,0.14971494874680644,0.1854394651341827,0.23495774932876953,0.12002834500733923,1D-CNN
S137,0.042803373387145925,0.06454438782743091,0.4309643235330667,0.07256540243710512,0.3891225128152522,LSTM
S138,0.11769595799442319,0.4121507029271825,0.13651946827289813,0.0586501656930758,0.2749837051124225,ANN
S139,0.13143919916040145,0.13625325979335337,0.26098281488205766,0.07705172975371262,0.39427299641047886,GRU
S140,0.11613791644398469,0.10181813979623508,0.3145565972994908,0.1262879061450461,0.34119944031524435,GRU
S141,0.14069728998941614,0.3982794646520782,0.16847786347295596,0.15030281390682895,0.14224256797872384,ANN
S142,0.1661499888279341,0.12349925932122538,0.4146534185361225,0.19158881172521433,0.10410852158950837,LSTM
S143,0.15902337774110023,0.41220374357578043,0.06582804738798408,0.2256640011967048,0.13728083009843597,ANN
S144,0.41460008308335183,0.10886371383527428,0.030640554581775475,0.09096665991524615,0.35492898858435123,1D-CNN
S145,0.28751411747857436,0.21384192438727492,0.17400439477948942,0.22871652834051506,0.09592303501414073,1D-CNN
S146,0.1147032100386976,0.207865954551688,0.4422091646773368,0.1806787630225013,0.05454290770977564,LSTM
S147,0.28058749804284927,0.01985506436079218,0.340666558246886,0.27731427661686214,0.08157660273261004,LSTM
S148,0.060342341286370296,0.0631374923723525,0.7348462121625903,0.10622408342810157,0.03544987075058171,LSTM
S149,0.05515418178250442,0.07532583902537482,0.14843668979765667,0.053179343072449155,0.6679039463220151,GRU
S150,0.12356519333104994,0.13576389361972369,0.15268309026198726,0.11795231335016779,0.4700355094370709,GRU
S151,0.17616306535437376,0.14242675173965788,0.20113381581958217,0.11682159674152343,0.3634547703448583,GRU
S152,0.07408904475983648,0.5286148195574878,0.16671962959605216,0.14879176018145682,0.08178474590516285,ANN
S153,0.1358838639216304,0.2259753732056223,0.1859133707872816,0.36839920275067506,0.0838281893347904,CNN-LSTM
S154,0.11248850121304796,0.1104794215112098,0.0468725119191191,0.6826854704281459,0.04747409492847744,CNN-LSTM
S155,0.23787170466602545,0.13527397873475935,0.05423373151362881,0.24287893486872472,0.32974165021686075,GRU
S156,0.20180653121180708,0.11900274479055814,0.21836791639128125,0.3016958818600137,0.15912692574634008,CNN-LSTM
S157,0.2143842285207617,0.14181083498492883,0.2863264848559761,0.21375571006226973,0.14372274157606205,LSTM
S158,0.15879920898015892,0.41161849349010043,0.13367069874324541,0.10879763891152941,0.18711395987496257,ANN
S159,0.0701792754501297,0.5172727934521314,0.13239310813520994,0.13572735487496043,0.1444274680875688,ANN
S160,0.05836887871499809,0.09254917730429342,0.17394120267387927,0.6049043503553115,0.07023639095152279,CNN-LSTM
S161,0.19727843868674735,0.2509808492682957,0.17428957800786754,0.21900111203076889,0.15845002200631925,ANN
S162,0.5240519005823202,0.1495998623991382,0.06509622469178304,0.14649214142123398,0.11475987090552998,1D-CNN
S163,0.3411504355679167,0.09741826277602253,0.15505012502647336,0.17334972402664903,0.23303145260294514,1D-CNN
S164,0.13712424521989502,0.16050816317983194,0.34863035291647504,0.27106725425733125,0.08266998442646664,LSTM
S165,0.023607358747644643,0.8950664162008585,0.05164003643579869,0.01414204332917138,0.015544145286527523,ANN
S166,0.1961941938172089,0.13834332160089272,0.17757577326463184,0.13627319352541994,0.3516135177918462,GRU
S167,0.29030769177223953,0.13337873372292025,0.11906010948433106,0.2972868428338694,0.15996662218664073,CNN-LSTM
S168,0.39912543966178143,0.13493636223475725,0.1240235294764565,0.2776337102513634,0.0642809583756376,1D-CNN
S169,0.17555999309041428,0.0995558491458639,0.22544283814731766,0.4594666435526092,0.039974676063792194,CNN-LSTM
S170,0.3881620195403576,0.18433809890052466,0.10477618307816916,0.2076547586363176,0.11506893984462883,1D-CNN
S171,0.677911463904907,0.08312439997946615,0.049101782568545894,0.13733764506566168,0.05252470848142469,1D-CNN
S172,0.024042432698191497,0.03803664629559398,0.2894340968816269,0.08582345527363854,0.5626633688509487,GRU
S173,0.024720913985396942,0.5818971318425354,0.09541026986474138,0.04931578391674941,0.24865590039057478,ANN
S174,0.04863148864526953,0.13986898434857825,0.038685284746608276,0.008792152383358787,0.7640220898761814,GRU
S175,0.04303942593401616,0.49624340565535724,0.14392019197043243,0.08660736646629491,0.2301896099738978,ANN
S176,0.025631575437524402,0.38882664803090233,0.3532097100717572,0.1105522236503092,0.12177984280951348,ANN
S177,0.05145468048378807,0.0778301077076645,0.22515861699157919,0.5462241595845747,0.0993324352323937,CNN-LSTM
S178,0.20519116046360716,0.30204306803729297,0.13999708591651927,0.09325997527835651,0.2595087103042222,ANN
S179,0.5874952496555251,0.09266738717332487,0.04603482698788652,0.11031407007508831,0.1634884661081751,1D-CNN
S180,0.320545334685054,0.15339228692770077,0.07093133613085165,0.07103265408426065,0.3840983881721292,GRU
S181,0.1513526926405816,0.15054359681079998,0.25327581073504934,0.2671498749398673,0.17767802487369902,CNN-LSTM
S182,0.14489097659535563,0.09565531720491818,0.14266257227352822,0.15313490672269167,0.46365622720350746,GRU
S183,0.0584892594988131,0.04453379460188778,0.08835952252121805,0.06792556960567048,0.7406918537724105,GRU
S184,0.16821784738603124,0.14665428938727568,0.12785692720605943,0.18932878548867696,0.36794215053195767,GRU
S185,0.20508454489846029,0.052314348037931994,0.20852559620877711,0.11029709074258255,0.4237784201122467,GRU
S186,0.12653366660601584,0.10939252156238903,0.3168100150183518,0.2797766620512777,0.1674871347619668,LSTM
S187,0.16002591547793313,0.30003512799384413,0.15379857968703706,0.28788881482990625,0.0982515620112741,ANN
S188,0.28362566727435534,0.19266649099430044,0.12287336395755541,0.3059940920207044,0.09484038575308329,CNN-LSTM
S189,0.14889867305986682,0.12402471450434088,0.21734385768686096,0.420210604078359,0.08952215067057213,CNN-LSTM
S190,0.17491885281377018,0.20177789707499258,0.2466687420559446,0.219501228968241,0.1571332790870516,LSTM
S191,0.2528736391217551,0.14744098985032078,0.24158653607449806,0.1768676639722712,0.18123117098115474,1D-CNN
S192,0.13648466044319293,0.33586058069770874,0.16902410386221015,0.11838674412635987,0.24024391087053293,ANN
S193,0.03140721179109565,0.35823906511348347,0.25363869163379754,0.0776669046012617,0.2790481268603586,ANN
S194,0.03403985182339642,0.09577976162260211,0.39520213710466356,0.03838738672072893,0.4365908627286088,GRU
S195,0.22503975677215932,0.3420243193198676,0.13340792133333806,0.13585888611339428,0.16366911646123575,ANN
S196,0.1991092666974753,0.4098512833449798,0.07583158138464303,0.07778144168834723,0.2374264268845617,ANN
S197,0.11571644791612215,0.4508092933521446,0.06784426514758793,0.19349847333289857,0.1721315202512433,ANN
S198,0.15965120048533551,0.12698318887322807,0.06551649137509985,0.08834823676750896,0.5595008824988263,GRU
S199,0.1838096111243774,0.15816037444860043,0.10455840785789337,0.17467456197112666,0.3787970445979955,GRU
S200,0.23863645940681272,0.2170459986709706,0.12053827956422847,0.16192874437756186,0.2618505179804304,GRU
S201,0.20931269651376225,0.14918918872791592,0.18731937174586108,0.16091853999286426,0.29326020301960226,GRU
S202,0.1501812467536701,0.22451464165313706,0.23857609331431623,0.19840289278779694,0.18832512549107927,LSTM
S203,0.062239924895924864,0.07971586553515772,0.57213065537351,0.21975328002535102,0.06616027417005263,LSTM
S204,0.11276755981685405,0.25803627138408863,0.14365604167651003,0.10477984682899912,0.3807602802935472,GRU
S205,0.277360725686137,0.21356189691775196,0.09579829323229168,0.16570733274335087,0.24757175142046461,1D-CNN
S206,0.2483331345231171,0.22235393701862746,0.16029902358295084,0.20237861213755381,0.16663529273774788,1D-CNN
S207,0.18466696688204604,0.2310298675863605,0.31300369306913267,0.15769376171709154,0.11360571074536807,LSTM
S208,0.042433672324552606,0.5254355031343805,0.2153693505404065,0.08105728464892767,0.13570418935173467,ANN
S209,0.1132174526589314,0.09463949057304302,0.3546863987125407,0.21096920042935688,0.2264874576261243,LSTM
S210,0.3443117192608911,0.42378809549112706,0.026465199625690803,0.07400465329075237,0.13143033233153784,ANN
S211,0.19564748507302243,0.06679998841140966,0.32121994326218395,0.34830437591922647,0.06802820733415237,CNN-LSTM
S212,0.04727226908380975,0.26986438511726885,0.555854350730259,0.1122437151924181,0.014765279876244089,LSTM
S213,0.06821441010478915,0.04151408833306655,0.166118333155557,0.07078504465178258,0.6533681237548091,GRU
S214,0.1370066593418456,0.1280337343555288,0.172071282348217,0.141621797071981,0.42126652688242106,GRU
S215,0.2030805149379487,0.20783787238361623,0.17446773592074402,0.12478482633136448,0.28982905042632273,GRU
S216,0.12965435122849261,0.23344698138924316,0.2570583675147899,0.12024073898421934,0.25959956088325525,GRU
S217,0.11696483221863856,0.3829544615927386,0.2104613216783158,0.09785563536771463,0.19176374914259162,ANN
S218,0.13145387256649524,0.14790357713261035,0.22658508938992913,0.30943049889985474,0.18462696201110734,CNN-LSTM
S219,0.08471087588236344,0.22729777932555847,0.0570116750293576,0.04921426571327501,0.581765404049449,GRU
S220,0.1813440916269977,0.21918425193007243,0.019267770263492214,0.09466955755553103,0.48553432862391255,GRU
S221,0.23556839768509638,0.14307776946200412,0.05852070574408705,0.049322951249645794,0.5135101758591666,GRU
S222,0.09135775005104481,0.5682128774135153,0.06496087561689402,0.12011310228381848,0.1553553946347272,ANN
S223,0.0722680425860997,0.07954354402824207,0.06396141682236355,0.056027991121765354,0.7281990054415262,GRU
S224,0.09748150910995473,0.13475446779613573,0.12475035436266395,0.132153736821506,0.5108599319097404,GRU
S225,0.20803982791549125,0.24719097869548382,0.0671581820287602,0.10979087776190755,0.3678201335983561,GRU
S226,0.17425155407051302,0.10863675506596181,0.1501413829078258,0.09320784755196813,0.47376246040373354,GRU
S227,0.13107095593053097,0.2771946689792165,0.13809136574355702,0.13670903735593343,0.3169339719907605,GRU
S228,0.16770599727728333,0.1915001214252405,0.14552671876379344,0.1226836872846986,0.3725834752489823,GRU
S229,0.1312136304294884,0.3892657257164145,0.12857589915109052,0.2600831436958135,0.09086160100719302,ANN
S230,0.11583451065761925,0.17967406011038323,0.35345681742507057,0.12002775287636398,0.23100685893056258,LSTM
S231,0.19661352577198157,0.14723479066292902,0.1412061091177594,0.23159380768670443,0.28335176676062224,GRU
S232,0.3362998393266045,0.13592800291931204,0.1031630090705873,0.2853935061342942,0.13921564254920854,1D-CNN
S233,0.21476673825794085,0.14768957663692672,0.3362249465922237,0.17937200375151854,0.12194673476139666,LSTM
S234,0.1821986104789645,0.1907863124677119,0.29054544936395277,0.1750935796219874,0.16137604806738293,LSTM
S235,0.15930219261854422,0.2562262258628613,0.15409426088979583,0.10189054232362446,0.3284867783051731,GRU
S236,0.09375731539013962,0.2590473902604858,0.2699986410790278,0.11605997536300586,0.2611366779073412,LSTM
S237,0.1950360802585717,0.24694517472056132,0.24941601660992305,0.14649758818292907,0.16210514022801212,LSTM
S238,0.256111837965237,0.2192046386182357,0.17940082024646278,0.13895764999722857,0.20632505317283528,1D-CNN
S239,0.09876693948914354,0.4268196438260869,0.043376459874802493,0.16402592535795993,0.26701103145200705,ANN
S240,0.6059530187519367,0.1076430979863546,0.006767203300046248,0.030112101753704823,0.24952457820795543,1D-CNN
S241,0.285818408698208,0.32312535171977486,0.07316666707021378,0.1448944790468261,0.17299509346497355,ANN
S242,0.22739924240638243,0.2085783671831784,0.2538910295258883,0.24291418404273782,0.06721717684181078,LSTM
S243,0.47989974978153893,0.15494112759242795,0.24636796781758666,0.07646678966663266,0.04232436514181356,1D-CNN
S244,0.15868836771020228,0.206921290982141,0.22396344105001526,0.3323063446340078,0.07812055562363701,CNN-LSTM
S245,0.2707570173277306,0.16813575595805386,0.14549230232108534,0.18703482685099343,0.22858009754213618,1D-CNN
S246,0.17818634083985757,0.26815033505736974,0.17985695528969425,0.1940230128745989,0.17978335593847852,ANN
S247,0.21634923921448337,0.19146948246792656,0.22104426029148722,0.1839268707166651,0.1872101473094443,LSTM
S248,0.10983161965214594,0.45661705309418227,0.16915074472503044,0.13138794781805463,0.1330126347105813,ANN
S249,0.07188062682103988,0.2435468934127837,0.24924081032929632,0.32474399201787063,0.11058767741900975,CNN-LSTM
S250,0.16229862227347017,0.21829519140827072,0.2438051639093751,0.19241314936826157,0.18318787304062353,LSTM
S251,0.540501190147011,0.28662051121680415,0.035961753059088164,0.05470197659900087,0.08221456897809354,1D-CNN
S252,0.3225554022886397,0.1188396565087597,0.12910734982947647,0.1759428582900747,0.2535547330830494,1D-CNN
S253,0.09460188077658725,0.12841893099659463,0.49992800556135913,0.20088974349879124,0.07616143916666665,LSTM
S254,0.15261425961105818,0.4142084601165276,0.16710164600278454,0.10117416445147481,0.16490146981815626,ANN
S255,0.05157851472886775,0.3247974284063054,0.18631632689491448,0.37813976084693307,0.05916796912298347,CNN-LSTM
S256,0.20384318051925385,0.2566849255512107,0.36171817650099913,0.1443557874148615,0.03339793001367501,LSTM
S257,0.17818424443465647,0.2635224508564862,0.18211155410763813,0.16171336154821114,0.214468389053008,ANN
S258,0.24260997597149145,0.14026817804614936,0.1220487815683481,0.24556169234593092,0.24951137206808024,GRU
S259,0.277026329596363,0.2220149842062956,0.1914559069221365,0.20513395363417714,0.10436882564102853,1D-CNN
S260,0.14399047133603737,0.19408937239200696,0.4313593205956328,0.1434666515589306,0.08709418411738844,LSTM
S261,0.23781410275879591,0.13996198828492293,0.19151383143549058,0.23202926022003953,0.19868081730075246,1D-CNN
S262,0.2397515228035447,0.11788394344768835,0.1084787196609178,0.44082501331982094,0.09306080076802915,CNN-LSTM
S263,0.13175223755833723,0.09322978876539187,0.17441248474456572,0.49482076012769927,0.10578472880401123,CNN-LSTM
S264,0.08541592953397538,0.18853765553116697,0.29030000995475863,0.221324464612141,0.214421940367958,LSTM
S265,0.256430492654525,0.15813981676682617,0.12407494905602716,0.17591761844413006,0.2854371230784917,GRU
S266,0.18573118826940915,0.23272957168939715,0.1751913556558507,0.33506179450171164,0.07128608988362985,CNN-LSTM
S267,0.08507434601125591,0.22694495286539704,0.3939886639067651,0.2239611172353166,0.07003091998126486,LSTM
S268,0.2211374428283539,0.15403089572301668,0.18257831937231844,0.17393818681641124,0.26831515525989896,GRU
S269,0.10130173270913186,0.23348356044368604,0.17608680992904158,0.07910637109663715,0.4100215258215058,GRU
S270,0.11752538336797047,0.1256543562113798,0.2728394446481927,0.12335483161262212,0.3606259841598344,GRU
S271,0.08187911772062241,0.45556785253155974,0.22942070657907357,0.09992274134059954,0.13320958182814346,ANN
S272,0.07251672692738215,0.0553277434163164,0.5118900210675363,0.21338699233183828,0.1468785162569249,LSTM
S273,0.250953897488099,0.18121599913412573,0.14318305973657058,0.3367176120287559,0.08792943161244425,CNN-LSTM
S274,0.5481631155290374,0.3258817794548914,0.036963601360353295,0.05931018136890983,0.02968132228680711,1D-CNN
S275,0.19813014000588577,0.23832619290662826,0.13602771213246398,0.2744766341319759,0.15303932082304392,CNN-LSTM
S276,0.15887609984168477,0.20360537022657438,0.19815971702249097,0.2580771538268687,0.18128165908238092,CNN-LSTM
S277,0.21127814437444975,0.21998196209444795,0.21216749518702827,0.1659473924325831,0.19062500591149184,ANN
S278,0.17598767300697923,0.187163018379562,0.20297752935804422,0.18163312649208427,0.25223865276332924,GRU
S279,0.24806563915684574,0.10549907533329098,0.1990367439350713,0.14823882980490632,0.299159711769887,GRU
S280,0.14217236999788668,0.0352973255946519,0.32893372393498627,0.4260802311830687,0.06751634928940753,CNN-LSTM
S281,0.6174939321851739,0.25033769468639283,0.04291271786530763,0.05481382754357386,0.03444182771954764,1D-CNN
S282,0.6501349428321702,0.18020148322274715,0.017047472767848806,0.12350684999521638,0.029109251182017515,1D-CNN
S283,0.18371134534086012,0.36618599672784247,0.025890560727745662,0.28349905896289523,0.14071303824065645,ANN
S284,0.17612424329429888,0.19058907594275903,0.16516082012117933,0.32715695780351056,0.1409689028382568,CNN-LSTM
S285,0.19259501930053935,0.20148673178530593,0.2716466645683854,0.2231544710042135,0.11111711334155806,LSTM
S286,0.2664413299637026,0.23755756998870242,0.20004283743774456,0.16118043986173813,0.1347778227481136,1D-CNN
S287,0.265425136841569,0.2533556141557971,0.11940251708292209,0.13524679647287063,0.22656993544684215,1D-CNN
S288,0.04541853950329983,0.04613932040233467,0.23570925989501765,0.20076617315320855,0.4719667070461442,GRU
S289,0.02805881053642194,0.07265835059695841,0.5978221233204741,0.1434217424091202,0.15803897313702708,LSTM
S290,0.3259852518057232,0.12528876805632483,0.2382646388656258,0.14462108686532318,0.16584025440699843,1D-CNN
S291,0.21525683345132599,0.5666292569474344,0.030089385093545827,0.11959107356859858,0.068433450939095,ANN
S292,0.07964056000470943,0.10875488815543552,0.14728400778510944,0.5766840209774171,0.08763652307732675,CNN-LSTM
S293,0.2133209360251777,0.047534008440928685,0.09026190384204151,0.1857153820768384,0.463167769615014,GRU
S294,0.23681409655162622,0.12911671207688638,0.1340092529311796,0.4139152665705449,0.08614467186975759,CNN-LSTM
S295,0.15866322884135045,0.10737891389752273,0.5360021002973483,0.12542824600398014,0.07252751095979859,LSTM
S296,0.24501227979478496,0.2507089206694109,0.23938112601584063,0.1880949052018707,0.076802768318094,ANN
S297,0.23192551965119862,0.39819194284627635,0.10132145964995697,0.1742574247538313,0.09430365309873374,ANN
S298,0.10179634757745508,0.18748169422788388,0.10425566685098182,0.08823279979560117,0.5182334915480825,GRU
S299,0.17991346370842307,0.17331828300718774,0.22182424098555492,0.20720961503448165,0.21773439726435478,LSTM
S300,0.1021934327657928,0.1726495370687752,0.28347394792226427,0.13978681774958898,0.3018962644935812,GRU
S301,0.036085513333331834,0.061427571797180176,0.2685139208549616,0.5461536132472896,0.08781938076724054,CNN-LSTM
S302,0.28126351209809713,0.28756470982952126,0.17126699547032237,0.135658739655956,0.12424604294610128,ANN
S303,0.7764852121215555,0.04615222643723846,0.05816955150953341,0.05790336856186607,0.06128964136980266,1D-CNN
S304,0.3704160191700537,0.3869933541134281,0.018959281200899222,0.08489993432213389,0.13873141119348298,ANN
S305,0.025858270769380937,0.043988640651618914,0.6802264296170297,0.21295704098344903,0.03696961797851924,LSTM
S306,0.2262736042826215,0.22811851631598912,0.17583459192320336,0.2922120926679497,0.07756119481023611,CNN-LSTM
S307,0.42905855514560415,0.2494691559080114,0.15894694104203022,0.11538637201899472,0.047138975885363504,1D-CNN
S308,0.17419483168498837,0.4341282585668136,0.2269123614153826,0.10291056404122866,0.0618539842915861,ANN
S309,0.12830254430458254,0.22010443499145269,0.14998376364811375,0.16267429347256301,0.33893496358328584,GRU
S310,0.033452413524050366,0.10998779344516453,0.18225125185320684,0.17922376630241194,0.49508477487516517,GRU
S311,0.14528280993261414,0.11939885363814029,0.2992055984989962,0.21156556756488262,0.22454717036536498,LSTM
S312,0.06766435887827829,0.1251509131188918,0.35631103776158696,0.10117034862868222,0.3497033416125565,LSTM
S313,0.01634826298631835,0.05420311776166935,0.3513714506100816,0.07815016679793396,0.4999270018439968,GRU
S314,0.1904454442865362,0.19833751940760944,0.20992895671888223,0.09492200807253694,0.3063660715144329,GRU
S315,0.12403805684840659,0.31450125981222543,0.24722173086649446,0.02097537680468259,0.2932635756681932,ANN
S316,0.24767761911023548,0.259703512995545,0.0631546268205132,0.17609126557775368,0.2533729754959527,ANN
S317,0.11933265977018971,0.10375707230767908,0.0889769261951976,0.022853706202908573,0.6650796355240244,GRU
S318,0.05512833571893188,0.6938430757356575,0.033757156086102295,0.17390778735569423,0.04336364510360991,ANN
S319,0.3137989871587527,0.25094424943104254,0.12495447960458031,0.2428343457466048,0.06746793805902297,1D-CNN
S320,0.20325093067125793,0.39493831052022227,0.22842190444539043,0.14071011308775935,0.032678741275371216,ANN
S321,0.11715419271243523,0.18675367889854835,0.09984582574589276,0.5422593833309385,0.05398691931218441,CNN-LSTM
S322,0.3068959521603036,0.08117570971331046,0.15728808074202313,0.16267462399646318,0.2919656333878997,1D-CNN
S323,0.2735166889849817,0.19830373305803795,0.1612235964475746,0.28180819342677527,0.08514778808262743,CNN-LSTM
S324,0.09718303202494465,0.6589932756644572,0.05835897865934461,0.056697610670758423,0.1287671029804935,ANN
S325,0.10783320185822437,0.08799457829647113,0.08707199764539914,0.03069440388767287,0.6864058183122328,GRU
S326,0.08260640147011739,0.385739170739728,0.2103745555240404,0.06497163809215897,0.25630823417395737,ANN
S327,0.11397515831968535,0.06252858275143881,0.14740743429785597,0.6059796457938031,0.07010917883722176,CNN-LSTM
S328,0.08957160169514591,0.3178870447544735,0.11030175351817617,0.409036295336405,0.0732033046958046,CNN-LSTM
S329,0.25658046788952366,0.16368336334416791,0.13885959069924578,0.28516397220174333,0.1557126058653212,CNN-LSTM
S330,0.5239476201735194,0.08950360204133419,0.08566955130603722,0.14066680040039584,0.16021242607871086,1D-CNN
S331,0.17792955339994426,0.12383861342297013,0.2199472376681331,0.33817566171574476,0.1401089337932075,CNN-LSTM
S332,0.07096414808516188,0.14243995548812996,0.5613457566237071,0.14435914168905317,0.0808909981139477,LSTM
S333,0.10232376130025203,0.7623889197078999,0.03478166982763042,0.028230303358779848,0.07227534580543693,ANN
S334,0.15841448032272568,0.22220529937273534,0.0554065585482782,0.09037918831617803,0.47359447344009026,GRU
S335,0.24909156356354378,0.031913604836665825,0.1335225427461099,0.5232891806925336,0.06218310816114073,CNN-LSTM
S336,0.038658489793610494,0.047673066933703455,0.39318407524061516,0.05190855075335427,0.46857581727871656,GRU
S337,0.1743655263866503,0.06147985647296045,0.24100905994832014,0.193198567882075,0.3299469893099922,GRU
S338,0.44066901503293504,0.2383865799695889,0.11967370480690723,0.06490911923917982,0.13636158095138765,1D-CNN
S339,0.15414843723489527,0.08671213776673863,0.31180082539939075,0.376963284191473,0.07037531540749932,CNN-LSTM
S340,0.14433726258797355,0.33512816741594764,0.15467468150945732,0.17919576909879784,0.1866641193878281,ANN
S341,0.0747039205494905,0.06308081703948853,0.11717485046788718,0.0638471721091265,0.6811932398340108,GRU
S342,0.1942899725401305,0.17933309813448547,0.14925644123073833,0.17893280629991007,0.2981876817947425,GRU
S343,0.19189743665774206,0.24210942746204248,0.24586344786091632,0.13285808640934424,0.1872716016099528,LSTM
S344,0.11780789817524831,0.16522153655054916,0.30022592635308964,0.3706843760284966,0.046060262892616326,CNN-LSTM
S345,0.12708316489189547,0.5944219662064808,0.14413968520459167,0.07379027950124624,0.06056490419578413,ANN
S346,0.35367407302515497,0.14526130770259893,0.10689351269424964,0.28184607951152674,0.11232502706646347,1D-CNN
S347,0.320825902488089,0.14199136931879708,0.1607735057008064,0.246394667523956,0.13001455496835027,1D-CNN
S348,0.1154072340916339,0.2690407585864226,0.316141702231097,0.1439885834769196,0.15542172161393214,LSTM
S349,0.17829561868273267,0.2471246891796961,0.1554616064388862,0.2002057869504283,0.2189122987482648,ANN
S350,0.14786491428996887,0.12461169527668883,0.16567025090668158,0.44426789590065036,0.11758524362600938,CNN-LSTM
S351,0.2512278812013067,0.20273450740795004,0.1019790869638899,0.4135444173530347,0.030514107073816573,CNN-LSTM
S352,0.17888503986734294,0.37398570070369824,0.11941272705588075,0.2320991319642961,0.0956174004087832,ANN
S353,0.22201335753880336,0.17604751156255072,0.16568157560618557,0.2213573537066765,0.21490020158578102,1D-CNN
S354,0.21385042860191603,0.14057808404405633,0.1645255660509391,0.19712777282561122,0.2839181484774744,GRU
S355,0.09659958365175707,0.25143091537531387,0.3146647768108969,0.20303169776702124,0.1342730263950131,LSTM
S356,0.013186995924429257,0.9558274920547128,0.00398890525557191,0.0018550230693742985,0.025141583695913034,ANN
S357,0.0478719304505778,0.04852195827209843,0.11587767862157664,0.06438690594376113,0.7233415267119857,GRU
S358,0.008435116428917535,0.3842302631152736,0.40558867751889466,0.07215513066525069,0.12959081227166058,LSTM
S359,0.18576831517997203,0.020668032831274642,0.5780597219136918,0.18854287911003598,0.026961050965020827,LSTM
S360,0.06994289902815333,0.32833162503049945,0.3223411748345468,0.14627999601571348,0.1331043050910879,ANN
S361,0.130259358672448,0.26372697575382753,0.16046993638271512,0.08053099452799387,0.36501273466301337,GRU
S362,0.03380578874383232,0.12119658766057534,0.1115229242151833,0.057804888259901425,0.6756698111205051,GRU
S363,0.03693934657505163,0.050647172370489324,0.10873404219624251,0.06042705177649263,0.7432523870817206,GRU
S364,0.18971842602223846,0.12277915548922955,0.2026242148420973,0.18626157933052506,0.29861662431590846,GRU
S365,0.2083545970547002,0.0705182508744092,0.4121355253647296,0.20498154404806532,0.1040100826580952,LSTM
S366,0.16929775934040028,0.07819544773513624,0.31530716136415476,0.33872114316606955,0.09847848839424042,CNN-LSTM
S367,0.1498816099867683,0.39003304615806084,0.07961145419466828,0.2032785809892362,0.17719530867126285,ANN
