Segment,1D-CNN,ANN,GRU,Selected
S1,0.36793983738945885,0.19637469628135426,0.43568546632918476,GRU
S2,0.49820424329192264,0.26759428833025267,0.23420146837782374,1D-CNN
S3,0.18813760207015906,0.6006229008047859,0.21123949712505424,ANN
S4,0.3022186649990252,0.45952671893186203,0.23825461606911538,ANN
S5,0.18676017869101655,0.3400886916312681,0.4731511296777147,GRU
S6,0.19236137790204777,0.3383313973766775,0.469307224721273,GRU
S7,0.27486073904577074,0.24050685857631213,0.48463240237791716,GRU
S8,0.2150233260992123,0.4161951559198172,0.3687815179809726,ANN
S9,0.3234199728785623,0.39404610911360544,0.2825339180078325,ANN
S10,0.22310938434722108,0.35856292180378935,0.4183276938489888,GRU
S11,0.2855075673873059,0.2992451887994792,0.41524724381321476,GRU
S12,0.2807243944952787,0.25075535600251553,0.4685202495022065,GRU
S13,0.20227651749291745,0.22117992239967282,0.5765435601074077,GRU
S14,0.2195006868759109,0.2806778828107801,0.499821430313309,GRU
S15,0.22645967545817433,0.4563353736215748,0.3172049509202515,ANN
S16,0.28400448462988753,0.1525551880004334,0.563440327369681,GRU
S17,0.36485823190750216,0.4906590132392545,0.14448275485324383,ANN
S18,0.5386955096000302,0.3791152055881021,0.08218928481187011,1D-CNN
S19,0.48318758322142785,0.4076088921567734,0.10920352462179948,1D-CNN
S20,0.45212620132693015,0.4279288935790892,0.11994490509397852,1D-CNN
S21,0.2766912936617479,0.4001064245029591,0.32320228183529265,ANN
S22,0.31294485377194325,0.25885329599267975,0.4282018502353769,GRU
S23,0.06215198121362834,0.14279787090449972,0.7950501478818726,GRU
S24,0.03926172496863416,0.6445950631060566,0.31614321192530875,ANN
S25,0.4717366552109405,0.1796839168437862,0.34857942794527197,1D-CNN
S26,0.2347582089307838,0.48711701053271556,0.2781247805364978,ANN
S27,0.5655098174927228,0.21307165866045633,0.2214185238468216,1D-CNN
S28,0.4534849683459915,0.23447447383166387,0.3120405578223452,1D-CNN
S29,0.48434147063711047,0.29900446223904115,0.21665406712384908,1D-CNN
S30,0.5054182166681521,0.3116944975608087,0.18288728577103808,1D-CNN
S31,0.44555298075019206,0.3347978237321521,0.21964919551765574,1D-CNN
S32,0.36570806803143957,0.37457529264007816,0.25971663932848305,ANN
S33,0.3843189443494129,0.2756182840950603,0.3400627715555297,1D-CNN
S34,0.3651945803617218,0.2625021688904326,0.3723032507478455,GRU
S35,0.2972864891497376,0.3589520807213403,0.34376143012892124,ANN
S36,0.25242959134125703,0.34465281372681184,0.40291759493192947,GRU
S37,0.19091959367917344,0.29811476001285653,0.5109656463079693,GRU
S38,0.37094900137386844,0.3850521831823735,0.2439988154437581,ANN
S39,0.34786102911346534,0.3409304637763337,0.31120850711020165,1D-CNN
S40,0.3390981896580259,0.3401902924259646,0.3207115179160093,ANN
S41,0.34791298638115487,0.32802289090498515,0.32406412271385976,1D-CNN
S42,0.37377215248609275,0.33808835133834153,0.28813949617556345,1D-CNN
S43,0.370211168828083,0.3589762202224202,0.27081261094949693,1D-CNN
S44,0.360341115256456,0.13087420284308537,0.5087846819004583,GRU
S45,0.09068099385787129,0.08187094925829921,0.8274480568838283,GRU
S46,0.188952030682621,0.7552724172133496,0.05577555210402875,ANN
S47,0.09922960969253561,0.27485695535533883,0.625913434952126,GRU
S48,0.21152288283901746,0.10675223232121696,0.6817248848397662,GRU
S49,0.2436066438510016,0.20190876324960386,0.5544845928993933,GRU
S50,0.6441169984119224,0.2229661136354013,0.1329168879526751,1D-CNN
S51,0.39660109538310734,0.4796734103223079,0.12372549429458381,ANN
S52,0.4413336453370003,0.5077257459365391,0.05094060872646072,ANN
S53,0.38681583736045316,0.45349365168749967,0.15969051095204906,ANN
S54,0.8035299086222594,0.1677120277027916,0.02875806367494894,1D-CNN
S55,0.35489423668064835,0.5139695597449971,0.13113620357435385,ANN
S56,0.16782415436777465,0.19944324595626117,0.6327325996759624,GRU
S57,0.25227742697392375,0.31349735931591194,0.43422521371016426,GRU
S58,0.21349290478069508,0.43041036646078507,0.35609672875852183,ANN
S59,0.18968951337047796,0.2528891217312463,0.5574213648982759,GRU
S60,0.3287702062663245,0.2779601748154063,0.39326961891826845,GRU
S61,0.4711085022307337,0.39121897909795456,0.13767251867131083,1D-CNN
S62,0.5475874605022808,0.2235471841063203,0.2288653553914008,1D-CNN
S63,0.2709174203028006,0.29664359427020354,0.43243898542699727,GRU
S64,0.2505928071985187,0.25347320738488005,0.49593398541660094,GRU
S65,0.21532941487194826,0.09801486078595141,0.6866557243421004,GRU
S66,0.2561724044934115,0.24575160041131086,0.49807599509527767,GRU
S67,0.37135354611493493,0.3646201555376597,0.2640262983474049,1D-CNN
S68,0.3215532047110997,0.48143178072375337,0.19701501456514645,ANN
S69,0.32600761017880336,0.5195227752787882,0.15446961454240693,ANN
S70,0.3557902194887231,0.5197985461142294,0.12441123439704749,ANN
S71,0.3741072038717733,0.4696604264047419,0.15623236972348317,ANN
S72,0.10803563220369679,0.8779016583988799,0.014062709397422997,ANN
S73,0.03391270490468817,0.07393168139512026,0.8921556137001914,GRU
S74,0.3283232918814131,0.33909622987805216,0.33258047824053727,ANN
S75,0.30111987719361283,0.3400882381830194,0.35879188462336903,GRU
S76,0.27807456366243904,0.4125657003255265,0.3093597360120337,ANN
S77,0.3436366371293017,0.16640011373678668,0.48996324913391165,GRU
S78,0.39903107664337517,0.3192955024457034,0.2816734209109197,1D-CNN
S79,0.3058765946102896,0.35261360423958216,0.34150980115012897,ANN
S80,0.3079216293396227,0.4550480524325756,0.2370303182278031,ANN
S81,0.36703237464824184,0.3208313148789995,0.3121363104727612,1D-CNN
S82,0.2835269068742166,0.3558989991984536,0.3605740939273319,GRU
S83,0.257059773701928,0.33723651403163896,0.4057037122664322,GRU
S84,0.2997214707236324,0.1905517724925444,0.5097267567838237,GRU
S85,0.11230093973948618,0.051145822554665286,0.836553237705849,GRU
S86,0.5160515522034386,0.2560416573385191,0.22790679045804002,1D-CNN
S87,0.4443060939074673,0.40377060105801804,0.15192330503451426,1D-CNN
S88,0.5646448689633814,0.1482082781396615,0.28714685289695546,1D-CNN
S89,0.4857184983107065,0.23495216699595578,0.2793293346933375,1D-CNN
S90,0.43280689570186903,0.338554084443217,0.2286390198549139,1D-CNN
S91,0.4106875050914661,0.42622616132974245,0.16308633357879126,ANN
S92,0.47977478871150714,0.4051386796900597,0.11508653159843514,1D-CNN
S93,0.3119495094427933,0.4692901399479219,0.218760350609285,ANN
S94,0.3464584445292152,0.46048046979079416,0.19306108567999009,ANN
S95,0.09991457448677046,0.0766602300501695,0.82342519546306,GRU
S96,0.13464711480873742,0.09623386569551727,0.7691190194957451,GRU
S97,0.2640374482353115,0.14292099607719494,0.5930415556874936,GRU
S98,0.268337482135415,0.541636282190414,0.19002623567416962,ANN
S99,0.2547485688843346,0.6682425399863211,0.07700889112934423,ANN
S100,0.6765642036537168,0.07045777268132597,0.2529780236649557,1D-CNN
S101,0.18539864402829365,0.14101243182164735,0.6735889241500613,GRU
S102,0.31189479276173426,0.41173701335394153,0.2763681938843232,ANN
S103,0.27029190238836504,0.32045664397802087,0.40925145363361365,GRU
S104,0.01591175321049288,0.021136137159871213,0.962952109629636,GRU
S105,0.03162808454307626,0.03504367171273369,0.9333282437441889,GRU
S106,0.021750317963957214,0.005913835467755284,0.9723358465682875,GRU
S107,0.007018247991315964,0.01166921597658226,0.9813125360321018,GRU
S108,0.04612828922193184,0.07731651623740808,0.8765551945406601,GRU
S109,0.4712931724842676,0.15749311885065734,0.37121370866507747,1D-CNN
S110,0.2819780989889511,0.5069247678596742,0.21109713315137438,ANN
S111,0.20610504274442296,0.305129510545873,0.48876544670970384,GRU
S112,0.08421785536156426,0.2935177988296098,0.6222643458088246,GRU
S113,0.22858979686079148,0.2851513693521383,0.48625883378706997,GRU
S114,0.19261629659510798,0.18402121316384004,0.623362490241052,GRU
S115,0.15019299378578946,0.4200819216156684,0.4297250845985427,GRU
S116,0.23589532453791776,0.3899437058273191,0.3741609696347637,ANN
S117,0.2789444042210969,0.3799594943992845,0.3410961013796181,ANN
S118,0.45091576180101683,0.29149509657938383,0.25758914161959906,1D-CNN
S119,0.610805398563591,0.21075665525611587,0.17843794618029382,1D-CNN
S120,0.37639458465566644,0.4649908378552611,0.15861457748907415,ANN
S121,0.6029347016256837,0.31882835399294784,0.07823694438136994,1D-CNN
S122,0.5364446973581061,0.3047705188952651,0.15878478374662822,1D-CNN
S123,0.41284762346233844,0.4550216358031289,0.13213074073453274,ANN
S124,0.5214844998708235,0.25433894188973794,0.2241765582394382,1D-CNN
S125,0.26468944813113454,0.2625819694925097,0.4727285823763545,GRU
S126,0.3033434138879318,0.3443756388290287,0.35228094728303844,GRU
S127,0.2941580971518067,0.3593115705257281,0.3465303323224677,ANN
S128,0.3293321350917064,0.31445628849064433,0.3562115764176491,GRU
S129,0.2732024983988261,0.3177275500866061,0.4090699515145676,GRU
S130,0.43169900872273215,0.3543588347154552,0.21394215656181262,1D-CNN
S131,0.483492406198116,0.2378302512923701,0.2786773425095152,1D-CNN
S132,0.15129479785027072,0.7149754490791449,0.13372975307058502,ANN
S133,0.3734106920846572,0.4753712457793505,0.151218062135992,ANN
S134,0.46904371154287094,0.402977638840075,0.12797864961705574,1D-CNN
S135,0.31098260313718584,0.40218612605707343,0.28683127080574256,ANN
S136,0.2724078615772248,0.2532492472133749,0.4743428912094002,GRU
S137,0.09507659554629429,0.12712990309296998,0.7777935013607348,GRU
S138,0.2123744113190688,0.5043936971354022,0.2832318915455289,ANN
S139,0.24138789662366222,0.29059489899919666,0.46801720437714084,GRU
S140,0.2676624051219307,0.1382491109975165,0.5940884838805515,GRU
S141,0.28101525502042857,0.3704354401800217,0.34854930479954804,ANN
S142,0.33197478720703916,0.2847551800366566,0.3832700327563028,GRU
S143,0.1986781673710518,0.5267538018723663,0.27456803075658387,ANN
S144,0.44287229330899647,0.2601045900593368,0.29702311663166525,1D-CNN
S145,0.5253659525478681,0.33460955609552734,0.1400244913566043,1D-CNN
S146,0.311304017598411,0.5935319253316407,0.09516405706994908,ANN
S147,0.6552523142726865,0.024203373242314436,0.32054431248499904,1D-CNN
S148,0.4074990633106613,0.31928095139766977,0.2732199852916679,1D-CNN
S149,0.1432364574088471,0.19147171310552727,0.6652918294856263,GRU
S150,0.13013711244420365,0.2195720609542287,0.6502908266015701,GRU
S151,0.229614495513992,0.2269158013029707,0.5434697031830392,GRU
S152,0.21504799302550423,0.4731386444832142,0.3118133624912841,ANN
S153,0.3304126858204519,0.32476950631900015,0.34481780786054644,GRU
S154,0.36556745556033815,0.3410980316683407,0.2933345127713219,1D-CNN
S155,0.4445019653449647,0.2589700409607543,0.29652799369428007,1D-CNN
S156,0.3935831043427649,0.29734844178135184,0.30906845387588233,1D-CNN
S157,0.45211783300681957,0.2910161455742168,0.25686602141896275,1D-CNN
S158,0.3059987064117273,0.43500357298325026,0.25899772060502113,ANN
S159,0.22050656680489186,0.414130822703666,0.3653626104914395,ANN
S160,0.27423197494687274,0.3104942140145145,0.4152738110386134,GRU
S161,0.3554837705028862,0.37571553817681,0.26880069132030515,ANN
S162,0.4051870988613491,0.27856151622237413,0.3162513849162766,1D-CNN
S163,0.436132211604662,0.2487558369156676,0.3151119514796697,1D-CNN
S164,0.33587644892490626,0.4330766891251106,0.23104686194998564,ANN
S165,0.18300943818388624,0.7393348223957691,0.07765573942034416,ANN
S166,0.22542758833219967,0.2003912615099176,0.5741811501578827,GRU
S167,0.3928250603308007,0.27995767996431,0.3272172597048895,1D-CNN
S168,0.34313861650929905,0.3808684628181496,0.27599292067255315,ANN
S169,0.6195142244147523,0.19361405452921865,0.18687172105602967,1D-CNN
S170,0.3676414313769361,0.4497691807788149,0.1825893878442504,ANN
S171,0.6857531655797826,0.22955106070423384,0.08469577371598322,1D-CNN
S172,0.20253015348447095,0.389241087146178,0.4082287593693511,GRU
S173,0.06278351312596367,0.8013578812035452,0.13585860567049063,ANN
S174,0.20097218897475402,0.37960974230719996,0.419418068718045,GRU
S175,0.20541319088756718,0.3954263200913609,0.39916048902107176,GRU
S176,0.1779549206517109,0.33890154471652,0.48314353463176846,GRU
S177,0.259057053602112,0.19646781355848347,0.5444751328394037,GRU
S178,0.19096377130428802,0.47418152987921525,0.3348546988164952,ANN
S179,0.5015712314027096,0.19938367439504892,0.29904509420224273,1D-CNN
S180,0.331389153786635,0.17151067539074263,0.4971001708226224,GRU
S181,0.26389650539601417,0.2596133641775024,0.47649013042648164,GRU
S182,0.13155635644414684,0.06422480758056547,0.804218835975287,GRU
S183,0.12920168355800088,0.0921244653355383,0.7786738511064614,GRU
S184,0.1657399226988566,0.11837474195375235,0.7158853353473894,GRU
S185,0.217645786286089,0.045521062620802556,0.7368331510931065,GRU
S186,0.22896132195736832,0.16530637633144948,0.6057323017111846,GRU
S187,0.36458432517705486,0.2534683026685776,0.38194737215436647,GRU
S188,0.41378449123333905,0.3456506620785956,0.24056484668806785,1D-CNN
S189,0.6111193080003877,0.2374387469040617,0.15144194509555048,1D-CNN
S190,0.2556371186882628,0.5542631430177576,0.19009973829398014,ANN
S191,0.46063030909305225,0.2468542583079646,0.2925154325989828,1D-CNN
S192,0.2444084600091295,0.38295702046098484,0.37263451952988375,ANN
S193,0.09748789874616968,0.1386836055811657,0.7638284956726648,GRU
S194,0.234006438398129,0.30347598118249647,0.4625175804193731,GRU
S195,0.283090863369918,0.42652258177910196,0.29038655485098097,ANN
S196,0.14883781421406864,0.5275442772370006,0.3236179085489314,ANN
S197,0.21411116167539643,0.4041356141928438,0.38175322413175977,ANN
S198,0.26220026092412907,0.23331625396857328,0.5044834851072963,GRU
S199,0.2566073664164944,0.24790179529611933,0.49549083828738616,GRU
S200,0.318006243685168,0.3021618205615097,0.3798319357533223,GRU
S201,0.28789092974543445,0.20243501336112976,0.509674056893436,GRU
S202,0.25271238182733097,0.3146413984385396,0.43264621973413137,GRU
S203,0.22095873543617886,0.20832826292932854,0.5707130016344943,GRU
S204,0.22539889663020093,0.3784342254621944,0.3961668779076045,GRU
S205,0.3462882163236894,0.30262266795772663,0.3510891157185838,GRU
S206,0.35732357856819214,0.3462846488912855,0.2963917725405219,1D-CNN
S207,0.352643406675554,0.4252599970310044,0.22209659629344122,ANN
S208,0.16580347556413802,0.3009858678476862,0.533210656588175,GRU
S209,0.14876880347465055,0.24919711623184246,0.6020340802935064,GRU
S210,0.26986668860976754,0.5140278643983186,0.21610544699191384,ANN
S211,0.7105396654881493,0.12443644738772457,0.16502388712412594,1D-CNN
S212,0.2567982538953947,0.6906044282450098,0.052597317859596274,ANN
S213,0.12885498200334156,0.13159536923632884,0.7395496487603308,GRU
S214,0.2110807121450186,0.22336135979627392,0.5655579280587071,GRU
S215,0.26573596137581973,0.3153430028553082,0.4189210357688727,GRU
S216,0.19779534722496542,0.3421046971690513,0.460099955605986,GRU
S217,0.1823130725630455,0.46372309635242864,0.35396383108452584,ANN
S218,0.12443033168192964,0.3587970192359323,0.5167726490821373,GRU
S219,0.10585458214347561,0.34473605660438533,0.5494093612521403,GRU
S220,0.14402730135941305,0.14079638237705014,0.7151763162635367,GRU
S221,0.21940769261052157,0.2034208251333975,0.5771714822560805,GRU
S222,0.1490622480091314,0.6443284066684707,0.20660934532239633,ANN
S223,0.05564889647649422,0.11650801169461192,0.8278430918288953,GRU
S224,0.0943965833268796,0.14145326844112785,0.7641501482319913,GRU
S225,0.20861645932333314,0.28653239658556084,0.504851144091106,GRU
S226,0.19764533942726784,0.1552321138578608,0.6471225467148697,GRU
S227,0.1506160342381975,0.3706008610753306,0.47878310468647395,GRU
S228,0.1712926577621734,0.17888834196812664,0.6498190002696981,GRU
S229,0.2522110736465772,0.43805037921965845,0.30973854713376403,ANN
S230,0.3309805823994854,0.33528127360460674,0.3337381439959077,ANN
S231,0.30994212132635157,0.31225614457826667,0.37780173409538187,GRU
S232,0.4897542973442532,0.2570542374261391,0.2531914652296076,1D-CNN
S233,0.3979631063628996,0.3559158313410693,0.2461210622960312,1D-CNN
S234,0.35235359063259164,0.3526947882155003,0.2949516211519099,ANN
S235,0.19610357173014645,0.14861964647259016,0.6552767817972635,GRU
S236,0.2057772252348757,0.47931891312416347,0.3149038616409598,ANN
S237,0.3155872988917705,0.39303516008253236,0.291377541025697,ANN
S238,0.4571931534936376,0.1419056586448418,0.4009011878615213,1D-CNN
S239,0.1278021230619433,0.5009913010331837,0.3712065759048728,ANN
S240,0.4824525569336383,0.1942787771873407,0.32326866587901937,1D-CNN
S241,0.31308705454804303,0.3966149253060859,0.29029802014587064,ANN
S242,0.4509568602529686,0.44496396632555046,0.10407917342148261,1D-CNN
S243,0.4171853410168095,0.38706303095102035,0.19575162803217014,1D-CNN
S244,0.4559491247172186,0.33337885255691285,0.21067202272586924,1D-CNN
S245,0.5003965362142486,0.31061200485172535,0.1889914589340261,1D-CNN
S246,0.33535781701133416,0.4061565232151769,0.25848565977348914,ANN
S247,0.3645967024776846,0.3296505863229047,0.30575271119941005,1D-CNN
S248,0.2570955889125942,0.3971120299149519,0.34579238117245287,ANN
S249,0.21433792313788058,0.3815112064886775,0.4041508703734414,GRU
S250,0.3014490823781683,0.34741061354243746,0.3511403040793931,GRU
S251,0.3370156206765179,0.4051699066895203,0.25781447263396307,ANN
S252,0.4366468897648291,0.20322320312678951,0.3601299071083814,1D-CNN
S253,0.3095877065314398,0.43635817800984317,0.2540541154587154,ANN
S254,0.3275161208222167,0.3136140037266704,0.3588698754511133,GRU
S255,0.2065609099328312,0.3867158025773548,0.4067232874898146,GRU
S256,0.4221452216779528,0.3421797838837181,0.23567499443832993,1D-CNN
S257,0.3063203938709766,0.35130932699776735,0.3423702791312551,ANN
S258,0.3591298637935824,0.27439162442507214,0.36647851178134283,GRU
S259,0.3864534376674213,0.4043890662481783,0.20915749608440024,ANN
S260,0.36184525392668965,0.4743998735673061,0.163754872506004,ANN
S261,0.3766690227333794,0.14717266048701333,0.4761583167796092,GRU
S262,0.3885761283892046,0.31848941213941045,0.29293445947138497,1D-CNN
S263,0.27981132165669786,0.1482029263899516,0.5719857519533526,GRU
S264,0.19101014940503097,0.4396144375012533,0.36937541309371436,ANN
S265,0.4214313479321619,0.20754555315693307,0.37102309891090696,1D-CNN
S266,0.3565079919740138,0.38261998603603603,0.2608720219899496,ANN
S267,0.27097301556099096,0.4941523426117337,0.23487464182727796,ANN
S268,0.33008008586893134,0.20163435545851827,0.468285558672549,GRU
S269,0.2725779355878299,0.3361453436736676,0.3912767207385024,GRU
S270,0.26790148736298863,0.2766027096636071,0.45549580297340414,GRU
S271,0.24148929652742296,0.41240269451489375,0.346108008957684,ANN
S272,0.17464314444558837,0.09066972382493586,0.7346871317294748,GRU
S273,0.36905005042370614,0.3277854205306651,0.30316452904562835,1D-CNN
S274,0.399834783252918,0.32601014815887197,0.2741550685882099,1D-CNN
S275,0.39800734339712407,0.3183305292468559,0.28366212735602,1D-CNN
S276,0.2780105558737917,0.44282306324077564,0.2791663808854317,ANN
S277,0.3308031619918662,0.3849742802768915,0.284222557731241,ANN
S278,0.29675917825718356,0.3225408983027808,0.38069992344003567,GRU
S279,0.15141444421805342,0.04419329378230516,0.8043922619996415,GRU
S280,0.2768772813716226,0.24879975617623212,0.4743229624521451,GRU
S281,0.5804107413572106,0.3426740775584333,0.07691518108435635,1D-CNN
S282,0.5216920106576877,0.26222155895210253,0.2160864303902086,1D-CNN
S283,0.40182544786301216,0.37886948978844204,0.21930506234854588,1D-CNN
S284,0.3698689700755635,0.4473267509195943,0.18280427900484192,ANN
S285,0.3824386052692836,0.4495416769469143,0.1680197177838022,ANN
S286,0.4143978199308251,0.3974988398169033,0.18810334025227146,1D-CNN
S287,0.3536153761404702,0.3470505425324389,0.29933408132709105,1D-CNN
S288,0.07719408537958276,0.07826654101745503,0.8445393736029623,GRU
S289,0.09927168486991564,0.17018810603900136,0.7305402090910836,GRU
S290,0.18780666100333132,0.21239060672783003,0.5998027322688381,GRU
S291,0.31861578376162225,0.4558623513528612,0.22552186488551662,ANN
S292,0.3304909890349786,0.37781262052098535,0.29169639044403783,ANN
S293,0.41755868945629476,0.12191225216762525,0.46052905837607977,GRU
S294,0.47078493194878795,0.2973654693686559,0.23184959868255678,1D-CNN
S295,0.39043191546722616,0.35732297478324193,0.25224510974952996,1D-CNN
S296,0.35727900992586775,0.5036323556592555,0.13908863441487562,ANN
S297,0.42022342369846244,0.4138137336623641,0.16596284263917546,1D-CNN
S298,0.28866831535743875,0.39206713336792853,0.31926455127463343,ANN
S299,0.34061276782462235,0.3108166555356337,0.3485705766397437,GRU
S300,0.3375306551856104,0.10925732162628554,0.5532120231881029,GRU
S301,0.17319500506921995,0.23513241926667272,0.591672575664108,GRU
S302,0.4443235534936821,0.3599289911326053,0.19574745537371196,1D-CNN
S303,0.5591054607503152,0.18173803507171718,0.2591565041779678,1D-CNN
S304,0.5117213981328906,0.2622007733289737,0.2260778285381355,1D-CNN
S305,0.18778930749728343,0.4964965279013857,0.31571416460133106,ANN
S306,0.31165600032477575,0.6063762373779015,0.08196776229732279,ANN
S307,0.5169660541795342,0.41413425580266516,0.06889969001780118,1D-CNN
S308,0.3035639694343108,0.617847415117836,0.0785886154478532,ANN
S309,0.2981594918475296,0.29372476558013805,0.40811574257233185,GRU
S310,0.05466532940407837,0.18453173797516678,0.7608029326207546,GRU
S311,0.30918280638944867,0.21440498505939978,0.476412208551151,GRU
S312,0.2021804779911888,0.09380801159077787,0.704011510418033,GRU
S313,0.0353825311662728,0.035451571617437214,0.9291658972162904,GRU
S314,0.3038354224838121,0.2956496267666645,0.400514950749523,GRU
S315,0.18239945957918122,0.6497049233553529,0.16789561706546582,ANN
S316,0.23033999094954236,0.366776282481169,0.40288372656928884,GRU
S317,0.18710107967928796,0.10559659503310252,0.70730232528761,GRU
S318,0.1445954996880803,0.7189006834324743,0.13650381687944554,ANN
S319,0.4786454915805521,0.37702111507301367,0.1443333933464357,1D-CNN
S320,0.39429320449755817,0.5157400426712235,0.08996675283121834,ANN
S321,0.45760645915161313,0.3689381749153481,0.17345536593303879,1D-CNN
S322,0.37270786306232245,0.4509205614266814,0.17637157551099678,ANN
S323,0.5668609355687046,0.28019523476771724,0.15294382966357797,1D-CNN
S324,0.1346087781651553,0.8137804827242552,0.05161073911058875,ANN
S325,0.2662320758372363,0.2518174383560602,0.48195048580670474,GRU
S326,0.27463672907372494,0.3462178458087195,0.3791454251175543,GRU
S327,0.3580683907843835,0.21980475528369492,0.4221268539319235,GRU
S328,0.31680676559496107,0.3936642433377029,0.2895289910673351,ANN
S329,0.3774633624380493,0.29245956577739624,0.3300770717845531,1D-CNN
S330,0.3887662330425459,0.27984402860806756,0.33138973834938634,1D-CNN
S331,0.387741923832398,0.2852230530146374,0.32703502315296457,1D-CNN
S332,0.2060766997776983,0.5519714190408698,0.2419518811814315,ANN
S333,0.2565056300571908,0.6612876863060991,0.08220668363670972,ANN
S334,0.16839737115690595,0.15156966503643088,0.6800329638066631,GRU
S335,0.6688562682811089,0.11337534070857336,0.21776839101031747,1D-CNN
S336,0.20713933532718698,0.22233692405034786,0.5705237406224671,GRU
S337,0.3572955293344736,0.05882233693161268,0.5838821337339128,GRU
S338,0.17537902967814717,0.34042474731051775,0.48419622301133447,GRU
S339,0.39040345157218026,0.35272646284205683,0.25687008558576296,1D-CNN
S340,0.327085762364834,0.3854301343915275,0.28748410324363916,ANN
S341,0.21484929451008886,0.13050637711629717,0.6546443283736137,GRU
S342,0.2999671700443059,0.24159773273032442,0.45843509722536885,GRU
S343,0.30553910149292884,0.3652085303771748,0.32925236812989506,ANN
S344,0.32853105607212946,0.36449487072894265,0.3069740731989285,ANN
S345,0.33654052733377066,0.3213131019240837,0.3421463707421454,GRU
S346,0.4073243117019589,0.3132034610098432,0.279472227288198,1D-CNN
S347,0.5112486303444286,0.2537093125682344,0.23504205708733514,1D-CNN
S348,0.19901582174961244,0.5740072931096786,0.2269768851407089,ANN
S349,0.33493937920804345,0.36856184892785493,0.29649877186410084,ANN
S350,0.32031372290329585,0.28349911082072893,0.3961871662759733,GRU
S351,0.3794282063981545,0.3249402277543481,0.2956315658474974,1D-CNN
S352,0.2858272189294668,0.4304037090065617,0.2837690720639726,ANN
S353,0.3998139537043711,0.2895032548605243,0.31068279143510374,1D-CNN
S354,0.36461930324997704,0.24281359138731043,0.39256710536271244,GRU
S355,0.1749202054502176,0.5506507031007387,0.2744290914490438,ANN
S356,0.0668766136159628,0.9129572357422551,0.020166150641781573,ANN
S357,0.06418842608706381,0.04376162443308843,0.8920499494798477,GRU
S358,0.25697328374721523,0.36929420019162357,0.37373251606116026,GRU
S359,0.5408740774020462,0.13248323539923829,0.3266426871987154,1D-CNN
S360,0.04158506881104161,0.7593802934211027,0.19903463776785632,ANN
S361,0.36032431783719426,0.37495656747019535,0.2647191146926098,ANN
S362,0.17640959023821515,0.22987788698555797,0.5937125227762265,GRU
S363,0.15556142960024952,0.22753520008414058,0.6169033703156097,GRU
S364,0.2845031672951546,0.22410991582932221,0.4913869168755229,GRU
S365,0.4041624563955596,0.18868863681848988,0.4071489067859533,GRU
S366,0.2739399366633526,0.3075948648279776,0.4184651985086687,GRU
S367,0.27167864330603714,0.4346051867155103,0.29371616997845207,ANN
S368,0.42690519622054157,0.42615939934946884,0.14693540442998967,1D-CNN
S369,0.3309905061315519,0.5620700486053071,0.10693944526314163,ANN
S370,0.707328631109513,0.23055272647760142,0.062118642412885346,1D-CNN
S371,0.12272584872547292,0.035918238727865405,0.8413559125466619,GRU
S372,0.17876863577683197,0.2752722620680042,0.5459591021551641,GRU
S373,0.25076983030095895,0.08602205594608965,0.663208113752951,GRU
S374,0.18031437535041686,0.29650699193536545,0.5231786327142177,GRU
S375,0.31043804212130965,0.3125239445529341,0.37703801332575765,GRU
S376,0.2151425428379544,0.15666540714460475,0.6281920500174415,GRU
S377,0.280806552540148,0.3643967852520916,0.35479666220776246,ANN
S378,0.3414278119287337,0.2835954724061161,0.37497671566515,GRU
S379,0.41477267625212016,0.27249510981331315,0.31273221393456685,1D-CNN
S380,0.39745045206141455,0.32818917078688714,0.27436037715170086,1D-CNN
S381,0.13950589710069958,0.03581845278012644,0.8246756501191741,GRU
S382,0.18472146536480427,0.12581564004288798,0.6894628945923066,GRU
S383,0.22153013846552608,0.32923521686874896,0.4492346446657242,GRU
S384,0.3398500128510768,0.12262239329261733,0.5375275938563084,GRU
S385,0.14457855058767607,0.1653076433680983,0.6901138060442238,GRU
S386,0.1344545971187117,0.30862347052303146,0.5569219323582582,GRU
S387,0.18414148809424918,0.09673842595264934,0.7191200859531008,GRU
S388,0.3288131507579268,0.4891544896678478,0.18203235957422673,ANN
S389,0.7318971305896323,0.21819394310798434,0.04990892630238396,1D-CNN
S390,0.5194658851083347,0.31691961923072715,0.16361449566093808,1D-CNN
S391,0.5695100768916039,0.33371887882264223,0.09677104428575524,1D-CNN
S392,0.442398353939822,0.4144121610945898,0.14318948496558995,1D-CNN
S393,0.3126166977679808,0.41710743595522815,0.2702758662767907,ANN
S394,0.21156320076563287,0.2345507902088357,0.5538860090255316,GRU
S395,0.21855176745622082,0.34804251232325695,0.43340572022052215,GRU
S396,0.27159609820844277,0.34015418536632874,0.38824971642522693,GRU
S397,0.40576150979364295,0.12307452181057993,0.47116396839577634,GRU
S398,0.15694276498355134,0.5566039848289953,0.28645325018745316,ANN
S399,0.42152948239614363,0.33725581275529537,0.24121470484855986,1D-CNN
S400,0.25495099887814504,0.37388967602215945,0.37115932509969424,ANN
S401,0.3417616002823311,0.34710979589510854,0.31112860382256036,ANN
S402,0.3465207954362926,0.3359342901326859,0.3175449144310212,1D-CNN
S403,0.32640292150658334,0.29355411098700607,0.3800429675064086,GRU
S404,0.20907720940891797,0.27696715884565637,0.5139556317454246,GRU
S405,0.13415037946412914,0.13254766550518837,0.7333019550306826,GRU
S406,0.2281894115549478,0.4479479838675442,0.3238626045775092,ANN
S407,0.237284668611805,0.4004432086183001,0.362272122769895,ANN
S408,0.1345726575954146,0.09193545203057335,0.7734918903740117,GRU
S409,0.034139790682930826,0.059311513796034415,0.9065486955210348,GRU
S410,0.13422039424154059,0.31176762050124285,0.5540119852572166,GRU
S411,0.20213608103039146,0.3393666672272448,0.4584972517423639,GRU
S412,0.19769135184398595,0.3701022458459568,0.4322064023100551,GRU
S413,0.18510996574513486,0.27378169197602975,0.5411083422788359,GRU
S414,0.14720037007968131,0.3863029267484407,0.4664967031718778,GRU
S415,0.0905529795715074,0.3271811698554369,0.5822658505730574,GRU
S416,0.3615686262942634,0.47138133408014565,0.16705003962559217,ANN
S417,0.4711425724682553,0.24463496799425852,0.2842224595374867,1D-CNN
S418,0.3710948516071163,0.3184461823505516,0.3104589660423315,1D-CNN
S419,0.42989281789873435,0.29973193121322655,0.2703752508880387,1D-CNN
S420,0.2354387873933568,0.3409573051510335,0.4236039074556067,GRU
S421,0.1483236472835876,0.47808171161984986,0.37359464109656204,ANN
S422,0.20463095452588653,0.47211477407633057,0.32325427139778273,ANN
S423,0.020106081464111355,0.8465414947069199,0.13335242382896964,ANN
S424,0.33192085971704727,0.3445446732306562,0.3235344670522961,ANN
S425,0.21035319224703763,0.40496872594816113,0.3846780818048012,ANN
S426,0.4295704949514881,0.3945523534876104,0.1758771515609014,1D-CNN
S427,0.6135467395232234,0.2547335954403062,0.13171966503647142,1D-CNN
S428,0.7548778294378439,0.15059013115629205,0.09453203940586408,1D-CNN
S429,0.5331964846517921,0.2987356221492547,0.1680678931989539,1D-CNN
S430,0.44735976629210894,0.30744170929822673,0.24519852440966428,1D-CNN
S431,0.38545378647048145,0.43209634152056764,0.18244987200894985,ANN
S432,0.315581926440731,0.4410370448751539,0.24338102868411718,ANN
S433,0.33278983958287334,0.3323976983413846,0.33481246207574,GRU
S434,0.4411641005616847,0.22720383228837762,0.3316320671499377,1D-CNN
S435,0.3610778267109288,0.28526723324048125,0.35365494004859005,1D-CNN
S436,0.40440233284596644,0.3026134872605969,0.2929841798934353,1D-CNN
S437,0.3181430944420319,0.4478304273765265,0.2340264781814424,ANN
S438,0.3705078309206318,0.26173963062898586,0.3677525384503843,1D-CNN
S439,0.2757151594508747,0.3657071896451328,0.35857765090399246,ANN
S440,0.25716969109020543,0.28981962822144247,0.4530106806883517,GRU
S441,0.2019816920183377,0.18935805770769984,0.6086602502739631,GRU
S442,0.4754803524191258,0.2478883742388551,0.2766312733420225,1D-CNN
S443,0.302962989271292,0.5290139418310899,0.16802306889761756,ANN
S444,0.31933979912498567,0.3527838980218102,0.32787630285320396,ANN
S445,0.2834698560781918,0.34878491233125974,0.3677452315905492,GRU
S446,0.4151442977007174,0.29966899779212874,0.28518670450715383,1D-CNN
S447,0.2640410119576952,0.32357861114888475,0.412380376893418,GRU
S448,0.32644955729845665,0.34556842962773376,0.3279820130738102,ANN
S449,0.37944005143152265,0.34611724187564064,0.27444270669283827,1D-CNN
S450,0.47881196725236835,0.28828484371017543,0.2329031890374543,1D-CNN
S451,0.17196667906326643,0.01529879532382413,0.8127345256129095,GRU
S452,0.03255225749461258,0.018902876814190128,0.9485448656911968,GRU
S453,0.22904581790342393,0.1449788915250711,0.6259752905715044,GRU
S454,0.5166324134045125,0.05956180651009129,0.4238057800853963,1D-CNN
S455,0.07041173244863401,0.5307963913467514,0.39879187620461476,ANN
S456,0.16493277808902737,0.620411079938604,0.21465614197236865,ANN
S457,0.07030396747666727,0.12128083639689236,0.8084151961264394,GRU
S458,0.03948883431363637,0.028074220095822753,0.9324369455905412,GRU
S459,0.03365222472504157,0.10438844628445781,0.8619593289905005,GRU
S460,0.3758088602137711,0.40058767877453244,0.22360346101169606,ANN
S461,0.2606880924677235,0.3130775411945645,0.4262343663377114,GRU
S462,0.21496327990656403,0.17889756727716705,0.6061391528162695,GRU
S463,0.2898414752184256,0.2330186556791151,0.47713986910246114,GRU
S464,0.2682502800917991,0.33124445916822093,0.40050526073997744,GRU
S465,0.3000836631972492,0.3449393736393105,0.35497696316344085,GRU
S466,0.31414989721556896,0.26431336732261285,0.4215367354618167,GRU
S467,0.39173384048119303,0.2854200362248816,0.32284612329392737,1D-CNN
S468,0.35585171669456117,0.35562290644696676,0.28852537685847157,1D-CNN
S469,0.44205314248713334,0.3659280349982744,0.19201882251459235,1D-CNN
S470,0.38007003633059366,0.412645102428596,0.20728486124081005,ANN
S471,0.20331650847324562,0.24307632086494999,0.5536071706618069,GRU
S472,0.10801349450871191,0.24051033490124293,0.6514761705900451,GRU
S473,0.3621114748826234,0.4086369652776568,0.22925155983972045,ANN
S474,0.27099926052839934,0.4232321928466763,0.3057685466249243,ANN
S475,0.3435330721564151,0.21516067594296795,0.44130625190061634,GRU
S476,0.09857961358460779,0.20076765089060705,0.7006527355247851,GRU
S477,0.16766589122327824,0.20854034809782876,0.6237937606788928,GRU
S478,0.27242672350366565,0.39196528863121793,0.33560798786511653,ANN
S479,0.22178404103300867,0.2705794524336789,0.5076365065333118,GRU
S480,0.24904755398621828,0.396807824668626,0.3541446213451551,ANN
S481,0.22843432465514282,0.328240783329576,0.44332489201528186,GRU
S482,0.25689638615348115,0.2764056861929369,0.466697927653582,GRU
S483,0.32413827501519327,0.4855643339505596,0.19029739103424595,ANN
S484,0.42714461831366934,0.3841288845244745,0.18872649716185622,1D-CNN
S485,0.42702446341223066,0.38250667310713893,0.19046886348062975,1D-CNN
S486,0.1928887775092539,0.30158739527791656,0.5055238272128296,GRU
S487,0.28926690447164677,0.4498545619890094,0.26087853353934637,ANN
S488,0.2397966644720576,0.38137806509709055,0.37882527043085173,ANN
S489,0.20350059341792465,0.46425428725170576,0.33224511933036843,ANN
S490,0.35806212683359495,0.29982226412800517,0.3421156090383997,1D-CNN
S491,0.2694272882357455,0.4055155123845914,0.3250571993796624,ANN
S492,0.2565665909681703,0.297375766634398,0.44605764239743173,GRU
S493,0.16081040200211635,0.14878570400522273,0.6904038939926598,GRU
S494,0.1639076301600318,0.6547318777235283,0.18136049211644237,ANN
S495,0.29682004038553217,0.34686658556787586,0.3563133740465917,GRU
S496,0.1271630003254129,0.1675929221724236,0.7052440775021633,GRU
S497,0.14374153879050994,0.06546393738351007,0.79079452382598,GRU
S498,0.2034605565839157,0.373370704409373,0.4231687390067121,GRU
S499,0.29734050831696196,0.32029013855141625,0.38236935313162246,GRU
S500,0.28839176823820406,0.466660163462099,0.244948068299696,ANN
S501,0.40605545959373357,0.2322079950005398,0.3617365454057263,1D-CNN
S502,0.26382206158805305,0.4315573459697335,0.3046205924422154,ANN
S503,0.16571065011972852,0.31104774720078293,0.5232416026794875,GRU
S504,0.05966090896118777,0.07290179117873317,0.86743729986008,GRU
S505,0.32207735125668274,0.3801752633575165,0.29774738538580076,ANN
S506,0.3423299534334733,0.3099369042025042,0.3477331423640226,GRU
S507,0.31255760363696317,0.32483167342466357,0.3626107229383723,GRU
S508,0.36325755757276446,0.3252480249208411,0.31149441750639345,1D-CNN
S509,0.3681885960273658,0.3331401271032403,0.298671276869394,1D-CNN
S510,0.3189329208616752,0.3867653844497036,0.294301694688624,ANN
S511,0.16207707492774973,0.1381419457768191,0.6997809792954317,GRU
S512,0.22279580156817616,0.5284351628867174,0.2487690355451058,ANN
S513,0.31394342281677573,0.5071588218067408,0.17889775537648347,ANN
S514,0.31537402045696417,0.4276834558784196,0.25694252366461634,ANN
S515,0.3784078514323648,0.5095218005167237,0.11207034805091066,ANN
S516,0.09088609129900696,0.187415937068025,0.7216979716329677,GRU
S517,0.17744822179043365,0.22443318296140602,0.5981185952481604,GRU
S518,0.2500470395804831,0.3023220569012575,0.4476309035182613,GRU
S519,0.22509876370435455,0.29127176669220883,0.4836294696034366,GRU
S520,0.21505115095019264,0.15712627563175097,0.627822573418055,GRU
S521,0.06754730054243042,0.22599223099788945,0.7064604684596799,GRU
S522,0.14484963147177468,0.13947970784414107,0.7156706606840838,GRU
S523,0.1315416695007691,0.2198398205223176,0.6486185099769125,GRU
S524,0.1559785804925035,0.38642453824314094,0.457596881264355,GRU
S525,0.1048994830739147,0.41937659788649473,0.4757239190395893,GRU
S526,0.11271889044666389,0.21535331177669312,0.6719277977766435,GRU
S527,0.12694295447311243,0.24307741514359152,0.6299796303832942,GRU
S528,0.10635932570909755,0.2587589167773527,0.6348817575135491,GRU
S529,0.2566354486124851,0.4604365451471922,0.2829280062403225,ANN
S530,0.6440981537130013,0.20433544608673346,0.15156640020026535,1D-CNN
S531,0.4320642807433674,0.4863933966478896,0.08154232260874315,ANN
S532,0.44179034508003445,0.44482748761017643,0.11338216730978916,ANN
S533,0.2674978865388485,0.49229626926632086,0.24020584419483063,ANN
S534,0.438402371759891,0.2058935122745344,0.3557041159655736,1D-CNN
S535,0.38981432232855845,0.26215412349873884,0.348031554172702,1D-CNN
S536,0.5128200385449175,0.20274860475758158,0.28443135669750347,1D-CNN
S537,0.2714006883233074,0.4192024060663922,0.30939690561029964,ANN
S538,0.16248056080104775,0.323072444764932,0.5144469944340198,GRU
S539,0.26537465764766194,0.37889547477071295,0.3557298675816245,ANN
S540,0.2104997832798274,0.5809093433669028,0.2085908733532691,ANN
S541,0.13808000999943998,0.528564367599461,0.3333556224010998,ANN
S542,0.2677169611075664,0.31859601142066835,0.4136870274717647,GRU
S543,0.20564125107449838,0.3411825306511656,0.4531762182743362,GRU
S544,0.32622987134757825,0.41922570984860663,0.2545444188038159,ANN
S545,0.4646634644587425,0.44350483866879326,0.09183169687246316,1D-CNN
S546,0.5804271458467926,0.33558302855955635,0.08398982559365215,1D-CNN
S547,0.5465638205126198,0.2975681842237269,0.1558679952636533,1D-CNN
S548,0.3308979988588963,0.6170794821321492,0.052022519008956145,ANN
S549,0.529217414609905,0.3977458514883349,0.07303673390175904,1D-CNN
S550,0.4560597854545297,0.28848609323811797,0.255454121307353,1D-CNN
S551,0.3728217024199054,0.3754135356157515,0.25176476196434217,ANN
S552,0.5612971182768736,0.24262415478032315,0.19607872694280384,1D-CNN
S553,0.1981066136208369,0.3723419089415684,0.4295514774375945,GRU
S554,0.40996627621591686,0.2790960609550428,0.3109376628290405,1D-CNN
S555,0.3128530921058519,0.32773939084133596,0.35940751705281165,GRU
S556,0.4367884665123879,0.285320702851793,0.2778908306358186,1D-CNN
S557,0.4357670616629515,0.2525210808828278,0.3117118574542191,1D-CNN
S558,0.39033552781318387,0.2465415026726107,0.3631229695142055,1D-CNN
S559,0.2931377113070609,0.38006869075865446,0.32679359793428375,ANN
S560,0.09793923133537269,0.8164456078936261,0.08561516077100115,ANN
S561,0.34234034736181296,0.40889714436836405,0.24876250826982285,ANN
S562,0.20328735917998433,0.41497224670696015,0.38174039411305416,ANN
S563,0.22088771282591424,0.2927166019914332,0.48639568518265325,GRU
S564,0.23078986699797924,0.20030208905017752,0.568908043951843,GRU
S565,0.3097463622351706,0.377563424610756,0.3126902131540735,ANN
S566,0.2890134166734529,0.5726614270250034,0.13832515630154352,ANN
S567,0.6702629355787868,0.12966552100097506,0.20007154342023864,1D-CNN
S568,0.16927729555923307,0.18474801427355977,0.6459746901672069,GRU
S569,0.17378669109410555,0.18213851882760015,0.6440747900782938,GRU
S570,0.11723068592847326,0.09973753525719957,0.7830317788143266,GRU
S571,0.17802996469019008,0.12856510292959084,0.6934049323802184,GRU
S572,0.20089348334480386,0.07674731959473173,0.7223591970604638,GRU
S573,0.10607252548035812,0.02733258334243073,0.8665948911772112,GRU
S574,0.051058701456560315,0.0369262183004355,0.9120150802430042,GRU
S575,0.08230297516523757,0.03641482106476595,0.8812822037699954,GRU
S576,0.07514102141103876,0.12854224771193395,0.7963167308770268,GRU
S577,0.27184372219522457,0.3393830884868028,0.3887731893179734,GRU
S578,0.2278528182846844,0.2867788782311309,0.48536830348418486,GRU
S579,0.35321068667062816,0.39509385389507357,0.25169545943429783,ANN
S580,0.4426078583127501,0.32585005604778494,0.2315420856394637,1D-CNN
S581,0.3194289335503522,0.38284206418982836,0.2977290022598187,ANN
S582,0.33084980488947474,0.28301975791851486,0.3861304371920092,GRU
S583,0.3700529588913387,0.2857656256059327,0.3441814155027293,1D-CNN
S584,0.28469664490866603,0.3441693844849935,0.37113397060634057,GRU
S585,0.19294088149267605,0.18971131053845924,0.6173478079688652,GRU
S586,0.286502059640344,0.3466452393947882,0.3668527009648686,GRU
S587,0.3142017891237275,0.44261150654767845,0.24318670432859593,ANN
S588,0.2640931278686908,0.3799745678617653,0.35593230426954303,ANN
