Segment,1D-CNN,ANN,GRU,Selected
S1,0.5188636881203724,0.17020482110954205,0.3109314907700854,1D-CNN
S2,0.2733373406308123,0.2862236251432861,0.44043903422590125,GRU
S3,0.2940081677315261,0.40843261466341985,0.29755921760505355,ANN
S4,0.3034611279524858,0.3773252723213307,0.31921359972618313,ANN
S5,0.212028700754786,0.46695007129766486,0.3210212279475488,ANN
S6,0.09809465345515332,0.5156650588150554,0.38624028772979124,ANN
S7,0.4598470372545016,0.30650093298273573,0.23365202976276261,1D-CNN
S8,0.42587537385983965,0.4285722493670082,0.14555237677315222,ANN
S9,0.25878203434388775,0.38603585000802937,0.35518211564808266,ANN
S10,0.3393042014361385,0.27121150938454586,0.3894842891793155,GRU
S11,0.3405124646244225,0.3226545982328915,0.3368329371426862,1D-CNN
S12,0.33510975664605047,0.3132558078457715,0.35163443550817797,GRU
S13,0.25159272430575924,0.4133819604756773,0.3350253152185628,ANN
S14,0.2894821465258567,0.5179293603062083,0.19258849316793464,ANN
S15,0.42812654635443026,0.3795113684073817,0.19236208523818824,1D-CNN
S16,0.1855843582598641,0.33109605154046184,0.48331959019967413,GRU
S17,0.2608217997367788,0.5466102376792226,0.1925679625839987,ANN
S18,0.529458399575235,0.22802981365266006,0.24251178677210478,1D-CNN
S19,0.3303097941217024,0.4067657520899125,0.2629244537883845,ANN
S20,0.3846407208593095,0.34401177007058503,0.2713475090701054,1D-CNN
S21,0.3147518714463928,0.3825619877849873,0.30268614076862066,ANN
S22,0.32106696671558227,0.3029903237554859,0.37594270952893144,GRU
S23,0.17887811884565344,0.40269043994043097,0.4184314412139162,GRU
S24,0.4016972603876945,0.47338305013572834,0.12491968947657708,ANN
S25,0.35220395288013634,0.25718443302471217,0.3906116140951512,GRU
S26,0.2394796467068086,0.5237351087271116,0.2367852445660792,ANN
S27,0.545469854044122,0.1938455835460838,0.2606845624097944,1D-CNN
S28,0.3272344295637723,0.2279590557939887,0.44480651464223914,GRU
S29,0.347490955160055,0.3693356208526839,0.28317342398726153,ANN
S30,0.5097996855545077,0.3044037343996721,0.18579658004582017,1D-CNN
S31,0.2083945664883481,0.6910546244061334,0.10055080910551828,ANN
S32,0.2553638782632331,0.2509724473353223,0.49366367440144465,GRU
S33,0.38997889760352017,0.16015444724490002,0.4498666551515804,GRU
S34,0.3302777749207506,0.27662097916737466,0.3931012459118741,GRU
S35,0.3112448657254214,0.34882987249290803,0.3399252617816702,ANN
S36,0.09775423252839904,0.7350849274722548,0.16716083999934567,ANN
S37,0.13729743874361183,0.6771243087842707,0.18557825247211723,ANN
S38,0.47777664524759134,0.4371519832788983,0.08507137147350982,1D-CNN
S39,0.42708503213855176,0.44049591281778305,0.13241905504366538,ANN
S40,0.3101731864169413,0.35221873526646796,0.3376080783165906,ANN
S41,0.3628383286163159,0.2999393705627812,0.33722230082090293,1D-CNN
S42,0.39913600971600327,0.30685340331185573,0.2940105869721409,1D-CNN
S43,0.3569466856040505,0.34187005933252534,0.30118325506342375,1D-CNN
S44,0.44603818920146354,0.32095704607830317,0.2330047647202331,1D-CNN
S45,0.2778876823543297,0.2735813766307632,0.4485309410149071,GRU
S46,0.2186335773806761,0.5431984863091139,0.23816793631020933,ANN
S47,0.24027467950014886,0.39387035684890986,0.36585496365094106,ANN
S48,0.4104817948509563,0.2234396785261695,0.36607852662287416,1D-CNN
S49,0.29056065357270444,0.5873527014483587,0.12208664497893663,ANN
S50,0.5709346662994391,0.32875066724014,0.10031466646042035,1D-CNN
S51,0.10257133876168158,0.7413184148151986,0.15611024642311955,ANN
S52,0.27005869596135085,0.24231860704784058,0.48762269699080885,GRU
S53,0.3042427372678192,0.441755132329716,0.2540021304024647,ANN
S54,0.4524207197258458,0.18151181696548366,0.36606746330867,1D-CNN
S55,0.15614746350290865,0.24053139593337897,0.6033211405637119,GRU
S56,0.09664840730814228,0.13239195839103943,0.7709596343008182,GRU
S57,0.22837072773619774,0.19588679974115236,0.5757424725226497,GRU
S58,0.13652328654338244,0.44921011189389254,0.4142666015627252,ANN
S59,0.2683936509737411,0.44662089634626373,0.284985452679995,ANN
S60,0.26254878089164774,0.47374894653720506,0.2637022725711466,ANN
S61,0.3790002985087556,0.3630361522524676,0.2579635492387761,1D-CNN
S62,0.19091734291650686,0.3965751511899603,0.41250750589353274,GRU
S63,0.28391005868166685,0.3426501476577696,0.3734397936605633,GRU
S64,0.31636734949488,0.30707818883140575,0.3765544616737139,GRU
S65,0.3139136424193209,0.3019982382466501,0.38408811933402864,GRU
S66,0.3976337158998244,0.36227915599939614,0.24008712810077945,1D-CNN
S67,0.5351646568587471,0.32027842448262595,0.1445569186586267,1D-CNN
S68,0.283845750952883,0.3736357886080366,0.34251846043908035,ANN
S69,0.2629092857566718,0.41860627436448966,0.3184844398788387,ANN
S70,0.34746004515873474,0.40715994276597195,0.24538001207529317,ANN
S71,0.3908841500571576,0.34201841301426855,0.2670974369285736,1D-CNN
S72,0.19367372867295768,0.6856486045716899,0.1206776667553524,ANN
S73,0.22867945657853134,0.30137815766670867,0.46994238575476,GRU
S74,0.21382145256339888,0.35078045354769904,0.4353980938889022,GRU
S75,0.17841426191912146,0.6598619515325438,0.16172378654833536,ANN
S76,0.23120707574599594,0.4436789047169518,0.3251140195370522,ANN
S77,0.4052522300919525,0.2295622616939365,0.36518550821411117,1D-CNN
S78,0.577207818921341,0.2727193848592454,0.15007279621941327,1D-CNN
S79,0.536871113291965,0.3028471012321936,0.16028178547584107,1D-CNN
S80,0.3886710929392906,0.41662824339080934,0.19470066366989994,ANN
S81,0.3554145881126808,0.31516183377346935,0.32942357811385053,1D-CNN
S82,0.11451099009988769,0.5907416199570902,0.2947473899430226,ANN
S83,0.2710625156822594,0.2707719648758036,0.4581655194419359,GRU
S84,0.04819078326372705,0.6534272406270719,0.2983819761092009,ANN
S85,0.35102317800417354,0.24740230098160088,0.4015745210142257,GRU
S86,0.09407895412439833,0.23236500386877385,0.6735560420068286,GRU
S87,0.230255661645906,0.25605023127924464,0.5136941070748496,GRU
S88,0.49454183337363267,0.16882882398654214,0.33662934263982525,1D-CNN
S89,0.76489702636253,0.09584734787304702,0.1392556257644229,1D-CNN
S90,0.3784831899570918,0.3272674745862458,0.29424933545666215,1D-CNN
S91,0.09529547215253205,0.7972894238508316,0.10741510399663617,ANN
S92,0.2272108961893506,0.5025556718067321,0.27023343200391736,ANN
S93,0.3165005079789908,0.3769744451670024,0.30652504685400656,ANN
S94,0.3202281127702331,0.3366776304587152,0.34309425677105126,GRU
S95,0.19502623397794383,0.16048460356796682,0.6444891624540894,GRU
S96,0.08996710422485242,0.16378028795987684,0.7462526078152707,GRU
S97,0.33132946038279154,0.4067128061341799,0.26195773348302787,ANN
S98,0.39265355304132654,0.40938131914823156,0.1979651278104417,ANN
S99,0.35590154400867613,0.4972751594039364,0.14682329658738816,ANN
S100,0.502674137362039,0.13770444886966315,0.3596214137682973,1D-CNN
S101,0.2955412693800833,0.23728632402860628,0.4671724065913102,GRU
S102,0.3162862528083556,0.39119649175899646,0.2925172554326481,ANN
S103,0.31989521286845196,0.3323624511776156,0.34774233595393333,GRU
S104,0.15486555376114616,0.22643313812962143,0.6187013081092325,GRU
S105,0.2869335897650401,0.29574713897914195,0.4173192712558176,GRU
S106,0.23675831108381454,0.13789505596197124,0.6253466329542141,GRU
S107,0.10547414353923598,0.25648214096243627,0.6380437154983273,GRU
S108,0.24468045978464142,0.2978835309752219,0.45743600924013655,GRU
S109,0.4609340331152986,0.1863382357857311,0.35272773109897015,1D-CNN
S110,0.2914219231509898,0.4257370418929896,0.2828410349560212,ANN
S111,0.30715538351800314,0.31099617183829675,0.3818484446437009,GRU
S112,0.2509304756827404,0.2684949369801332,0.4805745873371264,GRU
S113,0.2924043400252016,0.2910607655664233,0.4165348944083751,GRU
S114,0.32023760952423064,0.30787728671128245,0.371885103764487,GRU
S115,0.29247786478554494,0.44669266306467015,0.260829472149785,ANN
S116,0.17337451484416028,0.5536514770606403,0.27297400809519906,ANN
S117,0.24625652503171458,0.48539123552443525,0.2683522394438503,ANN
S118,0.7631119555434763,0.11125781516236312,0.12563022929416048,1D-CNN
S119,0.1919579725176824,0.6944356846296156,0.11360634285270206,ANN
S120,0.31291535908431123,0.19353387712842904,0.49355076378726037,GRU
S121,0.4478423362838236,0.23438780008118293,0.3177698636349936,1D-CNN
S122,0.4932899784723098,0.30276854773493017,0.2039414737927602,1D-CNN
S123,0.33582464616154123,0.566005518683443,0.09816983515501645,ANN
S124,0.20634429338022078,0.3175043160437913,0.47615139057598793,GRU
S125,0.2507598179424727,0.2221932818645652,0.5270469001929622,GRU
S126,0.3838841277209824,0.2497614037619869,0.36635446851703,1D-CNN
S127,0.25334127250175004,0.4137313475058998,0.3329273799923509,ANN
S128,0.20636935313586338,0.5717286500368095,0.22190199682732725,ANN
S129,0.39954614886343487,0.3409463035270157,0.25950754760954936,1D-CNN
S130,0.8260471630141696,0.13049939839750044,0.043453438588329625,1D-CNN
S131,0.7555780644533933,0.10447473663267873,0.13994719891392787,1D-CNN
S132,0.2746136248084904,0.4462115327254626,0.2791748424660461,ANN
S133,0.3376061771054477,0.33789889982963717,0.32449492306491495,ANN
S134,0.42903473644540274,0.30609868662661804,0.26486657692797927,1D-CNN
S135,0.2583367509079764,0.297429492482942,0.4442337566090822,GRU
S136,0.5550088712452341,0.2842668614938118,0.160724267260954,1D-CNN
S137,0.18057132965739564,0.23630209269633853,0.5831265776462652,GRU
S138,0.18800169299869882,0.43448025852595396,0.3775180484753473,ANN
S139,0.2452013150325489,0.2338492498359935,0.5209494351314581,GRU
S140,0.24116771780080035,0.2867026802850773,0.4721296019141219,GRU
S141,0.22918182351889624,0.5669464537970003,0.2038717226841033,ANN
S142,0.4180626537283223,0.33427891432273027,0.24765843194894693,1D-CNN
S143,0.29858820610493014,0.48150714084607055,0.21990465304899923,ANN
S144,0.42180636315945186,0.1466783503549301,0.43151528648561777,GRU
S145,0.3914899063719618,0.3629853214411912,0.24552477218684698,1D-CNN
S146,0.3265290120310116,0.415247003712864,0.25822398425612514,ANN
S147,0.5661334953476135,0.19725875181136973,0.23660775284101715,1D-CNN
S148,0.3411734029779106,0.40034106481384757,0.2584855322082413,ANN
S149,0.13130097881475328,0.16336699565132493,0.7053320255339219,GRU
S150,0.28348343609659193,0.241445743062725,0.4750708208406838,GRU
S151,0.32724435522789636,0.25650833263649075,0.416247312135613,GRU
S152,0.1515511186064304,0.7154629681347983,0.13298591325877124,ANN
S153,0.30815077359927295,0.5072329948745671,0.1846162315261595,ANN
S154,0.4007603896022909,0.40795124711629993,0.19128836328140889,ANN
S155,0.2896379447982799,0.21941338607063818,0.49094866913108126,GRU
S156,0.3924414447808275,0.26370836274085696,0.3438501924783156,1D-CNN
S157,0.3667887449646338,0.3033640218073206,0.3298472332280462,1D-CNN
S158,0.22161420683264052,0.48538714675756506,0.29299864640979423,ANN
S159,0.1276290188500816,0.6836408598435716,0.1887301213063469,ANN
S160,0.2878044844556901,0.42118637123873204,0.29100914430557767,ANN
S161,0.3207292323388791,0.38951053358541504,0.28976023407570645,ANN
S162,0.629999553749718,0.21504223067974151,0.15495821557054038,1D-CNN
S163,0.4548438095858107,0.1738746686814714,0.3712815217327176,1D-CNN
S164,0.3622269552569471,0.37380281529872145,0.2639702294443321,ANN
S165,0.048623799883022636,0.9021146706875175,0.04926152942945978,ANN
S166,0.3497408011470902,0.2546471343965506,0.39561206445635916,GRU
S167,0.4596400751358164,0.2538129941033954,0.28654693076078885,1D-CNN
S168,0.6678669997241273,0.21216425763509877,0.11996874264077381,1D-CNN
S169,0.40432016778479973,0.42465152517380655,0.17102830704139352,ANN
S170,0.5260111274805644,0.25292893729392635,0.22105993522550935,1D-CNN
S171,0.7003342720346499,0.15228709452896738,0.14737863343638255,1D-CNN
S172,0.054813709618768726,0.06305929343312795,0.8821269969481034,GRU
S173,0.06767282740378837,0.4513425484125708,0.4809846241836408,GRU
S174,0.07375641101884704,0.15648062822446895,0.7697629607566837,GRU
S175,0.07471815584049159,0.6312406010364523,0.29404124312305613,ANN
S176,0.06538330053422951,0.739922096757962,0.19469460270780867,ANN
S177,0.24591776760650993,0.4173553396748117,0.33672689271867795,ANN
S178,0.3365323621346079,0.3330268290170143,0.33044080884837723,1D-CNN
S179,0.6155723191698789,0.15684293157787235,0.22758474925224947,1D-CNN
S180,0.360061816033023,0.244377880278148,0.3955603036888296,GRU
S181,0.34483241728575525,0.33538808982199214,0.3197794928922525,1D-CNN
S182,0.2712544745655613,0.2562677295608925,0.4724777958735461,GRU
S183,0.13480255548294587,0.11949731455324927,0.7457001299638047,GRU
S184,0.31487439545385126,0.3117796433198424,0.3733459612263061,GRU
S185,0.3646008008707917,0.19023498680984255,0.4451642123193654,GRU
S186,0.35785437470256376,0.352564500473219,0.289581124824218,1D-CNN
S187,0.2641233626453367,0.5721153086312307,0.16376132872343205,ANN
S188,0.4520359254026309,0.34691228641593747,0.2010517881814317,1D-CNN
S189,0.29685334782679856,0.3700250313092166,0.33312162086398484,ANN
S190,0.3490825340424354,0.2800868468983622,0.37083061905920217,GRU
S191,0.36905766238123167,0.2946002087540899,0.3363421288646782,1D-CNN
S192,0.22773391545491267,0.4455966358904002,0.32666944865468694,ANN
S193,0.07359021702717843,0.6914332822768043,0.23497650069601717,ANN
S194,0.08049029556329476,0.1967371636776335,0.7227725407590717,GRU
S195,0.33714441372617615,0.4192398738129527,0.2436157124608712,ANN
S196,0.33514282419924196,0.3841021258578993,0.28075504994285877,ANN
S197,0.2001652541859986,0.5633898627934283,0.23644488302057304,ANN
S198,0.228283325757433,0.19801735874195,0.5736993155006169,GRU
S199,0.30333107696104605,0.26410982707677017,0.4325590959621837,GRU
S200,0.3449037781624557,0.31355639270927244,0.3415398291282712,1D-CNN
S201,0.3389853863443009,0.297051644047523,0.3639629696081762,GRU
S202,0.3037822245034122,0.4083128188013642,0.2879049566952233,ANN
S203,0.3411627528018684,0.44707868965019876,0.21175855754793246,ANN
S204,0.18919206993770524,0.3321306401159105,0.4786772899463839,GRU
S205,0.36437381554541165,0.3013416458295104,0.33428453862507873,1D-CNN
S206,0.3727736387712232,0.33115489180391283,0.29607146942486395,1D-CNN
S207,0.33329107019827015,0.3939211895882038,0.2727877402135258,ANN
S208,0.0813501657530792,0.7668763749269012,0.15177345932001965,ANN
S209,0.37154039135072375,0.24437319371960067,0.3840864149296756,GRU
S210,0.4275282167869517,0.3853082287548767,0.18716355445817145,1D-CNN
S211,0.41354440538130877,0.3089754435394818,0.27748015107921004,1D-CNN
S212,0.1943685946105496,0.6721857293996052,0.13344567598984533,ANN
S213,0.19347049756998785,0.11222429545887191,0.6943052069711398,GRU
S214,0.2839889302512779,0.24351946354424028,0.4724916062044813,GRU
S215,0.3318105423050373,0.30406585535758385,0.3641236023373785,GRU
S216,0.2746099312355404,0.3747725388480091,0.3506175299164512,ANN
S217,0.23826088363852196,0.48033524232682095,0.2814038740346562,ANN
S218,0.42070045335738215,0.283030184951312,0.2962693616913056,1D-CNN
S219,0.17904539964169822,0.2708850197978927,0.5500695805604097,GRU
S220,0.28816912282492524,0.3417694745122812,0.3700614026627936,GRU
S221,0.3480916409175727,0.2195744756979548,0.43233388338447265,GRU
S222,0.19852400842833426,0.5551144091586195,0.24636158241304615,ANN
S223,0.22538117504701818,0.17779265609033065,0.5968261688626512,GRU
S224,0.2557264167609112,0.29418709020124484,0.45008649303784404,GRU
S225,0.32007416954528695,0.3160004514780041,0.3639253789767095,GRU
S226,0.30384355405893204,0.22187947405068922,0.4742769718903785,GRU
S227,0.2699416144560499,0.370265012619612,0.35979337292433816,ANN
S228,0.30092130290854135,0.33196635346078934,0.3671123436306691,GRU
S229,0.2522608188239238,0.5827927189029812,0.16494646227309415,ANN
S230,0.21735392278192248,0.3444686789901173,0.4381773982279602,GRU
S231,0.3197883693547208,0.24412676268001873,0.43608486796526025,GRU
S232,0.4546626481797284,0.2719512559116717,0.2733860959085998,1D-CNN
S233,0.40753693040575706,0.29130264090898783,0.30116042868525456,1D-CNN
S234,0.3211094620866403,0.35008624880887557,0.328804289104485,ANN
S235,0.25768236784518317,0.4577959942424331,0.28452163791238466,ANN
S236,0.19673406600016569,0.3616664329827274,0.4415995010171063,GRU
S237,0.3365263934236143,0.37811091917130973,0.28536268740507587,ANN
S238,0.2997399901065693,0.44198926341799716,0.2582707464754334,ANN
S239,0.2110046359644151,0.45423210499952044,0.33476325903606435,ANN
S240,0.5527090963314651,0.16042737400049187,0.2868635296680421,1D-CNN
S241,0.3664033353658463,0.3667261685923963,0.266870496041757,ANN
S242,0.38896921870966283,0.36877666338252374,0.2422541179078135,1D-CNN
S243,0.6621162291180728,0.23570717577484515,0.102176595107082,1D-CNN
S244,0.29122546795082455,0.48017526073216543,0.22859927131701058,ANN
S245,0.3048141540375603,0.2553681774114452,0.43981766855099463,GRU
S246,0.27874692454245464,0.38719131529338785,0.334061760164158,ANN
S247,0.34848701318231307,0.32326387231699105,0.32824911450069616,1D-CNN
S248,0.18308344910314056,0.6333477281260537,0.183568822770805,ANN
S249,0.21534615017956105,0.5539169841644817,0.23073686565595794,ANN
S250,0.29947551666697975,0.37710018285593594,0.3234243004770841,ANN
S251,0.6183038539230277,0.2743199013290463,0.10737624474792651,1D-CNN
S252,0.4157608342267239,0.22538168046284032,0.3588574853104357,1D-CNN
S253,0.3266919148827225,0.37531267535162854,0.2979954097656487,ANN
S254,0.2022581866087636,0.5836331786136256,0.21410863477761075,ANN
S255,0.15471264511237473,0.7083023308207059,0.13698502406691943,ANN
S256,0.37574972625016473,0.5391856556493432,0.085064618100492,ANN
S257,0.28068254026327305,0.3894917823580573,0.32982567737866897,ANN
S258,0.346896263014967,0.2549195573630419,0.39818417962199054,GRU
S259,0.4380890081474046,0.3286739967824137,0.23323699507018184,1D-CNN
S260,0.3257472922791622,0.37926867216973503,0.2949840355511029,ANN
S261,0.3665473648800333,0.35625235599199745,0.27720027912796935,1D-CNN
S262,0.4937802607334242,0.27561349888999487,0.23060624037658173,1D-CNN
S263,0.3949602597879668,0.3772031196056467,0.22783662060638715,1D-CNN
S264,0.2311776210659779,0.3418277498587795,0.42699462907524227,GRU
S265,0.3241295271725231,0.27715942904943985,0.3987110437780372,GRU
S266,0.37431528188039787,0.45378210484328135,0.1719026132763208,ANN
S267,0.26430148090586414,0.5039169570823988,0.2317815620117371,ANN
S268,0.34036106119165027,0.30161588629734254,0.35802305251100636,GRU
S269,0.15748344340272905,0.32166974103602386,0.5208468155612471,GRU
S270,0.223009657513078,0.2334828575189845,0.5435074849679375,GRU
S271,0.15152997125431322,0.6427898077966204,0.20568022094906613,ANN
S272,0.3252341599106542,0.3381814394046893,0.3365844006846559,ANN
S273,0.46321443322928935,0.35163014321506364,0.18515542355564676,1D-CNN
S274,0.5814853684623773,0.3816615588234134,0.036853072714209054,1D-CNN
S275,0.30649969028225077,0.4122862618232813,0.28121404789446813,ANN
S276,0.3142062568796339,0.3227045910775538,0.36308915204281156,GRU
S277,0.33938757449326723,0.32441792346268045,0.3361945020440519,1D-CNN
S278,0.29737828479241873,0.3026236392655325,0.3999980759420488,GRU
S279,0.44079210077145686,0.3344322375879963,0.2247756616405469,1D-CNN
S280,0.6134263967418114,0.16154782101496043,0.2250257822432288,1D-CNN
S281,0.5947017337778143,0.31627713479640207,0.08902113142578275,1D-CNN
S282,0.6864963919526613,0.2660162720598619,0.04748733598747658,1D-CNN
S283,0.23872187050791108,0.5017487524933734,0.25952937699871503,ANN
S284,0.3243616131216616,0.31880803185116036,0.3568303550271785,GRU
S285,0.34953690385832326,0.3424802886782159,0.3079828074634611,1D-CNN
S286,0.3687455350482009,0.34075514304532684,0.29049932190647304,1D-CNN
S287,0.34499632913023814,0.3379413831950439,0.31706228767471817,1D-CNN
S288,0.192498994842391,0.1944253853693575,0.6130756197882513,GRU
S289,0.19415742478095108,0.38461916864614604,0.421223406572903,GRU
S290,0.6009403598555686,0.2212028950162726,0.17785674512815836,1D-CNN
S291,0.28702222882739453,0.6072162261652065,0.10576154500739908,ANN
S292,0.2909539475976866,0.37008871706602425,0.3389573353362897,ANN
S293,0.2860610608696931,0.12265310425771257,0.5912858348725945,GRU
S294,0.44947191344031384,0.31028497014710255,0.2402431164125836,1D-CNN
S295,0.43824748336129915,0.30918673609405994,0.2525657805446407,1D-CNN
S296,0.42435961387401994,0.3676951241670357,0.20794526195894458,1D-CNN
S297,0.2979400449702421,0.5120126560075852,0.19004729902217216,ANN
S298,0.13807933531938701,0.2228874966856448,0.639033167994968,GRU
S299,0.31429591117885813,0.31597376645213127,0.36973032236901054,GRU
S300,0.1572986593234972,0.47394302330339005,0.36875831737311293,ANN
S301,0.2564746105862584,0.3759754912445964,0.36754989816914524,ANN
S302,0.35058899648492065,0.4106042370578306,0.23880676645724822,ANN
S303,0.8233529453681211,0.08376091827734956,0.09288613635452946,1D-CNN
S304,0.3479743248606277,0.46305259663299564,0.18897307850637668,ANN
S305,0.31953021574173945,0.32739806133505195,0.3530717229232081,GRU
S306,0.41164892698134437,0.31902185077698647,0.2693292222416688,1D-CNN
S307,0.51210498826672,0.3310965428990199,0.15679846883425996,1D-CNN
S308,0.2848749689408039,0.5163095477986015,0.19881548326059534,ANN
S309,0.20049187407425667,0.33915598514048984,0.46035214078525366,GRU
S310,0.14384902219503284,0.2555660640059444,0.6005849137990228,GRU
S311,0.3023280231334782,0.28831817810779403,0.4093537987587272,GRU
S312,0.1515704135788906,0.41273507813719007,0.4356945082839193,GRU
S313,0.09534242232457371,0.31241735615492006,0.5922402215205061,GRU
S314,0.29261398444997977,0.3044122852298948,0.4029737303201256,GRU
S315,0.20799709097549055,0.294313132531507,0.497689776493002,GRU
S316,0.3873389137924641,0.31731996974239074,0.2953411164651448,1D-CNN
S317,0.19923223436924187,0.22605400609253248,0.5747137595382251,GRU
S318,0.13844027279249885,0.7553564159084429,0.1062033112990582,ANN
S319,0.4378213737238683,0.3842619078213393,0.1779167184547921,1D-CNN
S320,0.32801971863132584,0.5591682262806583,0.11281205508801644,ANN
S321,0.2891431091433917,0.4991928860782192,0.2116640047783891,ANN
S322,0.3835046385967837,0.0914570413499532,0.5250383200532638,GRU
S323,0.38571779064457445,0.38992341661315677,0.22435879274226855,ANN
S324,0.17036758356361772,0.4870301096860897,0.3426023067502924,ANN
S325,0.16041857183097608,0.12765458999023732,0.7119268381787868,GRU
S326,0.1294629490664248,0.5244519502487928,0.34608510068478177,ANN
S327,0.4480420188453975,0.2965887941690706,0.2553691869855327,1D-CNN
S328,0.20272502015051694,0.6258783338433405,0.17139664600614266,ANN
S329,0.4202948626289149,0.30331963728167777,0.2763855000894069,1D-CNN
S330,0.6520703198646807,0.13195362881011444,0.2159760513252048,1D-CNN
S331,0.37619531503453907,0.30699490050994804,0.3168097844555129,1D-CNN
S332,0.30512875421927316,0.3777791733397003,0.317092072441026,ANN
S333,0.14582111803814962,0.6658181879886453,0.18836069397320562,ANN
S334,0.25728593443479747,0.3710996921877335,0.3716143733774688,GRU
S335,0.5901066330996789,0.17421024156886733,0.23568312533145352,1D-CNN
S336,0.10715807223728488,0.12921210074606196,0.763629827016653,GRU
S337,0.29704784902298237,0.2542163980651299,0.44873575291188833,GRU
S338,0.6371099490107416,0.24954426604739888,0.11334578494185957,1D-CNN
S339,0.46872335210030985,0.2790579415237567,0.25221870637593347,1D-CNN
S340,0.2227942185338153,0.47631312134136816,0.3008926601248164,ANN
S341,0.1394118876848829,0.1478242337401947,0.7127638785749225,GRU
S342,0.30679230500329974,0.30420329133338825,0.38900440366331207,GRU
S343,0.3188203499143677,0.3888095303633944,0.29237011972223803,ANN
S344,0.3628577156667395,0.4890375365418678,0.14810474779139252,ANN
S345,0.16031093649618894,0.761483240584607,0.07820582291920393,ANN
S346,0.5418714581889433,0.25344810221295627,0.2046804395981004,1D-CNN
S347,0.45643784376316876,0.27679398836698765,0.26676816786984275,1D-CNN
S348,0.267304286136521,0.3929930807041589,0.33970263315932014,ANN
S349,0.27668270000814027,0.3653653391563609,0.3579519608354988,ANN
S350,0.3787493850611276,0.3372680695843124,0.28398254535455986,1D-CNN
S351,0.4959878965306472,0.4344423080658625,0.06956979540349041,1D-CNN
S352,0.3103811418572903,0.5236883827240507,0.1659304754186585,ANN
S353,0.3286753384256625,0.3119506908002598,0.35937397077407784,GRU
S354,0.3262189443879827,0.26178798014515997,0.4119930754668568,GRU
S355,0.2801813867655128,0.4115154501092474,0.3083031631252404,ANN
S356,0.04089875994805352,0.8206446667950346,0.13845657325691174,ANN
S357,0.16442727652574,0.19555709745875813,0.6400156260155025,GRU
S358,0.02096423073757783,0.7349489364711032,0.24408683279131907,ANN
S359,0.7098372166903515,0.15662358735816445,0.13353919595148417,1D-CNN
S360,0.3202144371564297,0.38673462067917347,0.2930509421643969,ANN
S361,0.16708630726960344,0.31700617757101474,0.5159075151593818,GRU
S362,0.06692372725919474,0.20108691632272696,0.7319893564180783,GRU
S363,0.08267060223011738,0.0935523244518906,0.8237770733179919,GRU
S364,0.34569986660689817,0.25777993147918404,0.3965202019139179,GRU
S365,0.5096498646232211,0.2443974319905465,0.24595270338623187,1D-CNN
S366,0.5278674343506595,0.22720419509063053,0.2449283705587096,1D-CNN
S367,0.23608907378630933,0.4913457276498516,0.27256519856383915,ANN
S368,0.3650484757962258,0.350158614984198,0.284792909219576,1D-CNN
S369,0.3520404030713063,0.39058170856752716,0.25737788836116615,ANN
S370,0.3323720060205528,0.5073310662066743,0.16029692777277285,ANN
S371,0.3344607161240363,0.15081242067517428,0.51472686320079,GRU
S372,0.1775431847799894,0.2419192361807395,0.5805375790392712,GRU
S373,0.15217688472435692,0.10992080001492475,0.7379023152607184,GRU
S374,0.20513487098948519,0.24195024696129608,0.5529148820492187,GRU
S375,0.28912683900891045,0.4819982067519403,0.2288749542391489,ANN
S376,0.40262416367592213,0.28320387669223046,0.31417195963184685,1D-CNN
S377,0.30385881299503326,0.4007138712508734,0.2954273157540932,ANN
S378,0.3380456513699077,0.22966178504642495,0.4322925635836673,GRU
S379,0.39864764499847866,0.27001949134756403,0.33133286365395737,1D-CNN
S380,0.3411304162124671,0.35054761130453277,0.3083219724830002,ANN
S381,0.13398594946851775,0.4595270595507244,0.4064869909807568,ANN
S382,0.1790764301140208,0.14825667908101833,0.6726668908049607,GRU
S383,0.2666109055040551,0.31099310230440297,0.42239599219154195,GRU
S384,0.3312409098538559,0.28514145470192187,0.38361763544422206,GRU
S385,0.39393768942411034,0.3295638363646099,0.27649847421127977,1D-CNN
S386,0.21255344675159088,0.44366541240092,0.343781140847489,ANN
S387,0.1743117186637677,0.46936384176534657,0.3563244395708862,ANN
S388,0.5718668201396174,0.2942900050431774,0.13384317481720534,1D-CNN
S389,0.4605131918685349,0.3279476683199248,0.21153913981154016,1D-CNN
S390,0.35518048422095744,0.29919363200416144,0.3456258837748816,1D-CNN
S391,0.4394074862409481,0.37824190904865834,0.18235060471039347,1D-CNN
S392,0.34423268221348197,0.30171612709805345,0.35405119068846447,GRU
S393,0.2846367931524442,0.3991930357186502,0.31617017112890544,ANN
S394,0.277036039796066,0.27252431814788886,0.45043964205604503,GRU
S395,0.18171347114568673,0.20772583812258358,0.6105606907317295,GRU
S396,0.300266822486084,0.31892857293171073,0.38080460458220494,GRU
S397,0.15150678203074616,0.5669245283139531,0.28156868965530085,ANN
S398,0.253660109073606,0.5496755370383183,0.19666435388807538,ANN
S399,0.0817527139719823,0.8763122858970792,0.04193500013093807,ANN
S400,0.20127164184442234,0.14955861213816857,0.649169746017409,GRU
S401,0.32430249983718484,0.34522658634922126,0.33047091381359456,ANN
S402,0.37191215607741746,0.299089287649405,0.3289985562731775,1D-CNN
S403,0.3530168362173699,0.31249815147612825,0.33448501230650196,1D-CNN
S404,0.2780559834024407,0.3424405177917987,0.37950349880576073,GRU
S405,0.11120380884813404,0.5774930779489015,0.31130311320296394,ANN
S406,0.44889603483370016,0.48491595309352153,0.06618801207277825,ANN
S407,0.2935653602915908,0.2916123097061225,0.41482233000228674,GRU
S408,0.18333327342773748,0.5286952855544115,0.28797144101785105,ANN
S409,0.206674209989717,0.2755652379740364,0.5177605520362462,GRU
S410,0.22162186391726918,0.3576613544329959,0.42071678164973547,GRU
S411,0.27681185399281777,0.3266434815314364,0.39654466447574566,GRU
S412,0.33900861016805856,0.3389037937346198,0.32208759609732146,1D-CNN
S413,0.29357486213326656,0.3150985734713549,0.3913265643953783,GRU
S414,0.19895531418071644,0.5805150668385319,0.22052961898075138,ANN
S415,0.24308605767685315,0.21983526626664263,0.5370786760565048,GRU
S416,0.2528817175481131,0.5736864410637464,0.1734318413881402,ANN
S417,0.40218577431604036,0.2359133865872434,0.3619008390967168,1D-CNN
S418,0.38181635277569026,0.28943830758880396,0.3287453396355053,1D-CNN
S419,0.37395466103899855,0.32371116963619795,0.30233416932480334,1D-CNN
S420,0.20145126255374135,0.5089021741402456,0.289646563306013,ANN
S421,0.23833497039101803,0.4107010614551823,0.3509639681537991,ANN
S422,0.5309869039476683,0.1756877853996922,0.29332531065264017,1D-CNN
S423,0.12374695649196582,0.7005295049537149,0.17572353855431921,ANN
S424,0.2723072639565169,0.4916281080541092,0.2360646279893739,ANN
S425,0.14200690271326322,0.5561436130509749,0.30184948423576163,ANN
S426,0.2173964939037998,0.491160084118009,0.2914434219781911,ANN
S427,0.7642864852786837,0.11925760315432486,0.11645591156699167,1D-CNN
S428,0.402009544576886,0.3045697561410585,0.2934206992820553,1D-CNN
S429,0.3587430371206664,0.31662833360947595,0.3246286292698583,1D-CNN
S430,0.36105149500037376,0.2344875147701799,0.4044609902294464,GRU
S431,0.3530817921183133,0.49613034983379184,0.15078785804789455,ANN
S432,0.0821961494457672,0.829237715158974,0.08856613539525889,ANN
S433,0.37142093587123953,0.360095833429444,0.26848323069931623,1D-CNN
S434,0.7103854861890087,0.18561488069476467,0.10399963311622755,1D-CNN
S435,0.35397370045363863,0.4998417457105526,0.14618455383580842,ANN
S436,0.2593911566024482,0.395170817249652,0.3454380261478999,ANN
S437,0.4234412886086388,0.19118375982413577,0.3853749515672253,1D-CNN
S438,0.21280644091438655,0.15600996144769955,0.6311835976379139,GRU
S439,0.11502834200536532,0.3339051348819849,0.5510665231126498,GRU
S440,0.43450400301531344,0.37636166233639406,0.18913433464829293,1D-CNN
S441,0.29519109939806676,0.3450000125980747,0.3598088880038586,GRU
S442,0.2974819670299125,0.36319106079825747,0.3393269721718299,ANN
S443,0.3833600078989056,0.3319746970256229,0.28466529507547134,1D-CNN
S444,0.31727232761520713,0.2933769625844549,0.389350709800338,GRU
S445,0.34489750455116386,0.3055388789792561,0.3495636164695802,GRU
S446,0.23117702694071512,0.6351556784412475,0.13366729461803675,ANN
S447,0.2817767042695842,0.38431714322062793,0.33390615250978734,ANN
S448,0.3048376391462857,0.3802367390568711,0.31492562179684325,ANN
S449,0.34035859154698217,0.3282102706716322,0.3314311377813852,1D-CNN
S450,0.3709608135265812,0.32806972388087874,0.3009694625925396,1D-CNN
S451,0.1920049758084029,0.3892499960574653,0.41874502813413134,GRU
S452,0.3006359860493492,0.14270190024904597,0.5566621137016045,GRU
S453,0.22118044398124906,0.1913118084000083,0.5875077476187422,GRU
S454,0.3451749219567719,0.2564162740370322,0.3984088040061959,GRU
S455,0.2049568577130892,0.25711288161030404,0.5379302606766074,GRU
S456,0.23801195749733084,0.5717044808421288,0.19028356166054036,ANN
S457,0.21953419689704282,0.2917344957704943,0.488731307332463,GRU
S458,0.1926157038454015,0.22981767437664266,0.5775666217779557,GRU
S459,0.24675930025527723,0.23748673332106168,0.5157539664236612,GRU
S460,0.39174771286127963,0.4265937833628894,0.1816585037758308,ANN
S461,0.2974059365444718,0.2382120287511796,0.4643820347043485,GRU
S462,0.27705200400187496,0.3238749391401377,0.3990730568579881,GRU
S463,0.35749519965667254,0.270297054276029,0.3722077460672991,GRU
S464,0.31884986619921546,0.35830253909772114,0.32284759470306296,ANN
S465,0.26490600151714916,0.4856310155122448,0.24946298297060565,ANN
S466,0.5008247735222358,0.24214683319591493,0.2570283932818492,1D-CNN
S467,0.37877892470329966,0.19850259052116348,0.4227184847755368,GRU
S468,0.3693818468859542,0.3144662741927297,0.31615187892131613,1D-CNN
S469,0.38006707223731795,0.33727073739587504,0.28266219036680684,1D-CNN
S470,0.3421026807728883,0.3638142632404022,0.2940830559867092,ANN
S471,0.05533413866858949,0.78987537793531,0.15479048339610046,ANN
S472,0.266085525772478,0.37898530316701495,0.3549291710605066,ANN
S473,0.292718125508301,0.2783386598597272,0.42894321463197244,GRU
S474,0.2983226797429742,0.4212356298664133,0.280441690390613,ANN
S475,0.28629101452950184,0.46774507108732183,0.2459639143831758,ANN
S476,0.17635693005819306,0.6760541961411254,0.14758887380068128,ANN
S477,0.25012222746557805,0.25677203974706336,0.4931057327873585,GRU
S478,0.30655885071335814,0.37616897106117825,0.3172721782254638,ANN
S479,0.32295835797300876,0.2890897291114452,0.3879519129155457,GRU
S480,0.30222099779880446,0.436775854255761,0.26100314794543406,ANN
S481,0.3072680826188363,0.2699652127711812,0.4227667046099822,GRU
S482,0.14772422019886755,0.7642229608795419,0.08805281892159021,ANN
S483,0.2448271671027869,0.38303777115699866,0.3721350617402146,ANN
S484,0.3972354118927669,0.3175369362942693,0.2852276518129645,1D-CNN
S485,0.37792301559751357,0.3305873720051646,0.2914896123973218,1D-CNN
S486,0.18923250249054452,0.5587066435870287,0.25206085392242694,ANN
S487,0.20852786577837826,0.7005569896535379,0.09091514456808475,ANN
S488,0.1500109167300087,0.43934245135344574,0.41064663191654527,ANN
S489,0.26693494544655927,0.3405283956808492,0.39253665887259176,GRU
S490,0.46171457148126493,0.21948526504547505,0.3188001634732609,1D-CNN
S491,0.32003907162849987,0.40421099352685974,0.27574993484464055,ANN
S492,0.26477782395081656,0.4013398949145057,0.33388228113467766,ANN
S493,0.30023120058012104,0.27485720302142763,0.4249115963984513,GRU
S494,0.31905526594744826,0.38778823650929733,0.29315649754325435,ANN
S495,0.3377447268073453,0.33207995731803747,0.3301753158746172,1D-CNN
S496,0.26020598561997554,0.3181893792440634,0.4216046351359612,GRU
S497,0.28026306200779716,0.4306285165662892,0.2891084214259134,ANN
S498,0.3619239859857323,0.41596540724899606,0.22211060676527175,ANN
S499,0.27096726344298033,0.28454799194643493,0.4444847446105846,GRU
S500,0.28054617058180614,0.4339424826382631,0.28551134677993056,ANN
S501,0.40526001631883585,0.2230240340361353,0.3717159496450289,1D-CNN
S502,0.2877128732728027,0.41485180764159985,0.297435319085598,ANN
S503,0.2802101679754995,0.3225795938413287,0.3972102381831719,GRU
S504,0.28481047583774055,0.2394561538932441,0.4757333702690159,GRU
S505,0.3441878401607061,0.4372634050409312,0.21854875479836247,ANN
S506,0.2596018070602317,0.18624778248434637,0.5541504104554218,GRU
S507,0.31425502721046955,0.30469197442732093,0.38105299836220946,GRU
S508,0.403169755929226,0.273984873436341,0.32284537063443286,1D-CNN
S509,0.3673375254616511,0.3384464250847469,0.2942160494536021,1D-CNN
S510,0.3007329306467449,0.4010546001457345,0.2982124692075207,ANN
S511,0.33068456405586216,0.3707124370022574,0.29860299894188036,ANN
S512,0.28409217827493577,0.47360912454383336,0.24229869718123168,ANN
S513,0.34172228513224756,0.29880448349116606,0.35947323137658643,GRU
S514,0.3132466663759292,0.42660601266225046,0.26014732096182025,ANN
S515,0.33415613729844257,0.4228663576345123,0.24297750506704507,ANN
S516,0.20443284724789249,0.268510255660292,0.5270568970918152,GRU
S517,0.2395400670199715,0.2565404343506335,0.5039194986293957,GRU
S518,0.36868598941696457,0.2970950086530075,0.33421900193002846,1D-CNN
S519,0.3055787104480822,0.3269421129713924,0.3674791765805253,GRU
S520,0.24631145775689847,0.42903071853549934,0.32465782370760166,ANN
S521,0.23987840928221715,0.2671649121093636,0.4929566786084192,GRU
S522,0.33781537919320154,0.32736246599330315,0.3348221548134955,1D-CNN
S523,0.23262060779232957,0.24676563053229716,0.5206137616753732,GRU
S524,0.286892147878372,0.35728198655054993,0.3558258655710778,ANN
S525,0.2875892925021671,0.36729013334617067,0.3451205741516622,ANN
S526,0.2592734397775327,0.37302216658801535,0.3677043936344518,ANN
S527,0.1902009220455325,0.4084681134730709,0.40133096448139627,ANN
S528,0.07909406158663677,0.17537204494857214,0.745533893464791,GRU
S529,0.30348447780929594,0.36127766191241767,0.33523786027828634,ANN
S530,0.49809578967014667,0.2268342267559476,0.2750699835739052,1D-CNN
S531,0.3538065947353314,0.42704674933678555,0.21914665592788302,ANN
S532,0.28573188594923477,0.5125851990660834,0.20168291498468194,ANN
S533,0.1340689246423544,0.6877913701079948,0.17813970524965062,ANN
S534,0.2841312989211683,0.2033699625391469,0.5124987385396846,GRU
S535,0.42323700276545434,0.21109036901128986,0.36567262822325597,1D-CNN
S536,0.4092407568419798,0.2892157439750163,0.3015434991830041,1D-CNN
S537,0.2336492271336393,0.5056331817414482,0.2607175911249122,ANN
S538,0.11571643670036191,0.5930650431462272,0.2912185201534103,ANN
S539,0.19321312393530898,0.3853237199810261,0.4214631560836649,GRU
S540,0.3236916891370589,0.44140254938061013,0.23490576148233094,ANN
S541,0.2533235134509827,0.381384510546881,0.3652919760021359,ANN
S542,0.1840129032044715,0.6278325733725667,0.18815452342296174,ANN
S543,0.3112013381414696,0.2956539736407827,0.39314468821774756,GRU
S544,0.2431240163659447,0.41761105535966775,0.33926492827438764,ANN
S545,0.36094462056722126,0.3809436271223898,0.2581117523103891,ANN
S546,0.49835476354450753,0.27488603905228304,0.2267591974032097,1D-CNN
S547,0.29777744459569583,0.4838385269357212,0.21838402846858257,ANN
S548,0.1989040131280547,0.45050253198457896,0.3505934548873662,ANN
S549,0.573186788184408,0.3278721073970225,0.0989411044185691,1D-CNN
S550,0.5232447192060137,0.23543299718067925,0.24132228361330701,1D-CNN
S551,0.28817613791921776,0.5248596983917917,0.18696416368899052,ANN
S552,0.16290337952028586,0.2554208631224186,0.5816757573572958,GRU
S553,0.3237423535286719,0.29254133854844855,0.38371630792287886,GRU
S554,0.4789248985968004,0.37470993444465417,0.14636516695854557,1D-CNN
S555,0.3291894982040688,0.3536682305715765,0.3171422712243554,ANN
S556,0.4182984347254442,0.31494070324993456,0.2667608620246212,1D-CNN
S557,0.42892753333376193,0.27210539914740206,0.29896706751883606,1D-CNN
S558,0.7585455075387568,0.1725444232914111,0.06891006916983224,1D-CNN
S559,0.2855053765226792,0.2586230271776961,0.4558715962996248,GRU
S560,0.09569714678459597,0.37037311376180077,0.5339297394536028,GRU
S561,0.29431268694343454,0.3237381944402018,0.3819491186163643,GRU
S562,0.18065022708183665,0.29742028068106197,0.5219294922371015,GRU
S563,0.3881115614721969,0.3538296158591408,0.2580588226686625,1D-CNN
S564,0.3317614984988685,0.40172620617293053,0.2665122953282012,ANN
S565,0.12647207143243966,0.5069925587260666,0.3665353698414944,ANN
S566,0.19556196832510198,0.24437295439013976,0.5600650772847581,GRU
S567,0.47197615649897895,0.2506058091219183,0.2774180343791029,1D-CNN
S568,0.46769779695391855,0.3561547354067604,0.17614746763932165,1D-CNN
S569,0.25106566685143145,0.3624693432183156,0.38646498993025347,GRU
S570,0.22298549533607218,0.22260806218554396,0.554406442478384,GRU
S571,0.2916494965266903,0.26937455470040567,0.4389759487729042,GRU
S572,0.3361745456383371,0.23307493790445127,0.4307505164572124,GRU
S573,0.32999259519015456,0.197708695207787,0.4722987096020583,GRU
S574,0.18742254386180607,0.23322699910962102,0.5793504570285728,GRU
S575,0.2779121245380637,0.49951834109877735,0.22256953436315932,ANN
S576,0.352933240818496,0.2902236056475722,0.3568431535339317,GRU
S577,0.3140338064846007,0.3027920571666412,0.383174136348758,GRU
S578,0.2954660410727345,0.36173830439470833,0.3427956545325572,ANN
S579,0.2933048828313236,0.5636103690046603,0.14308474816401606,ANN
S580,0.3333064463459108,0.3759045075240683,0.29078904613002027,ANN
S581,0.23965022798288527,0.32520499160522576,0.4351447804118884,GRU
S582,0.3501731685619434,0.23171499790579317,0.41811183353226355,GRU
S583,0.37196389067738306,0.309351728031182,0.31868438129143495,1D-CNN
S584,0.30108036026535123,0.37437818746493734,0.32454145226971126,ANN
S585,0.0972324693466427,0.7741652998410468,0.1286022308123113,ANN
S586,0.05472945013554004,0.831150132407941,0.11412041745651959,ANN
S587,0.0,0.0,0.0,1D-CNN
S588,0.2928573475489506,0.4001921960886431,0.30695045636240637,ANN
S589,0.3213906778497549,0.32310743903716377,0.35550188311308184,GRU
