Segment,1D-CNN,ANN,CNN-LSTM,GRU,Selected
S1,0.12183040842276101,0.029001049433397312,0.7653038736926971,0.08386466845114587,CNN-LSTM
S2,0.28444897495461235,0.20471243040393564,0.20110568810617263,0.3097329065352769,GRU
S3,0.14462526636788195,0.3545107560327298,0.3485038354088866,0.1523601421904993,ANN
S4,0.23295646812377713,0.3585958823999697,0.1933121859398091,0.21513546353644858,ANN
S5,0.1438402737932849,0.4231247067087641,0.07722570901650688,0.35580931048144393,ANN
S6,0.06375537309601677,0.44540389744577163,0.09962204137962287,0.39121868807858784,ANN
S7,0.1436187898434591,0.08951410072809882,0.671658523340768,0.09520858608767313,CNN-LSTM
S8,0.23767451904513204,0.32977830085030724,0.32455693681968956,0.10799024328487089,ANN
S9,0.229291719417408,0.38019958651450214,0.09832035300374374,0.2921883410643468,ANN
S10,0.23312995191456207,0.24040215847506496,0.15100809689280126,0.3754597927175673,GRU
S11,0.2594823148554804,0.2553116304392008,0.18231104359522135,0.30289501111009753,GRU
S12,0.243614778369205,0.21454138228403422,0.22483554516692514,0.31700829417983994,GRU
S13,0.16216093287640437,0.27623679772717824,0.19566740130642366,0.36593486808999726,GRU
S14,0.1585886031363513,0.3213435973323989,0.3634848015167981,0.15658299801445472,CNN-LSTM
S15,0.2999736038798761,0.3699088858142844,0.17006636522873073,0.16005114507710783,ANN
S16,0.1272537016231887,0.17648063109954437,0.1845135198374026,0.5117521474398607,GRU
S17,0.14053096227303222,0.33259307384075504,0.46208583360361294,0.06479013028260053,CNN-LSTM
S18,0.5162708516535258,0.18700086551472536,0.20105175792462573,0.09567652490712411,1D-CNN
S19,0.2358849515721106,0.277785181374831,0.3921385896809531,0.09419127737210531,CNN-LSTM
S20,0.37095809422713677,0.31760471641537885,0.1830156015061202,0.1284215878513633,1D-CNN
S21,0.2376781103039253,0.32707496302290945,0.22011247371505044,0.2151344529581161,ANN
S22,0.26843054945980266,0.2056184206008132,0.18789229688126513,0.3380587330581188,GRU
S23,0.06962951277010417,0.23754513723072107,0.11714641537305624,0.575678934626122,GRU
S24,0.12173338901293894,0.549724477778971,0.22316922171241185,0.10537291149567717,ANN
S25,0.39977287849085047,0.18981675427313993,0.023294755575022356,0.38711561166098724,1D-CNN
S26,0.15274116508589172,0.4790306266711559,0.20536397907759132,0.16286422916536095,ANN
S27,0.26045442868640983,0.060927662404587045,0.5993225418514844,0.07929536705751726,CNN-LSTM
S28,0.31128588050738193,0.15830353454119078,0.1787900798950344,0.3516205050563923,GRU
S29,0.23649047628705128,0.20541991334557047,0.4221194351520979,0.1359701752152846,CNN-LSTM
S30,0.4053541400878397,0.1868115271939686,0.3202648317326011,0.0875695009855894,1D-CNN
S31,0.1557327824834363,0.4480996436972013,0.34361074155678173,0.05255683226258229,ANN
S32,0.19693112638508095,0.18985989559865676,0.2968065636146414,0.31640241440161815,GRU
S33,0.3349760672312175,0.11731405653396373,0.19724353543594444,0.3504663407988762,GRU
S34,0.2648513990504159,0.18869177927378497,0.22943605060029135,0.3170207710755071,GRU
S35,0.2315493506066437,0.2880040880979928,0.20812458950865217,0.2723219717867104,ANN
S36,0.08040304315094789,0.6962461306467391,0.04734520586691028,0.17600562033540262,ANN
S37,0.0959481004664944,0.5956131184004821,0.09957153917765438,0.20886724195536632,ANN
S38,0.352112288995315,0.3259620312206304,0.2706401017983381,0.051285577985716355,1D-CNN
S39,0.2276669661337763,0.23048649539261493,0.47426533071546867,0.0675812077581378,CNN-LSTM
S40,0.23196997592347512,0.2602847427376449,0.26695284808511016,0.24079243325376984,CNN-LSTM
S41,0.25543481380070565,0.2069784105620816,0.31506902890936256,0.22251774672784996,CNN-LSTM
S42,0.3273280768299873,0.23729627553874688,0.22976005483317177,0.2056155927980925,1D-CNN
S43,0.2835416870158272,0.2686570801709766,0.24374585761232218,0.2040553752008693,1D-CNN
S44,0.4533140037770657,0.1998135938983353,0.08644944868037951,0.2604229536442152,1D-CNN
S45,0.07044766002220873,0.06606696250752235,0.5289724597094352,0.3345129177608335,CNN-LSTM
S46,0.16016523698848278,0.71510957458648,0.02926105005199314,0.0954641383730443,ANN
S47,0.08779991627961517,0.28640906086834433,0.24326660538702474,0.3825244174650124,GRU
S48,0.2511789780582051,0.09505287708402291,0.2895449917834955,0.3642231530742763,GRU
S49,0.04037218262479668,0.073693569553023,0.8613753123749185,0.024558935447263393,CNN-LSTM
S50,0.5901076373097716,0.20227922764025213,0.16169749984893023,0.04591563520104704,1D-CNN
S51,0.07436074947862684,0.6000479203106849,0.2623601155670131,0.06323121464367533,ANN
S52,0.2583983413321151,0.25759029335569744,0.3234454917195905,0.16056587359259675,CNN-LSTM
S53,0.23565346462798,0.3733870250567171,0.26308427604372714,0.1278752342715809,ANN
S54,0.6686076939299969,0.1264445352485537,0.09831722738253607,0.1066305434389126,1D-CNN
S55,0.16637615820738083,0.32236739387722735,0.05675432510638263,0.4545021228090104,GRU
S56,0.04308693043952355,0.06555174160915903,0.13698993197254844,0.7543713959787689,GRU
S57,0.17240340613748542,0.16368442484739437,0.08440543339109297,0.5795067356240274,GRU
S58,0.09810466716131143,0.45863934755353186,0.05374060769241458,0.3895153775927409,ANN
S59,0.12194340968335131,0.2367092240276224,0.4202185282277475,0.22112883806127992,CNN-LSTM
S60,0.16148585350617886,0.2705415453180881,0.39135822090176975,0.17661438027396234,CNN-LSTM
S61,0.38167213575092324,0.336492666654588,0.13518133951180417,0.14665385808268555,1D-CNN
S62,0.2395026960893629,0.34746547599460914,0.04868169984370279,0.3643501280723234,GRU
S63,0.22347330958504177,0.2862281674579762,0.11907140388483554,0.3712271190721458,GRU
S64,0.23512002756020353,0.23359025944356515,0.12976931481621923,0.40152039818001317,GRU
S65,0.2045024723026873,0.13489035412554928,0.2105794373257458,0.45002773624601444,GRU
S66,0.23734098075165547,0.2092126316802669,0.35950254567222306,0.19394384189585376,CNN-LSTM
S67,0.43176441157204054,0.2583570908143048,0.21480414649728233,0.09507435111637155,1D-CNN
S68,0.19536456353861234,0.30983082613954477,0.3202691430459069,0.17453546727593697,CNN-LSTM
S69,0.18598113313624018,0.3798842410060477,0.2798885608147598,0.15424606504295235,ANN
S70,0.2783734455120126,0.38225806172173526,0.2211013406185961,0.11826715214765704,ANN
S71,0.32115516007344797,0.30930225035367614,0.22556290546795868,0.14397968410491613,1D-CNN
S72,0.0817871620518484,0.8956946971451992,0.002568086927252052,0.01995005387569992,ANN
S73,0.07042215234705851,0.13734705379550274,0.05744847870893938,0.7347823151484993,GRU
S74,0.157769022501865,0.27144730780227316,0.23705418373263523,0.3337294859632249,GRU
S75,0.05611383911790622,0.21734808121410595,0.6705198657341506,0.05601821393383798,CNN-LSTM
S76,0.14333098448827206,0.35600006844208637,0.27327298950390194,0.2273959575657397,ANN
S77,0.3470961583337084,0.13742221845498565,0.15548374246663507,0.3599978807446667,GRU
S78,0.4953689014120919,0.21248714024457796,0.18156113859395023,0.11058281974938004,1D-CNN
S79,0.3054251687805107,0.18188062586770498,0.4189907554708627,0.09370344988092126,CNN-LSTM
S80,0.25175228012263445,0.32442854197794846,0.31271998736414647,0.11109919053526873,ANN
S81,0.3188044791360116,0.2678244583110346,0.15168228396083014,0.26168877859212,1D-CNN
S82,0.09497223590545613,0.5293583678219376,0.1040082903643274,0.2716611059082784,ANN
S83,0.17071801131824157,0.1963635869220034,0.2789480907300783,0.35397031102967746,GRU
S84,0.04607276411304312,0.5075104489489438,0.08117909568885953,0.3652376912491555,ANN
S85,0.09419491577781068,0.04496474788549997,0.5783651345381953,0.28247520179849384,CNN-LSTM
S86,0.1117955752201588,0.19869272931823204,0.14221425914070313,0.5472974363209032,GRU
S87,0.22486111079274979,0.2473180308566886,0.20888828960780276,0.3189325687427597,GRU
S88,0.5056246614262716,0.09444318567991686,0.13124475955837192,0.26868739333544034,1D-CNN
S89,0.6548339405959919,0.05888642589446599,0.19593171648822177,0.09034791702132018,1D-CNN
S90,0.2820249616129557,0.21510919004982074,0.34634502000926354,0.15652082832795627,CNN-LSTM
S91,0.06782976964592574,0.5798147369475063,0.3054171850739741,0.04693830833259283,ANN
S92,0.22485578230960623,0.46089764412234807,0.18090235378781686,0.13334421978022604,ANN
S93,0.2279596551598762,0.33083201056948486,0.25779320505506503,0.18341512921557063,ANN
S94,0.2833962131325208,0.3407564089844244,0.15294743702002933,0.22289994086302034,ANN
S95,0.0721781709296997,0.052836507320235544,0.14290288052434877,0.7320824412257162,GRU
S96,0.023248529084572932,0.03519447265294076,0.4784853279467831,0.46307167031570057,CNN-LSTM
S97,0.2100476606229082,0.1910166904062729,0.35313766014624026,0.24579798882457699,CNN-LSTM
S98,0.29015554288749656,0.42348791719557966,0.16509346284103468,0.12126307707588993,ANN
S99,0.2866111727033665,0.6280953403049664,0.02039560143691386,0.06489788555475229,ANN
S100,0.5468570792567111,0.051649261464771556,0.14923154560230073,0.25226211367621254,1D-CNN
S101,0.1994968645518849,0.1422625764343864,0.1306750374200495,0.5275655215936781,GRU
S102,0.2326965893923716,0.35150817841483745,0.2083837869603386,0.20741144523245406,ANN
S103,0.22000732503833895,0.24670591037051928,0.25160224456091684,0.28168452003022354,GRU
S104,0.02639322495275236,0.04473889526376338,0.16941996795743192,0.75944791182605,GRU
S105,0.07104986690635491,0.07533684026359265,0.34201036178726185,0.5116029310427866,GRU
S106,0.04346992762520056,0.01325282293975985,0.2133206415395336,0.7299566078955064,GRU
S107,0.012747763469021144,0.04019970817884492,0.08787649444275762,0.8591760339093758,GRU
S108,0.06219473644867598,0.09546516360085398,0.3242114335852811,0.5181286663651876,GRU
S109,0.47729392695707706,0.11147854045388701,0.0888378078078281,0.3223897247812049,1D-CNN
S110,0.20667536920988702,0.39356964589549703,0.24131331823774702,0.15844166665686799,ANN
S111,0.21534193893756973,0.27153868921538943,0.11279661550782537,0.40032275633921643,GRU
S112,0.11283339642267035,0.2125295082080314,0.07710967553141199,0.5975274198378835,GRU
S113,0.20651113064212578,0.24182232096648945,0.1088435971439911,0.4428229512473945,GRU
S114,0.2144626941801814,0.2036518530598362,0.1775310846222909,0.40435436813769876,GRU
S115,0.16874823567383468,0.40300717561610616,0.17179239085194795,0.2564521978581121,ANN
S116,0.11639957672258218,0.4894620914350845,0.15346081732329944,0.24067751451903063,ANN
S117,0.14654440302968644,0.34676084667540175,0.3178494033178586,0.1888453469770499,ANN
S118,0.7079484403727366,0.08538810478165272,0.11613291132042303,0.09053054352518908,1D-CNN
S119,0.1152124559666486,0.25256579888180425,0.5946856407676749,0.0375361043838711,CNN-LSTM
S120,0.2658632054198376,0.18078360827533008,0.2788717027422345,0.2744814835625961,CNN-LSTM
S121,0.46605172313709026,0.1774565579578753,0.2286697093525014,0.12782200955253212,1D-CNN
S122,0.4066868371997654,0.1824908560630505,0.3210450730878534,0.08977723364933442,1D-CNN
S123,0.23873158637967573,0.4207317504729576,0.3014199925964213,0.039116670550948814,ANN
S124,0.2315573436186059,0.23418903591010684,0.19195819107666764,0.3422954293946181,GRU
S125,0.19613195117272245,0.18063979635391625,0.06159147617670848,0.5616367762966505,GRU
S126,0.3302088268518039,0.2311955482768326,0.10120213664410445,0.3373934882272591,GRU
S127,0.1952398168243801,0.3529543559330845,0.1775563030952447,0.27424952414728626,ANN
S128,0.14878082576824136,0.39950031078859893,0.28228754563524355,0.1694313178079152,ANN
S129,0.2513949112401394,0.22774904113321798,0.3259596263105745,0.19489642131606916,CNN-LSTM
S130,0.7698015048195211,0.11144955803057711,0.09075855875241992,0.027990378397482578,1D-CNN
S131,0.7251236300653565,0.06922737832966708,0.10348976727141626,0.10215922433355916,1D-CNN
S132,0.12037793180679958,0.4044815403326457,0.35941527797087364,0.11572524988967971,ANN
S133,0.26772127061010503,0.3052759910586861,0.2639628867557944,0.16303985157541553,ANN
S134,0.41314215021079775,0.2797219874007282,0.16838707088229435,0.1387487915061791,1D-CNN
S135,0.20696693139275504,0.2689055823684917,0.19348948262894414,0.3306380036098088,GRU
S136,0.3804008155562634,0.18379843159412196,0.2884472537912411,0.14735349905837442,1D-CNN
S137,0.07522089590745243,0.11342766455027654,0.12752346722380245,0.6838279723184715,GRU
S138,0.1363041246095167,0.47731325465185886,0.06792297398502507,0.31845964675359745,ANN
S139,0.17785675598250672,0.1843708949361004,0.10426243300609488,0.533509916075299,GRU
S140,0.16943472792417943,0.14854346747680686,0.18424264592451683,0.497779158674497,GRU
S141,0.16920450317420968,0.47897638217491273,0.1807562388351886,0.17106287581569077,ANN
S142,0.2838489094997581,0.21098484766472622,0.32730832944487964,0.17785791339063675,CNN-LSTM
S143,0.17022923595217956,0.4412503955221785,0.24156580655812843,0.14695456196751294,ANN
S144,0.4277052078493705,0.1123047950374134,0.09384203181307967,0.36614796530013655,1D-CNN
S145,0.3480818973629049,0.2588899057522083,0.2768979966660447,0.11613020021884186,1D-CNN
S146,0.20563839126604821,0.3726593220762485,0.32391848625118547,0.09778380040651694,ANN
S147,0.4255623638576411,0.03011384392698056,0.420597923684117,0.12372586853126179,1D-CNN
S148,0.22757487938800464,0.23811650170002013,0.40061310945042494,0.13369550946154984,CNN-LSTM
S149,0.06476815184698247,0.08845594698939806,0.06244907740307997,0.7843268237605396,GRU
S150,0.14583114288283938,0.1602279997713034,0.139206844563787,0.5547340127820704,GRU
S151,0.22051636286884008,0.17828611920252788,0.14623424930844328,0.454963268620188,GRU
S152,0.08891250459184667,0.6343781016961119,0.17856146078339485,0.09814793292864496,ANN
S153,0.16691572990584602,0.27758148223630397,0.45253071298682906,0.10297207487102274,CNN-LSTM
S154,0.11802041449831979,0.11591253310054021,0.7162582959418476,0.049808756459292114,CNN-LSTM
S155,0.25151214691418583,0.143031088380066,0.2568065101935116,0.3486502545122359,GRU
S156,0.25818608964985884,0.15224905334122654,0.3859819577352975,0.20358289927361511,CNN-LSTM
S157,0.30039538244248615,0.1987054752288391,0.2995147017878803,0.20138444054079607,1D-CNN
S158,0.18330120977069006,0.4751293681201609,0.12558462325319122,0.21598479885595875,ANN
S159,0.08088833330875249,0.5962064136447018,0.15643876984798424,0.16646648319856497,ANN
S160,0.07065947230866922,0.11203703368799672,0.7322775961146211,0.0850258978887111,CNN-LSTM
S161,0.23891964232543886,0.3039574681191166,0.26522750131020595,0.19189538824523772,ANN
S162,0.5605410037086982,0.16001632077035735,0.1566922129209912,0.12275046259995681,1D-CNN
S163,0.40375227652244156,0.1152947241741102,0.20515977238540783,0.2757932269180397,1D-CNN
S164,0.21051678694864412,0.24641639950295552,0.416149655531269,0.12691715801713813,CNN-LSTM
S165,0.024892825145129024,0.9438045157842252,0.014912104973328488,0.01639055409731581,ANN
S166,0.23855595134399946,0.16821406410904222,0.16569695917927846,0.42753302536767923,GRU
S167,0.329543133303119,0.1514050335997905,0.3374655252129059,0.181586307884188,CNN-LSTM
S168,0.45563488642935557,0.15404108075427006,0.31694197229456555,0.07338206052180726,1D-CNN
S169,0.22665853695095806,0.12853260424025315,0.5931991416277175,0.051609717181074176,CNN-LSTM
S170,0.4335921500335284,0.20591286270103895,0.23195848313143125,0.128536504134001,1D-CNN
S171,0.7129169573333123,0.08741671659034075,0.14442938534119282,0.055236940735153534,1D-CNN
S172,0.03383561270345153,0.05353007529444811,0.12078183726097162,0.7918524747411295,GRU
S173,0.02732831598884128,0.6432718750361325,0.05451729361262548,0.274882515362401,ANN
S174,0.050588519944221394,0.14549760045201315,0.009145966709810853,0.7947679128939545,GRU
S175,0.050275015869232595,0.5796695600116492,0.10116739777525921,0.26888802634385606,ANN
S176,0.03962888100928013,0.6011633972953366,0.17092437127120927,0.18828335042417363,ANN
S177,0.0664067273794911,0.10044650352241012,0.7049496471959067,0.12819712190219215,CNN-LSTM
S178,0.23859356416516678,0.3512116797408594,0.10844146426846156,0.3017532918255109,ANN
S179,0.6158455950761028,0.09713917215733386,0.11563741863528915,0.1713778141312696,1D-CNN
S180,0.3450179164908318,0.16510328342029304,0.07645576354759623,0.41342303654127643,GRU
S181,0.20268888408391916,0.20160535707165234,0.3577624493493927,0.23794330949503548,CNN-LSTM
S182,0.16900110960929843,0.11157254321508087,0.17861684532866123,0.5408095018469595,GRU
S183,0.06415825201242706,0.04885017252091489,0.0745091637369199,0.812482411729737,GRU
S184,0.1928787289992905,0.16815393478671273,0.21708454884833903,0.4218827873656575,GRU
S185,0.2591170907310328,0.06609733402285949,0.1393564848266111,0.5354290904194953,GRU
S186,0.18521007243602167,0.16012020662938625,0.4095151688425183,0.24515455209207354,CNN-LSTM
S187,0.1891109039012831,0.35456703426812913,0.3402131075641941,0.11610895426639306,ANN
S188,0.3233577178251742,0.2196564134269187,0.34885965087246434,0.10812621787544766,CNN-LSTM
S189,0.19024788155344535,0.1584664168580928,0.536903221428029,0.11438248016043089,CNN-LSTM
S190,0.23219380713226717,0.2678475039329606,0.2913741155083488,0.20858457342642317,CNN-LSTM
S191,0.3334245120239512,0.19440713656001715,0.23320744209473132,0.2389609093212997,1D-CNN
S192,0.16424623274579372,0.4041760805081342,0.14246712170184123,0.28911056504422933,ANN
S193,0.04208043937841138,0.47998075610012053,0.10406073269161852,0.3738780718298499,ANN
S194,0.056283022662213404,0.15836656757363146,0.06347143248317351,0.7218789772809823,GRU
S195,0.2596836069842766,0.3946774125215964,0.15677374563869495,0.18886523485543283,ANN
S196,0.21544694958932994,0.4434811611059371,0.0841637088236398,0.2569081804810922,ANN
S197,0.12413853564334272,0.48362014682398785,0.20758170131682518,0.1846596162158432,ANN
S198,0.17084432096641672,0.13588596021355695,0.09454231771036195,0.5987274011096644,GRU
S199,0.20527258588096509,0.17662835391669132,0.19507086057200593,0.4230281996303372,GRU
S200,0.27134377069711263,0.24679413967378155,0.1841225611244637,0.29773952850464386,GRU
S201,0.2575583682404514,0.1835766518126737,0.19800956784039556,0.3608554121064801,GRU
S202,0.19723736729961253,0.29486156092786947,0.2605682472611119,0.24733282451140595,ANN
S203,0.1454647912442944,0.18630889671412815,0.5135990292017469,0.1546272828398306,CNN-LSTM
S204,0.1316848898398545,0.30132316445515556,0.12235719749121826,0.44463474821376764,GRU
S205,0.30674651862539853,0.23618833642902806,0.18326368055166942,0.27380146439390374,1D-CNN
S206,0.29573996160245003,0.2648013319781982,0.24101271502754607,0.19844599139180555,1D-CNN
S207,0.26880343463131506,0.3362898246403665,0.22954091619732764,0.16536582453099044,ANN
S208,0.05408107923617091,0.6696596717146698,0.10330629412036722,0.17295295492879273,ANN
S209,0.1754456320664136,0.14665658740839968,0.32692507954032746,0.3509727009848578,GRU
S210,0.35367171171334477,0.4353086251546299,0.07601644364669738,0.13500321948532815,ANN
S211,0.2882339914541629,0.09841183126747662,0.5131328954966105,0.10022128178174995,CNN-LSTM
S212,0.10643415996877206,0.6076033516504702,0.2527182589246745,0.03324422945608267,ANN
S213,0.08180346542804366,0.04978414801966216,0.08488619844545267,0.783526188106842,GRU
S214,0.1654812261258823,0.15464342717651583,0.171055543856067,0.5088198028415333,GRU
S215,0.24599948878370284,0.2517622646952822,0.15115681332036346,0.3510814332006518,GRU
S216,0.1745148549486814,0.31421981375352687,0.1618441257383882,0.34942120555940714,GRU
S217,0.14814325812038673,0.4850357203611363,0.12394026797487022,0.24288075354360317,ANN
S218,0.16996552660564074,0.19123445268975206,0.40008344118395084,0.23871657952065256,CNN-LSTM
S219,0.08983236975388868,0.24103986582509745,0.052189687199793125,0.6169380772212179,GRU
S220,0.18490683402514238,0.22349041388081925,0.0965294651129851,0.49507328698105196,GRU
S221,0.25021091714106664,0.15197123328674347,0.052388779605214326,0.5454290699669745,GRU
S222,0.0977047352016615,0.6076888791026736,0.12845783577565625,0.16614854992000802,ANN
S223,0.07720626466140583,0.08497891588849915,0.05985649750842892,0.777958321941666,GRU
S224,0.11137566247052978,0.1539611794964061,0.15098976329807565,0.5836733947349892,GRU
S225,0.22301726177750045,0.2649870255956999,0.1176950643150654,0.394300648311734,GRU
S226,0.20503593252571942,0.12782920933091954,0.10967453371348068,0.5574603244298787,GRU
S227,0.15207059161624947,0.32160562960173655,0.15861198266550644,0.36771179611650473,GRU
S228,0.19626827539259703,0.2241148150919229,0.1435781433764748,0.4360387661390059,GRU
S229,0.15057379099529716,0.4467006654247988,0.29845759767540314,0.10426794590450168,ANN
S230,0.17915974335433535,0.27789955095468166,0.18564537700071404,0.35729532869027064,GRU
S231,0.22894145831661747,0.17144368657731707,0.26967332924176757,0.3299415258642971,GRU
S232,0.3749843535981806,0.15156377836115592,0.3182222734128453,0.15522959462782157,1D-CNN
S233,0.3235534947499766,0.22249943844484166,0.2702301070680989,0.18371695973708108,1D-CNN
S234,0.2568150564622048,0.2689197106377941,0.24680027700859888,0.2274649558914022,ANN
S235,0.18832144676794849,0.30290162841593,0.12045141392562461,0.388325510890497,GRU
S236,0.12843443953135067,0.3548587781307528,0.1589859716625129,0.357720810675382,GRU
S237,0.2598457795191351,0.32900405575564345,0.19517814318560392,0.215972021539616,ANN
S238,0.3121034535303324,0.2671275380558785,0.16933681317956448,0.2514321952342239,1D-CNN
S239,0.10324535760035491,0.44617305128224927,0.171463400677442,0.2791181904399528,ANN
S240,0.6100815647300764,0.10837650382065732,0.03031726484843556,0.25122466660082987,1D-CNN
S241,0.30838166749432266,0.34863371896471723,0.1563328312640682,0.1866517822768888,ANN
S242,0.30478020155940927,0.27955483104651435,0.3255746729440604,0.09009029445001593,CNN-LSTM
S243,0.6367825799439752,0.2055925451360391,0.1014643571415023,0.0561605177784814,1D-CNN
S244,0.2044856854745539,0.26663858628273235,0.4282096517252142,0.10066607651750017,CNN-LSTM
S245,0.31685731803608636,0.19676330174059173,0.21888021296827864,0.26749916725504713,1D-CNN
S246,0.21726251534913338,0.3269555680400696,0.23657216155888122,0.2192097550519161,ANN
S247,0.27774266005850223,0.24580277505827544,0.2361197964668553,0.2403347684163626,1D-CNN
S248,0.13219199386030317,0.5495786993791867,0.15813692674560098,0.1600923800149055,ANN
S249,0.0957439187025709,0.32440081555259764,0.4325541351818938,0.14730113056293778,CNN-LSTM
S250,0.2146254040989235,0.28867585573158916,0.2544491712783945,0.2422495688910907,ANN
S251,0.560663637425311,0.2973123858169625,0.05674253772874819,0.08528143902897743,1D-CNN
S252,0.37037332009344937,0.1364572964136171,0.2020258848844625,0.291143498608471,1D-CNN
S253,0.18917652223812992,0.25680088552199887,0.40172164354914947,0.15230094869072286,CNN-LSTM
S254,0.1832327544875521,0.49730973549013885,0.12147240292398627,0.1979851070983235,ANN
S255,0.0633889021418353,0.399169160131785,0.46472575688279105,0.07271618084358641,CNN-LSTM
S256,0.31936234593334456,0.40214982802437965,0.22616308674359026,0.0523247392986858,ANN
S257,0.21785886000657143,0.3221985249699527,0.19772056001081267,0.26222205501266244,ANN
S258,0.2763365103643028,0.15976762159601535,0.27969856091161266,0.2841973071280651,GRU
S259,0.3426236515337259,0.27458611856424125,0.25370781308079143,0.12908241682124,1D-CNN
S260,0.25321873117987853,0.34132164549906996,0.2522975523123106,0.1531620710087381,ANN
S261,0.29414739794626615,0.17311611964052523,0.2869922445698917,0.2457442378433223,1D-CNN
S262,0.2689240605814335,0.13222785147972257,0.49446381487624924,0.10438427306259501,CNN-LSTM
S263,0.15958603433770804,0.11292538591326268,0.5993559144055147,0.12813266534351772,CNN-LSTM
S264,0.12035498200941266,0.2656582473942942,0.31185637271607136,0.3021303978802214,CNN-LSTM
S265,0.2927539204161058,0.18054035170749044,0.20083638235320034,0.3258693455232045,GRU
S266,0.22518094292900517,0.2821618969263524,0.4062297319496927,0.08642742819495261,CNN-LSTM
S267,0.14038408350527481,0.3744896165283638,0.3695658874619798,0.1155604125043802,ANN
S268,0.2705304349874192,0.18843505056623833,0.21278881015591325,0.3282457042904285,GRU
S269,0.12295194922223163,0.28338369048755774,0.09601299269140699,0.49765136759880135,GRU
S270,0.16162233017591354,0.17280139205376313,0.16963905798347634,0.4959372197868461,GRU
S271,0.1062565766037215,0.5912017834129712,0.12967223774856468,0.17286940223473918,ANN
S272,0.14856636835407944,0.11335097786224906,0.43716990338639183,0.3009127503972785,CNN-LSTM
S273,0.2928909148445925,0.21149908529867728,0.3929866418435116,0.10262335801321892,CNN-LSTM
S274,0.5692029047950363,0.33838988839385636,0.061586645585451835,0.030820561225654564,1D-CNN
S275,0.22932464708435615,0.2758493487040746,0.31769147921334656,0.17713452499822357,CNN-LSTM
S276,0.198139334247118,0.25392260098297503,0.32185605949920426,0.22608200527069955,CNN-LSTM
S277,0.26817647543573514,0.27922427768662667,0.21063791023953535,0.2419613366381035,ANN
S278,0.22080641323102435,0.23482778124036252,0.22788959305725678,0.3164762124713573,GRU
S279,0.30970913743980377,0.13171524977512683,0.18507569315125905,0.3734999196338112,GRU
S280,0.2118604004831742,0.05259886668963248,0.6349301795964306,0.10061055323076046,CNN-LSTM
S281,0.6451803756162281,0.2615620323864706,0.057271503411180015,0.03598608858611988,1D-CNN
S282,0.6614103172030648,0.1833267408449197,0.1256488452631518,0.029614096688865412,1D-CNN
S283,0.18859415373092808,0.37591874379270435,0.29103409486996973,0.14445300760639498,ANN
S284,0.21096786966785971,0.2282943596039929,0.39188021560152053,0.168857555126627,CNN-LSTM
S285,0.2644252589114709,0.2766332245405393,0.3063821639149535,0.15255935263303275,CNN-LSTM
S286,0.3330694972594451,0.2969628638961213,0.20148633877528976,0.1684813000691455,1D-CNN
S287,0.30141482571846245,0.28770876486783387,0.1535852635245445,0.2572911458891555,1D-CNN
S288,0.059425735678886926,0.06036880728922179,0.26268298517607347,0.6175224718558177,GRU
S289,0.06976716563348016,0.1806622263681991,0.3566127097622647,0.39295789823605676,GRU
S290,0.42795079293715405,0.16447807788487814,0.1898573891199622,0.2177137400580043,1D-CNN
S291,0.22193471248078586,0.5842077076371467,0.12330112871291032,0.07055645116915782,ANN
S292,0.0933963485284788,0.12753940250721685,0.6762908474127567,0.10277340155154711,CNN-LSTM
S293,0.23448609762093414,0.05225021205737805,0.2041415907074343,0.5091220996142544,GRU
S294,0.2734603081536252,0.14909710353594144,0.47796730850942176,0.0994752798010118,CNN-LSTM
S295,0.3419481617115678,0.23142112058338019,0.270320719305754,0.15630999839929655,1D-CNN
S296,0.3221222719749233,0.3296117533294771,0.24729192455693427,0.10097405013866856,ANN
S297,0.2580739488458935,0.4430860702328315,0.19390406795065684,0.10493591297061788,ANN
S298,0.11364442264411115,0.20930268525259302,0.09850221377947815,0.578550678323817,GRU
S299,0.23119900822441616,0.22272382684689795,0.26627611132080253,0.27980105360788005,GRU
S300,0.1426234712184702,0.24095360743428332,0.19508965144288132,0.42133326990437087,GRU
S301,0.04933178410655256,0.08397640576971263,0.7466356897531553,0.12005612037057967,CNN-LSTM
S302,0.3393897800145171,0.3469931911215722,0.16369414384907352,0.14992288501483458,ANN
S303,0.8244426726340017,0.04900269099518917,0.061479609896528606,0.06507502647428313,1D-CNN
S304,0.3775745614549861,0.3944722647059449,0.08654068347546348,0.14141249036360654,ANN
S305,0.08086431514153117,0.13756183976973801,0.6659619828130474,0.11561186227568329,CNN-LSTM
S306,0.2745487763319677,0.2767872978900039,0.3545551533761059,0.09410877240192153,CNN-LSTM
S307,0.510144455900545,0.29661524115623866,0.1371927380680991,0.056047564875118056,1D-CNN
S308,0.22532352477386322,0.5615511578501289,0.1331162974350996,0.08000901994090798,ANN
S309,0.1509412865514591,0.25894144791410234,0.1913778661108071,0.3987393994236314,GRU
S310,0.04090793608655624,0.13450071760356985,0.21916727687883886,0.6054240694310346,GRU
S311,0.20731160183562888,0.17037643762907415,0.30189391797614024,0.3204180425591529,GRU
S312,0.10511965071294307,0.19442762026504756,0.15717272559228843,0.5432800034297218,GRU
S313,0.02520435309499567,0.08356572928011144,0.12048524054551675,0.7707446770793756,GRU
S314,0.24104850558201427,0.25103757579055896,0.1201436362967204,0.3877702823307043,GRU
S315,0.1647736949037885,0.41778737871144317,0.027863950999577187,0.38957497538519137,ANN
S316,0.26437406449440193,0.2772106480220505,0.18796193119909568,0.27045335628445283,ANN
S317,0.13098752732113367,0.11389071834849081,0.02508576002083264,0.7300359943095424,GRU
S318,0.05705432755975439,0.718083533664431,0.17998351910298033,0.044878619672834824,ANN
S319,0.35860875788147584,0.2867785087541997,0.2775105295515031,0.0771022038128198,1D-CNN
S320,0.2634223701298328,0.5118578570278628,0.18236665076218492,0.042353122080120396,ANN
S321,0.13014903009199835,0.2074685473222389,0.6024072307171954,0.059975191868570386,CNN-LSTM
S322,0.3641765888757465,0.09632676108911228,0.19303705130894677,0.34645959872619425,1D-CNN
S323,0.3260901091477683,0.23642025719628437,0.3359753472239434,0.10151428643200487,CNN-LSTM
S324,0.10320603055990603,0.6998349272488373,0.0602114918379784,0.13674755035327832,ANN
S325,0.11811796941281624,0.09638720476260731,0.033621932735666535,0.7518728930889083,GRU
S326,0.10461466515296922,0.4885090436716166,0.08228159128696463,0.32459469988844775,ANN
S327,0.13368068512985679,0.07333934785127273,0.7107493897683157,0.08223057725055793,CNN-LSTM
S328,0.1006763833123676,0.3572975961361141,0.4597472198623233,0.08227880068919491,CNN-LSTM
S329,0.29795427681516684,0.1900774386805031,0.3311468944225896,0.18082139008173986,CNN-LSTM
S330,0.5730396717312987,0.09788977515643485,0.15384678548256323,0.1752237676297008,1D-CNN
S331,0.2280993824931105,0.15875671416478337,0.4335292150043949,0.17961468833770897,CNN-LSTM
S332,0.16177695567004158,0.3247203409951756,0.3290955094334228,0.18440719390136376,CNN-LSTM
S333,0.10601100093279339,0.7898616259926956,0.02924758313876876,0.07487978993574455,ANN
S334,0.16770652152661716,0.23523908765577706,0.09568051645295762,0.5013738743646489,GRU
S335,0.2874761039404152,0.03683143118092104,0.6039270569727091,0.07176540790595634,CNN-LSTM
S336,0.06370711152470067,0.07856264970733393,0.08554249919188771,0.7721877395760777,GRU
S337,0.22973334355582406,0.08100209531983915,0.25454660614120145,0.43471795498313376,GRU
S338,0.5005746362901484,0.27079343337949624,0.07373302330466301,0.1548989070256934,1D-CNN
S339,0.22398811699295398,0.12599860762265733,0.5477531768477366,0.10226009853664995,CNN-LSTM
S340,0.17074759199891115,0.39644875184191614,0.21198438657767668,0.22081926958149603,ANN
S341,0.0846191576996672,0.07145335299172245,0.07232142417211886,0.7716060651364908,GRU
S342,0.22837666008450302,0.21079571662454621,0.2103251966535758,0.35050242663737075,GRU
S343,0.2544598005671938,0.3210418945684404,0.17617245316182706,0.24832585170253768,ANN
S344,0.16835133311139383,0.23610697048189833,0.5297200767908621,0.06582161961584354,CNN-LSTM
S345,0.14848587169540023,0.6945315210094509,0.08621766686177738,0.07076494043337227,ANN
S346,0.39600437131757077,0.16264724281738485,0.3155794785029262,0.12576890736211896,1D-CNN
S347,0.3822876239816511,0.1691931442624067,0.29359734135861765,0.15492189039732437,1D-CNN
S348,0.16875898774373377,0.3934159451807041,0.2105532446512429,0.22727182242431848,ANN
S349,0.21111606061024962,0.2926151031898716,0.23705942616324494,0.2592094100366337,ANN
S350,0.1772259882266655,0.14935545018274485,0.5324847836043788,0.14093377798621196,CNN-LSTM
S351,0.27975727241354886,0.2257570001599708,0.4605064440591777,0.03397928336730128,CNN-LSTM
S352,0.20314288584851556,0.42470032465189933,0.2635731165955934,0.10858367290399268,ANN
S353,0.2661014680337553,0.21100757985832655,0.26531519289833144,0.25757575920958486,1D-CNN
S354,0.25596286362839765,0.16826138339096983,0.23594710360416635,0.33982864937646334,GRU
S355,0.14095231119487064,0.36687289207946616,0.29625166035132866,0.1959231363743328,ANN
S356,0.013239808265201077,0.9596554667897276,0.0018624522148021744,0.025242272730269376,ANN
S357,0.05414627511715939,0.05488149897227842,0.07282578935839586,0.8181464365521642,GRU
S358,0.014190706182562228,0.6464046840687337,0.12138922651081388,0.21801538323789432,ANN
S359,0.4402715854066324,0.04898331329024537,0.4468473120536543,0.0638977892494687,CNN-LSTM
S360,0.10321255539035624,0.4845087422130669,0.215860829348748,0.19641787304782676,ANN
S361,0.15515746763278457,0.31413642844129663,0.0959238960198877,0.43478220790603206,GRU
S362,0.03804914011312089,0.1364093581745138,0.06506064122007978,0.7604808604922856,GRU
S363,0.041445930085871545,0.05682610440467575,0.06779912465791509,0.8339288408515404,GRU
S364,0.23792850191038742,0.15397903695422105,0.23359322266557211,0.37449923846981953,GRU
S365,0.3544262428580499,0.11995664633104594,0.348688435672597,0.17692867513830698,1D-CNN
S366,0.24726088807603366,0.11420514911610496,0.49470525183368724,0.1438287109741714,CNN-LSTM
S367,0.16284601831460582,0.4237699914189892,0.2208617022839736,0.19252228798242893,ANN
S368,0.3284352672862102,0.31180830886778316,0.20559469304660638,0.1541617307994003,1D-CNN
S369,0.22665092201709047,0.31764126803422976,0.35444730511015216,0.10126050483853077,CNN-LSTM
S370,0.4146280240232126,0.4165094754080045,0.1004200974160282,0.06844240315275461,ANN
S371,0.13761769871716323,0.03422087224989066,0.2863183523220286,0.5418430767109168,GRU
S372,0.10162334076639519,0.1777907921109249,0.14581071879456792,0.5747751483281153,GRU
S373,0.09651557692395599,0.04125416267792921,0.0951875593959021,0.7670427010022154,GRU
S374,0.11864517289679068,0.18054055466446658,0.15098036522622313,0.5498339072125195,GRU
S375,0.17755177385007426,0.2968870299361942,0.37137152955400654,0.15418966665972125,CNN-LSTM
S376,0.12926905275239625,0.07839855648033942,0.6078436996474071,0.1844886911198568,CNN-LSTM
S377,0.23661476858275324,0.3556030107888478,0.14520613881479455,0.26257608181359987,ANN
S378,0.27818553807936364,0.17217280770983226,0.18043033279833573,0.36921132141246565,GRU
S379,0.32260098714631374,0.17324582212418768,0.2762254650078694,0.2279277257216255,1D-CNN
S380,0.2618807451893895,0.24116870083452982,0.30341323145786014,0.19353732251822053,CNN-LSTM
S381,0.07844434024133468,0.13997078559070705,0.18422069451924614,0.5973641796487141,GRU
S382,0.10059902576164005,0.06878803299626803,0.10911496517804181,0.7214979760640482,GRU
S383,0.19197627627655153,0.2718711210126333,0.10382128589599496,0.43233131681481984,GRU
S384,0.2841087902955455,0.14655637271530042,0.1543181550626762,0.4150166819264784,GRU
S385,0.21233107208137605,0.18924199014167473,0.2863255425416691,0.31210139523527597,GRU
S386,0.11516391327385214,0.36368718517339566,0.1628528441894113,0.3582960573633411,ANN
S387,0.12163292517430364,0.24455150931922837,0.15361811008493026,0.48019745542153763,GRU
S388,0.3932355942958054,0.23713946557789148,0.30518152245448726,0.06444341767181506,1D-CNN
S389,0.4695156489747859,0.19376382675810078,0.2752031466320934,0.06151737763501991,1D-CNN
S390,0.2833303015408038,0.1945325956840037,0.3665621012604076,0.15557500151478657,CNN-LSTM
S391,0.3673983219979381,0.23784911560726357,0.33100902692608053,0.06374353546871618,1D-CNN
S392,0.3510537503440527,0.29724335256479345,0.15472280400115532,0.19698009309000206,1D-CNN
S393,0.20132692522715706,0.33126523634907695,0.2781551378279045,0.18925270059586163,ANN
S394,0.19370386311949128,0.20426064311515435,0.09664280440715671,0.5053926893581975,GRU
S395,0.12495693455067967,0.17602877354502164,0.10668402340772502,0.5923302684965701,GRU
S396,0.2288249195057132,0.26657787932349686,0.1603595109088307,0.3442376902619589,GRU
S397,0.16484526039845185,0.3563096018926789,0.14812633782631415,0.330718799882557,ANN
S398,0.13744827930009873,0.5347992112125323,0.18906468419839326,0.13868782528897594,ANN
S399,0.07778403402345377,0.7711152935930798,0.11966760012482425,0.03143307225863898,ANN
S400,0.15964677602148172,0.1388314617161665,0.10097958779726499,0.600542174465088,GRU
S401,0.24829007291434216,0.26910976161698996,0.23485426672038584,0.24774589874828112,ANN
S402,0.29316625379327077,0.2219446484435552,0.23634223025211354,0.24854686751106161,1D-CNN
S403,0.27152862215742773,0.23140056606898904,0.2141561033829425,0.28291470839064087,GRU
S404,0.1704254773922895,0.23945195814958703,0.22355996642150305,0.3665625980366212,GRU
S405,0.06343472925838146,0.32909270702223586,0.19838669512296644,0.4090858685964194,GRU
S406,0.21597251894984587,0.32665069865665247,0.41961217305109444,0.037764609342406226,CNN-LSTM
S407,0.22746327830971053,0.29325512446328605,0.08086684262899237,0.39841475459800973,GRU
S408,0.11743565802544798,0.2846770660910272,0.15726669767190546,0.4406205782116169,GRU
S409,0.06165607654777268,0.10557511114484366,0.014330384104990396,0.8184384282023914,GRU
S410,0.11761463757541657,0.2899658971507446,0.1299294890912493,0.4624899761825895,GRU
S411,0.155820487519506,0.24530757285665086,0.22298848750164046,0.37588345212220264,GRU
S412,0.194211778442425,0.280276877907548,0.24542494139357918,0.28008640225644704,ANN
S413,0.18530982473501376,0.23909246856319882,0.15681151557723105,0.41878619112455984,GRU
S414,0.09304589313892334,0.4431863271620774,0.27655691386248654,0.18721086583651114,ANN
S415,0.08579045514495237,0.14816215628589272,0.2592947644335651,0.5067526241355889,GRU
S416,0.15800105980665896,0.43393714551245105,0.3290066279164106,0.07905516676447924,ANN
S417,0.3742238340908898,0.15876208560496696,0.20589409440203585,0.26111998590210744,1D-CNN
S418,0.28795506822388284,0.2054649794644898,0.2826192537422697,0.22396069856935436,1D-CNN
S419,0.33789913758115436,0.2334045326908188,0.21962987418900776,0.20906645553901507,1D-CNN
S420,0.14383194296698498,0.4275130791846196,0.14731041468801606,0.28134456316037926,ANN
S421,0.13180565838211344,0.4061805966460473,0.15497007014388928,0.3070436748279491,ANN
S422,0.3786072426221247,0.18611434136351784,0.17466744216602942,0.2606109738483376,1D-CNN
S423,0.023925108103645776,0.8769666692354314,0.015322800736872918,0.08378542192404964,ANN
S424,0.2397648508602079,0.423001426849374,0.15322111734403904,0.1840126049463774,ANN
S425,0.08258320937341748,0.4503820098310713,0.2476736551933445,0.21936112560216664,ANN
S426,0.07385160120267949,0.15532255186478208,0.7093216937884859,0.06150415314405177,CNN-LSTM
S427,0.6115650708218563,0.06060313771190397,0.2856010912432421,0.04223070022299724,1D-CNN
S428,0.4298371951448698,0.1533390850242388,0.2986698576692276,0.11815386216166296,1D-CNN
S429,0.31045299198892445,0.20765592700663346,0.3207507503212123,0.1611403306832335,CNN-LSTM
S430,0.3535716001009,0.19114321259586792,0.14331765215702078,0.3119675351462111,1D-CNN
S431,0.247297854905467,0.35960004895591874,0.3237040195965374,0.0693980765420761,ANN
S432,0.0656738038390015,0.7979888822387537,0.07261406314800697,0.06372325077423636,ANN
S433,0.16267230677744152,0.16276769915845196,0.5531947169034602,0.12136527716064391,CNN-LSTM
S434,0.4119560955616291,0.0772943047972198,0.45848794185732544,0.05226165778382558,CNN-LSTM
S435,0.1340761632751131,0.17049664821253624,0.6402821128701298,0.055145075642220036,CNN-LSTM
S436,0.1675432738009138,0.22273568182456535,0.4184339632143102,0.19128708116021048,CNN-LSTM
S437,0.35212968593762606,0.18906382069654948,0.17828154247323857,0.28052495089258217,1D-CNN
S438,0.1843388699883333,0.11441644740343433,0.1595605977723521,0.5416840848358839,GRU
S439,0.0921139907293814,0.30896735024086164,0.09633990023642,0.5025787587933352,GRU
S440,0.31055460307548916,0.2713315518434539,0.23868941188735582,0.17942443319370116,1D-CNN
S441,0.09349448532454069,0.10683914146369179,0.6046480919142462,0.1950182812975208,CNN-LSTM
S442,0.2739846656524168,0.24436246012343465,0.2424256368175234,0.23922723740662585,1D-CNN
S443,0.35350082288286067,0.392662657345751,0.05580775699038531,0.19802876278100304,ANN
S444,0.2897994150174586,0.28713740404619964,0.06455274979893127,0.3585104311374115,GRU
S445,0.24447813291558662,0.23620605647958098,0.23692851756583416,0.28238729303899657,GRU
S446,0.2333477140748159,0.5421965686030523,0.10870483165708027,0.11575088566505215,ANN
S447,0.17020873934946593,0.2596800687966813,0.3247580316863196,0.24535316016753236,CNN-LSTM
S448,0.20375412364657441,0.2628387787039018,0.3222570419092437,0.2111500557402874,CNN-LSTM
S449,0.2903606184743069,0.2643057095520547,0.21464722959313914,0.23068644238050356,1D-CNN
S450,0.2936404941223538,0.19921672033188734,0.345999632043398,0.1611431535023573,CNN-LSTM
