Segment,1D-CNN,ANN,CNN-LSTM,GRU,Selected
S1,0.20802808608101994,0.12859708520160348,0.40725698979036706,0.2561178389270093,CNN-LSTM
S2,0.3290073495299011,0.18745869602099996,0.30076610298411166,0.1827678514649873,1D-CNN
S3,0.1483188575423661,0.34764237629528294,0.3465258583788602,0.15751290778349047,ANN
S4,0.24594228379012228,0.3387737485283072,0.21297199974848743,0.20231196793308334,ANN
S5,0.16771114240620885,0.25889880883825706,0.22315590814293043,0.3502341406126036,GRU
S6,0.17052399321431105,0.26125088769342625,0.23646716564952186,0.3317579534427407,GRU
S7,0.20980984976068098,0.18972237196966274,0.28779584159669197,0.3126719366729635,GRU
S8,0.1938233474779385,0.31380003691949626,0.19527584858601366,0.29710076701655175,ANN
S9,0.2847951607306853,0.3337545814011071,0.12666815240971205,0.2547821054584958,ANN
S10,0.2054305370652109,0.3010212236917911,0.15214944380632425,0.341398795436673,GRU
S11,0.24118506336764814,0.255203951484562,0.19443579540036648,0.30917518974742414,GRU
S12,0.2339509418134365,0.2139281202771405,0.22903444617512364,0.3230864917343002,GRU
S13,0.17986163307140995,0.18987216971680626,0.2334809184289099,0.3967852787828736,GRU
S14,0.18112214180099767,0.21829557942788133,0.2731151861014236,0.32746709266969753,GRU
S15,0.22087920811369705,0.36240440908089494,0.13089318371577763,0.28582319908963044,ANN
S16,0.238775567723989,0.16364806482143382,0.13939838341679694,0.4581779840377797,GRU
S17,0.2614113705593887,0.31371510798824037,0.29587952397013684,0.12899399748223395,ANN
S18,0.3454636074916299,0.26644749124512235,0.299180567512366,0.08890833375088075,1D-CNN
S19,0.282655294333964,0.26432362960199357,0.35259222198865864,0.10042885407538399,CNN-LSTM
S20,0.3579830467020636,0.3352961247100249,0.1836581492246678,0.12306267936324385,1D-CNN
S21,0.2514663682389422,0.3029471287310285,0.21595854816474808,0.22962795486528137,ANN
S22,0.28136856595122745,0.20576475800847355,0.19901327248205847,0.3138534035582424,GRU
S23,0.07499785155381919,0.1399126087094612,0.2867462002612428,0.4983433394754766,GRU
S24,0.06748999245543953,0.5062577362113442,0.11283693709037709,0.31341533424283935,ANN
S25,0.41413244796626647,0.2171427857554314,0.030851439252746155,0.3378733270255552,1D-CNN
S26,0.23518048018472432,0.4038754237559425,0.0975678239408519,0.26337627211848114,ANN
S27,0.24417872742898675,0.13040800316796597,0.5012580196341336,0.12415524976891353,CNN-LSTM
S28,0.3227298763146695,0.2012978648900646,0.23149238865683908,0.2444798701384269,1D-CNN
S29,0.26669962971068945,0.19703764368259918,0.3782092935007215,0.15805343310598988,CNN-LSTM
S30,0.32108239430815183,0.2177180622835978,0.31466613316405123,0.14653341024419883,1D-CNN
S31,0.27512384706874493,0.22237250550360754,0.3415676576596966,0.16093598976795123,CNN-LSTM
S32,0.25278226415551464,0.245598120140715,0.3100938636212302,0.19152575208253986,CNN-LSTM
S33,0.28541242868464173,0.2247659121055953,0.2432985488778794,0.24652311033188326,1D-CNN
S34,0.26318957937822746,0.20648385803773256,0.2648909106970553,0.26543565188698476,GRU
S35,0.23592138029826662,0.27582442303429944,0.22461856494301177,0.263635631724422,ANN
S36,0.20989774151395607,0.2593822818649133,0.22670822020972786,0.3040117564114026,GRU
S37,0.15523254733709732,0.21921266394540048,0.30827913858444744,0.31727565013305464,GRU
S38,0.2810536803708489,0.2860267961380022,0.22498691203796517,0.20793261145318384,ANN
S39,0.2521199460686467,0.24517947111436858,0.266521246042856,0.23617933677412886,CNN-LSTM
S40,0.2500688909427813,0.2456251125207447,0.2714092683478826,0.23289672818859156,CNN-LSTM
S41,0.250745771235767,0.24334396488579266,0.2783713023701388,0.22753896150830155,CNN-LSTM
S42,0.2755262257085556,0.252295432245578,0.25520367170647973,0.21697467033938647,1D-CNN
S43,0.26893132575616574,0.2646225678894949,0.2546115195502045,0.2118345868041341,1D-CNN
S44,0.2799540164506139,0.13421876572407426,0.2629646081922801,0.32286260963302993,GRU
S45,0.055589306297690676,0.05168232652508153,0.612232756092265,0.2804956110849629,CNN-LSTM
S46,0.24974232373119243,0.6016391810160999,0.047541925678341194,0.10107656957436645,ANN
S47,0.09480566248259087,0.266137038377839,0.18019703492044975,0.45886026421912046,GRU
S48,0.20197329785965273,0.1170758520944805,0.262205674646192,0.41874517539967643,GRU
S49,0.17587503556044978,0.15091485619645437,0.366838774156023,0.3063713340870734,CNN-LSTM
S50,0.4618175082474028,0.21211927128833738,0.1899665797005282,0.13609664076373168,1D-CNN
S51,0.2804935992267795,0.33091623414167015,0.27145251137642823,0.11713765525512204,ANN
S52,0.3597348856505333,0.42125912157064666,0.14638047787523165,0.07262551490358829,ANN
S53,0.28381117461788874,0.32353070550413343,0.2439369813015108,0.14872113857646682,ANN
S54,0.6530286357587459,0.2113399697523262,0.07848752573535771,0.057143868753570054,1D-CNN
S55,0.2876873287718046,0.40584060959839413,0.135443928284685,0.17102813334511624,ANN
S56,0.13302598632616192,0.15570198492963586,0.27871779648936035,0.43255423225484113,GRU
S57,0.21069027570029705,0.24535203296950372,0.21959439009048096,0.32436330123971846,GRU
S58,0.18965495701865334,0.3211977377773937,0.20528558752839074,0.2838617176755621,ANN
S59,0.14881989711485133,0.18749775414372089,0.3315463922902479,0.33213595645118055,GRU
S60,0.24740421637499807,0.2213344137833201,0.25014336308884455,0.2811180067528372,GRU
S61,0.39570177665944317,0.3494059031433109,0.08705274599925113,0.16783957419799486,1D-CNN
S62,0.4131023801069947,0.24112342360390396,0.101717478538403,0.2440567177506992,1D-CNN
S63,0.2458023521372845,0.26872673931569324,0.13661397157695807,0.3488569369700639,GRU
S64,0.23026152148749535,0.23844216472873675,0.13557071815294863,0.3957255956308194,GRU
S65,0.1979573312085019,0.11238381209920692,0.21218275159886754,0.4774761050934234,GRU
S66,0.20206191665942122,0.19229456278708484,0.28750896206848103,0.3181345584850132,GRU
S67,0.2780138357813733,0.2779497805843141,0.23940887633277352,0.2046275073015386,1D-CNN
S68,0.2538245030925216,0.3356623947210777,0.24882129380567783,0.16169180838072403,ANN
S69,0.25050204172701784,0.3639863859157942,0.24360397869306763,0.1419075936641202,ANN
S70,0.28336507142239553,0.3594589736234838,0.2249552858943974,0.132220669059723,ANN
S71,0.2868166281139273,0.33121076871899335,0.22954932280826587,0.15242328035881272,ANN
S72,0.1458719253697519,0.7936658387652487,0.0247328270766343,0.03572940878836521,ANN
S73,0.056460911433281406,0.10164500261666831,0.19594872029399818,0.6459453656560523,GRU
S74,0.2433141069820863,0.26132853311433,0.23774085449333363,0.25761650541025005,ANN
S75,0.180973466732607,0.19395829975766252,0.4159040506650785,0.20916418284465194,CNN-LSTM
S76,0.19838374104760634,0.2921255770465761,0.2717419578248327,0.23774872408098519,ANN
S77,0.2671048337720947,0.1560737437054897,0.2470031056507339,0.32981831687168117,GRU
S78,0.2755647965216069,0.23837126442240422,0.2668301633005697,0.219233775755418,1D-CNN
S79,0.21145327817471393,0.22935423968451932,0.33891537837951485,0.22027710376125198,CNN-LSTM
S80,0.2309042032716742,0.3043691299349137,0.27380277595241687,0.19092389084099484,ANN
S81,0.2828365285486157,0.26081146312629816,0.220631493481338,0.23572051484374767,1D-CNN
S82,0.22583355832896898,0.25362529060837047,0.2559773127614145,0.26456383830124613,GRU
S83,0.18951333368892465,0.23415899415973354,0.3188487948404644,0.25747887731087754,CNN-LSTM
S84,0.22974065911553634,0.16822443044220167,0.2692053109511114,0.33282959949115054,GRU
S85,0.07813985033230834,0.043554969589169455,0.5466732497063911,0.3316319303721313,CNN-LSTM
S86,0.36942093452813396,0.22549669665944286,0.1962019076123757,0.20888046120004727,1D-CNN
S87,0.36363913051433633,0.35769302450728635,0.09433361451482553,0.18433423046355177,1D-CNN
S88,0.4214626931629422,0.17057185262720181,0.11725255710091576,0.2907128971089401,1D-CNN
S89,0.3394739066879138,0.2063795819464501,0.23018562477719187,0.22396088658844382,1D-CNN
S90,0.2956501718850786,0.24493502111125093,0.2810941415832661,0.17832066542040453,1D-CNN
S91,0.30683903624732645,0.3168825800594501,0.22867999503311234,0.14759838866011096,ANN
S92,0.3497549826748642,0.3120197008737835,0.21508387625990122,0.12314144019145083,1D-CNN
S93,0.24123992867352057,0.32446454090312027,0.2516211662416081,0.1826743641817509,ANN
S94,0.29200330147058234,0.35713345712042543,0.167196450027949,0.1836667913810435,ANN
S95,0.08877597619797048,0.07448645254730914,0.35938116270842924,0.477356408546292,GRU
S96,0.10549767472210685,0.08000083636452442,0.42192995417883516,0.39257153473453354,CNN-LSTM
S97,0.1763672585741499,0.11246217384565112,0.3935914614562914,0.3175791061239079,CNN-LSTM
S98,0.24692331953957763,0.40897767450552636,0.1577444855980775,0.18635452035681885,ANN
S99,0.28702250698993514,0.5637860124095775,0.03247707788231824,0.11671440271816905,ANN
S100,0.5376989463564584,0.1088510082957299,0.07505085431577158,0.2783991910320391,1D-CNN
S101,0.2101224396478977,0.17588243372489432,0.15932716035392994,0.4546679662732781,GRU
S102,0.23522651933300853,0.317491756379583,0.22472353928371483,0.22255818500369484,ANN
S103,0.2220636598337935,0.2489916567579157,0.24509297369458258,0.2838517097137084,GRU
S104,0.035620506369198425,0.04446430928054162,0.2313911865089104,0.6885239978413494,GRU
S105,0.0593470489806035,0.06192365567387235,0.22496200402582425,0.6537672913196992,GRU
S106,0.04679500783592044,0.017722033332172864,0.18534983808748656,0.75013312074442,GRU
S107,0.02164071445672311,0.03195863827918758,0.14160208990595624,0.8047985573581327,GRU
S108,0.06359181152033547,0.0900258691517069,0.2482041094462998,0.5981782098816576,GRU
S109,0.3839150661126237,0.16859643926450563,0.1291223808071383,0.3183661138157332,1D-CNN
S110,0.24588128273163207,0.3659282623392342,0.21558035924139682,0.17261009568773705,ANN
S111,0.20709279909689574,0.2878221930443991,0.1263912510645058,0.37869375679419964,GRU
S112,0.11467736344254197,0.2678403646708304,0.090195496556734,0.5272867753298938,GRU
S113,0.213415967670832,0.2723055616492928,0.12013391347077625,0.3941445572090991,GRU
S114,0.20561991530888452,0.20184226730915267,0.16715878677401588,0.42537903060794713,GRU
S115,0.16138441378064483,0.3155717895155015,0.16402525583325595,0.35901854087059787,GRU
S116,0.20968434478417242,0.31684050114077006,0.1579106650364185,0.3155644890386392,ANN
S117,0.21593231259001816,0.2840223972608862,0.2223637566704152,0.2776815334786804,ANN
S118,0.29548707231630983,0.22234056158049262,0.2798844732576958,0.2022878928455017,1D-CNN
S119,0.22891830725955753,0.10798274702357474,0.5695991776935806,0.09349976802328654,CNN-LSTM
S120,0.23108166441395928,0.26639221728166584,0.38015179903667745,0.12237431926769714,CNN-LSTM
S121,0.43043339618328685,0.2671025773609017,0.19902560056507956,0.1034384258907319,1D-CNN
S122,0.3454633605963814,0.21595376694723695,0.30379331221274086,0.13478956024364078,1D-CNN
S123,0.291623839815831,0.3118200085958507,0.2741783132143582,0.12237783837396081,ANN
S124,0.36477078189257206,0.1943776324156114,0.2538243028007628,0.18702728289105372,1D-CNN
S125,0.2200508396506343,0.233190681976107,0.19681585972471458,0.3499426186485431,GRU
S126,0.2537405787719608,0.2832620238350241,0.181897978705039,0.28109941868797594,ANN
S127,0.24550506394961624,0.28593476804052737,0.197252953078595,0.27130721493126025,ANN
S128,0.24797814870877874,0.23662003762937742,0.24512456573387872,0.2702772479279649,GRU
S129,0.21717425518731026,0.23756359948489972,0.26205458209176735,0.2832075632360225,GRU
S130,0.3403643130088833,0.29859869968652075,0.16544093662000836,0.19559605068458855,1D-CNN
S131,0.22450566361694813,0.12880363700256775,0.4977551777034851,0.14893552167699917,CNN-LSTM
S132,0.12586509374978405,0.37428720535413756,0.3841043957894986,0.11574330510657944,CNN-LSTM
S133,0.27776875213009,0.3377796302336157,0.24436280793160634,0.14008880970468804,ANN
S134,0.3557572051467638,0.3288825558128976,0.17262007035650645,0.1427401686838314,1D-CNN
S135,0.2468886147900673,0.2959733403012593,0.23606248600095972,0.2210755589077136,ANN
S136,0.18178411434938038,0.16655857890298253,0.3704269777887975,0.28123032895883965,CNN-LSTM
S137,0.10345207533969686,0.12796222485099604,0.27995506963964245,0.4886306301696647,GRU
S138,0.21581843728834596,0.4025481698758628,0.11077473536461394,0.2708586574711767,ANN
S139,0.2211929066080925,0.2506596402162199,0.1570651661626588,0.3710822870130288,GRU
S140,0.22319729052813767,0.14135030208522684,0.22512809366952893,0.4103243137171065,GRU
S141,0.23551041705941564,0.2882840310409111,0.1908668598350137,0.28533869206466067,ANN
S142,0.26170905827963203,0.23456509939164094,0.21903068479108193,0.28469515753764474,GRU
S143,0.19821416118087568,0.40393919135642636,0.14630180972303936,0.2515448377396587,ANN
S144,0.3479734424475445,0.2283218141319211,0.157332086692066,0.26637265672846827,1D-CNN
S145,0.33331231004589124,0.23946890723096595,0.2978930826124627,0.12932570011067945,1D-CNN
S146,0.21160483864249746,0.3599649227438568,0.32976652430635567,0.09866371430728911,ANN
S147,0.35412924928754663,0.03241082812125085,0.4079926924380795,0.20546723015312318,CNN-LSTM
S148,0.22177112458640072,0.18673266617934625,0.4400696206107145,0.15142658862353875,CNN-LSTM
S149,0.15470088100084853,0.17790843786336313,0.1437809944146374,0.5236096867211508,GRU
S150,0.14022572605668443,0.20545754676551117,0.17476719900494495,0.4795495281728595,GRU
S151,0.20425822338162178,0.2139688960526274,0.15982004973416436,0.4219528308315859,GRU
S152,0.1783971577277099,0.3314544992875437,0.2384411305353621,0.25170721244938427,ANN
S153,0.22727956646064906,0.23079897647047842,0.304437782516354,0.2374836745525202,CNN-LSTM
S154,0.24766528535353705,0.23471444395025992,0.3117079465543365,0.20591232414186728,CNN-LSTM
S155,0.25697121565826053,0.16713992531175062,0.3858422751579463,0.19004658387204257,CNN-LSTM
S156,0.22014999461996423,0.18097882569150403,0.41092229502341354,0.187948884665118,CNN-LSTM
S157,0.2937901234842126,0.210130916682282,0.30697922714136444,0.18909973269214117,CNN-LSTM
S158,0.26079264740123953,0.3357601484264714,0.18402523844966465,0.2194219657226244,ANN
S159,0.17049430951930913,0.2752061607155576,0.27437975353739663,0.27991977622773645,GRU
S160,0.1809179977821507,0.20403443097031665,0.38017115624062936,0.23487641500690387,CNN-LSTM
S161,0.263939088511896,0.28299200298502264,0.23182446281916008,0.22124444568392132,ANN
S162,0.2842713612105939,0.21741683921585694,0.2595058250481629,0.238805974525387,1D-CNN
S163,0.274591528921188,0.1772832768360032,0.33792724092806714,0.21019795331474078,CNN-LSTM
S164,0.20514918138194815,0.24782858459468088,0.39265365014770726,0.15436858387566385,CNN-LSTM
S165,0.19263361449740687,0.5627617764954459,0.14367403335668147,0.10093057565046556,ANN
S166,0.18495479698061576,0.17627264963191108,0.2699224764876225,0.3688500768998504,GRU
S167,0.2628680414574459,0.19949679009570973,0.31919765414258583,0.21843751430425837,CNN-LSTM
S168,0.22233772503799595,0.244100789230652,0.3448034827481939,0.18875800298315798,CNN-LSTM
S169,0.3293313093744701,0.13065737676474043,0.4099469773314709,0.13006433652931848,CNN-LSTM
S170,0.2834042200899798,0.2781659897819415,0.2705295712841337,0.1679002188439441,1D-CNN
S171,0.4775525060035215,0.20221709385880227,0.2135429294652234,0.10668747067245285,1D-CNN
S172,0.11332008507037584,0.18274804816871745,0.5052083046318253,0.19872356212908127,CNN-LSTM
S173,0.09002427100374902,0.5968898867228858,0.16152546611235374,0.15156037616101137,ANN
S174,0.1890029954619858,0.29832061497610757,0.1636041090773665,0.3490722804845399,GRU
S175,0.19136322070209252,0.3051038719280781,0.20034338876630411,0.3031895186035252,ANN
S176,0.1708426980457291,0.2651482508751403,0.21968609717894064,0.3443229539001902,GRU
S177,0.20338897897093777,0.17113444665114813,0.28499401630484644,0.34048255807306743,GRU
S178,0.20127704971637725,0.36515816297469217,0.13933683350300166,0.2942279538059288,ANN
S179,0.4131052762362141,0.20121751284418318,0.11591024270701844,0.2697669682125841,1D-CNN
S180,0.323579088958935,0.19156858973881014,0.11625130080059813,0.36860102050165644,GRU
S181,0.1926609769829623,0.19924738884375537,0.333684547433117,0.27440708674016534,CNN-LSTM
S182,0.19376475035222304,0.11318813980880564,0.21054394074298902,0.4825031690959822,GRU
S183,0.15246513991919897,0.12136707750611384,0.19807092375509686,0.5280968588195899,GRU
S184,0.18763609079814242,0.1550189569979235,0.18721662861085528,0.47012832359307827,GRU
S185,0.23294477484547685,0.07962980235678133,0.17455471875626974,0.5128707040414722,GRU
S186,0.18491258866580068,0.15199888883704046,0.2762465057224954,0.3868420167746634,GRU
S187,0.2537135270575842,0.2043154332238699,0.2919592240745408,0.25001181564400443,CNN-LSTM
S188,0.28982376068033766,0.241354209869806,0.27989104987815955,0.18893097957169733,1D-CNN
S189,0.24564048190980176,0.1341814016465835,0.5238466535811354,0.09633146286247941,CNN-LSTM
S190,0.20597075047754093,0.3550701112326599,0.2787889516145477,0.16017018667525063,ANN
S191,0.3248381711954052,0.2027826715110367,0.24584666630375282,0.2265324909898045,1D-CNN
S192,0.21423748528391875,0.3021599937700424,0.19237858282832096,0.29122393811771813,ANN
S193,0.10090132295884205,0.13496367792761196,0.2957910314201352,0.4683439676934107,GRU
S194,0.20331841028931755,0.251125905671288,0.19848335227451294,0.34707233176488156,GRU
S195,0.25729988489072314,0.34766924774138913,0.13521430455934338,0.25981656280854437,ANN
S196,0.1783967422809471,0.4294019184523644,0.08923329897144955,0.302968040295239,ANN
S197,0.2136816591872328,0.3479632616033748,0.1363923291160083,0.30196275009338364,ANN
S198,0.24338624251493676,0.21370440698933915,0.14211305768248533,0.40079629281323875,GRU
S199,0.2185597764540567,0.21471528386101163,0.187029856283417,0.3796950834015145,GRU
S200,0.2566184158892282,0.25679332972251867,0.18726002764876426,0.29932822673948956,GRU
S201,0.24789923292999036,0.18184919221573975,0.20072371661696456,0.369527858237306,GRU
S202,0.20493284191860475,0.24038591794463357,0.24277775538265076,0.31190348475411095,GRU
S203,0.1546713251392027,0.14944790325768745,0.34923722380794514,0.34664354779516426,CNN-LSTM
S204,0.20205826872135638,0.3006854887968675,0.18574912941746968,0.31150711306430634,GRU
S205,0.280208617688325,0.2517281021453461,0.19915016768938795,0.2689131124769405,1D-CNN
S206,0.2713601937126646,0.2745885335025769,0.24332554178863783,0.2107257309961199,ANN
S207,0.2763612630578278,0.3009657262169892,0.24258208352151772,0.180090927203665,ANN
S208,0.15659272724191026,0.23574061211679814,0.2562361555633611,0.3514305050779296,GRU
S209,0.13885118122634046,0.1989375682778051,0.28843528108723687,0.3737759694086178,GRU
S210,0.2669831728316478,0.426102479003018,0.08953672286469988,0.21737762530063434,ANN
S211,0.30014623789644884,0.09272212124697152,0.4951645534652921,0.11196708739128701,CNN-LSTM
S212,0.187377961294143,0.39740415641008003,0.35771974921471067,0.057498133081066174,ANN
S213,0.1265170620337411,0.1359627548337254,0.1858642294393956,0.5516559536931378,GRU
S214,0.17524829444677137,0.1993790414742473,0.18508381751955424,0.44028884655942707,GRU
S215,0.23035114042390448,0.2718684452422602,0.1561450043853077,0.3416354099485278,GRU
S216,0.1860244407444712,0.2818996098538242,0.16675951208110912,0.3653164373205964,GRU
S217,0.18253432339959924,0.3777850185425056,0.14114557941929226,0.2985350786386029,ANN
S218,0.13404159939573154,0.28990645013911776,0.19852186465162477,0.37753008581352504,GRU
S219,0.13431881118807174,0.31724014312480375,0.09952179913018115,0.44891924655694276,GRU
S220,0.18458252861336946,0.18989816039601917,0.06983790075139455,0.5556814102392162,GRU
S221,0.21836310719423455,0.20631441598434536,0.06758550879959334,0.5077369680218266,GRU
S222,0.1481564763470076,0.49149030783466485,0.12269538373016277,0.23765783208816468,ANN
S223,0.09026613338603322,0.14877108772518083,0.09094674415173212,0.6700160347370537,GRU
S224,0.11591785110284024,0.1526896815985391,0.13581379486101702,0.5955786724376044,GRU
S225,0.20786964803503433,0.27445090284333246,0.11460801066727165,0.40307143845436066,GRU
S226,0.21121784350851508,0.1666211551411113,0.13661144026256597,0.48554956108780783,GRU
S227,0.15880557673153037,0.30403186710846797,0.14911561791960026,0.3880469382404016,GRU
S228,0.18605008875628307,0.19592906690308842,0.16080287080273623,0.4572179735378931,GRU
S229,0.2115352310526224,0.3078130703353325,0.25011235485510924,0.230539343756936,ANN
S230,0.2510171367730022,0.24305306733436846,0.25895081347608995,0.2469789824165404,CNN-LSTM
S231,0.24299276248635662,0.2360803416231932,0.2569295199940298,0.2639973758964203,GRU
S232,0.3094701049031405,0.1719053643836295,0.3418457851368959,0.17677874557633405,CNN-LSTM
S233,0.27147062606728567,0.25617155404205455,0.2895136270419763,0.18284419284868342,CNN-LSTM
S234,0.2743554235787171,0.2582461503955194,0.24668537395143858,0.22071305207432468,1D-CNN
S235,0.15963287399881912,0.13751312242062422,0.2954543580476156,0.4073996455329418,GRU
S236,0.19158387549157382,0.3530019371315538,0.19060715633998127,0.26480703103689085,ANN
S237,0.27002753092048215,0.32302511509356824,0.14490970049059476,0.26203765349535507,ANN
S238,0.34279439321916855,0.1515874663052832,0.19571827654403873,0.30989986393150915,1D-CNN
S239,0.14278210526746907,0.4061105210570919,0.13350663175966251,0.3176007419157766,ANN
S240,0.4329064105552696,0.20727268609298996,0.05388003602278701,0.3059408673289535,1D-CNN
S241,0.28096265559608424,0.33728430254836317,0.16891352444148217,0.21283951741407073,ANN
S242,0.30265903264561994,0.2880061226409303,0.3103755432414795,0.09895930147197031,CNN-LSTM
S243,0.3229604155230193,0.27894316319973766,0.2585613435419013,0.13953507773534163,1D-CNN
S244,0.31035855862691925,0.21827209262200065,0.3172256282458875,0.1541437205051927,CNN-LSTM
S245,0.352210886495136,0.22476352984128647,0.265397171622315,0.1576284120412634,1D-CNN
S246,0.26017416363255386,0.29339099792194495,0.245455340746943,0.20097949769855813,ANN
S247,0.26954659850975227,0.25118533663845033,0.24192889052006272,0.23733917433173413,1D-CNN
S248,0.2032099629238411,0.2677271454698936,0.25930851310130043,0.26975437850496403,GRU
S249,0.16074971784042028,0.24302165433179773,0.3196473834115406,0.2765812444162412,CNN-LSTM
S250,0.2373791340022025,0.2620555819822911,0.24693659047183406,0.25362869354367235,ANN
S251,0.2731716848929778,0.35695918000178595,0.14594315226459054,0.22392598284064585,ANN
S252,0.3054246784874718,0.171130402147013,0.2579919566964028,0.26545296266911267,1D-CNN
S253,0.1931288982966483,0.24806124232177143,0.3986721772239758,0.16013768215760385,CNN-LSTM
S254,0.273794745010916,0.24975264091157529,0.19410955387899273,0.2823430601985169,GRU
S255,0.15517020628291436,0.25031373081100106,0.3656854281509823,0.2288306347551011,CNN-LSTM
S256,0.30312736197029255,0.24918501429546278,0.26105620413690095,0.18663141959734325,1D-CNN
S257,0.24305316686136372,0.267423405193341,0.23755932493394205,0.2519641030113531,ANN
S258,0.28217832657535236,0.19692193916866654,0.28158490063711666,0.23931483361886363,1D-CNN
S259,0.2657948401735686,0.29344986904627984,0.2825326794816077,0.15822261129854331,ANN
S260,0.2685862226128799,0.3345696174215379,0.2502251486756933,0.14661901128988805,ANN
S261,0.25826608474888885,0.12169834175101207,0.3201541697449706,0.2998814037551284,CNN-LSTM
S262,0.25676350127649533,0.21228683939011064,0.33639778940290926,0.19455186993048426,CNN-LSTM
S263,0.13362740611407564,0.08522318782454144,0.5617235463011114,0.2194258597602724,CNN-LSTM
S264,0.1415938393124817,0.2582503479265042,0.3758063931927208,0.22434941956829277,CNN-LSTM
S265,0.30246003432022894,0.18525022767192006,0.2519324878886229,0.2603572501192274,1D-CNN
S266,0.2345682477137222,0.24649301235834203,0.3397206777209947,0.17921806220694037,CNN-LSTM
S267,0.1966975579810647,0.32553131148007614,0.2988890433652026,0.1788820871736567,ANN
S268,0.2431846302238624,0.16946614284442643,0.28608066057907894,0.30126856635263227,GRU
S269,0.22635982182563585,0.27132857430441554,0.19585332916502723,0.3064582747049208,GRU
S270,0.2216629208733148,0.22875198286243648,0.2364308734461296,0.3131542228181194,GRU
S271,0.20133549456884958,0.3024367469588966,0.23203383297680374,0.2641939254954503,ANN
S272,0.14311588844628148,0.08995277696848397,0.3750800905749233,0.39185124401031113,GRU
S273,0.26160271925056205,0.242711369959466,0.28099127033817023,0.2146946404518016,CNN-LSTM
S274,0.28134886368548206,0.2425275764783464,0.2539445899627436,0.22217896987342772,1D-CNN
S275,0.26079452274747944,0.22053477169570507,0.3172209553890687,0.2014497501677469,CNN-LSTM
S276,0.20422268371292615,0.28465216693845624,0.3107475091934838,0.20037764015513335,CNN-LSTM
S277,0.25716375110463563,0.2923446463416899,0.22695137272628169,0.2235402298273926,ANN
S278,0.23910711093307352,0.25545169176253113,0.2424364420808074,0.26300475522358785,GRU
S279,0.10565019959784136,0.04433859083996169,0.46577185814683963,0.3842393514153579,CNN-LSTM
S280,0.19216992863684038,0.1759006156914326,0.34887413577017246,0.28305531990155386,CNN-LSTM
S281,0.4846497003648645,0.32256362652646287,0.08255222440222788,0.11023444870644392,1D-CNN
S282,0.39136869116492756,0.23676278662873548,0.16806201513325392,0.20380650707308393,1D-CNN
S283,0.29356245579237444,0.2711177836389507,0.2617170175393841,0.17360274302929082,1D-CNN
S284,0.2390089345524263,0.27611037658771986,0.33655311460107157,0.14832757425878218,CNN-LSTM
S285,0.27388718652431693,0.3021760202924821,0.2788174161623631,0.14511937702083777,ANN
S286,0.32457788965621787,0.3076071179569272,0.20081491646128447,0.16700007592557028,1D-CNN
S287,0.27928289238257786,0.268649911811977,0.2020674840597403,0.2499997117457038,1D-CNN
S288,0.07428159808748136,0.07492927457757019,0.41299476155337883,0.43779436578156966,GRU
S289,0.08849999914017145,0.1322672430340962,0.409022932343872,0.37020982548186104,CNN-LSTM
S290,0.16881282084378274,0.18010988804548056,0.2706383358767174,0.380438955234019,GRU
S291,0.27090661926567206,0.37600267466296844,0.13598638057272805,0.2171043254986323,ANN
S292,0.1330445727204301,0.14799481429518832,0.5968250216815024,0.12213559130287932,CNN-LSTM
S293,0.2974720502646003,0.11144816060404265,0.2708252111744618,0.32025457795689527,GRU
S294,0.27869680298252025,0.19561721770632992,0.3692125137186604,0.15647346559248904,CNN-LSTM
S295,0.2527383936978109,0.23745600858293142,0.3312685570245682,0.17853704069468931,CNN-LSTM
S296,0.28207850991311273,0.36200299739599157,0.21159698427022314,0.14432150842067346,ANN
S297,0.31437894844874775,0.31393636544906794,0.21168313597409266,0.16000155012809125,1D-CNN
S298,0.22808510168346313,0.27797222327135385,0.23079788812886382,0.26314478691631943,ANN
S299,0.24414168217421914,0.2290047859109384,0.27210159584403343,0.25475193607080915,CNN-LSTM
S300,0.24642480600724678,0.10346569963197928,0.30152236701329294,0.34858712734748104,GRU
S301,0.14341934094736397,0.1794653782584309,0.35973053112147163,0.3173847496727334,CNN-LSTM
S302,0.3585042034949462,0.2924083856613774,0.16185738909260244,0.1872300217510739,1D-CNN
S303,0.3950238945102177,0.17641255422302532,0.19738000565563937,0.23118354561111765,1D-CNN
S304,0.3664099959264497,0.2548961340471412,0.16884058449233877,0.20985328553407004,1D-CNN
S305,0.07548127223365547,0.16147472346844516,0.6519524785714145,0.1110915257264849,CNN-LSTM
S306,0.25775613965231786,0.3824360468365718,0.26206379752513176,0.0977440159859786,ANN
S307,0.3976448874851596,0.3391192012533621,0.17776535076739103,0.08547056049408733,1D-CNN
S308,0.27532260174144546,0.44394815227577766,0.1808105821481184,0.09991866383465864,ANN
S309,0.23003460050251573,0.23492508187462294,0.25116689633343775,0.2838734212894255,GRU
S310,0.06960881133230698,0.17524488924924989,0.29058702812877785,0.4645592712896653,GRU
S311,0.22891008939386603,0.1831274268417543,0.3087888898220056,0.2791735939423732,CNN-LSTM
S312,0.18833908761455675,0.10543046486549082,0.25218565051591424,0.45404479700403844,GRU
S313,0.05566031400967708,0.056650164339259276,0.27972176843495294,0.6079677532161104,GRU
S314,0.2706346679159629,0.27107172259232665,0.11661636108378541,0.3416772484079251,GRU
S315,0.21926051012733627,0.5259361259872878,0.03944438197869512,0.21535898190668087,ANN
S316,0.22438238678530528,0.32491214311071304,0.10200712879774872,0.3486983413062329,GRU
S317,0.21036773226476907,0.1411197518640835,0.08355910431697897,0.5649534115541687,GRU
S318,0.15352924176177324,0.5378813130542401,0.1491836751317601,0.15940577005222756,ANN
S319,0.3093304897316932,0.2690393046349608,0.3025850084858819,0.11904519714746493,1D-CNN
S320,0.2949088034173231,0.3588963306624902,0.2519291947473585,0.0942656711728283,ANN
S321,0.2538656503481173,0.22523590645427516,0.39410442543416835,0.12679401776343968,CNN-LSTM
S322,0.26546487644857597,0.3100913695318167,0.2706681793186587,0.15377557470094871,ANN
S323,0.34904952719041743,0.21200356935422407,0.3022806690841866,0.13666623437117195,1D-CNN
S324,0.16894394624585135,0.6171989383285369,0.12350062036743373,0.09035649505817804,ANN
S325,0.21158935526455347,0.21972336999545494,0.2052199128521455,0.36346736188784523,GRU
S326,0.2299947397272132,0.28464112545745074,0.1977666558125303,0.2875974790028059,GRU
S327,0.2377101078436388,0.17934787339936614,0.31642801050531943,0.26651400825167537,CNN-LSTM
S328,0.2330453789913265,0.28722377154913953,0.2582487833682868,0.22148206609124724,ANN
S329,0.27093887664842126,0.22517650674977452,0.2636808376924097,0.24020377890939468,1D-CNN
S330,0.28590849360257836,0.22175103832681572,0.23872671615915134,0.2536137519114547,1D-CNN
S331,0.1955723185255198,0.15404326119797834,0.47355432183099294,0.1768300984455083,CNN-LSTM
S332,0.1523789349925347,0.3145443390792216,0.35802622329281003,0.17505050263543362,CNN-LSTM
S333,0.2600313792047049,0.5420296366098715,0.09279328922210484,0.10514569496331963,ANN
S334,0.15413252083755646,0.14781610681986568,0.239067721466925,0.45898365087565357,GRU
S335,0.375761656090781,0.10742934998296336,0.3311202477280965,0.1856887461981591,1D-CNN
S336,0.18857966738333154,0.19503822435960722,0.198060441512476,0.4183216667445863,GRU
S337,0.2815274557761401,0.07444977018952963,0.24933862899256967,0.3946841450417598,GRU
S338,0.168431888755594,0.27338736475086733,0.1718074466883339,0.3863732998052048,GRU
S339,0.2481612893519486,0.22791793131392327,0.3299819255234701,0.19393885381065784,CNN-LSTM
S340,0.23762132038402337,0.2689373755944901,0.2707786090424273,0.22266269497905908,CNN-LSTM
S341,0.1926783065781271,0.1369288466889451,0.21145443251191706,0.45893841422101017,GRU
S342,0.24656605541553256,0.2214467009809431,0.2036446895830507,0.3283425540204739,GRU
S343,0.2505243699965564,0.263619461215142,0.21083021577480254,0.275025953013498,GRU
S344,0.2278917940093725,0.24191250099580516,0.31654330969544026,0.2136523952993822,CNN-LSTM
S345,0.25703618787742305,0.25116476632105117,0.24361155873632984,0.24818748706519628,1D-CNN
S346,0.284660536357166,0.2342384580770705,0.26163506633447736,0.21946593923128677,1D-CNN
S347,0.27723998595173127,0.17285507689773827,0.38983449288040684,0.16007044427012349,CNN-LSTM
S348,0.18373943406757945,0.36686938494339794,0.24895278785628072,0.20043839313274078,ANN
S349,0.2548310008433929,0.27402958134149136,0.23553556719130764,0.2356038506238083,ANN
S350,0.22865207402705326,0.210513868515533,0.31108888069515916,0.24974517676225438,CNN-LSTM
S351,0.2658776525357524,0.23511484226443774,0.2847645206459005,0.21424298455390894,CNN-LSTM
S352,0.21767085098242356,0.3002308515422115,0.264478504032133,0.2176197934432318,ANN
S353,0.2861193957168417,0.21849687434314197,0.25706145978886363,0.23832227015115276,1D-CNN
S354,0.21700311788694743,0.16088532416996637,0.3882173810891217,0.23389417685396358,CNN-LSTM
S355,0.1446429764090173,0.3412260554893464,0.308773933441692,0.20535703465994407,ANN
S356,0.11646680777097398,0.7996227178348874,0.03468757938162818,0.049222895012510266,ANN
S357,0.08575576019764725,0.06746830367835356,0.19088456624592787,0.6558913698780712,GRU
S358,0.18045616826533079,0.2672730129223396,0.2787450196321426,0.27352579918018666,CNN-LSTM
S359,0.33682163872633875,0.12059897958313825,0.31434936603924757,0.2282300156512763,1D-CNN
S360,0.07459319415858326,0.5716031582248667,0.13012805626302298,0.22367559135352777,ANN
S361,0.30176148455146967,0.33265337898033864,0.10469002656090823,0.260895109907283,ANN
S362,0.16997668713178563,0.22153012814642284,0.18862056476529018,0.4198726199565013,GRU
S363,0.15184997348279058,0.20251560356761805,0.2099244738307746,0.43570994911881766,GRU
S364,0.2278604459285473,0.18423273459219092,0.22161561856360396,0.36629120091565787,GRU
S365,0.2804233955967702,0.16627418319372222,0.2582812079771849,0.2950212132323235,GRU
S366,0.2115768991868481,0.23519410092277118,0.25624561133838936,0.29698338855199086,GRU
S367,0.23337144122947795,0.3262949464840258,0.19850274123293607,0.24183087105355994,ANN
S368,0.302285477152908,0.2976478266496462,0.2589951189143844,0.14107157728306136,1D-CNN
S369,0.2280692650354337,0.32378507247232635,0.3391968315544373,0.10894883093780246,CNN-LSTM
S370,0.4942593997379775,0.2638783501940218,0.14289222192750214,0.09897002814049932,1D-CNN
S371,0.11197608223560156,0.045857719237259405,0.3839435553076652,0.45822264321947376,GRU
S372,0.16021517359029827,0.23309220238258044,0.24221495996164383,0.3644776640654776,GRU
S373,0.22166467522853492,0.10090327227856616,0.21232341034664845,0.4651086421462505,GRU
S374,0.16980208076485725,0.2488285394342012,0.19855610008620728,0.3828132797147343,GRU
S375,0.22964509447882908,0.23068585494881852,0.2758004217539059,0.2638686288184466,CNN-LSTM
S376,0.1477590240056023,0.1182974072382929,0.3684620584644322,0.36548151029167236,CNN-LSTM
S377,0.24035644825491603,0.29241344714965756,0.17413569594056025,0.29309440865486514,GRU
S378,0.2741119520058569,0.23834328353543102,0.19772029676217234,0.28982446769653986,GRU
S379,0.2843479884829937,0.20074138204629713,0.29204946714505003,0.22286116232565875,CNN-LSTM
S380,0.2658314217220039,0.22552387535717983,0.3120951739652945,0.19654952895552186,CNN-LSTM
S381,0.13478983547339796,0.05058165944433143,0.27859443133873946,0.536034073743531,GRU
S382,0.17407543064004483,0.1306629300614265,0.23600329472278225,0.45925834457574616,GRU
S383,0.21970572905838043,0.29390392316533825,0.11405672016829982,0.3723336276079814,GRU
S384,0.29559542082564794,0.13712074650572195,0.14855088576976302,0.418732946898867,GRU
S385,0.1537819200437791,0.16909983562244132,0.2110701819710583,0.4660480623627207,GRU
S386,0.16199754869032762,0.30147040781125384,0.10434074256154931,0.43219130093686947,GRU
S387,0.20675458127037344,0.1334010869640502,0.10492525209103588,0.5549190796745405,GRU
S388,0.25413147971378514,0.3223770139301257,0.274591373931025,0.148900132425064,ANN
S389,0.3550892907221812,0.15664906723916083,0.4341692483848728,0.05409239365378524,CNN-LSTM
S390,0.30143842110139096,0.22181594763002663,0.34897441021882725,0.12777122104975466,CNN-LSTM
S391,0.3793873043288387,0.24744350564462425,0.2706106976121972,0.10255849241434072,1D-CNN
S392,0.33705019575045553,0.3200241475257487,0.2071109725497486,0.1358146841740471,1D-CNN
S393,0.2413791204049213,0.3067417038572345,0.26396252961499567,0.18791664612284767,ANN
S394,0.19474585294936594,0.21613960354238923,0.19324350828211448,0.3958710352261304,GRU
S395,0.203067531750829,0.2777923922578694,0.17886255363242992,0.3402775223588714,GRU
S396,0.24281298703410753,0.27891635123811953,0.16457226548750883,0.313698396240265,GRU
S397,0.3007497443183594,0.13203592072198378,0.22988783067007443,0.3373265042895825,GRU
S398,0.17728218468728527,0.42654113402949423,0.13296604857489902,0.2632106327083215,ANN
S399,0.3202580066144262,0.284844733807416,0.17095665629255338,0.2239406032856037,1D-CNN
S400,0.22967256986659446,0.29077528474704906,0.19027065551499253,0.289281489871364,ANN
S401,0.2570847954683489,0.2641195990296753,0.22969622268164616,0.24909938282032953,ANN
S402,0.2665276178224233,0.24344313998071102,0.23996403826131127,0.25006520393555437,1D-CNN
S403,0.2517136201903234,0.23776715767597448,0.2202541930073518,0.2902650291263511,GRU
S404,0.182660448175812,0.22258248117706134,0.23339742127488125,0.36135964937224513,GRU
S405,0.11563456488155692,0.11546058166443074,0.3645868789500743,0.40431797450393897,GRU
S406,0.2095981450974046,0.3472434219372246,0.1724717832392685,0.27068664972610235,ANN
S407,0.23674351431691948,0.35004832048304163,0.08648622999891144,0.3267219352011271,ANN
S408,0.16796450894996157,0.12944940268090546,0.08249924028071053,0.6200868480884222,GRU
S409,0.0650579423011523,0.09468291031926662,0.046750789302882026,0.7935083580766984,GRU
S410,0.14811355201058538,0.2796623482467143,0.13066344040525563,0.4415606593374445,GRU
S411,0.1682057985298067,0.25920095087663464,0.20503786131158436,0.3675553892819741,GRU
S412,0.16830572364025112,0.2919227163908795,0.22501218951235624,0.3147593704565133,GRU
S413,0.18235764612258454,0.2403442832574727,0.17473480496452637,0.4025632656554162,GRU
S414,0.12919833977510917,0.2694658421570906,0.28536962158469525,0.3159661964831041,GRU
S415,0.08963274610961856,0.2365419698597395,0.2820063083663384,0.39181897566430335,GRU
S416,0.24738356830192448,0.3295227184127999,0.2689381742282135,0.15415553905706195,ANN
S417,0.32703804021199173,0.20115576278956457,0.2484916838555893,0.2233145131428555,1D-CNN
S418,0.2731418203905536,0.2494339676418082,0.2429196966707117,0.23450451529692584,1D-CNN
S419,0.3221497437948935,0.22963230888438368,0.23254221759775856,0.2156757297229634,1D-CNN
S420,0.20906706007833012,0.266827281310507,0.1923542294216526,0.33175142918951017,GRU
S421,0.15424494082650325,0.36887695407311166,0.1699773644739434,0.3069007406264417,ANN
S422,0.1989010017419617,0.3601942004086885,0.1642462782957614,0.2766585195535892,ANN
S423,0.0461232291511856,0.759933544885855,0.015315687691677352,0.17862753827128236,ANN
S424,0.30277755492453257,0.2924771441461287,0.15253708679477995,0.2522082141345577,1D-CNN
S425,0.17294385464182702,0.28419916880275675,0.30126332154690516,0.2415936550085108,CNN-LSTM
S426,0.1867192445584678,0.16770468276654818,0.5541535313208913,0.0914225413540926,CNN-LSTM
S427,0.33142293225908215,0.16773217035511986,0.3997328437949173,0.10111205359088027,CNN-LSTM
S428,0.4288479840026499,0.13856420892368743,0.3334731938615127,0.09911461321215029,1D-CNN
S429,0.32914344920516053,0.217149331378864,0.31072145184765504,0.14298576756832096,1D-CNN
S430,0.3358653961568831,0.2550713364543377,0.17428815185296384,0.23477511553581537,1D-CNN
S431,0.27581282409965135,0.2903573575722518,0.28691401746184286,0.14691580086625441,ANN
S432,0.23669666205189174,0.31286557334719056,0.24817011481812679,0.20226764978279094,ANN
S433,0.20940994775429456,0.21955919649700192,0.35145106296979184,0.21957979277891107,CNN-LSTM
S434,0.2626576039333546,0.1598294316622202,0.36563696711637816,0.211875997288047,CNN-LSTM
S435,0.21588079842683175,0.18448800330663698,0.38507007981643304,0.21456111845009754,CNN-LSTM
S436,0.2447486024082993,0.1995123889763825,0.36145559820215256,0.19428341041316588,CNN-LSTM
S437,0.24532689004424893,0.31813917177526846,0.2356186354497824,0.20091530273070035,ANN
S438,0.26213923364903036,0.20421516556104266,0.2751403590705858,0.2585052417193415,CNN-LSTM
S439,0.22054153731361512,0.27393247808748367,0.23747991617607905,0.26804606842282125,ANN
S440,0.20231402052193712,0.2049519611516678,0.28336522180678747,0.3093687965196078,GRU
S441,0.141538969550111,0.13684182016470958,0.4047667521171102,0.316852458168069,CNN-LSTM
S442,0.33792702781277356,0.21099565738226042,0.22476255711766296,0.22631475768730272,1D-CNN
S443,0.28984169655516434,0.42107296135423056,0.09916300163426126,0.1899223404563439,ANN
S444,0.2918978959334342,0.32376406382236633,0.08889467723015801,0.29544336301404134,ANN
S445,0.23135095162356514,0.26350154158260153,0.22368229317678157,0.2814652136170513,GRU
S446,0.2954139373684794,0.2297510662368801,0.2400926653273192,0.23474233106732134,1D-CNN
S447,0.2054919841170321,0.2431101104997216,0.27570183073763155,0.2756960746456151,CNN-LSTM
S448,0.24079518430078412,0.2532468876994819,0.2640412119603704,0.2419167160393633,CNN-LSTM
S449,0.282041294901109,0.25866804092682766,0.2514385946342335,0.20785206953782964,1D-CNN
S450,0.298735425884994,0.20072169241486554,0.33435896173566176,0.16618391996447826,CNN-LSTM
S451,0.17345213396232118,0.02983331686969777,0.28990762367667966,0.506806925491301,GRU
