Segment,1D-CNN,ANN,BiLSTM,LSTM,CNN-LSTM,GRU,Selected
S1,0.09099931782568792,0.029850850938750503,0.3178131179454256,0.14153105431759727,0.3652738923478561,0.054531766624682045,CNN-LSTM
S2,0.18304737807608848,0.1916770098260249,0.09331095261444596,0.09961927248538698,0.13739406336493035,0.29495132363312265,GRU
S3,0.13803505692431384,0.19175664285045696,0.16633189001500312,0.17526198631366155,0.18891217052932296,0.13970225336724068,ANN
S4,0.15693063934321022,0.19512843910277913,0.14707142315801075,0.1924531534757843,0.14333953712583744,0.16507680779437753,ANN
S5,0.15561537480079374,0.3427111994723824,0.09016599779250235,0.10683703630322723,0.06906153996037877,0.23560885167071535,ANN
S6,0.06112957119981589,0.321346605730184,0.08920817220451203,0.2108098710772755,0.07681271102876207,0.2406930687594502,ANN
S7,0.12833878121318015,0.08554139310010708,0.10477668881268669,0.12996174449612952,0.48617141101806927,0.065209981359829,CNN-LSTM
S8,0.20571645489552162,0.20701916386317346,0.16111611485315028,0.07631830098201525,0.27952179360458174,0.07030817180155749,CNN-LSTM
S9,0.16196713091581014,0.24161305948062375,0.19722845403528713,0.05769391751061874,0.11919518910138195,0.2223022489562797,ANN
S10,0.20881796931341187,0.16691168692989333,0.1350108447233346,0.08432506102808471,0.16523413956611932,0.23970029843915724,GRU
S11,0.19311839567999636,0.18299047712757566,0.13699006454781112,0.1392262386094767,0.15664323726217605,0.19103158677296525,1D-CNN
S12,0.16515740199464657,0.15438677733930312,0.17402130636952043,0.1785332717698967,0.154599723640316,0.1733015188863175,LSTM
S13,0.1347904579191682,0.22146881990245426,0.16875737860265033,0.15881886266484402,0.13667512652898378,0.17948935438189864,ANN
S14,0.11937377585040831,0.2135785716167343,0.2059971846037286,0.17356391241636815,0.20806882322527728,0.07941773228748476,ANN
S15,0.2079616485207634,0.1843469191023528,0.11405950497480219,0.23307930770223528,0.16711310584660388,0.09343951385324151,LSTM
S16,0.07573320000911564,0.13511356090921786,0.2532398948251588,0.1814757608036628,0.1572046941289395,0.19723288932390515,BiLSTM
S17,0.12514331369693404,0.2622657174855802,0.11444260025748512,0.026876728167853074,0.3788767831603184,0.09239485723183052,CNN-LSTM
S18,0.31987422699731044,0.13776504524813132,0.09213256840293722,0.16660809097337748,0.13710568614594978,0.14651438223229213,1D-CNN
S19,0.14100122324304804,0.17363841350984546,0.1775904375850465,0.19325438806772746,0.20227947840253951,0.11223605919179334,CNN-LSTM
S20,0.21188355624327052,0.18950265346127784,0.1372332755844822,0.14879022019963478,0.16311554552718688,0.14947474898414803,1D-CNN
S21,0.16085072884962237,0.19550439615370488,0.15033341111150922,0.1737530561569749,0.1648737472952647,0.1546846604329222,ANN
S22,0.15659876359751287,0.1477819738589023,0.14567588170479245,0.22850022756805105,0.13807902802928787,0.18336412524145343,LSTM
S23,0.0904612219230618,0.20364631229814548,0.120625858046442,0.3114156496213974,0.06224419643710414,0.21160676167384923,LSTM
S24,0.20297094859170892,0.23919258657764222,0.1732676587169965,0.05729901642172041,0.2641499470363668,0.06311984265556443,CNN-LSTM
S25,0.27588255185342014,0.2014534394052629,0.0881346493129896,0.03776353742207623,0.09079841874763903,0.3059674032586117,GRU
S26,0.0327241335458995,0.07156674012320116,0.7760538340874844,0.008201231912568982,0.07909810828467854,0.0323559520461684,BiLSTM
S27,0.2709436563392437,0.09628622146906399,0.08601014648470372,0.031287198706302,0.3859865588956026,0.12948621810508398,CNN-LSTM
S28,0.1630772449965065,0.11360337248267402,0.13918812890751825,0.24557153032972803,0.11689044153637738,0.22166928174719513,LSTM
S29,0.14651614396187326,0.15572673242725077,0.24751175699653796,0.12365878009910419,0.20718929706352904,0.11939728945170403,BiLSTM
S30,0.2756173198395194,0.16457236793530364,0.10575585736819415,0.132893918871614,0.2207117580072531,0.1004487779781152,1D-CNN
S31,0.0947270045786203,0.3141230391621398,0.1446057038210062,0.21990095593709155,0.1809373209806386,0.045705975520503636,ANN
S32,0.10416104550396003,0.10236981316593101,0.22659623825914674,0.22851758670997274,0.1369935387959729,0.2013617775650161,LSTM
S33,0.22248224762374716,0.09136781915366528,0.16555035515284677,0.11823568812258599,0.14571578620576547,0.25664810374138897,GRU
S34,0.17908389525924626,0.1499899969702983,0.14017129045488944,0.16313444681614703,0.15447220342685947,0.2131481670725592,GRU
S35,0.15170060530566137,0.17001952042657806,0.1536094679475836,0.21810053286418016,0.1408904562203828,0.16567941723561405,LSTM
S36,0.07441578779075797,0.5595862455885816,0.05992346464799662,0.13719689646316918,0.04162576919946763,0.12725183631002698,ANN
S37,0.07781365386613967,0.3837618317591515,0.10776797693583612,0.27436869053190494,0.051110925654163704,0.10517692125280302,ANN
S38,0.28764659920918534,0.26318842199279663,0.07648617043987212,0.06501796258062996,0.25644341826651634,0.05121742751099818,1D-CNN
S39,0.2044591380953727,0.21087935163234808,0.06888265312122963,0.04195027269677542,0.41043538679042285,0.0633931976638514,CNN-LSTM
S40,0.15084048772163478,0.1712876810082303,0.19023058642813806,0.15909336513803105,0.16436551506982885,0.16418236463413702,BiLSTM
S41,0.1856850157945168,0.1534960404341445,0.16058975577399692,0.11403334505728155,0.21362000594680985,0.17257583699325013,CNN-LSTM
S42,0.2178324374419154,0.16746828938919614,0.13625286750237314,0.15707172710017236,0.1609154836181342,0.16045919494820718,1D-CNN
S43,0.1683538635390109,0.16124297447822672,0.17792054750676722,0.20032785603063294,0.15010171055845956,0.14205304788690096,LSTM
S44,0.3159837189704321,0.22737335839146994,0.14200944799974438,0.08673941641387407,0.06282812020257786,0.1650659380219012,1D-CNN
S45,0.0937004543997504,0.09224841881593518,0.23127890722600977,0.2894010484151603,0.14213181922449375,0.15123935191864976,LSTM
S46,0.1559054735771262,0.38734954744369304,0.06654075223569499,0.13429738173904002,0.08607161042527828,0.16983523457916902,ANN
S47,0.07157646454221903,0.11733174585801368,0.1354609848999642,0.4373988990362045,0.12924578657758884,0.10898611908601127,LSTM
S48,0.14435557827194964,0.07857781857111411,0.2733375173531708,0.23515878040148366,0.13983018083043244,0.12874012457184905,BiLSTM
S49,0.05629942057045206,0.11380624442929982,0.04152387744221746,0.02890296676697682,0.7358118192911792,0.02365567149987412,CNN-LSTM
S50,0.4054165977501313,0.23344348291977943,0.046001209123409825,0.04305727390916939,0.20084871356861367,0.07123272272889622,1D-CNN
S51,0.06618581140111968,0.47834766888569946,0.07420083799324638,0.04185908019678432,0.23867394606323417,0.10073265545991704,ANN
S52,0.13585942376160834,0.12190411496672085,0.08954483439067934,0.09768656083594278,0.3096949182254292,0.2453101478196194,CNN-LSTM
S53,0.1633809331101755,0.23722625681843096,0.09367356276692114,0.16754775854118514,0.20177018811170852,0.13640130065157904,ANN
S54,0.1805913125796331,0.07245348377142019,0.16911937330400043,0.3226762969806339,0.1090375703125988,0.1461219630517129,LSTM
S55,0.11875377335899866,0.18292971424325424,0.0970116994631461,0.07552860844244774,0.06693646171361742,0.458839742778537,GRU
S56,0.06365879857933171,0.08720177856493681,0.09648412407656289,0.12124336514172454,0.12360880020064133,0.5078031334368026,GRU
S57,0.11647033207296828,0.09990334943854008,0.04447024053402771,0.39005459436512485,0.055469643694843876,0.29363183989449626,LSTM
S58,0.06288512698306119,0.20691440737874475,0.10491473129201312,0.4017907635666752,0.03267618444861105,0.1908187863308942,LSTM
S59,0.10607263980078156,0.17651035072463167,0.1464874014962447,0.2440115827123142,0.2142880909851128,0.1126299342809168,LSTM
S60,0.11308624217671129,0.20405536798579946,0.11759816903270588,0.17961893802451426,0.2720582032578507,0.1135830795224176,CNN-LSTM
S61,0.1588386711337743,0.15214811234764336,0.3144220390537528,0.11210534698153728,0.1543735479250427,0.10811228255824862,BiLSTM
S62,0.14033317919065647,0.2915012900574503,0.11000204790572986,0.08234217051874199,0.07260899616102647,0.303212316166395,GRU
S63,0.17471848118761468,0.21086717975217434,0.12366131171785838,0.12322286673165693,0.13771500764865252,0.2298151529620429,GRU
S64,0.17805900947035858,0.1728308506569093,0.15100113422101444,0.1462756101262873,0.13989965911325603,0.21193373641217264,GRU
S65,0.15342696577441906,0.14760324848039097,0.2050095708091683,0.15539154078533948,0.15084355878055689,0.18772511537012432,BiLSTM
S66,0.15950010755031316,0.14531857343731322,0.24088220604706023,0.16701853238711936,0.19097606407897622,0.09630451649921833,BiLSTM
S67,0.19989920134135525,0.119633089443429,0.08204109466846908,0.43455749862110044,0.1098730004911136,0.053996115434532206,LSTM
S68,0.12534170972404143,0.16499154347389097,0.16352201157505455,0.18667099610590424,0.20822310634131114,0.15125063277979897,CNN-LSTM
S69,0.14605623083342667,0.2325519026874049,0.11034544676739788,0.11018158385832567,0.22393446713740658,0.1769303687160385,ANN
S70,0.19484962404439876,0.22832830099254986,0.12211643241700376,0.13659270651468786,0.1805080408295597,0.13760489520180144,ANN
S71,0.19379552274983408,0.16956849524463113,0.16288377736426307,0.18342862912230745,0.15789997275291423,0.13242360276604906,1D-CNN
S72,0.18063810392697502,0.6394995580384036,0.02299572294296814,0.025796038904361142,0.01851537802808008,0.11255519815921192,ANN
S73,0.15587559014704122,0.20542946396058798,0.12611936987109756,0.13677373829975853,0.05547334031022226,0.32032849741129193,GRU
S74,0.10584844613735028,0.17364752459704613,0.08564669399485919,0.2578039614238915,0.16151741551900486,0.21553595832784703,LSTM
S75,0.06864118626368905,0.2538681977340981,0.06684494977306708,0.07744020667135552,0.47098558746726404,0.062219872090526186,CNN-LSTM
S76,0.10295625534899903,0.1975697260112671,0.2628314494597905,0.13271881152371606,0.15915084400297427,0.14477291365325307,BiLSTM
S77,0.20348875417054774,0.1152697879690213,0.25495524756692234,0.14688133941818662,0.09603476556888978,0.18337010530643225,BiLSTM
S78,0.3963580076942916,0.1872713925539422,0.06921158344998368,0.09568157376263729,0.14842520975789794,0.10305223278124724,1D-CNN
S79,0.2787352369141909,0.15723356392398175,0.08202860933873539,0.11959220629934432,0.2791945420647156,0.08321584145903184,CNN-LSTM
S80,0.15637353646478505,0.16762150052746078,0.2765097388922296,0.14777790669308438,0.17338365206065984,0.07833366536177813,BiLSTM
S81,0.20512014390874678,0.1818891032060371,0.19271399249383322,0.1149890720527255,0.11516771574984394,0.19011997258881347,1D-CNN
S82,0.08548231190936827,0.4409878857127009,0.07968375176142967,0.08770379545169134,0.08611369459081056,0.22002856057399836,ANN
S83,0.13102869799068934,0.1308882488630251,0.17424646024658935,0.19101500129710725,0.15134931858983566,0.22147227301275202,GRU
S84,0.034887241104484115,0.47304219072847176,0.15626680428021153,0.06448744591326787,0.05530563632960284,0.21601068164396187,ANN
S85,0.10126891054878553,0.07137466428889651,0.31493771006227095,0.22657961520362374,0.16998631069178072,0.11585278920464194,BiLSTM
S86,0.04631309515973207,0.11438841594408361,0.1707114672453574,0.2471768009174248,0.08983271374254945,0.3315775069908522,GRU
S87,0.09188727074216922,0.10218101373477921,0.2204684862095681,0.17060772090884543,0.20985751114352316,0.20499799726111462,BiLSTM
S88,0.299865204031047,0.10236927664074415,0.08996427661078933,0.12104265156095764,0.18264355032175755,0.20411504083470405,1D-CNN
S89,0.4638831719787716,0.058128048906845475,0.0841845810677857,0.1295182752303229,0.17983227850981548,0.08445364430645892,1D-CNN
S90,0.17633532698691248,0.15247392400674153,0.14414446198618017,0.16599147781795154,0.22396403698240974,0.1370907722198034,CNN-LSTM
S91,0.05831893459076999,0.48792527818158205,0.029253887970423022,0.03931493112527806,0.3194510597772047,0.06573590835474058,ANN
S92,0.14208449492279307,0.31426912175786437,0.08133262706415581,0.1352525201911601,0.15807294658722493,0.16898828947680183,ANN
S93,0.1584763213215408,0.1887564847329125,0.15768813353925396,0.16734502043166483,0.17425257440440525,0.15348146557022405,ANN
S94,0.18325308530343004,0.19266645267486557,0.15128185476579914,0.13303021189948153,0.14342997722292733,0.19633841813349615,GRU
S95,0.14874852640044026,0.122403267518326,0.06880930283748007,0.05253645750646819,0.11594389363530677,0.4915585521019785,GRU
S96,0.01793970765554315,0.03265827561146763,0.24529519782216744,0.40876160698319536,0.1465402266306297,0.148804985296998,LSTM
S97,0.14619013524959765,0.17945099137217327,0.18912924462196795,0.22572635013460587,0.1439215357747672,0.11558174284688777,LSTM
S98,0.2232466248044368,0.2327573430825713,0.1249259928409487,0.1352684057071923,0.17124682215325393,0.11255481141159711,ANN
S99,0.27447103489408664,0.38349827340280684,0.09746966665853912,0.04784135543791362,0.08348964057390819,0.11323002903274697,ANN
S100,0.29332996389688293,0.0803559165135374,0.09238652572634037,0.02658911827635548,0.29748535509259133,0.20985312049429272,CNN-LSTM
S101,0.20439682273787846,0.1641076077541756,0.071150286549966,0.07623823658280628,0.16100984990455725,0.3230971964706163,GRU
S102,0.16813239578813421,0.2079534054969069,0.1513322255950281,0.16186378059653966,0.1552209917169405,0.15549720080645088,ANN
S103,0.1533426082589876,0.15931881160061023,0.209026670931922,0.1474214083392926,0.16419930121320103,0.166691199655986,BiLSTM
S104,0.08229006426214112,0.12031854105208813,0.1448521668393625,0.172059020433652,0.15172426933046204,0.3287559380822938,GRU
S105,0.09378069477095013,0.09666129431795077,0.3003398326569454,0.1871350036119334,0.18568753259931844,0.13639564204290158,BiLSTM
S106,0.07938541187115863,0.04623641621037867,0.19272695493474803,0.3163548635153953,0.1556167025531781,0.20967965091514085,LSTM
S107,0.06070138485838817,0.14760794091750712,0.13467062741015567,0.17020851946360543,0.11961122752963516,0.36720029982070845,GRU
S108,0.11594364705336027,0.1411543161591188,0.1982121004173843,0.0841214572652417,0.24380904007360862,0.21675943903128614,CNN-LSTM
S109,0.3005333496176081,0.12149429232645384,0.08816795479557568,0.1441597909018818,0.11566279519099808,0.22998181716748156,1D-CNN
S110,0.11093084476686262,0.16205839696303612,0.27988639742292165,0.1980686539747025,0.14139120928370616,0.10766449758877233,BiLSTM
S111,0.18831493300508612,0.19066969490747812,0.12785477413601512,0.12195813220755981,0.1370937112510053,0.23410875449285481,GRU
S112,0.14540248061509312,0.15558026486533183,0.14036982610956922,0.16355730756049605,0.11661961251739304,0.27847050833211795,GRU
S113,0.159954255233693,0.15921927827717325,0.16107465561999662,0.16823423948413163,0.12366004776482187,0.2278575236201837,GRU
S114,0.16936663122095022,0.16282952822813604,0.16871833199557212,0.14144741668515864,0.16095623642097462,0.19668185544920813,GRU
S115,0.1562497060289092,0.2386354855958139,0.14146018447846734,0.16695593734730793,0.15735642084689017,0.13934226570261013,ANN
S116,0.06184469471015941,0.19749388545035895,0.17466476490737515,0.3701201863756623,0.09850348262693352,0.09737298592951078,LSTM
S117,0.10628971328802987,0.20950549533568877,0.27820261922059536,0.06410396093792178,0.2260715033284433,0.11582670788932066,BiLSTM
S118,0.6374346489959618,0.09293470747102975,0.03604423075517507,0.020229686626290665,0.10841660493908871,0.10494012121245401,1D-CNN
S119,0.10183580105330256,0.36840571556746066,0.12479234648687963,0.05843544617863902,0.2862612849818197,0.06026940573189969,ANN
S120,0.15754890574192296,0.09744184706945089,0.09148569951439336,0.28644088234559073,0.11858612942730744,0.24849653590133344,LSTM
S121,0.21762933963965567,0.113900937938417,0.18870897322125432,0.1467641408304576,0.17857609030548444,0.15442051806473003,1D-CNN
S122,0.26238422521057014,0.1610446071934918,0.12562493298068944,0.11680586704061297,0.22566253926939342,0.1084778283052408,1D-CNN
S123,0.17637042171573666,0.29725820652130946,0.09100383351376098,0.15177811498759794,0.23203199463342322,0.051557428628171476,ANN
S124,0.08447573427760136,0.1299837751494506,0.21206262860800373,0.2893644340626972,0.08918078553403715,0.19493264236820979,LSTM
S125,0.17165931228141426,0.15210389874813127,0.11635149221801942,0.14102228956429808,0.058069522930900286,0.3607934842572369,GRU
S126,0.23618357094226997,0.15366496284768352,0.09087433437329541,0.20350840121813313,0.09037023050688738,0.22539850011173101,1D-CNN
S127,0.09031391860680447,0.14749155901343816,0.09140390368191212,0.45707066481533964,0.09503429322530547,0.11868566065719965,LSTM
S128,0.08141837624152445,0.22556265079781557,0.24299159573094545,0.2068061737725575,0.15567477278855424,0.08754643066860099,BiLSTM
S129,0.17728163865849533,0.15128044546485092,0.22577781391814472,0.127708019805246,0.20280662670252536,0.11514545545073755,BiLSTM
S130,0.6613030079088682,0.10447302352043102,0.045413301021035246,0.027905552477158646,0.12611788871415838,0.03478722635834862,1D-CNN
S131,0.6904705164437839,0.0954722334485457,0.013265736610011626,0.014946592859941722,0.05795685816614982,0.12788806247156753,1D-CNN
S132,0.11852869255292273,0.19259375645643342,0.1541597716743279,0.24601346395624563,0.16820691070928118,0.12049740465078902,LSTM
S133,0.16517363391355794,0.1653168483431575,0.17761542156451018,0.1557572113435409,0.17737792465071028,0.1587589601845219,BiLSTM
S134,0.24887652354937814,0.17756319132065823,0.1221897143153732,0.1334517714048016,0.16427372764612388,0.15364507176366596,1D-CNN
S135,0.13878865387773495,0.1597908107931183,0.1441865868495327,0.1848859138163599,0.13368820453793906,0.23865983012531647,GRU
S136,0.2367239113667565,0.12124628417882245,0.3609158931085477,0.10088292171573185,0.11167843278144605,0.06855255684869498,BiLSTM
S137,0.0945101780497761,0.12367939526523261,0.1605724942292788,0.2335239836559727,0.08250826203058619,0.3052056867691561,GRU
S138,0.11575128376682609,0.26750635536069195,0.152005586095093,0.14232452637338724,0.08997711412853282,0.23243513427547038,ANN
S139,0.1293652741323729,0.12337606063273883,0.11643086010213831,0.2607009097738332,0.09528021896185283,0.27484667639706545,GRU
S140,0.10829825870054728,0.12874609140390741,0.17435072781671035,0.2595026143297908,0.11708880015962851,0.21201350758941542,LSTM
S141,0.12247721285671347,0.30298223669700775,0.15055159198406318,0.1645192842436429,0.15051844941698317,0.10895122480159086,ANN
S142,0.1393144087978585,0.11139447378795178,0.12596686762999607,0.3599075900313831,0.1808874318414517,0.08252922791135883,LSTM
S143,0.10693141878196602,0.17243896668250927,0.39701553225469827,0.0590678217034023,0.18579326207814137,0.07875299849928405,BiLSTM
S144,0.327625659827013,0.11392808528876021,0.047739351876553385,0.053514798884703306,0.12202532427320771,0.33516677984976273,GRU
S145,0.2107147409109176,0.1953724903683102,0.12572516740364084,0.1553774323251736,0.1806594087386196,0.13215076025333972,1D-CNN
S146,0.1372007953493748,0.17447827628388154,0.19580518865321458,0.2232345169955962,0.1607807994389745,0.10850042327895824,LSTM
S147,0.21577142807618124,0.07518156570603571,0.2266193166478672,0.1982032267925092,0.19404574495917484,0.09017871781823307,BiLSTM
S148,0.09963084276900214,0.11690922368009382,0.1212677671389124,0.47564151126679005,0.11106666022438978,0.0754839949208131,LSTM
S149,0.0822241059093341,0.1023046840456222,0.14581103241188537,0.14471787411343723,0.08324494762590597,0.44169735589381515,GRU
S150,0.16403901178809682,0.1397137047504847,0.15133302319618283,0.13480423843792047,0.1352080767503109,0.27490194507700433,GRU
S151,0.1793164361215083,0.1405560074880855,0.1304032504827248,0.1815951823918642,0.14004273068763468,0.22808639282818227,GRU
S152,0.08518546845813414,0.40215505279961616,0.14864656673027996,0.14827063035996013,0.1409921417424469,0.07475013990956149,ANN
S153,0.12074592709341878,0.1987543873511322,0.18811522554689275,0.15064420130806144,0.26940015787339905,0.0723401008270971,CNN-LSTM
S154,0.09991398954637797,0.10170674971211484,0.1847952317727864,0.04571769475653381,0.5201760334112302,0.04769030080095815,CNN-LSTM
S155,0.2062856375550581,0.15627037495110868,0.08330342912783568,0.04384544365537956,0.1606321612290001,0.3496629534816179,GRU
S156,0.20209533897653528,0.13580173976992826,0.1506362918115895,0.13509927987097783,0.19929501908645106,0.17707233048451718,1D-CNN
S157,0.17685083596738907,0.1462699758255312,0.16061494923783404,0.18598028602994768,0.17124483372222682,0.15903911921707123,LSTM
S158,0.13718935760279938,0.30047690445501857,0.12859109208623926,0.13377610685559282,0.11858693949748432,0.18137959950286497,ANN
S159,0.084202997807676,0.4510307322056891,0.10509218526797091,0.11657615862607128,0.11858359436942999,0.12451433172316198,ANN
S160,0.07262935571755459,0.10628915264450482,0.1544651454054123,0.1343826267782015,0.45879564673352097,0.07343807272080571,CNN-LSTM
S161,0.1346405190161831,0.16351456342713103,0.2929295643674109,0.12430629830935618,0.16296916561350197,0.12163988926641585,BiLSTM
S162,0.42791282704622274,0.14606253023006266,0.12737219340476258,0.06628877810805,0.127111837770444,0.10525183344045765,1D-CNN
S163,0.30173843664962086,0.11534656423859715,0.08637915467832988,0.11672068999993725,0.13351103076842985,0.24630412366508617,1D-CNN
S164,0.15337380209219437,0.15827524203565368,0.1833798613478413,0.19652383125392467,0.19667723306844528,0.11177003020194107,CNN-LSTM
S165,0.04109242350121279,0.7623854611060934,0.03794832141768219,0.08701088047518485,0.02993153885402178,0.04163137464580611,ANN
S166,0.0939118879254511,0.06837747574075148,0.6075862883338308,0.07319658486869422,0.05069859073466609,0.10622917239660766,BiLSTM
S167,0.23763869370971497,0.1312239546289781,0.15201463210076677,0.11716907173707998,0.21380590789368648,0.14814773992977243,1D-CNN
S168,0.4065150910936794,0.12913944326487328,0.05604145620585076,0.12422448521335312,0.21105734411280005,0.07302218010944268,1D-CNN
S169,0.031141912366986314,0.032707892499956905,0.8100615572724662,0.042482366472930425,0.07043317497909368,0.013173096408566886,BiLSTM
S170,0.29194057047764566,0.1403776733727403,0.1763519527802179,0.10754384442317005,0.16109584798109003,0.12269011096513575,1D-CNN
S171,0.46462182769273,0.10103162306836759,0.08644389256397256,0.08915921249983404,0.16096823487235712,0.09777520930273857,1D-CNN
S172,0.03832301429222195,0.044087915601824304,0.07043685026937606,0.17991063933111268,0.050502342334623744,0.6167392381708402,GRU
S173,0.0442365002145416,0.29503444005011004,0.16785829066493077,0.11869470475850309,0.059765136807210795,0.31441092750470384,GRU
S174,0.067010047459002,0.14216763233038365,0.032110284459936786,0.04601957809794637,0.013338302265391825,0.6993541553873401,GRU
S175,0.05030538238330164,0.42499442677351523,0.10400202274565734,0.12454898146711638,0.09818047333207151,0.1979687132983365,ANN
S176,0.0344461162296682,0.38981578380983306,0.06369696247677818,0.2838293689608972,0.12564012011466044,0.10257164840816309,ANN
S177,0.04881344089684688,0.08284293731389815,0.2588416643990097,0.12884169551146946,0.41382166605026116,0.06683859582851455,CNN-LSTM
S178,0.18296482811454243,0.18105895118715856,0.2175747051675767,0.13248363078485503,0.10626489265475142,0.17965299209111718,BiLSTM
S179,0.4005794377789318,0.10206445513305316,0.09506362906536657,0.07869433801894304,0.17549893530674057,0.14809920469696491,1D-CNN
S180,0.24649601989833617,0.16729953623916302,0.07224268957337877,0.1350783271408288,0.10808536929444071,0.2707980578538522,GRU
S181,0.13584678734322309,0.13212619298997694,0.2529371131549461,0.18685341392453259,0.16625930891766927,0.12597718366965166,BiLSTM
S182,0.13728451963605157,0.12969958267908846,0.21237814393145862,0.14423157839340248,0.13728058176717156,0.23912559359282695,GRU
S183,0.09390098696849654,0.08323963693740635,0.1026968341222492,0.10912887979023396,0.09159263277920032,0.5194410294024137,GRU
S184,0.16126844582538571,0.159683414225255,0.17441552683073994,0.13163866607732155,0.1817782629734743,0.19121568406782524,GRU
S185,0.19887826667610256,0.10376720058632095,0.11516243032176855,0.20972096505351273,0.12964806423448252,0.24282307312781426,GRU
S186,0.08471402123745965,0.08346176180041724,0.46493574806860466,0.15500549797881485,0.14333111492938422,0.06855185598531824,BiLSTM
S187,0.1332894263782417,0.2887170621557805,0.14931897835589267,0.127670281449935,0.21836236284777993,0.082641888812369,ANN
S188,0.23649611529450396,0.1814975391883444,0.09412749859709413,0.12154370699287911,0.2611488832473118,0.10518625667986638,CNN-LSTM
S189,0.13989324238090467,0.17437566990871256,0.16541251988852365,0.1250450782702115,0.23828868883774296,0.15698480071390425,CNN-LSTM
S190,0.17642674334807212,0.14155623794945044,0.14452584203786129,0.16913980032636375,0.18093312399334488,0.1874182523449065,GRU
S191,0.18608427511139028,0.14854173719075975,0.15973668968937843,0.17932917098961837,0.15671950274974672,0.16958862426910648,1D-CNN
S192,0.13311745137048883,0.2604648867978447,0.1413074896806761,0.1501071231007635,0.12405474713107663,0.19094830191914927,ANN
S193,0.05318347759399955,0.4996972146736982,0.08414330535470259,0.12895072354162962,0.0642083117890091,0.16981696704696073,ANN
S194,0.041913627007460125,0.10244673645664056,0.1272903401773261,0.303949388485648,0.04803132241049707,0.3763685854624282,GRU
S195,0.1798163178066928,0.22360201539039962,0.17160191833653934,0.12834695592375142,0.16670010319322123,0.12993268934939722,ANN
S196,0.22112882965103486,0.25343240978042675,0.07392541906057593,0.12918063840231764,0.13708918562673775,0.18524351747890602,ANN
S197,0.07380544599109683,0.2077345554273544,0.3828151492848462,0.0819847164392771,0.16647756905726552,0.0871825638001602,BiLSTM
S198,0.1494126969968298,0.12960345449523125,0.11061362883430699,0.11652549943419174,0.11835535101032793,0.37548936922911164,GRU
S199,0.1636822923565625,0.14251787968092924,0.16412885646333655,0.12368356956614601,0.1725716071647729,0.2334157947682526,GRU
S200,0.1922723240378197,0.1747972047865775,0.14728391103447033,0.13428416781063887,0.16096535740140255,0.19039703492909102,1D-CNN
S201,0.17283715514387174,0.15145656171690322,0.1615325845036819,0.1756457557356573,0.1529555649186718,0.1855723779812144,GRU
S202,0.13379827882067466,0.17983788375157844,0.22025706033224415,0.1814248429569228,0.15787666193171543,0.12680527220686363,BiLSTM
S203,0.08477398189181508,0.11109255166150361,0.1872167619442055,0.39038890959113826,0.17390887336854347,0.0526189215427945,LSTM
S204,0.11105283480582026,0.19495557674741998,0.16660270007475753,0.13727121568702264,0.10914146674137475,0.2809762059436045,GRU
S205,0.21546457303029112,0.1781918630945331,0.14051419644307717,0.10652078675007182,0.16163665061298954,0.19767193006903605,1D-CNN
S206,0.1987930612995274,0.176598578491263,0.15146772193858235,0.14102919266944566,0.17422218614488288,0.15788925945629845,1D-CNN
S207,0.15790489952916512,0.1866299202895877,0.16139292600904429,0.2177479325572901,0.1470843732251152,0.12923994838979744,LSTM
S208,0.05419378156793794,0.5108770260966244,0.10491576298974956,0.15435442901610347,0.0745506912553881,0.10110830907419667,ANN
S209,0.12977557604203638,0.08535726591905456,0.3303366774220733,0.17183633706279192,0.14853635907680485,0.13415778447723853,BiLSTM
S210,0.3092756377288817,0.278733527966726,0.09217910226773816,0.04670392721477214,0.13771293404660193,0.13539487077528004,1D-CNN
S211,0.1680861523205462,0.1255838376490656,0.16913825655213788,0.210084583846171,0.214324671952723,0.11278249767935633,CNN-LSTM
S212,0.0792417905440997,0.2740422179958766,0.1832820889962438,0.28676707931293727,0.12226259016767661,0.05440423298316721,LSTM
S213,0.12046865693103098,0.06987892375720398,0.120163680682817,0.160431273389919,0.09673307038509371,0.432324394853935,GRU
S214,0.14884354315627243,0.12763279100128352,0.17770004823229407,0.14982532961467612,0.14835721016597359,0.24764107782950012,GRU
S215,0.18072462660350347,0.1656131471611172,0.14677626401460245,0.16465338137766414,0.14390825512157177,0.19832432572154082,GRU
S216,0.1329935824985561,0.1815023307395424,0.1581379979856414,0.22489953559000123,0.1326624926390542,0.16980406054720507,LSTM
S217,0.1191744214997633,0.24025628443943356,0.1749785781089369,0.20648769803044636,0.1183491376212355,0.14075388030018332,ANN
S218,0.13975137354654682,0.09401905033954956,0.26105282696422377,0.1535775228811685,0.2531822887404057,0.09841693752810429,BiLSTM
S219,0.1260750572020376,0.19074404835052075,0.10954779757486535,0.09684817316200423,0.0894526941585342,0.387332229552037,GRU
S220,0.1775656259169084,0.21059338372604072,0.1535758174806222,0.05303800998765548,0.17720070416429118,0.22802645872448196,GRU
S221,0.227241920219575,0.14334307298297072,0.09374928108450188,0.14944355102925985,0.10398505581091348,0.28223711887277825,GRU
S222,0.09497682034506295,0.26557493940913757,0.2741900860789113,0.10579698762757234,0.14159814363336973,0.11786302290594766,BiLSTM
S223,0.14665594005801522,0.11569000431779317,0.10014702356147172,0.13601966121712566,0.11313149849948656,0.38835587234610885,GRU
S224,0.1267919509268158,0.1458611729541135,0.20480455893712798,0.14472148765268344,0.1546630296394193,0.22315779988983883,GRU
S225,0.191167306941559,0.1887342405267715,0.15075762304373755,0.10193937932086346,0.15004359612499055,0.217357854042078,GRU
S226,0.17349790317573596,0.12669554114701823,0.13244861427749433,0.17245199393998342,0.12408874877876999,0.27081719868099724,GRU
S227,0.13978087517881949,0.19173022883617877,0.18627509603297782,0.14386281108695007,0.1520431731833552,0.18630781568171886,ANN
S228,0.17391430585078677,0.19185646669055212,0.13184603873767337,0.1499984608705492,0.14021600534830428,0.21216872250213534,GRU
S229,0.11956619864422617,0.27623120515358446,0.19542762712442874,0.11864065984151019,0.2119532363064372,0.07818107292981141,ANN
S230,0.10253052445537353,0.16249329141734684,0.09881924044326432,0.3253983234296939,0.1040609086612351,0.20669771159308656,LSTM
S231,0.1473031006992051,0.11245133517203343,0.25704792101308815,0.1151475621716277,0.16717769353075249,0.20087238741329166,BiLSTM
S232,0.25803873547481526,0.15434291439418144,0.13777943121086755,0.08975681699560834,0.20492486002862928,0.15515724189589788,1D-CNN
S233,0.19523939644978322,0.13955484166471332,0.14294521355550321,0.2217675499501515,0.15621556989618834,0.14427742848366032,LSTM
S234,0.14961152873002917,0.163112411983441,0.1756800051571784,0.20406225178467152,0.15433709482243488,0.15319670752224504,LSTM
S235,0.19008335750748448,0.33770024843671265,0.08705748764590075,0.09462594847273921,0.08065120052329093,0.20988175741387194,ANN
S236,0.10676695241988234,0.1962752238450809,0.11294362591378902,0.2117441421910644,0.13261540978101136,0.23965464584917118,GRU
S237,0.14305831790255963,0.1607360169493398,0.17654744478110898,0.23563170465752548,0.16271803337317484,0.1213084823362906,LSTM
S238,0.16705451925994208,0.24633451109442464,0.15419451152079602,0.15677602913490743,0.13169802285313054,0.143942406136799,ANN
S239,0.08923849358075471,0.19210473078424883,0.3793361170167603,0.04275308692174391,0.1549888390491186,0.1415787326473738,BiLSTM
S240,0.45479886288074634,0.1320082983157776,0.056191364462015905,0.030291235003097394,0.09066345096283351,0.23604678837552823,1D-CNN
S241,0.21322215315113843,0.21341002042479462,0.14679252081706987,0.11952876138909355,0.15174582425660832,0.15530071996129508,ANN
S242,0.16762780225515056,0.1589257417614373,0.22931922981072614,0.16364255213024206,0.17608431684487758,0.1044003571975658,BiLSTM
S243,0.4180760221217014,0.1488311479160484,0.0626303489348234,0.22868335909600032,0.07726237614314165,0.06451674578828503,1D-CNN
S244,0.07797131794721818,0.12855983437292662,0.4520630745240787,0.11928835216852787,0.16091334226508713,0.06120407872216302,BiLSTM
S245,0.18308248601298655,0.1533834310178774,0.11999278698833761,0.12663977250751637,0.15273100814731352,0.26417051532596975,GRU
S246,0.14814833211216624,0.20578432448425024,0.1473835730545569,0.15343531292238113,0.16770141301706015,0.1775470444095853,ANN
S247,0.17758572343703533,0.16473224669763356,0.15528690357548583,0.17286849876351018,0.16225394802571838,0.16727267950061714,1D-CNN
S248,0.11763653970708214,0.4069446775940862,0.09431846303687957,0.14353593459062106,0.11961597840407906,0.11794840666725077,ANN
S249,0.0893830142204034,0.22991249033806035,0.15801702988423,0.17154602350806306,0.25537025446636286,0.09577118758288003,CNN-LSTM
S250,0.12049642990288088,0.15172935088511022,0.3216991992173671,0.1367982780775072,0.139144322462418,0.13013241945471613,BiLSTM
S251,0.49378270563216714,0.21907420150719004,0.07626320183979222,0.04922800128821952,0.07590030931493308,0.08575158041769768,1D-CNN
S252,0.25204710064287095,0.13663335846516717,0.11627792151540131,0.12363512830976248,0.15385596376733862,0.2175505272994596,1D-CNN
S253,0.12716472703749163,0.14609034304364,0.1995568893249903,0.24463028662507352,0.166563132691208,0.11599462127759645,LSTM
S254,0.12765535899199715,0.3683603822656572,0.12515815797958751,0.137252756004212,0.10643856928124128,0.13513477547730593,ANN
S255,0.06577739142210424,0.30114073497833177,0.15424505287701426,0.1482883431721091,0.2723081343614829,0.05824034318895773,ANN
S256,0.1682990268466399,0.24150229473497084,0.08693738360814736,0.33349265001825484,0.1316680383370872,0.038100606454899814,LSTM
S257,0.136947238906699,0.19003613164094035,0.2476916662459722,0.13820330397114503,0.12619709372727278,0.16092456550796966,BiLSTM
S258,0.19197854403955178,0.14107700395622966,0.1431201397821643,0.10887496372671995,0.19458716183172384,0.22036218666361057,GRU
S259,0.24379804914710845,0.1829082166653539,0.11355550017238139,0.15661440620839895,0.1733266328771122,0.12979719492964634,1D-CNN
S260,0.12597006171022698,0.1466673681420301,0.18142634240161545,0.30028371045348545,0.13157894540839965,0.11407357188424207,LSTM
S261,0.15422932933107122,0.1498975772346434,0.3313138022104597,0.11752384950228975,0.13040000183974945,0.1166354398817867,BiLSTM
S262,0.21947805719142208,0.12250614308125087,0.10899420540718703,0.10947951655544344,0.3370409985621928,0.1025010792025049,CNN-LSTM
S263,0.1860174371486689,0.17765422179738743,0.13469353266190517,0.1261082343773855,0.2682206281542602,0.10730594586039154,CNN-LSTM
S264,0.1000012003792501,0.14786546012193863,0.2691536172032859,0.16310266943374524,0.13517069908011348,0.18470635378166794,BiLSTM
S265,0.19773734848807245,0.1690829314033262,0.11882783929076136,0.11788307482480531,0.1532325130908537,0.24323629290217974,GRU
S266,0.18357760850985697,0.22255098208444593,0.08800622594878502,0.16284120391159101,0.2587167867336068,0.08430719281171398,CNN-LSTM
S267,0.07843966456866636,0.149552991335999,0.24760549870534396,0.2993818149693009,0.15623166073358377,0.0687883696871061,LSTM
S268,0.14741711643013886,0.13063581383781878,0.345226608844811,0.1176027321500767,0.10405085407204566,0.15506687466510785,BiLSTM
S269,0.09837262328010923,0.2009322095823486,0.13587665689272652,0.15486750320871426,0.08460209119595373,0.3253489158401475,GRU
S270,0.11647483259136739,0.12194483882781176,0.13147356524073525,0.22913348490181082,0.11710690229228589,0.28386637614598925,GRU
S271,0.08710310479497173,0.3694911806964067,0.13109428333756792,0.19737899158317226,0.09670245715416219,0.11822998243371931,ANN
S272,0.09186060444460116,0.09551749251737301,0.28981034366517067,0.28554448359942597,0.14220065808222004,0.09506641769121085,BiLSTM
S273,0.21086944069048952,0.16007284382905704,0.15759961966465913,0.11740493893783764,0.26976471980617095,0.0842884370717859,CNN-LSTM
S274,0.5031047088608599,0.3302159226172498,0.03845019120540539,0.03805976991606795,0.058283902753003526,0.031885504647413784,1D-CNN
S275,0.1640715360577327,0.22069986501635158,0.1631092460642117,0.10211269312644917,0.19947071382102147,0.15053594591423333,ANN
S276,0.16257065173167093,0.16696769889078794,0.14086775654060052,0.14211425815135545,0.1996169209684866,0.18786271371709803,CNN-LSTM
S277,0.17855610755861537,0.1706803842840574,0.14393887881317774,0.17751677248207656,0.15243166521828225,0.17687619164379192,1D-CNN
S278,0.14466622762460035,0.14721794603507168,0.2026270163825591,0.16296407327474294,0.1479368475773116,0.1945878891057141,BiLSTM
S279,0.32883661856331514,0.24949078251295465,0.10424916552089436,0.07665085688694134,0.07308702049107615,0.1676855560248179,1D-CNN
S280,0.19360860814312905,0.05098745169981036,0.12775718307014686,0.1667316387957671,0.38989285917769095,0.07102225911345564,CNN-LSTM
S281,0.4206474488333371,0.22371074829610177,0.09457134731270675,0.0765852431331961,0.12151833390450566,0.0629668785201542,1D-CNN
S282,0.5157895679194686,0.19986764625962578,0.04979927243545142,0.026715588675980312,0.17214897169857982,0.035678953010893875,1D-CNN
S283,0.15503948708666568,0.32586402354940097,0.06370818129413452,0.0285475838410254,0.25828766535656883,0.16855305887220426,ANN
S284,0.1691365461858459,0.16624066234183918,0.11353327807818739,0.11494086520960325,0.25008145841219614,0.1860671897723265,CNN-LSTM
S285,0.16692609215695753,0.16355610980926177,0.1547252110267807,0.17658541954166534,0.19112579799070414,0.1470813694746298,CNN-LSTM
S286,0.18903275807515357,0.1746838358591426,0.16191700531826309,0.16795190176780075,0.15749367738443243,0.1489208215952076,1D-CNN
S287,0.20539447903147973,0.20119429826837523,0.1507911148773014,0.12399716021558078,0.12985907420125453,0.18876387340600842,1D-CNN
S288,0.10107965782364262,0.10209118983428978,0.18904531794114143,0.1434948462432667,0.14236796244554212,0.3219210257121172,GRU
S289,0.038967840304849226,0.07719394897669324,0.594594872689401,0.13291528206497377,0.07178755251171147,0.08454050345237102,BiLSTM
S290,0.38440937033437983,0.14149900933560894,0.10830920108291207,0.12751038764629472,0.12450067595268355,0.1137713556481209,1D-CNN
S291,0.1991230719656006,0.4212592202190947,0.08284980448072385,0.04824421543773972,0.17515109991388766,0.0733725879829535,ANN
S292,0.07701738400053443,0.0979648671959306,0.4571497178168173,0.07310987949792405,0.2050339615579174,0.08972418993087589,BiLSTM
S293,0.17534193107470822,0.07518056490271981,0.1282046345896205,0.09633574558546479,0.16250680988417107,0.3624303139633148,GRU
S294,0.20543136706485757,0.14181590371043784,0.1320517928064061,0.11322360829638482,0.2976740893504394,0.10980323877147555,CNN-LSTM
S295,0.17385611960701444,0.12265673668901717,0.08603604046091969,0.4025018346544401,0.11475449687144172,0.10019477171716627,LSTM
S296,0.11161176920302941,0.09670831529174159,0.49940619361025684,0.13379539508052643,0.10378617933898894,0.054692147475455435,BiLSTM
S297,0.16974142431519942,0.29170216949794764,0.144565380182576,0.11970491734747185,0.1660129853628138,0.10827312329399053,ANN
S298,0.10077535056318127,0.1626714494438333,0.07859285805932852,0.10490851695779588,0.08666203987706687,0.46638978509879436,GRU
S299,0.15178733006137157,0.15259764022800493,0.18492033268644412,0.16951002041637084,0.16262562929272706,0.17855904731508127,BiLSTM
S300,0.09230373779920284,0.2781124311097211,0.09755300159424406,0.2052744073519739,0.11036696794053702,0.21638945420432146,ANN
S301,0.05651205830100687,0.08284308857082136,0.14683053716569022,0.16951241288838886,0.463315324221767,0.08098657885232698,CNN-LSTM
S302,0.15869537122704983,0.18586148590118307,0.29062737843521697,0.12666020786791204,0.1300588141311028,0.10809674243753518,BiLSTM
S303,0.6464371227489089,0.0657630088221857,0.07091628035951529,0.06740050031379882,0.07655561835613614,0.07292746939945505,1D-CNN
S304,0.28571267460646893,0.38020045277901726,0.037572742760236935,0.03158566919247955,0.10976757713885005,0.15516088352294446,ANN
S305,0.09449774038534792,0.09682457394799847,0.2052107120506217,0.31418123277231425,0.18486844831082075,0.10441729253289674,LSTM
S306,0.17751568014963057,0.13757203556572659,0.21103905425339595,0.13100365706805764,0.22672652742922733,0.1161430455339619,CNN-LSTM
S307,0.306117886156925,0.19791756797597337,0.08982276545905767,0.17160590035240253,0.14080741239387592,0.09372846766176561,1D-CNN
S308,0.13404000387193618,0.24293511656484995,0.2131563772597142,0.21151097649294898,0.10481042251419671,0.09354710329635414,ANN
S309,0.10049125355721701,0.16999297480544062,0.258607461341878,0.12000734709677388,0.12016161818102457,0.23073934501766719,BiLSTM
S310,0.08122543964466891,0.1443073132537235,0.11646870671214925,0.15102467533258063,0.16784904569494344,0.33912481936193306,GRU
