Segment,1D-CNN,ANN,CNN-LSTM,GRU,Selected
S1,0.15516833242308237,0.04394619058128753,0.7114534798627681,0.0894319971328627,CNN-LSTM
S2,0.24655777475103552,0.24338546581324466,0.17385999984133763,0.3361967595943781,GRU
S3,0.171893915410755,0.32524562814979513,0.31892974111447725,0.18393071532496977,ANN
S4,0.23431043442587654,0.3216010018624787,0.2078767496412428,0.23621181407040276,ANN
S5,0.1692078582717496,0.43957815098401476,0.08041566743782123,0.3107983233064142,ANN
S6,0.0747410728213987,0.45105950338243633,0.10515803705946929,0.36904138673669296,ANN
S7,0.15401574092637224,0.0993357558079298,0.6540598042645044,0.09258869900119097,CNN-LSTM
S8,0.2528991550919474,0.3042660120252396,0.34612513174316256,0.09670970113965009,CNN-LSTM
S9,0.221240216998095,0.34311773634160225,0.13912580837424268,0.29651623828605966,ANN
S10,0.25554693898800607,0.22402938495511057,0.1894654457902305,0.33095823026665255,GRU
S11,0.26404657988407937,0.2478323288600772,0.19177650897726795,0.2963445822785713,GRU
S12,0.2432194411428773,0.22209425904664007,0.2262561518653633,0.3084301479451229,GRU
S13,0.18093349157978983,0.3079284808214762,0.19984589142262205,0.3112921361761116,GRU
S14,0.17420963263750738,0.3306890571652951,0.34913131748652776,0.14596999271066982,CNN-LSTM
S15,0.3085977230829544,0.3359695891354054,0.20534451390104136,0.15008817388059859,ANN
S16,0.15049920232738856,0.21043967678627473,0.2338273542773467,0.40523376660898824,GRU
S17,0.1348144567103256,0.3166029899285874,0.4687052396512508,0.07987731370983595,CNN-LSTM
S18,0.4774996628710415,0.187651212755776,0.20518920213729935,0.12965992223588224,1D-CNN
S19,0.2493940945885304,0.2770499741475216,0.34728156364500284,0.12627436761894334,CNN-LSTM
S20,0.32469079871049933,0.2934498450271157,0.20509333626064555,0.17676602000173844,1D-CNN
S21,0.2116514242315776,0.3087790235555173,0.21920642061121798,0.26036313160168545,ANN
S22,0.23216041715127778,0.24780597742858698,0.18657365800654624,0.3334599474135927,GRU
S23,0.10598851941317777,0.2938540285864123,0.12286383498135102,0.477293617019059,GRU
S24,0.17626801677778073,0.4546452492000321,0.27403956898056564,0.09504716504162036,ANN
S25,0.3762854023211403,0.19960492811622577,0.04614102135844307,0.3779686482041879,GRU
S26,0.16103495265727968,0.425529412180591,0.24499390201107615,0.16844173315105315,ANN
S27,0.3234433834950221,0.08109097966957346,0.47643483172021484,0.11903080511518724,CNN-LSTM
S28,0.28084590996667164,0.16218050139689918,0.21021720380054423,0.34675638483588583,GRU
S29,0.2513151986139283,0.22320075822317018,0.37090115744985014,0.15458288571305231,CNN-LSTM
S30,0.3902441761634737,0.21192740500844126,0.285060116495648,0.11276830233243958,1D-CNN
S31,0.15496273311260347,0.47773127418532524,0.3042927586517535,0.063013234050317,ANN
S32,0.18828334086326948,0.1950763508881546,0.27547233323419756,0.34116797501437657,GRU
S33,0.31399365865264617,0.1174295614062372,0.19751509388632782,0.3710616860547921,GRU
S34,0.25831705560544016,0.1982211548631217,0.23267675916338193,0.31078503036805605,GRU
S35,0.23924947214758846,0.2769225655292835,0.21344619553400504,0.27038176678912207,ANN
S36,0.08502887736428752,0.7064434712306455,0.04829213829299529,0.1602355131120681,ANN
S37,0.10997489834601472,0.5997215584203217,0.09565755515257665,0.19464598808108705,ANN
S38,0.3465847364902018,0.3234483261571767,0.2751003269702137,0.054866610382407616,1D-CNN
S39,0.23838929900601089,0.24779778615275275,0.4432244268424726,0.07058848799876219,CNN-LSTM
S40,0.23236989931131075,0.2695078491999965,0.2412756552575468,0.2568465962311492,ANN
S41,0.25879573908560416,0.20783753805343763,0.2864796162623392,0.24688710659861918,CNN-LSTM
S42,0.31357160091248076,0.23813519029325786,0.22217864384858646,0.2261145649456724,1D-CNN
S43,0.2785148988637528,0.2628674564617026,0.24037491167307198,0.21824273300146999,1D-CNN
S44,0.4117697778637762,0.22446210497413488,0.10041626019832099,0.2633518569637628,1D-CNN
S45,0.11797193714154809,0.11278690988091689,0.42489798174606036,0.34434317123147345,CNN-LSTM
S46,0.16043999453880278,0.6613973130785241,0.0506912090150019,0.12747148336767342,ANN
S47,0.16467076470890232,0.2663521447362481,0.24220552092105774,0.32677156963379034,GRU
S48,0.25464551016872494,0.12068371164917889,0.27164021272385735,0.353030565458238,GRU
S49,0.04847329343392518,0.09464614706271235,0.8302677755224732,0.026612783980892184,CNN-LSTM
S50,0.5262430200022458,0.2283657390531601,0.18064675898282145,0.06474448196177215,1D-CNN
S51,0.07756633175094754,0.5747098429327155,0.2595356502448473,0.08818817507148928,ANN
S52,0.21750665104078695,0.19173284930337156,0.36622308801645054,0.22453741163939003,CNN-LSTM
S53,0.23227245920290426,0.3468486858404897,0.2681058889015278,0.15277296605508012,ANN
S54,0.5361827963885787,0.1387356398187425,0.1476414940583925,0.1774400697342857,1D-CNN
S55,0.188540497428929,0.2981571100025464,0.06051419697914098,0.45278819558938305,GRU
S56,0.07398655891512021,0.1029027399261168,0.13880299204094848,0.6843077091178121,GRU
S57,0.19207919042508462,0.1758147779592128,0.09070687664589547,0.541399154969807,GRU
S58,0.11299969599713926,0.44259964517027184,0.06228716724501001,0.38211349158757846,ANN
S59,0.14828964027022368,0.26111352515971287,0.38327422864304944,0.2073226059270141,CNN-LSTM
S60,0.1630127538981868,0.27797651746111307,0.3866486090758667,0.17236211956483058,CNN-LSTM
S61,0.34804177488216126,0.3135295172269165,0.1752174495805758,0.16321125831034541,1D-CNN
S62,0.23581316147519243,0.3425959012618286,0.0611384661730893,0.36045247108988954,GRU
S63,0.23379393684134941,0.28260287964586545,0.13774374001621972,0.3458594434965639,GRU
S64,0.247597430463734,0.23474979454966516,0.17828955408550676,0.339363220901094,GRU
S65,0.22648564243077188,0.17469935164385847,0.23244746298761088,0.36636754293775675,GRU
S66,0.24796354692821376,0.22773483112639253,0.3394129081275764,0.18488871381781674,CNN-LSTM
S67,0.42185785714734597,0.24794740786299754,0.22012203794190757,0.11007269704774697,1D-CNN
S68,0.1875240990125194,0.2794704718018186,0.315359432844123,0.21764599634153903,CNN-LSTM
S69,0.19190592717146346,0.3351129258691171,0.27853844786041504,0.1944426990990038,ANN
S70,0.268258574694065,0.36203605791159355,0.22773409181252466,0.14197127558181522,ANN
S71,0.3086370834833536,0.29358732870855564,0.23204688266278647,0.16572870514530336,1D-CNN
S72,0.1499561794193611,0.7928812155684958,0.007506982864002866,0.049655622148142675,ANN
S73,0.12641449616775205,0.201749053494213,0.07446477915594334,0.5973716711820928,GRU
S74,0.1692072977945551,0.26693463414493646,0.2342157173274019,0.3296423507331059,GRU
S75,0.06993382441436273,0.27256464595336505,0.5921490024121018,0.0653525272201735,CNN-LSTM
S76,0.17563320093020432,0.33958040561466296,0.2555246461754732,0.22926174727965648,ANN
S77,0.3328019233554363,0.15623091168111775,0.164673161618829,0.34629400334461413,GRU
S78,0.49909916045080044,0.21813560517885477,0.16762899804771633,0.11513623632262848,1D-CNN
S79,0.3214170281907964,0.19270045164026722,0.38303708825454463,0.10284543191439068,CNN-LSTM
S80,0.2592564321125755,0.31156187277897474,0.3082750985727394,0.12090659653570937,ANN
S81,0.29932307771202776,0.25160529214100624,0.16597306457545455,0.28309856557151053,1D-CNN
S82,0.09429768482735972,0.5437256694482506,0.0984879036410622,0.26348874208332707,ANN
S83,0.1887884577439069,0.2002345740973019,0.2402950504152628,0.37068191774352827,GRU
S84,0.04589909976601488,0.5403577097515642,0.08012611954780945,0.3336170709346125,ANN
S85,0.1456949230150371,0.08390232512583493,0.47785200941178724,0.2925507424473406,CNN-LSTM
S86,0.09894420809755697,0.1986403518947364,0.14911693871805506,0.5532985012896496,GRU
S87,0.21088160545458273,0.21665370397319061,0.25511380427730446,0.3173508862949267,GRU
S88,0.48248924599376747,0.10682675738417291,0.1685475938465609,0.24213640277549875,1D-CNN
S89,0.6363784022086967,0.06344933005400814,0.1991792540256866,0.10099301371160836,1D-CNN
S90,0.2652662501262558,0.21657054244137566,0.3375358487458174,0.18062735868655036,CNN-LSTM
S91,0.06507377029792849,0.5471300452095654,0.32724339841923783,0.06055278607326768,ANN
S92,0.20778697172947103,0.43503231415535143,0.18880672683893002,0.1683739872762485,ANN
S93,0.23046032960828322,0.3070243001069973,0.25581387159138325,0.20670149869333412,ANN
S94,0.26637999912680366,0.30435028109058904,0.176423583797713,0.2528461359848932,ANN
S95,0.1269484322238733,0.09552721609323662,0.13454365668308188,0.6429806949998075,GRU
S96,0.03529212434112726,0.060552897444513296,0.4547886764705546,0.449366301743805,CNN-LSTM
S97,0.22977445504186347,0.23942612491719223,0.30420012335938273,0.22659929668156364,CNN-LSTM
S98,0.2942451048988793,0.3738665838784404,0.19268716560728807,0.13920114561538893,ANN
S99,0.3012099670396958,0.5620309792840118,0.04438392508305093,0.09237512859324153,ANN
S100,0.4686351891012164,0.06604241552851643,0.22319780740865042,0.24212458796161312,1D-CNN
S101,0.19701830341581042,0.143734812224451,0.1363306976098171,0.5229161867499208,GRU
S102,0.25848618460776246,0.31269258761013075,0.2049330519463156,0.22388817583578988,ANN
S103,0.22294837511960416,0.244927453448236,0.24504789003645733,0.2870762813957025,GRU
S104,0.05237314471000721,0.08148730039340674,0.21104721999861192,0.655092334897974,GRU
S105,0.1090593499028854,0.11936618630992657,0.3466737990319904,0.42490066475519567,GRU
S106,0.08310225068372684,0.03474928323208994,0.27002329510092116,0.6121251709832599,GRU
S107,0.032828088793534466,0.0898779210897281,0.13065086675742593,0.7466431233593102,GRU
S108,0.10220037535968084,0.147312126590888,0.36450636216489474,0.38598113588453575,GRU
S109,0.4320567406649652,0.1329110783607883,0.12099375522250261,0.314038425751743,1D-CNN
S110,0.1952827164773206,0.3446201566299401,0.2579766848620274,0.20212044203070773,ANN
S111,0.23511486242923585,0.25357901449259646,0.13225157791753642,0.3790545451606323,GRU
S112,0.1551510581194625,0.2477247327078598,0.11963485425024764,0.4774893549224302,GRU
S113,0.23711547808841324,0.23075375414352592,0.14307709637384394,0.3890536713942151,GRU
S114,0.21518476538751413,0.2013468117820985,0.1925512903573983,0.3909171324729877,GRU
S115,0.18662311855150807,0.4076889986391162,0.1916380738961527,0.21404980891322062,ANN
S116,0.13115718684658292,0.4581958949225772,0.19300368882140836,0.21764322940943043,ANN
S117,0.15541737208016213,0.3172403639587623,0.36629743766012707,0.16104482630094805,CNN-LSTM
S118,0.6840361253116466,0.08567950167310973,0.13631514411288873,0.09396922890235468,1D-CNN
S119,0.1305946598451925,0.3455857919443216,0.46853851069299113,0.05528103751749154,CNN-LSTM
S120,0.2602562088717646,0.17249487620195955,0.24060018246833836,0.3266487324579378,GRU
S121,0.41901648609138986,0.18687684977186333,0.23356626872325406,0.1605403954134929,1D-CNN
S122,0.3650633186948043,0.20364130424237312,0.3167965281588038,0.11449884890401789,1D-CNN
S123,0.23929891482492546,0.4157288197386718,0.291621512608644,0.0533507528277586,ANN
S124,0.18780662964800252,0.2644924634591223,0.18434904851943504,0.3633518583734402,GRU
S125,0.22117539606720835,0.1834635961013931,0.07329002301491587,0.5220709848164767,GRU
S126,0.33261663657149326,0.22007391150340333,0.11455040719084546,0.33275904473425766,GRU
S127,0.19704487514430935,0.33749046498159657,0.18942704362617663,0.276037616247916,ANN
S128,0.14789737470188677,0.41000890254677497,0.28427652872785714,0.1578171940234829,ANN
S129,0.2570519900421022,0.2332054303239118,0.31804332634915755,0.19169925328482945,CNN-LSTM
S130,0.7342180747533904,0.10852931372190518,0.12394498923031615,0.03330762229438726,1D-CNN
S131,0.7175190468940622,0.08506325366654108,0.08195031806846909,0.11546738137093182,1D-CNN
S132,0.14792290293046864,0.3819632563418936,0.32556883477874754,0.14454500594889122,ANN
S133,0.26235651386803915,0.2748934147995276,0.260268158357636,0.20248191297479715,ANN
S134,0.38285723477621914,0.2538553756721417,0.20255505014246813,0.16073233940917,1D-CNN
S135,0.20035064598483332,0.24884449832787356,0.19593685106730416,0.35486800461998796,GRU
S136,0.40351945473846385,0.2097047345633427,0.2552495295472518,0.1315262811509447,1D-CNN
S137,0.10685291892093039,0.15115992948900264,0.144333416346073,0.5976537352439906,GRU
S138,0.14856079287626509,0.437170296896459,0.0972640254079124,0.31700488481936295,ANN
S139,0.1934110115448123,0.1959537874632714,0.13573618311625413,0.4748990178756658,GRU
S140,0.18468613183052798,0.1790663631647801,0.19972989682133724,0.4365176081833517,GRU
S141,0.17291897855664723,0.46065596873684855,0.20895308173638436,0.15747197097011997,ANN
S142,0.2781912303626622,0.21287905684165048,0.33402817889156766,0.17490153390411786,CNN-LSTM
S143,0.18417128134286057,0.3863920772777781,0.28172906495613725,0.14770757642322402,ANN
S144,0.40051950500719974,0.12466506246500964,0.11583157004577999,0.3589838624820107,1D-CNN
S145,0.3220733172998556,0.2647292183338541,0.27444583586953536,0.13875162849675587,1D-CNN
S146,0.2301616654909605,0.3280518527742778,0.32245249456228625,0.11933398717247613,ANN
S147,0.4130474957755364,0.05808398828513315,0.3833196392478758,0.14554887669145386,1D-CNN
S148,0.2328266524580015,0.25422529582611125,0.3397342571762938,0.1732137945395931,CNN-LSTM
S149,0.09163004015002295,0.1325200307063658,0.10037808680915206,0.6754718423344592,GRU
S150,0.18696783718894866,0.18337506470997106,0.17183340594716576,0.45782369215391416,GRU
S151,0.2565235172458248,0.18969279752296966,0.1799330298005652,0.37385065543063656,GRU
S152,0.10707745664678847,0.5986088046329168,0.1977539869975001,0.09655975172279518,ANN
S153,0.18004306557850103,0.286857149486857,0.42536830549105026,0.10773147944359536,CNN-LSTM
S154,0.12396782969574036,0.12424229956325965,0.6946826278481656,0.057107242892833955,CNN-LSTM
S155,0.24683773236676101,0.1674940275701165,0.20826241140360077,0.3774058286595211,GRU
S156,0.28160264032315424,0.17390252680415516,0.31754582558875316,0.22694900728393713,CNN-LSTM
S157,0.2835848873409102,0.2110784221572717,0.2802337199198582,0.22510297058195936,1D-CNN
S158,0.18074579541673738,0.4371176126748845,0.14174027339258055,0.24039631851579685,ANN
S159,0.09734621728050565,0.6066880289653384,0.15069113351366273,0.14527462024048907,ANN
S160,0.08401840663581386,0.1234425618353781,0.6934461777677902,0.09909285376102107,CNN-LSTM
S161,0.2363899898641935,0.2829949410062889,0.2879640723479904,0.1926509967815257,CNN-LSTM
S162,0.5402744763186157,0.16576903362547032,0.1704887314854095,0.12346775857050825,1D-CNN
S163,0.3878461645724424,0.13098091175172397,0.18235550355999877,0.29881742011583107,1D-CNN
S164,0.2281746482547958,0.2513233494723608,0.36849172055177315,0.15201028172106987,CNN-LSTM
S165,0.03554157409144232,0.9118526492526854,0.0234445996428501,0.029161177013022288,ANN
S166,0.272159470757382,0.1848282390989496,0.14982065882374232,0.393191631319926,GRU
S167,0.3143160347669349,0.16298873135310799,0.3262723911760561,0.1964228427039011,CNN-LSTM
S168,0.48457633879559114,0.15563018466307665,0.27732718657644256,0.0824662899648893,1D-CNN
S169,0.21715967884119902,0.1796681755338238,0.533012259325988,0.07015988629899252,CNN-LSTM
S170,0.40040884383533065,0.23997984987899423,0.21854447760960263,0.1410668286760724,1D-CNN
S171,0.6531647809799312,0.11227814450375861,0.15856758399878873,0.07598949051752404,1D-CNN
S172,0.043518660324359394,0.0596648499591474,0.09182948331155225,0.8049870064049419,GRU
S173,0.04076011455165895,0.5233276030815891,0.06354823203373983,0.3723640503330153,ANN
S174,0.06445467351176488,0.16364473097454976,0.011791123730499975,0.7601094717831888,GRU
S175,0.05525620827770688,0.563634874760402,0.11440665987536333,0.2667022570865281,ANN
S176,0.043575225023374686,0.605103963720841,0.17652809637662908,0.1747927148791561,ANN
S177,0.074195692661278,0.11349604595796832,0.6847578794673481,0.12755038191340554,CNN-LSTM
S178,0.24795549840680597,0.33584046811195684,0.12415462763477397,0.2920494058464634,ANN
S179,0.5441174626038138,0.11314372550063698,0.15907111842793048,0.1836676934676166,1D-CNN
S180,0.2973660712957983,0.1764352080253118,0.0960124100700981,0.43018631060878876,GRU
S181,0.22679843313765363,0.20983316181860645,0.2967431534871263,0.26662525155661,CNN-LSTM
S182,0.1397204221833391,0.11031681762532244,0.15251300332065185,0.597449756870686,GRU
S183,0.07938956074713889,0.0630376318027109,0.09343113787472324,0.764141669575425,GRU
S184,0.20172729328701042,0.17267861220566635,0.21325447481972487,0.4123396196875976,GRU
S185,0.26332687123852344,0.08406349010803911,0.15822863060332634,0.4943810080501104,GRU
S186,0.2064742838725028,0.1786700530521039,0.4035644979083169,0.21129116516707577,CNN-LSTM
S187,0.19035499907400058,0.35596651881199776,0.32820341269299474,0.12547506942100337,ANN
S188,0.2994266668638345,0.2305045478856799,0.35129674101077685,0.11877204423970793,CNN-LSTM
S189,0.20378098682353132,0.1806699884648576,0.47104614901074154,0.14450287570086906,CNN-LSTM
S190,0.23833302924104258,0.24050956286108197,0.2790471591523099,0.24211024874556564,CNN-LSTM
S191,0.302953058994096,0.20760532784746186,0.23802428127909483,0.25141733187934917,1D-CNN
S192,0.17660014698116575,0.3838818252003714,0.15539455914985123,0.28412346866861027,ANN
S193,0.05527996609377535,0.5523983020555053,0.09436775087627963,0.29795398097443665,ANN
S194,0.06626398700186856,0.17005999184521375,0.07471788076808833,0.6889581403848294,GRU
S195,0.2597627942654881,0.3601745741119876,0.1893894185618901,0.19067321306063423,ANN
S196,0.2360097015093114,0.39830450004401846,0.11255973087356849,0.2531260675731051,ANN
S197,0.13427149756512316,0.43805217314930334,0.22756008613012238,0.2001162431554477,ANN
S198,0.18379026704953003,0.16156452359659107,0.11498696799001194,0.5396582413638658,GRU
S199,0.22290778219004637,0.19085815245998966,0.23292437740170074,0.3533096879482704,GRU
S200,0.27444611426844595,0.23690968573321275,0.21035492585588944,0.2782892741424554,GRU
S201,0.25284293917223094,0.21238472056766594,0.212354104264561,0.3224182359955468,GRU
S202,0.21061884232245515,0.30048289902330483,0.2643644550359219,0.22453380361832168,ANN
S203,0.18120921214524427,0.23171792376274078,0.45744662873933817,0.1296262353526762,CNN-LSTM
S204,0.14621384349347744,0.2895991524502583,0.14242891096717505,0.4217580930890858,GRU
S205,0.29280001411989803,0.2355573269287822,0.18785769324387772,0.2837849657074429,1D-CNN
S206,0.28845411263411647,0.2454132600409304,0.22141731649824326,0.24471531082670828,1D-CNN
S207,0.24736797958241463,0.3237487035586092,0.23320796584305276,0.1956753510159222,ANN
S208,0.05994032288985344,0.6813584565035398,0.09845278788725847,0.16024843271934422,ANN
S209,0.20423698396041318,0.1570528546879148,0.3213117785409705,0.31739838281070254,CNN-LSTM
S210,0.35875632007336844,0.38587822493784996,0.10089638034849976,0.15446907464027843,ANN
S211,0.3120879787117284,0.1321866745120202,0.42535229804019237,0.1303730487360568,CNN-LSTM
S212,0.12337911124252113,0.5410385716253333,0.2790422465023553,0.05654007062978974,ANN
S213,0.13768137533900476,0.0758954726052966,0.13605722779001242,0.650365924265687,GRU
S214,0.21898082120447984,0.17465142645571483,0.21782087228666522,0.38854688005313914,GRU
S215,0.2616607009554645,0.24109067128029785,0.19203320329217496,0.3052154244720633,GRU
S216,0.19886314081767742,0.3097592715227698,0.19062553877056326,0.30075204888898943,ANN
S217,0.17320476031168283,0.42913333658640007,0.15481789315224365,0.24284400994966968,ANN
S218,0.2000568508239234,0.1794392701075364,0.41275988095949684,0.20774399810903843,CNN-LSTM
S219,0.11766463794294019,0.24546723709301943,0.07549006993846549,0.5613780550255748,GRU
S220,0.20717416164382949,0.23347367669343175,0.12052352588057022,0.43882863578216963,GRU
S221,0.29920836659650724,0.1852060824368932,0.09515631589742173,0.420429235069178,GRU
S222,0.1444476730536149,0.5262902321157471,0.17437283519770969,0.15488925963292813,ANN
S223,0.12303534232914552,0.12329106284433991,0.10070662062729446,0.6529669741992201,GRU
S224,0.15635452162457503,0.20462364001943747,0.20544662904399627,0.433575209311991,GRU
S225,0.2466912911668184,0.25336257998611855,0.14988864753465586,0.35005748131240605,GRU
S226,0.21703819517012107,0.15779699427506622,0.14264497371487486,0.48251983683993716,GRU
S227,0.18001891531655492,0.31735316533456126,0.19048710728769291,0.312140812061191,ANN
S228,0.20916374640298666,0.2288241451910836,0.16810600448363286,0.3939061039222966,GRU
S229,0.15746806077900571,0.4342225340019269,0.2922836387519364,0.11602576646713081,ANN
S230,0.173037693848846,0.2869009737559905,0.18256638086671018,0.35749495152845656,GRU
S231,0.22399083186555951,0.1773155713190104,0.255992361928986,0.3427012348864473,GRU
S232,0.339134050723925,0.19166771872672728,0.28464655003959244,0.18455168050975942,1D-CNN
S233,0.32175907830229994,0.2179740013677404,0.24193894494684773,0.21832797538311274,1D-CNN
S234,0.23399443400958445,0.2712860801851653,0.24540499720841438,0.249314488596837,ANN
S235,0.22242867558124932,0.34765379215739467,0.10835729855925617,0.3215602337020991,ANN
S236,0.1412258444145289,0.3282100988016366,0.17959137993530852,0.350972676848525,GRU
S237,0.25954208827414993,0.30359284009031773,0.2274698576798039,0.20939521395572655,ANN
S238,0.28658036944798165,0.296608696906784,0.17729913253609478,0.23951180110914055,ANN
S239,0.13000973373087527,0.3857299449772807,0.2149261083586738,0.2693342129331691,ANN
S240,0.5448429701828594,0.13300743080394115,0.054038002119062956,0.2681115968941373,1D-CNN
S241,0.28518833929403764,0.30121088308007843,0.15935824546652294,0.25424253215935994,ANN
S242,0.2889831185553079,0.2840942431993322,0.2998786081745664,0.1270440300707935,CNN-LSTM
S243,0.5691508825118877,0.21764676267078362,0.11781586960362551,0.09538648521369934,1D-CNN
S244,0.17722822582778341,0.3038019060268564,0.38954827318331997,0.1294215949620398,CNN-LSTM
S245,0.26045355338857534,0.2122476095667567,0.21014936909216275,0.3171494679525096,GRU
S246,0.20466846100898,0.3053295436502726,0.24526025968970602,0.24474173565103985,ANN
S247,0.2716925853916035,0.24452825457305108,0.24004479837979242,0.24373436165555368,1D-CNN
S248,0.13973875933263114,0.5667362887591276,0.1515655995923493,0.14195935231588883,ANN
S249,0.11672584270970522,0.35349893938849597,0.3927126425015055,0.13706257540029176,CNN-LSTM
S250,0.2142796310296181,0.2816790531621361,0.2517495445961787,0.25229177121206703,ANN
S251,0.5904570387496819,0.2410171480224705,0.07283218600968892,0.0956936272181564,1D-CNN
S252,0.3424897561789252,0.15422063944331793,0.2227647231466318,0.28052488123112523,1D-CNN
S253,0.20979278442706828,0.26448019357901953,0.3363366105945986,0.1893904113993126,CNN-LSTM
S254,0.17049713213829643,0.5164505290259137,0.12127492190147693,0.1917774169343141,ANN
S255,0.07450426104466498,0.3958598143913869,0.4415567037468447,0.0880792208171044,CNN-LSTM
S256,0.2965263621364162,0.4195644235505094,0.22303889198585258,0.06087032232722175,ANN
S257,0.2161746082518945,0.3126822435176524,0.1972655550246616,0.2738775932057885,ANN
S258,0.2375427093417701,0.191114711732816,0.24326457460119458,0.32807800432421724,GRU
S259,0.3492720699519874,0.24836002964053652,0.23330310002731297,0.16906480038016145,1D-CNN
S260,0.24757492050636445,0.30338333468469664,0.26318037141844675,0.18586137339049225,ANN
S261,0.27090451896734047,0.21832016290393771,0.28773204801309105,0.22304327011563171,CNN-LSTM
S262,0.2663766911304246,0.1473981660945825,0.462452182872012,0.12377295990298054,CNN-LSTM
S263,0.198266819518892,0.1572538095983677,0.5020997514198052,0.14237961946293853,CNN-LSTM
S264,0.14186971406341725,0.26470988801282375,0.27360655158994496,0.319813846333816,GRU
S265,0.2690361585109618,0.18497692588677708,0.20751490970923736,0.33847200589302145,GRU
S266,0.23719426192601148,0.29368176292307885,0.3647974409341606,0.10432653421675024,CNN-LSTM
S267,0.16319123430491803,0.3428445245778523,0.3575630015658121,0.13640123955141756,CNN-LSTM
S268,0.2691934575676586,0.20911116909754698,0.19742343592795,0.3242719374068483,GRU
S269,0.13478617544371965,0.28324409852533544,0.10931743791391242,0.472652288117029,GRU
S270,0.1662889222486066,0.17418234677422306,0.17178779051769164,0.48774094045947697,GRU
S271,0.11866963636617309,0.5722943365965939,0.1331040101214245,0.1759320169158059,ANN
S272,0.17868509135575697,0.15347087147973842,0.38372282372819877,0.2841212134363068,CNN-LSTM
S273,0.28716531263050704,0.20868560367895486,0.3892542495441926,0.11489483414634892,CNN-LSTM
S274,0.563173510270604,0.34963623300991487,0.05619929487567308,0.030990961843806727,1D-CNN
S275,0.22792467971437272,0.2899804868063261,0.2891468124992453,0.19294802098005598,ANN
S276,0.2072628607656035,0.24325973753311572,0.30435867911105324,0.24511872259022302,CNN-LSTM
S277,0.26525645468409925,0.2595682285524995,0.2154564019082346,0.2597189148551669,1D-CNN
S278,0.21303170523074846,0.22054752138318615,0.2322254142258109,0.3341953591602528,GRU
S279,0.3816429327072427,0.20137662409582,0.1327034162619046,0.2842770269350329,1D-CNN
S280,0.2406620694204202,0.0622195675965791,0.5944401263943334,0.10267823658866729,CNN-LSTM
S281,0.5822417622568602,0.2746820693695872,0.09229712702510387,0.05077904134844571,1D-CNN
S282,0.6144026000017063,0.19781072513535508,0.15398222007854392,0.03380445478439645,1D-CNN
S283,0.1738767325092667,0.3731043094333494,0.27856093998330966,0.17445801807407332,ANN
S284,0.22234350765902433,0.228787680576856,0.35406946594802485,0.1947993458160949,CNN-LSTM
S285,0.25389247260467873,0.2650405501017805,0.2955737324920005,0.1854932448015366,CNN-LSTM
S286,0.2954934072845222,0.2763785918642133,0.2227530570041477,0.20537494384711646,1D-CNN
S287,0.28968901003836983,0.28951971377607727,0.16902822908745282,0.2517630470980997,1D-CNN
S288,0.0949647392620877,0.09640703086814237,0.24719914669108967,0.5614290831786803,GRU
S289,0.09547154267233,0.21694299894494554,0.3232122049058269,0.36437325347689675,GRU
S290,0.4490528646681743,0.1752060464580889,0.18739598557052575,0.188345103303212,1D-CNN
S291,0.22958082823074422,0.5006780780153023,0.1950239295441497,0.07471716420980726,ANN
S292,0.1361330442755893,0.17795600633057654,0.5334317175369657,0.15247923185687254,CNN-LSTM
S293,0.22955135887092698,0.07670130579747451,0.20766601618516062,0.4860813191464379,GRU
S294,0.271115709503503,0.16842468920912082,0.433350058463024,0.12710954282435033,CNN-LSTM
S295,0.3425287455086273,0.23539765648025016,0.2415340150403282,0.18053958297079373,1D-CNN
S296,0.3183550645099916,0.30299087128102414,0.25995430734732955,0.11869975686165825,1D-CNN
S297,0.24774813434355814,0.4198543759176967,0.2097656932890999,0.12263179644964278,ANN
S298,0.1241116141873036,0.223267896246907,0.1019892249694137,0.5506312645963749,GRU
S299,0.23658814224976651,0.23139075524781866,0.2590645318062651,0.2729565706961489,GRU
S300,0.1376383595002203,0.31971716487209273,0.1687855470989335,0.3738589285287544,GRU
S301,0.05835765788150119,0.09281479361676519,0.7197241942624466,0.12910335423928668,CNN-LSTM
S302,0.2985448314016831,0.347261490145467,0.18265049810064868,0.1715431803521969,ANN
S303,0.8004679248073349,0.05927141470048967,0.06873800763838853,0.07152265285378702,1D-CNN
S304,0.35658550599382627,0.3495032868877122,0.14453124014062727,0.14937996697783348,1D-CNN
S305,0.13601860962914297,0.17224337214838428,0.520053623278666,0.17168439494380666,CNN-LSTM
S306,0.2690228002738339,0.2734005670827622,0.33550015086069085,0.12207648178271258,CNN-LSTM
S307,0.46643614811876855,0.2832761369656361,0.1617335271697729,0.08855418774582197,1D-CNN
S308,0.21972866531168245,0.502670277199294,0.16820862196204486,0.1093924355269754,ANN
S309,0.15699881613983396,0.2561856456998932,0.18696939589143982,0.3998461422688322,GRU
S310,0.06378057936137227,0.15193669989214253,0.22896790694747118,0.5553148137990132,GRU
S311,0.20712082129409487,0.17121762399472087,0.26733612296034004,0.3543254317508401,GRU
S312,0.11415200159519548,0.2576413277436758,0.1542556302487276,0.47395104041240144,GRU
S313,0.04499585803355288,0.14514850999840098,0.13787968786028526,0.6719759441077595,GRU
S314,0.2456324397424222,0.2482509749240067,0.1529211558708125,0.3531954294627575,GRU
S315,0.17826838025636807,0.37458184664327937,0.04739926947901878,0.39975050362133036,GRU
S316,0.2796924053675466,0.2519658408759819,0.22831330532094804,0.24002844843552287,1D-CNN
S317,0.15945867486106047,0.1522178891632718,0.04082992245672971,0.6474935135189381,GRU
S318,0.07856190879613366,0.6083034388152148,0.2583366503228929,0.0547980020657581,ANN
S319,0.3493206461996552,0.27766000588192813,0.2617929800330894,0.11122636788532672,1D-CNN
S320,0.2604483083598944,0.47719331737442205,0.19841816894042633,0.06394020532525627,ANN
S321,0.1421872963865544,0.22307150784252885,0.5557469002083867,0.07899429556253325,CNN-LSTM
S322,0.34277969021604177,0.08466628050952757,0.18918660170005389,0.38336742757437847,GRU
S323,0.30472076516716173,0.25069160679260566,0.3224479611312243,0.12213966690900924,CNN-LSTM
S324,0.12794119287620098,0.6052441424733835,0.08237103108219727,0.18444363356821825,ANN
S325,0.15009134099297514,0.10878785517488283,0.03916980253368543,0.7019510012984559,GRU
S326,0.11201521246795781,0.4622195423252848,0.09517164302046612,0.3305936021862947,ANN
S327,0.13572630885191894,0.07310087041923549,0.7098301567580421,0.08134266397080352,CNN-LSTM
S328,0.10723742049455827,0.33379556442620895,0.47178219720046377,0.08718481787876607,CNN-LSTM
S329,0.2818989286333821,0.18966148501370766,0.3455930900593727,0.18284649629353725,CNN-LSTM
S330,0.5592623146827208,0.10503435285055968,0.1576986209498743,0.17800471151684197,1D-CNN
S331,0.25384026345893035,0.19345717075222615,0.3532918864372732,0.19941067935156734,CNN-LSTM
S332,0.18791289699079539,0.30188547955851025,0.31062001392407773,0.1995816095266163,CNN-LSTM
S333,0.12380999402956055,0.699177097129261,0.05025646374029836,0.12675644510088302,ANN
S334,0.21035573162981147,0.2847596199616758,0.09286063158228028,0.41202401682623224,GRU
S335,0.28947119997586473,0.05066684537466706,0.5836904960399202,0.07617145860954806,CNN-LSTM
S336,0.08065084829691238,0.10092793337993777,0.10480850293548767,0.7136127153876609,GRU
S337,0.226619320207108,0.12073860892625496,0.25358972057483864,0.3990523502917975,GRU
S338,0.5499971875308126,0.2576220416988985,0.07461681044413257,0.11776396032615545,1D-CNN
S339,0.23276750608976657,0.13632643758513555,0.525454704719459,0.1054513516056364,CNN-LSTM
S340,0.17592723380943218,0.39159755475687785,0.20961584609856082,0.22285936533512973,ANN
S341,0.1075231618350794,0.09745037794325345,0.09179581315016519,0.7032306470715021,GRU
S342,0.22168860907370216,0.1971269605984914,0.2585849358127523,0.32259949451505415,GRU
S343,0.2415534761467867,0.33461914542295634,0.20638777178651968,0.21743960664373357,ANN
S344,0.17819193490670868,0.25100319168515584,0.49831675102493667,0.07248812238319752,CNN-LSTM
S345,0.1477050902966999,0.6855186588200657,0.09090794996769798,0.07586830091553581,ANN
S346,0.3857510131996369,0.16859905104086378,0.31597811783709345,0.12967181792240476,1D-CNN
S347,0.37331287353373677,0.18018803726724894,0.2727656298120155,0.17373345938699444,1D-CNN
S348,0.17727891268721443,0.376492881946271,0.2106877232811478,0.23554048208536746,ANN
S349,0.21335724214229887,0.2883046908468219,0.23405052412529695,0.26428754288558187,ANN
S350,0.17622347830774399,0.15085428420194436,0.5232964759461181,0.14962576154419116,CNN-LSTM
S351,0.27602617117599487,0.2341461128427611,0.4523911223260169,0.037436593655224254,CNN-LSTM
S352,0.21864614386433806,0.4027511732758852,0.2625283994839222,0.1160742833758546,ANN
S353,0.25308681513620396,0.2277644439126966,0.26098755732954615,0.25816118362155177,CNN-LSTM
S354,0.2690629762116691,0.19394444528672708,0.19755846006281128,0.3394341184387936,GRU
S355,0.17141487954623036,0.33595937605125786,0.2841933813185885,0.20843236308392366,ANN
S356,0.02297824544073913,0.9167587927916679,0.0047615468617411534,0.05550141490585171,ANN
S357,0.098402309924924,0.10141570883360354,0.10421948358736088,0.6959624976541116,GRU
S358,0.018936025299902993,0.6441220921420349,0.1253979407051011,0.21154394185296096,ANN
S359,0.4325501490494834,0.06529139937545611,0.4296329979016654,0.07252545367339466,1D-CNN
S360,0.14112336089394903,0.4061603617798594,0.2465711979597053,0.20614507936648474,ANN
S361,0.1624518217407166,0.29094487439933514,0.12037216299231907,0.4262311408676291,GRU
S362,0.04889752125337975,0.14690010453906105,0.0755215963257033,0.7286807778818524,GRU
S363,0.05726875506127706,0.07107618679083173,0.08296057557000894,0.7886944825778822,GRU
S364,0.25087537936773485,0.1822569278846378,0.25769360403906705,0.30917408870856383,GRU
S365,0.345804952947371,0.1305675135196852,0.36383032059804216,0.15979721293490184,CNN-LSTM
S366,0.2668779717949217,0.1160298571224117,0.48233029872007716,0.13476187236258938,CNN-LSTM
S367,0.16150735236214175,0.38457438946561806,0.259384427925887,0.19453383024634965,ANN
S368,0.31066446822457944,0.3021071877894534,0.208479603988752,0.17874873999721858,1D-CNN
S369,0.2382794941757199,0.3162211456024045,0.32767584602568994,0.11782351419618588,CNN-LSTM
S370,0.4093472051211755,0.3814688237712449,0.12259859420441092,0.08658537690317118,1D-CNN
S371,0.1868540030991554,0.0602124374174387,0.2711782001635625,0.48175535931984337,GRU
S372,0.12470437049287414,0.17984364499784847,0.1480460309651233,0.5474059535441572,GRU
S373,0.1152907441413478,0.06275544362645225,0.11732361595008328,0.7046301962821168,GRU
S374,0.14273772239280733,0.18891774125553693,0.1731986114730545,0.49514592487860304,GRU
S375,0.18304799917444908,0.3058204824469479,0.3579683070199156,0.15316321135868655,CNN-LSTM
S376,0.17093141934960085,0.10935706833292518,0.5622609465456604,0.15745056577181363,CNN-LSTM
S377,0.24395504946506802,0.34316112871592297,0.16712497791134012,0.24575884390766523,ANN
S378,0.27377315216473735,0.17767637757683652,0.18489376554267253,0.3636567047157548,GRU
S379,0.31138911227377924,0.19627779021147415,0.24335738484799865,0.24897571266674579,1D-CNN
S380,0.2602476773465949,0.2602965846145347,0.2598500440892908,0.21960569394958046,ANN
S381,0.10283389285806145,0.24130506315075348,0.1921162778960278,0.46374476609515486,GRU
S382,0.12367076819747412,0.09290631819850985,0.12621522182191436,0.6572076917821026,GRU
S383,0.20429974863082592,0.2647586403890412,0.14363112626254992,0.38731048471758056,GRU
S384,0.27512047232821835,0.18421132696908765,0.18491276469460025,0.35575543600809745,GRU
S385,0.2379735485965322,0.20701025709305693,0.29193772034932697,0.26307847396108186,CNN-LSTM
S386,0.13154069153871048,0.33866053593123097,0.19948619975618664,0.330312572773872,ANN
S387,0.1306796528479154,0.28650628832710934,0.19412505639593003,0.3886890024290454,GRU
S388,0.38725740337839676,0.23370693750918609,0.2933981827576091,0.0856374763548115,1D-CNN
S389,0.43968201635761484,0.2115941137541346,0.25831377643469255,0.0904100934535569,1D-CNN
S390,0.28030793740573157,0.19576569029585514,0.32124078501105313,0.20268558728736039,CNN-LSTM
S391,0.3329308925932738,0.25747933985746485,0.3227439252706252,0.08684584227863551,1D-CNN
S392,0.31214863358021644,0.2699222497987968,0.160047207390471,0.2578819092305197,1D-CNN
S393,0.19792524539344933,0.291444420899509,0.266478161233184,0.2441521724738575,ANN
S394,0.21927084347200046,0.2154668774244832,0.10608966372434657,0.45917261537916965,GRU
S395,0.13829723024210278,0.18404117271540132,0.12773751071096312,0.5499240863315324,GRU
S396,0.23158082589303408,0.2681877327659335,0.1752603901333041,0.32497105120772773,GRU
S397,0.15432495384984618,0.39896960150657834,0.14978201672731437,0.2969234279162558,ANN
S398,0.15167195449396376,0.4844720256180315,0.21929444246922625,0.14456157741877823,ANN
S399,0.0787187497088224,0.7590287026734982,0.12920831780026737,0.033044229817411785,ANN
S400,0.16064993509859785,0.13827631180983926,0.1021819352895754,0.5988918178019875,GRU
S401,0.2553105040939816,0.26868411390880864,0.2315655118106968,0.24443987018650937,ANN
S402,0.2739059062982459,0.2337930475462121,0.2556437884782709,0.2366572576772708,1D-CNN
S403,0.27824367029846997,0.23451266756269926,0.2210503125853807,0.2661933495534536,1D-CNN
S404,0.19067730040108136,0.2552860099268189,0.23066177214369893,0.32337491752839964,GRU
S405,0.07838787332767673,0.4028191509357039,0.17573442982030188,0.3430585459163215,ANN
S406,0.22160102063571502,0.28364684973342835,0.4588441278225865,0.03590800180826992,CNN-LSTM
S407,0.23869182019214003,0.2706200225504615,0.11755839748158921,0.37312975977580937,GRU
S408,0.1310339862248725,0.3349590825606138,0.21356007159548837,0.3204468596190249,ANN
S409,0.12047272632645853,0.19174928915254644,0.030709689946208974,0.6570682945747868,GRU
S410,0.14523730087511408,0.2883439731583474,0.18468504878563216,0.3817336771809058,GRU
S411,0.19159225221461207,0.24631846480680225,0.2771866696663918,0.2849026133121922,GRU
S412,0.2350588590142727,0.2536339403347063,0.25023319218320167,0.2610740084678201,GRU
S413,0.20727504931254281,0.24965449063428313,0.1772131340499143,0.36585732600326426,GRU
S414,0.12087677826000422,0.44378552904908297,0.2617134969177765,0.17362419577313462,ANN
S415,0.13271811360232835,0.16432799735586442,0.2716256705028441,0.43132821853896236,GRU
S416,0.1755407840757054,0.3897645322689488,0.34543466041215193,0.08926002324319378,ANN
S417,0.3402766036215089,0.1684961368001147,0.2207178716907177,0.2705093878876579,1D-CNN
S418,0.2788998376756354,0.19867053850378844,0.288432990288565,0.23399663353201008,CNN-LSTM
S419,0.3020447935323984,0.25574532783045806,0.2128048695215634,0.2294050091155802,1D-CNN
S420,0.15350990245314206,0.4400257348569608,0.15620545943161201,0.25025890325828076,ANN
S421,0.15900877939532373,0.369300842546562,0.17527611400858326,0.29641426404953053,ANN
S422,0.39369081843912374,0.16595470153814834,0.19336020918084337,0.24699427084188855,1D-CNN
S423,0.053296712454108615,0.7710050607049277,0.046087602475103025,0.12961062436586218,ANN
S424,0.2089550867792553,0.40539012352517767,0.17368444962989316,0.21197034006567006,ANN
S425,0.09194506535219493,0.4218525069285581,0.23035718044503375,0.2558452472742133,ANN
S426,0.09410315021839943,0.2174146365647355,0.5829909105610517,0.1054913026558152,CNN-LSTM
S427,0.5943647524490047,0.07608301334408145,0.2658226631844838,0.06372957102243311,1D-CNN
S428,0.38119519182754175,0.1783076484838242,0.2897428151632665,0.1507543445253676,1D-CNN
S429,0.29308727570624976,0.21967959190451894,0.2947954202719639,0.19243771211727198,CNN-LSTM
S430,0.34359735667254404,0.20193419015746897,0.15265997529152173,0.3018084778784651,1D-CNN
S431,0.23878471942667467,0.3572867386842272,0.3133104785552658,0.09061806333383116,ANN
S432,0.07274867195416926,0.7759789590146461,0.0805296748392207,0.07074269419196305,ANN
S433,0.1838823566177422,0.16983429881932807,0.518748945581142,0.1275343989817871,CNN-LSTM
S434,0.4317620065930427,0.09547987566088066,0.4138538553054731,0.058904262440602685,1D-CNN
S435,0.15084054736081698,0.1969139951298355,0.5908564671725702,0.061388990336774925,CNN-LSTM
S436,0.1712029604496686,0.23942304474179338,0.38128875823517316,0.20808523657336958,CNN-LSTM
S437,0.35413927426298986,0.17356054004931906,0.1828065590600958,0.2894936266275948,1D-CNN
S438,0.18159513170373237,0.12072240840506984,0.15556162683626915,0.542120833054932,GRU
S439,0.09758486192903142,0.30249654191093905,0.09967084010557536,0.5002477560544542,GRU
S440,0.31918992919301914,0.30756909219993145,0.21318794658991877,0.16005303201713164,1D-CNN
S441,0.12288148338769407,0.13926156434804624,0.536235398645221,0.2016215536190386,CNN-LSTM
S442,0.25026414836566324,0.2551209598751847,0.24662434258916816,0.24799054916998414,ANN
S443,0.3466247305862443,0.36077694101099655,0.07475141637348748,0.21784691202927078,ANN
S444,0.2875209277749528,0.2648020256682563,0.08975211958500647,0.35792492697178424,GRU
S445,0.23809053142979686,0.22785443693193524,0.27674007819043456,0.25731495344783006,CNN-LSTM
S446,0.21882320754466533,0.5580139737440819,0.11378138046500388,0.1093814382462524,ANN
S447,0.18155594259874383,0.2565047569652082,0.31148948831640083,0.25044981211964545,CNN-LSTM
S448,0.2057599893269166,0.2583259717634218,0.3233370766857647,0.21257696222390154,CNN-LSTM
S449,0.27324447616270603,0.2620697113862239,0.2035449396277202,0.261140872823355,1D-CNN
S450,0.26952472574058306,0.2135924814790245,0.32567694211795917,0.19120585066243034,CNN-LSTM
