Segment,1D-CNN,ANN,CNN-LSTM,GRU,Selected
S1,0.11058392105419457,0.022727389830334274,0.7934747582463849,0.07321393086908848,CNN-LSTM
S2,0.3063649237781965,0.2078491759788351,0.2034864709693092,0.28229942927364304,1D-CNN
S3,0.11468786125225092,0.38290641556370386,0.37466646358213407,0.12773925960189986,ANN
S4,0.22777703125764315,0.38703780743586547,0.18359059166453706,0.2015945696419579,ANN
S5,0.12428769018934936,0.43127648223209897,0.07145718566095774,0.37297864191759234,ANN
S6,0.054156978378735704,0.43435396396019704,0.09475332743800793,0.41673573022304955,ANN
S7,0.13105832866736264,0.07904363394844857,0.6871044116477293,0.10279362573644989,CNN-LSTM
S8,0.2201345900253968,0.36516764159126297,0.3027859186546292,0.11191184972870938,ANN
S9,0.2306993954966775,0.39769973579832363,0.08453047353408975,0.28707039517090793,ANN
S10,0.21954134873842562,0.2482973254322548,0.13324346125322623,0.39891786457609085,GRU
S11,0.25457351457918304,0.2481124861589943,0.1601567653537652,0.33715723390804125,GRU
S12,0.2298820905303073,0.19776050803533082,0.21084238434582858,0.3615150170885474,GRU
S13,0.14297089876087493,0.2522669732689212,0.1879168891984761,0.4168452387717271,GRU
S14,0.14227508691793428,0.3058619473444336,0.3749399391048717,0.17692302663276036,CNN-LSTM
S15,0.28078137187744745,0.4252405128498991,0.13181559927947858,0.1621625159931733,ANN
S16,0.1364245657196145,0.14828594860434385,0.14805813172088697,0.5672313539551483,GRU
S17,0.1282382182834649,0.3400974127488286,0.4842182006112297,0.04744616835647565,CNN-LSTM
S18,0.5462098891262723,0.18052779852216744,0.21325294828352753,0.06000936406802951,1D-CNN
S19,0.2544554274594326,0.27031464594856164,0.41059880729768905,0.0646311192943103,CNN-LSTM
S20,0.3941432307373098,0.34100600316576096,0.1595514674311315,0.10529929866579373,1D-CNN
S21,0.21073121733136152,0.3480808180448632,0.1971913881748651,0.24399657644890327,ANN
S22,0.24696019938239738,0.21396735301199243,0.1575530303728676,0.3815194172327577,GRU
S23,0.04174936772881777,0.17541285381479896,0.11833531661047206,0.6645024618459113,GRU
S24,0.0686122949403999,0.6781450775993619,0.15026216534631326,0.10298046211392063,ANN
S25,0.4456991745375577,0.15373278061320816,0.009676146666884091,0.39089189818234066,1D-CNN
S26,0.14784806249150306,0.5602594282676008,0.12511834560486332,0.16677416363603256,ANN
S27,0.26463928755350113,0.04367432555686805,0.6296442244666661,0.06204216242295695,CNN-LSTM
S28,0.32815065003883537,0.13833661207985246,0.19682115840070458,0.33669157948061085,GRU
S29,0.24859243204146775,0.1804330165479155,0.4630919094180073,0.107882641992613,CNN-LSTM
S30,0.43268665235483833,0.18136055367581727,0.3118381171081102,0.07411467686124316,1D-CNN
S31,0.1605728280618032,0.42953349016903175,0.364224154281553,0.04566952748760914,ANN
S32,0.1923481479002544,0.19549381812163305,0.32249165602872054,0.2896663779493848,CNN-LSTM
S33,0.3382646768796444,0.10788264556912802,0.19129949333979948,0.36255318421144117,GRU
S34,0.26544132345521404,0.17326482266356508,0.2401231522379489,0.3211707016432713,GRU
S35,0.2290974884393048,0.2942871494087199,0.1978077592772456,0.2788076028747256,ANN
S36,0.0736496801352067,0.7046447107597352,0.04403390388259342,0.17767170522245065,ANN
S37,0.08272143535521304,0.5678008742866947,0.11368015861201007,0.23579753174608212,ANN
S38,0.3625765392215159,0.34235247451427575,0.24811900193387496,0.04695198433033284,1D-CNN
S39,0.2362289672232585,0.24102480985931593,0.4557778003129125,0.06696842260450707,CNN-LSTM
S40,0.23273322133008562,0.266721891016007,0.2552125453070437,0.245332342346877,ANN
S41,0.2585154537596073,0.20350637532059396,0.30682000804985,0.23115816286994842,CNN-LSTM
S42,0.33285607761050956,0.23836417053768438,0.22409804251826257,0.20468170933353402,1D-CNN
S43,0.2911894542465243,0.2718865292978464,0.24231155159757267,0.19461246485804562,1D-CNN
S44,0.4403035337089526,0.14702519348785864,0.1029853569248096,0.30968591587835836,1D-CNN
S45,0.035302716879374904,0.03215056808893102,0.6294061161228904,0.30314059890880035,CNN-LSTM
S46,0.11176348271187558,0.8279657203139019,0.011685384788904959,0.04858541218532308,ANN
S47,0.08228021845533533,0.2648393379237195,0.18569713968202897,0.46718330393891033,GRU
S48,0.20605434103189443,0.0678906527098004,0.2615804164459851,0.46447458981231754,GRU
S49,0.031726244220561674,0.0559376569524907,0.8871185775103961,0.02521752131656187,CNN-LSTM
S50,0.6654749996571768,0.17191594813854444,0.12635141509863618,0.03625763710564128,1D-CNN
S51,0.07586422954480897,0.6275897552773623,0.24835605863417512,0.048189956543652254,ANN
S52,0.30682555240921977,0.3004876892672304,0.2836819955267841,0.10900476279676147,1D-CNN
S53,0.2438721749883039,0.3974006708949761,0.2544698435537695,0.10425731056295731,ANN
S54,0.7972854706216851,0.09724231571451925,0.05346731156932233,0.05200490209447154,1D-CNN
S55,0.20486292563272346,0.4074994911872008,0.039793169780194725,0.34784441339987926,ANN
S56,0.03858502538684126,0.05960252715386301,0.11852690133206913,0.7832855461272189,GRU
S57,0.15983016469854988,0.1619312194916617,0.0775895339281047,0.6006490818816832,GRU
S58,0.08642426463115511,0.48095930595605874,0.05022113292159932,0.3823952964911857,ANN
S59,0.10151764192306133,0.208521156244247,0.44757161143770735,0.2423895903949849,CNN-LSTM
S60,0.16329298347223237,0.25853258061015133,0.3901668046726725,0.1880076312449326,CNN-LSTM
S61,0.4391117761050586,0.3640801223076686,0.08056208804562039,0.11624601354164832,1D-CNN
S62,0.31320772549987363,0.3178101211864515,0.0319009945702408,0.3370811587434342,GRU
S63,0.21981174763351052,0.28197512857275114,0.08754450961123993,0.4106686141824927,GRU
S64,0.225083218994781,0.21842884820720568,0.1138551205345538,0.44263281226345935,GRU
S65,0.18138513627314376,0.0959269034670402,0.1949746523623342,0.5277133078974743,GRU
S66,0.2160148742909785,0.19194654542481582,0.3740549882271579,0.21798359205704507,CNN-LSTM
S67,0.4400128076831836,0.258578273754347,0.20781581412095199,0.0935931044415094,1D-CNN
S68,0.18817066218504702,0.3378652424679004,0.31227459310882255,0.16168950223823073,ANN
S69,0.18661775624342997,0.4180597290593116,0.2658674260304447,0.12945508866681188,ANN
S70,0.2756550465678583,0.4359461412926742,0.20063512876127723,0.0877636833781846,ANN
S71,0.32814602514921076,0.343576220204537,0.21267147349889187,0.11560628114735697,ANN
S72,0.05713839439058936,0.9345784787772138,0.0008762548884586259,0.007406871943742872,ANN
S73,0.034837411839730506,0.0822784196970728,0.047039526527012474,0.835844641936187,GRU
S74,0.1655288717755898,0.27386673571766906,0.22561175328796715,0.3349926392187711,GRU
S75,0.047946653164198105,0.1957054185601423,0.7070023381795977,0.04934559009607221,CNN-LSTM
S76,0.14771662938338118,0.36966448975966176,0.2650671964170611,0.21755168443988432,ANN
S77,0.3338461553934668,0.10953668305473106,0.1567943778970197,0.3998227836547717,GRU
S78,0.5198626522942325,0.20627587959115745,0.17089330634114167,0.10296816177346745,1D-CNN
S79,0.2782521451141788,0.17610861669639793,0.4541455215678168,0.09149371662160294,CNN-LSTM
S80,0.23879325193017228,0.34499753471508016,0.3181033875506133,0.09810582580413016,ANN
S81,0.32218177820859706,0.25657125304678724,0.1513862354660613,0.26986073327855076,1D-CNN
S82,0.08717997294628695,0.5431230774634503,0.09898603425210292,0.27071091533815894,ANN
S83,0.15551202277868534,0.18992187179230877,0.2800034373138531,0.37456266811515243,GRU
S84,0.04584950794983551,0.43850982982455855,0.08896143836081548,0.4266792238647948,ANN
S85,0.05361654906916113,0.02091246349304134,0.6432572478978653,0.28221373953993184,CNN-LSTM
S86,0.13780302419816542,0.1990741951741771,0.13620190008776895,0.5269208805398797,GRU
S87,0.28860495423058297,0.29326333865685184,0.14201349582418488,0.27611821128839853,ANN
S88,0.6017598909372973,0.0728978071466636,0.08958465240340117,0.2357576495126378,1D-CNN
S89,0.697646641210855,0.049917635256789536,0.16853057811950953,0.08390514541284518,1D-CNN
S90,0.29098672318181185,0.2095587149302694,0.35800864976208596,0.1414459121258297,CNN-LSTM
S91,0.06995286233155121,0.6009180570086158,0.2891670403090755,0.03996204035075519,ANN
S92,0.24991640941977708,0.48489017051526756,0.16421893020988274,0.10097448985507593,ANN
S93,0.2217281726011197,0.3599229027409931,0.25313222853784123,0.16521669612003811,ANN
S94,0.2890031087770048,0.3776328728976449,0.13198271809484372,0.20138130023050213,ANN
S95,0.0502340515239796,0.03362682596033047,0.13523029446120388,0.7809088280544845,GRU
S96,0.01527397061311797,0.02179265643444379,0.4959243585549913,0.46700901439744696,CNN-LSTM
S97,0.182067279485852,0.1405488730793825,0.41163094231816,0.2657529051166132,CNN-LSTM
S98,0.2734798755495861,0.48643457869583206,0.13284043884573282,0.10724510690883715,ANN
S99,0.2421686295789372,0.708719467581578,0.008347983476446072,0.040763919363038754,ANN
S100,0.6623051513755767,0.03217918448407922,0.08487715177231618,0.22063851236801596,1D-CNN
S101,0.15006884423193376,0.09724022387909641,0.08634871403033242,0.6663422178586352,GRU
S102,0.2450228381313447,0.3620075239399792,0.18843262298637625,0.2045370149422953,ANN
S103,0.20508018723749633,0.24316163902272334,0.24073502054246665,0.31102315319731355,GRU
S104,0.009352578833301501,0.016870202555757226,0.13120997251131308,0.8425672460996277,GRU
S105,0.03431378209284673,0.03863598380314496,0.265175502103391,0.6618747320006115,GRU
S106,0.01779908244226875,0.0038958900880501084,0.1447819824572622,0.8335230450124141,GRU
S107,0.003678145788075714,0.01305912681176828,0.05121073556556704,0.9320519918345864,GRU
S108,0.03510237319458542,0.06379205186512846,0.3103565736281093,0.5907490013121748,GRU
S109,0.5115808574703067,0.09092364626925355,0.06928629990596742,0.3282091963544693,1D-CNN
S110,0.18768705863413032,0.4317425492741205,0.22712945503808468,0.15344093705364834,ANN
S111,0.19384473501269206,0.26037148655973846,0.07845298369682764,0.46733079473074496,GRU
S112,0.0770561227566354,0.2165811547339867,0.050626927591664574,0.6557357949177138,GRU
S113,0.19896359880248882,0.2277799884650094,0.08184829772394939,0.4914081150085459,GRU
S114,0.17689349572859892,0.1634844287125295,0.1378762511513807,0.5217458244074852,GRU
S115,0.13497738473208112,0.4610863668866244,0.1401124693566339,0.2638237790246515,ANN
S116,0.11114231525564716,0.5112755173715041,0.13537857131896502,0.24220359605387978,ANN
S117,0.1412579181622734,0.3461452008731005,0.3395038460049072,0.17309303495971795,ANN
S118,0.7129964657405216,0.07388201748980103,0.1370395719502997,0.07608194481937691,1D-CNN
S119,0.10610702521349985,0.17014681734595088,0.69902047745411,0.024725679986428436,CNN-LSTM
S120,0.260514804434384,0.18983583876331248,0.3356255155795196,0.21402384122278575,CNN-LSTM
S121,0.5537491538017008,0.17967412927089788,0.18456984329341963,0.08200687363398154,1D-CNN
S122,0.4216188442710501,0.17194526183505837,0.33582759013044816,0.07060830376344027,1D-CNN
S123,0.2432436788333984,0.4418738182594451,0.28448570133257184,0.03039680157458496,ANN
S124,0.25407511571017904,0.23518810016718933,0.19583976773345677,0.3148970163891759,GRU
S125,0.18567520667109022,0.16008812298792155,0.05711541474704917,0.5971212555939168,GRU
S126,0.32690675643227723,0.23276308778812618,0.09017826268289028,0.3501518930967054,GRU
S127,0.1914160837423363,0.362921305483462,0.15903668088612102,0.28662592988807434,ANN
S128,0.1487119839750645,0.39958041451608567,0.283645211060338,0.16806239044851876,ANN
S129,0.23498146038680334,0.2263248934618399,0.32952461392951643,0.20916903222184483,CNN-LSTM
S130,0.7866710543458262,0.10656414012994127,0.08209745876260743,0.024667346761621984,1D-CNN
S131,0.7150729509948143,0.058531922633149026,0.1388651335897004,0.08752999278235264,1D-CNN
S132,0.08407337235393492,0.44892909495415934,0.38930966720687094,0.07768786548503781,ANN
S133,0.27827686590513956,0.33218725586680814,0.25345883662933644,0.13607704159871503,ANN
S134,0.4578134776443662,0.28806876416155575,0.14956151217316818,0.1045562460209061,1D-CNN
S135,0.20014688334610883,0.28053506229459857,0.18997282651655176,0.3293452278427373,GRU
S136,0.339793716633988,0.16658394914447758,0.3454725952416173,0.14814973897992997,CNN-LSTM
S137,0.047621945151131356,0.07762813232347564,0.12491666592410487,0.7498332566012778,GRU
S138,0.11959719141646875,0.5332779509140142,0.05019615637767526,0.29692870129183996,ANN
S139,0.1632241217600659,0.1797486417023757,0.09117404688279974,0.5658531896547713,GRU
S140,0.15748795932875675,0.11260706314933423,0.17129709519387282,0.5586078823280256,GRU
S141,0.16303153838113188,0.4969880857720279,0.17124767498503218,0.16873270086180892,ANN
S142,0.2904695205147454,0.20662672702324195,0.30974029610083587,0.1931634563611695,CNN-LSTM
S143,0.15239834297190438,0.5139340868946819,0.19039987930308408,0.14326769083032942,ANN
S144,0.46394485669552127,0.10904062294997668,0.0790406383191938,0.34797388203530794,1D-CNN
S145,0.373252086309809,0.2461016699517269,0.29510519385327466,0.08554104988519258,1D-CNN
S146,0.19135010268992553,0.38865231759474816,0.3603424532524734,0.059655126462855645,ANN
S147,0.43599920918475943,0.012451672511290092,0.44467273607434127,0.10687638222960706,CNN-LSTM
S148,0.20598613260349513,0.20055534956851906,0.4746304071438828,0.1188281106841015,CNN-LSTM
S149,0.049385614053162157,0.07839949802395277,0.05152372960394903,0.8206911583189354,GRU
S150,0.11251351943375643,0.14235553333649872,0.11975681105203181,0.6253741361777121,GRU
S151,0.21176499937700408,0.16151960131533702,0.12612631166230015,0.5005890876453447,GRU
S152,0.07797724683045269,0.658825311261039,0.17473930049836267,0.08845814141014716,ANN
S153,0.16402335120755804,0.26402433116581747,0.4708904117167169,0.10106190590992332,CNN-LSTM
S154,0.11227663151210167,0.10856745160239197,0.733424319418988,0.045731597466517115,CNN-LSTM
S155,0.2586577634244353,0.13175803588881732,0.28615966348592287,0.32342453720082254,GRU
S156,0.25146560646219934,0.13627634854435708,0.42987510675341395,0.18238293824002852,CNN-LSTM
S157,0.31205377497736425,0.1857627816929431,0.3175274536382974,0.1846559896913937,CNN-LSTM
S158,0.176397308263589,0.5048680947610794,0.10964067835242498,0.20909391862290402,ANN
S159,0.07257613375515212,0.622403963941057,0.1542850683625481,0.15073483394122625,ANN
S160,0.0570255253283663,0.09077666821232672,0.7721574623203605,0.08004034413895747,CNN-LSTM
S161,0.24414897359159843,0.3061856219732967,0.2727728620371791,0.17689254239791966,ANN
S162,0.569145813378767,0.14604472634127666,0.16901066414474297,0.11579879613522849,1D-CNN
S163,0.41035037664672486,0.10351988193899087,0.22156692062639644,0.26456282078787186,1D-CNN
S164,0.18903422629983743,0.23617121595412352,0.4706094993518243,0.10418505839421341,CNN-LSTM
S165,0.01834655896451248,0.961917086551657,0.009953097469134729,0.009783257014696439,ANN
S166,0.21482665555010064,0.14129038119660028,0.1521547044922036,0.4917282587610957,GRU
S167,0.3159274835736396,0.13630460625072666,0.37326373556333675,0.17450417461229698,CNN-LSTM
S168,0.44225110035783255,0.15116035431892766,0.3391080929314586,0.06748045239177938,1D-CNN
S169,0.22417216246119726,0.10014000083736697,0.6367018820658511,0.03898595463559573,CNN-LSTM
S170,0.42201416736561254,0.24980241041578705,0.22330690929198466,0.10487651292661453,1D-CNN
S171,0.7801969688303052,0.07562659556929752,0.11075719636762568,0.03341923923277942,1D-CNN
S172,0.02816851606168787,0.053109340368449505,0.1610075782575309,0.7577145653123356,GRU
S173,0.01624849099597002,0.7362766349737714,0.037405491929007786,0.21006938210126008,ANN
S174,0.044722271446379976,0.1539268986224348,0.0074309039947524115,0.7939199259364439,GRU
S175,0.04234484911279851,0.5894905740244245,0.09039585400136328,0.2777687228614148,ANN
S176,0.03246200731922643,0.6042647969508229,0.15550833523969165,0.2077648604902623,ANN
S177,0.06118572664218257,0.08341782062843338,0.7070997503595122,0.14829670236987222,CNN-LSTM
S178,0.20310141892823658,0.40919477347431377,0.07958231686900147,0.30812149072844897,ANN
S179,0.6630867805136715,0.08535812568386761,0.0830825381794586,0.16847255562299493,1D-CNN
S180,0.3165140070662583,0.1324085436976468,0.051646449705657495,0.49943099953042663,GRU
S181,0.18792207023455595,0.17780519672486725,0.35460648259118926,0.2796662504493735,CNN-LSTM
S182,0.09468566840373216,0.052241645921185284,0.10923870664459798,0.7438339790304827,GRU
S183,0.03981236251472038,0.02715238597297152,0.055784426057020775,0.8772508254552821,GRU
S184,0.15197659876986022,0.11454150853891769,0.16042137767533432,0.5730605150158846,GRU
S185,0.20707428649223475,0.032318673053754556,0.10265225109995395,0.6579547893540545,GRU
S186,0.16701461873441953,0.12682053299035312,0.42660081578866726,0.2795640324865581,CNN-LSTM
S187,0.1936211072454844,0.3134026017209738,0.3665927658601019,0.1263835251734267,CNN-LSTM
S188,0.3199087551388103,0.2179862377075557,0.3667018660425821,0.09540314111104987,CNN-LSTM
S189,0.1723511521139579,0.10210918323651756,0.6600600930202373,0.0654795716292857,CNN-LSTM
S190,0.2108578136123822,0.3059216348909765,0.30208540492889396,0.18113514656774704,ANN
S191,0.35642259003507554,0.1784038532208709,0.23256408831531422,0.23260946842874625,1D-CNN
S192,0.15320820983603786,0.41884132906333615,0.12547801090047225,0.3024724502001487,ANN
S193,0.03162012644478125,0.38358492608628,0.11056343751770334,0.47423150995122293,GRU
S194,0.050214351843587114,0.14835276978930495,0.05571939995931597,0.7457134784077921,GRU
S195,0.2558674155723709,0.4336129164225231,0.12148307523225804,0.18903659277284807,ANN
S196,0.17069732514004324,0.5174043954701748,0.05129872754481266,0.26059955184498107,ANN
S197,0.11562217966491573,0.5221082903280576,0.14526752635173876,0.21700200365527453,ANN
S198,0.157784372197961,0.1271839912927009,0.06896288239343003,0.6460687541159041,GRU
S199,0.19690637869400002,0.16661230940568125,0.18545702940878134,0.4510242824915644,GRU
S200,0.27712545994424637,0.2393312651518869,0.17216447237340027,0.3113788025304807,GRU
S201,0.24528896858017163,0.16758735701732913,0.17896585683603963,0.4081578175664778,GRU
S202,0.18509413340059871,0.2937064606994237,0.26011379213190094,0.2610856137680909,ANN
S203,0.127883380612966,0.1598257721744169,0.5556245349044735,0.1566663123081409,CNN-LSTM
S204,0.11973021614769193,0.3091029292984766,0.1102673319151465,0.46089952263867195,GRU
S205,0.3122103594186052,0.23385122137701897,0.15952839419357934,0.29441002501080016,1D-CNN
S206,0.3041320430018312,0.26080003178610733,0.217082459110929,0.2179854661011254,1D-CNN
S207,0.2601325948181663,0.3603732756490899,0.22482729774642335,0.15466683178631616,ANN
S208,0.043869619777659075,0.6550317059852899,0.10005804783101362,0.20104062640602136,ANN
S209,0.13252255969044052,0.12951281598339034,0.33942821638850873,0.3985364079376647,GRU
S210,0.3355563819429498,0.4929123071343642,0.04555328825406291,0.1259780226686116,ANN
S211,0.30184689704480117,0.05842485660971799,0.5743847330433469,0.06534351330212633,CNN-LSTM
S212,0.08383818244947538,0.6068821659064146,0.2918007802636149,0.017478871380493418,ANN
S213,0.06467093160724591,0.03740218977187517,0.08258858351548556,0.8153382951053959,GRU
S214,0.16181454785959964,0.14064817141309505,0.1669247531285876,0.5306125275987145,GRU
S215,0.24317142165338873,0.2502265553667536,0.1377131814319101,0.3688888415479493,GRU
S216,0.15828039819196385,0.3252720890610322,0.14105906347260405,0.37538844927439985,GRU
S217,0.1294824735705057,0.5210069831871078,0.09750363577037016,0.25200690747200233,ANN
S218,0.137896251835734,0.20685310559800982,0.36966557465641836,0.2855850679098169,CNN-LSTM
S219,0.06293175319652058,0.23283678870916671,0.033059880681641333,0.6711715774126709,GRU
S220,0.1455813861495028,0.1671969279895417,0.044303953102093334,0.6429177327588652,GRU
S221,0.23765929894250634,0.14164563534980915,0.03458344443745208,0.5861116212702324,GRU
S222,0.08592427163271862,0.6963487985269398,0.09147221453069851,0.12625471530964286,ANN
S223,0.042706946755732514,0.05971214934425065,0.0351318922502223,0.8624490116497946,GRU
S224,0.08136857223913573,0.12796021713817304,0.11882495140760622,0.6718462592150847,GRU
S225,0.20613726224031326,0.2547969434625919,0.08421459330491617,0.4548512009921741,GRU
S226,0.16709371456211733,0.1037183729678348,0.08213307098330722,0.6470548414867385,GRU
S227,0.126929622641599,0.34500330399818396,0.1287899645979114,0.3992771087623056,GRU
S228,0.1589530579153991,0.17999632975064117,0.11591553539338005,0.5451350769405783,GRU
S229,0.13519457837510246,0.47872052973040247,0.2805904760842167,0.10549441581027763,ANN
S230,0.1741029440493032,0.28252870273390646,0.18754067510737676,0.35582767810942684,GRU
S231,0.21835870430990237,0.16956314615167445,0.25900871951649596,0.3530694300219399,GRU
S232,0.3768679335623349,0.14392864859327917,0.3380114394210441,0.14119197842335734,1D-CNN
S233,0.3380653995983342,0.22033322106535635,0.2653422907454421,0.1762590885908706,1D-CNN
S234,0.2492424671553481,0.27753913424859167,0.24351169133025094,0.2297067072658148,ANN
S235,0.1709621714709366,0.24191943577835978,0.12554886678031169,0.46156952597038947,GRU
S236,0.11307207867478229,0.39494676312153737,0.1433002172436868,0.3486809409599898,ANN
S237,0.27116951546463347,0.35744571222139054,0.15694586163840452,0.21443891067556467,ANN
S238,0.356134238206067,0.21394602741137564,0.15163717416417097,0.2782825602183901,1D-CNN
S239,0.08287159418727377,0.49358295417722187,0.13100012346109788,0.2925453281744032,ANN
S240,0.6391583115682615,0.09549450151900368,0.015802493244001892,0.24954469366873572,1D-CNN
S241,0.30013305386567024,0.35805609904647434,0.11946311064111184,0.22234773644673964,ANN
S242,0.31104131409338404,0.2958285547805848,0.3282315521613513,0.06489857896468,CNN-LSTM
S243,0.6168731785194238,0.2139431093408639,0.11009860110817,0.05908511103152821,1D-CNN
S244,0.19825776016299013,0.2687679365073424,0.44217577829424093,0.0907985250354248,CNN-LSTM
S245,0.3350517835615686,0.20238259826233815,0.22385772244739593,0.23870789572871512,1D-CNN
S246,0.20939450760759115,0.33843214157536694,0.24136840757365832,0.21080494324337748,ANN
S247,0.2853161892758884,0.2449916567350865,0.23455436166184188,0.23513779232718607,1D-CNN
S248,0.1193715115125162,0.5818304405267853,0.15232305361863743,0.14647499434204883,ANN
S249,0.08336566013210568,0.3325611089284432,0.4435157166960252,0.14055751424341995,CNN-LSTM
S250,0.2065751078320976,0.290058479694241,0.2491692219266437,0.2541971905470178,ANN
S251,0.5844370276518855,0.28513636684605875,0.047464778496251595,0.0829618270057959,1D-CNN
S252,0.37976534924282246,0.11622305302815523,0.22072364587397578,0.2832879518550465,1D-CNN
S253,0.16990820277362575,0.25309955835006887,0.44161490093088607,0.13537733794541545,CNN-LSTM
S254,0.1797684211378282,0.5121710652645354,0.10166743455347996,0.2063930790441619,ANN
S255,0.04917528629920755,0.359383465846912,0.5161213362988988,0.07531991155498476,CNN-LSTM
S256,0.3256189288664355,0.40430537021447205,0.221700251256869,0.04837544966222348,ANN
S257,0.21105927776203096,0.3253631819785504,0.18968437505468608,0.2738931652047201,ANN
S258,0.2568640792037826,0.16259334136848214,0.2626824220145264,0.317860157413201,GRU
S259,0.35741800434114357,0.27148917641084075,0.24866491037323474,0.12242790887477369,1D-CNN
S260,0.25418477567148906,0.3606089098655251,0.25774754180165005,0.12745877266133565,ANN
S261,0.2759987128361197,0.1346881874117918,0.3382778537752336,0.2510352459768592,CNN-LSTM
S262,0.253017858316929,0.12333137029651069,0.5259385667255013,0.09771220466105733,CNN-LSTM
S263,0.10889278218967074,0.0639919072267143,0.7182745096548677,0.10884080092875838,CNN-LSTM
S264,0.09482132665784611,0.2641096095552607,0.35055489073021096,0.29051417305669014,CNN-LSTM
S265,0.3014633248131263,0.1494864716572841,0.2058498663706174,0.3432003371589636,GRU
S266,0.21663450423134012,0.2772409353010296,0.42649152567627097,0.07963303479136273,CNN-LSTM
S267,0.13123380969968074,0.3857524209609615,0.3800512525342602,0.10296251680509758,ANN
S268,0.2619616538679648,0.1599490509132238,0.21409515874613008,0.3639941364726963,GRU
S269,0.11905877861645946,0.28231962521871584,0.0876785300756994,0.5109430660891126,GRU
S270,0.1461762465592781,0.1563623427652558,0.15764488043064676,0.5398165302448128,GRU
S271,0.09675583711487624,0.6120212282826771,0.1192932897724153,0.1719296448300217,ANN
S272,0.11332305026845771,0.07141789507399769,0.46259934095537564,0.3526597137021722,CNN-LSTM
S273,0.2887100280475355,0.19958181051258778,0.41045318936817127,0.1012549720717186,CNN-LSTM
S274,0.5873588925241423,0.3302846595758368,0.054742092691105235,0.027614355208911475,1D-CNN
S275,0.23277766274204975,0.264832408502118,0.3364939764029958,0.1658959523528364,CNN-LSTM
S276,0.17937449449589038,0.2626937736248581,0.348466214390934,0.20946551748829947,CNN-LSTM
S277,0.2699049865601062,0.2876868932451163,0.20170642178236609,0.24070169841241335,ANN
S278,0.20602633260444056,0.2229075936779748,0.22666884982396765,0.34439722389360994,GRU
S279,0.2504849491106345,0.0740868579683178,0.2341756834611684,0.4412525094598803,GRU
S280,0.1827522370247664,0.0445420291028004,0.6717671087609959,0.10093862511143688,CNN-LSTM
S281,0.6940426850511151,0.24959627649002364,0.0338068649671096,0.022554173491742678,1D-CNN
S282,0.7099464205768377,0.16349605298573722,0.10127418659584017,0.025283339841590927,1D-CNN
S283,0.1913556510340243,0.3894052024075904,0.28397122921534174,0.13526791734304017,ANN
S284,0.20960374183289796,0.23745771027358173,0.4193301022216624,0.13360844567185895,CNN-LSTM
S285,0.2651751396426033,0.2955657863884014,0.3124023359500051,0.12685673801897576,CNN-LSTM
S286,0.3452998439167533,0.3116051439251548,0.18899788762597639,0.15409712453211355,1D-CNN
S287,0.3075644127029944,0.2995323842715695,0.14463210441536248,0.24827109861007196,1D-CNN
S288,0.03392104064329197,0.034636102893012784,0.2771166524033233,0.6543262040603719,GRU
S289,0.04296978482775666,0.12763630840699902,0.40362672895451307,0.42576717781072854,GRU
S290,0.3703732450155726,0.15088496903840815,0.21171827332532983,0.26702351262069335,1D-CNN
S291,0.22070776018798413,0.5989006346450348,0.11841873569428181,0.06197286947271196,ANN
S292,0.070823879304469,0.09939434940624638,0.7548515697287966,0.07493020156050051,CNN-LSTM
S293,0.235418526884802,0.040880357618815914,0.20005749070271736,0.5236436247936646,GRU
S294,0.267540429891721,0.1312675015711065,0.5158259823364105,0.08536608620075531,CNN-LSTM
S295,0.34224856927431424,0.22562543012554734,0.28904286149581054,0.14308313910432582,1D-CNN
S296,0.3293165367496674,0.3701343836752675,0.22200279534922523,0.07854628422585302,ANN
S297,0.2732935730650626,0.46271099842098806,0.1777632671113635,0.08623216140257721,ANN
S298,0.11414138473046388,0.23427537836115236,0.09453840681528877,0.5570448300930919,GRU
S299,0.23249482688792295,0.2178887166702529,0.2736661290345958,0.2759503274072255,GRU
S300,0.14028820923773944,0.18272120641611936,0.19680691177435086,0.48018367257179384,GRU
S301,0.034046972163364594,0.06288008924650819,0.775163167146011,0.1279097714441156,CNN-LSTM
S302,0.36388668105425526,0.36949645400373643,0.131019614183037,0.1355972507589549,ANN
S303,0.8621807635790116,0.037299565178985895,0.04661988471620288,0.0538997865257996,1D-CNN
S304,0.43473835393211857,0.33453854078963613,0.10512330874491542,0.1255997965333275,1D-CNN
S305,0.04800549066963604,0.1009280757304255,0.7726661048192439,0.07840032878069457,CNN-LSTM
S306,0.2617296253212923,0.34601617944435936,0.3300313443162399,0.06222285091810679,ANN
S307,0.5503539126030828,0.30058305982807015,0.11157093092183763,0.03749209664700782,1D-CNN
S308,0.20090692368614826,0.6320018033816689,0.11620132815731296,0.05088994477485891,ANN
S309,0.14603475853969053,0.2416603866899715,0.18440663376904431,0.427898221001291,GRU
S310,0.02194005890187349,0.09672367316451679,0.20420448698097413,0.6771317809526328,GRU
S311,0.19080507921837944,0.13592737916920475,0.3006687587545662,0.37259878285783316,GRU
S312,0.08591411981228675,0.13170845304168735,0.1410398956791142,0.6413375314669126,GRU
S313,0.011524159310684954,0.037614299548053766,0.10360739375367921,0.8472541473875779,GRU
S314,0.2471234096256271,0.25002666023421094,0.08777006951634196,0.4150798606238162,GRU
S315,0.1415297016388397,0.5328869124209753,0.011992086286782491,0.3135912996533915,ANN
S316,0.2640569570721959,0.30446921948482636,0.12744104832546646,0.3040327751175092,ANN
S317,0.10293175378912255,0.0752961382499126,0.014241515627453573,0.8075305923335114,GRU
S318,0.04385551633695407,0.7833022503271416,0.14147673337472833,0.0313654999611739,ANN
S319,0.3800536275893305,0.27525124432731224,0.28066940639932425,0.06402572168403106,1D-CNN
S320,0.257127363509856,0.5370012496706942,0.17636078948215395,0.029510597337292794,ANN
S321,0.12440011719083202,0.18020211546810508,0.6518914551987294,0.043506312142344204,CNN-LSTM
S322,0.38310607104352945,0.10495492941767094,0.21419750984769073,0.29774148969111647,1D-CNN
S323,0.3615383726411909,0.2133190078691009,0.34758487044620384,0.07755774904350779,1D-CNN
S324,0.0730268587323962,0.8194538686304286,0.0381532082466991,0.06936606439047609,ANN
S325,0.11484921053702304,0.08536393273946322,0.02936798937067097,0.7704188673528402,GRU
S326,0.10049887158277913,0.47802687260596993,0.07721147631568143,0.34426277949558215,ANN
S327,0.11873976607027036,0.053001368957619775,0.7514581134205877,0.07680075155152241,CNN-LSTM
S328,0.0992540908398903,0.35514241313689077,0.4676010356234603,0.07800246039974629,CNN-LSTM
S329,0.29435329990592085,0.17506088972080644,0.3543877461294855,0.17619806424378637,CNN-LSTM
S330,0.587401146210127,0.09312715470749883,0.14686887689162462,0.1726028221907373,1D-CNN
S331,0.20432308832822968,0.13281036792647963,0.5127813384135583,0.1500852053317219,CNN-LSTM
S332,0.13002305183282803,0.3386444414593141,0.3798567118090601,0.151475794898797,CNN-LSTM
S333,0.09108237009399844,0.8393259742385326,0.018600777028880564,0.050990878638595985,ANN
S334,0.14363363009926758,0.18908852625444408,0.08496065670032343,0.5823171869459645,GRU
S335,0.32322754569373624,0.024552771720423326,0.5990565344834161,0.053163148102424215,CNN-LSTM
S336,0.05355509576495826,0.06854142887344665,0.07191016685503794,0.8059933085065537,GRU
S337,0.22435426490288535,0.049246870308535175,0.23153407576674578,0.4948647890218297,GRU
S338,0.46364283691791813,0.2999453845623723,0.06373894584610437,0.17267283267360184,1D-CNN
S339,0.21424927538449126,0.11856051196750193,0.5848390596730647,0.08235115297493303,CNN-LSTM
S340,0.16862421824849777,0.4076342669254031,0.219194818827258,0.20454669599884379,ANN
S341,0.06995515811605804,0.050490460287720015,0.06354234487979749,0.8160120367164242,GRU
S342,0.21664220570732023,0.17932313973927821,0.22244848172124346,0.3815861728321583,GRU
S343,0.24080798111212354,0.34511197597433296,0.18339892976626634,0.23068111314726253,ANN
S344,0.15780637953620608,0.23131413515915156,0.5493869004572824,0.061492584847355126,CNN-LSTM
S345,0.15001905905211615,0.685614327321103,0.0890885557177601,0.07527805790901834,ANN
S346,0.4097065256396631,0.1572442921593925,0.31725022502326244,0.11579895717767785,1D-CNN
S347,0.3858000637732724,0.13590417465944818,0.35380332014472654,0.12449244142253686,1D-CNN
S348,0.13829983365616122,0.46572270682094424,0.20125509704472772,0.1947223624781694,ANN
S349,0.21575896146201365,0.3060154034342204,0.2245814579756072,0.25364417712815734,ANN
S350,0.1573138277234805,0.12744745156342038,0.5735753799129022,0.14166334080018825,CNN-LSTM
S351,0.27665402501535874,0.2162083642105897,0.4746463742193291,0.03249123655471144,CNN-LSTM
S352,0.19303469702523685,0.44058908322858936,0.26391449877775264,0.10246172096842103,ANN
S353,0.27662027917085535,0.2079851728176499,0.26559959647617976,0.2497949515353093,1D-CNN
S354,0.2500815932388435,0.14766314094353838,0.2706010136631283,0.3316542521544933,GRU
S355,0.11418206625726993,0.3965817302216172,0.3138524520910999,0.17538375143001458,ANN
S356,0.006822512601761459,0.9832664057119763,0.0006305072627811448,0.009280574423480983,ANN
S357,0.03211385282612125,0.02820655258586008,0.057983938692176655,0.881695655895842,GRU
S358,0.014537432742299896,0.6425239789058509,0.12864104357045913,0.21429754478138946,ANN
S359,0.46424556615403195,0.03533429044493045,0.44036960072180453,0.060050542679231274,1D-CNN
S360,0.05631889831354842,0.6300133041744934,0.1425975544127908,0.17107024309916255,ANN
S361,0.17673468468829373,0.3377743512292295,0.06465730563144156,0.4208336584510344,GRU
S362,0.029876314980969883,0.10709221856232372,0.04945890155815073,0.8135725648985448,GRU
S363,0.031142883511125763,0.0468303833122406,0.05598586648162103,0.8660408666950126,GRU
S364,0.23094755509206083,0.14561449530072826,0.23286984130719635,0.39056810830002836,GRU
S365,0.36489992729587395,0.09724144877058477,0.3634353495385449,0.17442327439499788,1D-CNN
S366,0.24078592098500196,0.11233805573858117,0.49444922135296093,0.1524268019234557,CNN-LSTM
S367,0.15031834683979062,0.44755025821536243,0.2167252236600799,0.18540617128475315,ANN
S368,0.3431671289493555,0.33029254945814523,0.20774338389471153,0.11879693769780114,1D-CNN
S369,0.20963120751345904,0.351414934115269,0.37560991260469784,0.06334394576657502,CNN-LSTM
S370,0.5504684295098059,0.33759721263377634,0.07208227944542585,0.03985207841100042,1D-CNN
S371,0.09030262842836587,0.01604755900616923,0.29799856173659334,0.5956512508288717,GRU
S372,0.08327550309774513,0.15419847805756268,0.13022586124251356,0.6323001576021896,GRU
S373,0.08111637411467658,0.026127909653761563,0.08021097369987375,0.8125447425316882,GRU
S374,0.0998143471013045,0.1704374680320508,0.13442873067443972,0.5953194541922112,GRU
S375,0.17231749313116873,0.2887620697586741,0.38074492943685945,0.15817550767329447,CNN-LSTM
S376,0.10769791878477916,0.05940820255189889,0.6514521246583619,0.1814417540049601,CNN-LSTM
S377,0.23226106575467356,0.37232802979667357,0.1283500329220819,0.26706087152655633,ANN
S378,0.2846558343905326,0.16829668249816038,0.15462048156051186,0.39242700155079974,GRU
S379,0.33613269274800367,0.16798467265329795,0.26741721787205347,0.22846541672663614,1D-CNN
S380,0.2704523703103019,0.2424170753722942,0.3005249618881792,0.18660559242922814,CNN-LSTM
S381,0.060343334228207854,0.07366876924809158,0.18292260707425145,0.6830652894494417,GRU
S382,0.07682198529092643,0.04766581180197259,0.09603965572947362,0.77947254717763,GRU
S383,0.17475746704215,0.2749544285028732,0.07936020963914538,0.47092789481582253,GRU
S384,0.28926141235953345,0.11606133710726324,0.12289084064805132,0.4717864098851658,GRU
S385,0.17370281915903976,0.16097631542430085,0.2631779278128328,0.4021429376038187,GRU
S386,0.0921101058070718,0.3587863528514549,0.10418143559843097,0.4449221057430426,GRU
S387,0.10722056404362537,0.17552558336528631,0.10133705920398808,0.6159167933871011,GRU
S388,0.37596670265804055,0.26588366765124427,0.29993422410406595,0.05821540558666294,1D-CNN
S389,0.49768324081586185,0.13879635305567634,0.33433066015614976,0.029189745972308324,1D-CNN
S390,0.3085651269509337,0.17564837379457945,0.38988701827470196,0.12589948097978484,CNN-LSTM
S391,0.40574844556500445,0.23599746284804643,0.31400432093234454,0.04424977065460214,1D-CNN
S392,0.3764142680947814,0.31443829631520387,0.13949492975957511,0.16965250583045532,1D-CNN
S393,0.1922863718278648,0.33218891985850735,0.2747919399411865,0.20073276837244117,ANN
S394,0.16963368801836112,0.1786854360663615,0.08165110876950467,0.5700297671457722,GRU
S395,0.10990858801556404,0.18024077384269138,0.0932801464729991,0.6165704916687443,GRU
S396,0.22130201962360133,0.2810971204846962,0.12922792681756753,0.36837293307413227,GRU
S397,0.1858131316029949,0.2774839969774143,0.15076726770146023,0.3859356037181091,GRU
S398,0.10905911834981707,0.6254932400455796,0.1301671621516415,0.1352804794529608,ANN
S399,0.08827291389500608,0.7871900694337728,0.09534481788227266,0.029192198788947285,ANN
S400,0.1445875031843695,0.1456454418910061,0.08112090440200898,0.6286461505226157,GRU
S401,0.2597158850128098,0.2782838335214273,0.2185187373458496,0.24348154411989908,ANN
S402,0.2855660656538455,0.22946001026986115,0.24850954567578315,0.23646437840050932,1D-CNN
S403,0.27853335661899775,0.2260034106078903,0.20243613277710915,0.29302709999601717,GRU
S404,0.15095516114260152,0.23057220910387172,0.21502664831827475,0.40344598143524757,GRU
S405,0.04753765261581772,0.2440411187617656,0.22915075020291276,0.47927047841952025,GRU
S406,0.2082239390658121,0.37316530729735126,0.37859757300127955,0.04001318063555549,CNN-LSTM
S407,0.21455158395575863,0.3157093083570066,0.05400000046073379,0.4157391072265009,GRU
S408,0.09995052036078401,0.21477375768099174,0.10140890983260871,0.5838668121256141,GRU
S409,0.031106143237257255,0.0635826623069351,0.006361486505762165,0.8989497079500469,GRU
S410,0.0939239168402986,0.28486234144176426,0.10985908035167169,0.511354661366264,GRU
S411,0.1455573279800699,0.24966070117676237,0.2403019006547987,0.36448007018836254,GRU
S412,0.18065086705759556,0.2813952741318628,0.23338867741697997,0.3045651813935644,GRU
S413,0.15945460192077904,0.23087095111527622,0.13250214168834587,0.4771723052756164,GRU
S414,0.0753428926108974,0.4515478123838167,0.27666830220220184,0.1964409928030766,ANN
S415,0.06079884017292396,0.14375986675334035,0.26717592388816575,0.5282653691855668,GRU
S416,0.16287875746724234,0.4378228314083123,0.33887541368022656,0.06042299744421863,ANN
S417,0.39766308749076534,0.14241725484603082,0.21478127463202823,0.24513838303117258,1D-CNN
S418,0.2954386946183587,0.19809074262787274,0.2825619856417058,0.22390857711205905,1D-CNN
S419,0.35412810124083993,0.23926557257544337,0.20077052036334633,0.20583580582037067,1D-CNN
S420,0.13239576814806014,0.44652474475157533,0.12744163511550513,0.2936378519848425,ANN
S421,0.10777690073716592,0.4476431556971588,0.12674984344782314,0.31783010011785007,ANN
S422,0.3520717000452396,0.22049490324084364,0.15220023264330695,0.2752331640706272,1D-CNN
S423,0.009893092978003554,0.9266722800818625,0.004102295908224249,0.05933233103191277,ANN
S424,0.23147215799679996,0.4388315194999785,0.12181700831815882,0.20787931418504738,ANN
S425,0.0689960723467303,0.4408271726955688,0.250260196341002,0.2399165586166998,ANN
S426,0.060090771146795646,0.12923985583819753,0.7688224937764639,0.041846879238548025,CNN-LSTM
S427,0.6110078843752645,0.04967112694703311,0.30963065945377916,0.029690329223933096,1D-CNN
S428,0.49703389472906206,0.10947300187836004,0.3194647697196143,0.07402833367296333,1D-CNN
S429,0.34333715802626347,0.19502745073172745,0.33232926769694227,0.12930612354508475,1D-CNN
S430,0.40519383737940123,0.19822289078807095,0.11625365272813304,0.2803296191043937,1D-CNN
S431,0.24126200387414296,0.3735753536620482,0.3249991263008207,0.06016351616298417,ANN
S432,0.06303129538738741,0.8097635136582058,0.07200986675927627,0.05519532419512663,ANN
S433,0.15030499284576015,0.1432721016876761,0.5988282429289267,0.1075946625376354,CNN-LSTM
S434,0.4045238802367552,0.06423761927427124,0.4834150415260544,0.04782345896291591,CNN-LSTM
S435,0.11987327809721128,0.14092356105868747,0.6906162323459112,0.048586928498181706,CNN-LSTM
S436,0.16258552813715685,0.1984127900828825,0.46958524251159567,0.16941643926838298,CNN-LSTM
S437,0.357034107970618,0.20808204234337532,0.17940603304991962,0.25547781663608515,1D-CNN
S438,0.1850052828121438,0.10412902361878004,0.16368061722572963,0.5471850763433588,GRU
S439,0.0870086412278139,0.31165141371782773,0.09336248005820279,0.5079774649961553,GRU
S440,0.28788520897826564,0.2798102337736691,0.24070209068205792,0.19160246656601176,1D-CNN
S441,0.07295047672302683,0.08083538295283893,0.6413814134322854,0.20483272689184806,CNN-LSTM
S442,0.3073051685685223,0.22885009203067422,0.23074972391390378,0.23309501548690045,1D-CNN
S443,0.3430866138648643,0.45805116794829503,0.03619285603582387,0.16266936215101394,ANN
S444,0.2955892890252104,0.29170171793384087,0.04176640935168664,0.37094258368926125,GRU
S445,0.22665976609087876,0.23657256670527788,0.2575992427253768,0.27916842447845347,GRU
S446,0.24763063652347725,0.5340399811584706,0.11213662150943844,0.10619276080862804,ANN
S447,0.15759370588776667,0.2490553718973837,0.3289033558329574,0.264447566381885,CNN-LSTM
S448,0.1997711576432122,0.25938059117999984,0.33381817512014395,0.20703007605666235,CNN-LSTM
S449,0.2962869131561792,0.26824478730910967,0.20444078903003063,0.2310275105047017,1D-CNN
