Segment,1D-CNN,ANN,BiLSTM,LSTM,CNN-LSTM,GRU,Selected
S1,0.06399315307336517,0.015233213281528336,0.3439786055067822,0.13075718581303047,0.40198673361507403,0.04405110871021712,CNN-LSTM
S2,0.22958600213887576,0.16522860907504325,0.08859880793092163,0.10427575885030886,0.16231751563545285,0.24999330636939324,GRU
S3,0.0880726639287924,0.21588694326613586,0.161883153093256,0.2291453570651056,0.21222889986447357,0.09278298278223172,LSTM
S4,0.15143691613920804,0.23311073956536693,0.12899331496689867,0.22094138588568143,0.1256655439818024,0.13985209946103888,ANN
S5,0.11348309333606729,0.3338251472826969,0.09151574167856534,0.11953210783293015,0.06092738920157258,0.280716520668167,ANN
S6,0.0414719380605521,0.2897287232400118,0.0932914567513239,0.2562231637953289,0.0648026813887409,0.25448203676404035,ANN
S7,0.10078199680514516,0.06281496887299919,0.12633185939083139,0.17193547098429957,0.4713247286602219,0.06681097528651306,CNN-LSTM
S8,0.1777758004679042,0.2466675924964261,0.17802390429278142,0.07399603801265914,0.2427621163275604,0.08077454840266707,ANN
S9,0.1845506862774779,0.306012335691603,0.15921471933629341,0.03591240192918944,0.07913538556031782,0.23517447120512572,ANN
S10,0.1961604033945703,0.2022793896542153,0.10727187727633275,0.05130726803032739,0.12706136195315704,0.3159196996914034,GRU
S11,0.20049982363512114,0.19727717052148763,0.11937226311730666,0.1079360652102401,0.14087022503994256,0.2340444524759099,GRU
S12,0.15980605618824908,0.14073453351843498,0.1762482070186845,0.16777329587200301,0.14748728301535222,0.2079506243872779,GRU
S13,0.10946632197395756,0.18647294206247264,0.17283647264609617,0.1521160912529314,0.13208477758043996,0.2470233944840976,GRU
S14,0.09043052659078119,0.18323681619391147,0.2272693390349625,0.20250982036005521,0.2072666090680461,0.08928688875225163,BiLSTM
S15,0.21391357459002464,0.2637849831241609,0.10075626265041221,0.18613574443536002,0.12127568437047741,0.11413375082955948,ANN
S16,0.08360979912448188,0.11595348447534584,0.23450261838022715,0.10846502768433365,0.1212313522716823,0.3362377180639285,GRU
S17,0.12242660103138951,0.28974568236283527,0.11289509433159238,0.015933179159267227,0.4025561134558772,0.056443329659045714,CNN-LSTM
S18,0.3724568020891614,0.134909309976428,0.08165817221622558,0.19690500659533652,0.1450461411314871,0.06902456799135097,1D-CNN
S19,0.12864858610599658,0.15150042674148728,0.16647869781015698,0.2881343020926039,0.2138672890484583,0.051370698201299726,LSTM
S20,0.27946523195187795,0.23927089642553265,0.10059151829777349,0.14604782910851008,0.1378767529854826,0.09674777123082456,1D-CNN
S21,0.16485946198376397,0.22686734745309783,0.12225614009741702,0.18411893258825593,0.15267549858157595,0.14922261929587824,ANN
S22,0.16103040204407226,0.12334965973004659,0.1201498614686118,0.2799541789689078,0.11271582973198506,0.20280006805637668,LSTM
S23,0.023832155277639603,0.08130478543807113,0.15633514769886478,0.5013939627097292,0.04009580780218012,0.19703814107351472,LSTM
S24,0.08656320324130856,0.39090271027980183,0.23286166713439568,0.056049912973602296,0.15869304923600572,0.07492945713488032,ANN
S25,0.37644557505035053,0.17874068267534715,0.0480114130547545,0.010339977686309232,0.021935474190246634,0.3645268773429904,1D-CNN
S26,0.017030158327764944,0.05341040453286273,0.8871151948357899,0.0013879580752952218,0.022897436172786084,0.01815884805550485,BiLSTM
S27,0.2382867697702347,0.05574201958193838,0.0689300960052095,0.016181372546033784,0.5483133201786413,0.07254642191794222,CNN-LSTM
S28,0.18282658618881198,0.09297593181744794,0.14505736913589243,0.26761568275192765,0.10500823197748257,0.2065161981284326,LSTM
S29,0.13341262052540107,0.11588461987056314,0.3051033386059688,0.1307613836441282,0.23813246479315833,0.07670557256077674,BiLSTM
S30,0.3182703861218777,0.14667810443272608,0.08563306826761631,0.12920069153335706,0.25146113379945967,0.06875661584495996,1D-CNN
S31,0.096640395987865,0.27806943610941137,0.14794107716249116,0.23150623992282596,0.21322856755136427,0.03261428326604235,ANN
S32,0.10253850030651179,0.09885663744678615,0.23981913534735186,0.23949882627336566,0.15454184654722133,0.16474505407876064,BiLSTM
S33,0.2449094979382741,0.08577128188385931,0.15888318865417117,0.10999145077125906,0.14420975096660715,0.2562348297858271,GRU
S34,0.18230955133303084,0.129885338506695,0.13207510426727287,0.17957832861367715,0.15793151780406275,0.21822015947525886,GRU
S35,0.14329554153469887,0.17823285472442557,0.1457413242693831,0.23540338134402394,0.12879900410946574,0.16852789401800214,LSTM
S36,0.06340768205581312,0.5490756513003712,0.0609158813081704,0.1504612062882265,0.037337514139110954,0.13880206490830813,ANN
S37,0.04739232765370488,0.29419542361797757,0.1291149899560612,0.37694789796682193,0.04918207850648367,0.10316728229894513,LSTM
S38,0.30546715447803674,0.2827810822194047,0.07158443751852875,0.06088789013117801,0.2347877775577566,0.04449165809508756,1D-CNN
S39,0.20305566664749436,0.20557039859569085,0.06779320217927726,0.04030899597546574,0.422996205956542,0.06027553064553095,CNN-LSTM
S40,0.1482890399817351,0.16638952721705327,0.19665493893425084,0.1640854353689552,0.17065217774558067,0.15392888075242522,BiLSTM
S41,0.1833893564586302,0.14860009467396032,0.16514779619231568,0.11690247044943648,0.22620372529491875,0.1597565569307379,CNN-LSTM
S42,0.22844890432347606,0.16561388400245558,0.13434515758853524,0.16773455846914256,0.1603542027077687,0.14350329290861175,1D-CNN
S43,0.16903122456280556,0.16015787917010302,0.18237303647256597,0.2214845537752753,0.14530724292411454,0.12164606309512563,LSTM
S44,0.34064640396970425,0.15015151012013442,0.15891377820172056,0.0896282894789643,0.06496312395550276,0.19569689427397094,1D-CNN
S45,0.014469337621392853,0.01356958039259048,0.2392803575610019,0.5553283261506834,0.10864634977998625,0.068706048494341,LSTM
S46,0.14342903596128656,0.6403853846075224,0.029962067238547753,0.07453127564834107,0.026203465115680002,0.08548877142862904,ANN
S47,0.03826173954574481,0.12481229316422753,0.14566044931683056,0.41855622460467695,0.10601153041938433,0.16669776294914496,LSTM
S48,0.11666643895185981,0.04414971653779104,0.32569238784062127,0.20983228124683131,0.13448650587270927,0.16917266955018512,BiLSTM
S49,0.03773655505528404,0.06888261332073725,0.04005587284193497,0.025227384048260096,0.8051419265782709,0.022955648155509878,CNN-LSTM
S50,0.555705995470048,0.19048690857686928,0.03046825273388444,0.027828979270357615,0.15227098318573093,0.04323888076310943,1D-CNN
S51,0.06657985680209826,0.5372606501251745,0.06528834346527596,0.03934874977388252,0.2349075156921921,0.056614884141379974,ANN
S52,0.21430461872987897,0.2136344580291217,0.07574089313323054,0.09490154355936055,0.268251964875326,0.13316652167308138,CNN-LSTM
S53,0.171314309768788,0.27144324219970606,0.09247481015545175,0.18054962833842989,0.19125583930031925,0.09296217023730897,ANN
S54,0.4594278356585403,0.0868852388141607,0.11052759273715754,0.2023312932291697,0.06755780915233735,0.0732702304086299,1D-CNN
S55,0.14744030404376376,0.28567763001120694,0.07094301106241098,0.04287049663990869,0.05029491628874775,0.4027736419539695,GRU
S56,0.036831553087308365,0.05603491421678448,0.07087733018317786,0.07430305951747952,0.11710168026370715,0.6448514627315418,GRU
S57,0.10610608223682279,0.10073996467270718,0.03664233788561613,0.34790530758139865,0.05194752271592567,0.35665878490753467,GRU
S58,0.04497365391847121,0.21025184516807904,0.10399615761327714,0.43757861941010023,0.02463605006429417,0.1785636738257743,LSTM
S59,0.05674879246206444,0.11015734809352176,0.17173943411970444,0.3628906651253302,0.1955570547767485,0.10290670542264073,LSTM
S60,0.10029108287747365,0.16802031852442093,0.13140710934272273,0.24754107280478108,0.24305373452256127,0.10968668192803563,LSTM
S61,0.2602201371063424,0.22941723969411834,0.24215644310033416,0.07605384072252516,0.09216524709819766,0.09998709227847583,1D-CNN
S62,0.21233717677134242,0.30805431171713116,0.06839208675568072,0.04503260432957179,0.04315999307742592,0.3230238273488489,GRU
S63,0.188186147215862,0.24103180893768136,0.0834443910126166,0.07445886121335621,0.10026964196430765,0.3126091496561756,GRU
S64,0.1904797963158983,0.1892404722043306,0.10512055863219129,0.0847408993964006,0.10513112349783926,0.32528714995333124,GRU
S65,0.14468592602038513,0.09543520710588645,0.1731885312039282,0.1193093814558558,0.14898539145889242,0.3183955627550454,GRU
S66,0.13719545593184287,0.12093580425585532,0.24928451339264868,0.17266337147179406,0.20781120692244712,0.11210964802541507,BiLSTM
S67,0.2066185873556208,0.12363542641923538,0.07835671152324537,0.44309855014751226,0.10279339407757791,0.04549733047680639,LSTM
S68,0.12469167035740507,0.19774990172114312,0.16887661353654285,0.19287216987187042,0.20441217018579738,0.1113974743272491,CNN-LSTM
S69,0.14551096960212861,0.2972200637409033,0.10554268606056505,0.11206091088314006,0.2189838032380717,0.12068156647519358,ANN
S70,0.20905962229491762,0.2870774037219894,0.10962736606822013,0.13936844992855318,0.1660480318932897,0.08881912609303741,ANN
S71,0.2091597264880698,0.20144024486894124,0.1525905867912522,0.19613628267509314,0.14690305957638305,0.09377009960025465,1D-CNN
S72,0.08127260477458459,0.8900595068162999,0.0030686261890237403,0.003222792468316212,0.00255193001724427,0.01982453973453142,ANN
S73,0.05845973610172078,0.11401628964226503,0.09885244565577629,0.07101478854041458,0.04768986452187299,0.6099668755379487,GRU
S74,0.10505688081443912,0.18075416207162395,0.07304245519975297,0.26106712380079,0.15785211020540627,0.22222726790798314,LSTM
S75,0.049962261978938376,0.19352092006076105,0.05120043906672112,0.05842629892998233,0.5970129600917283,0.04987711987186987,CNN-LSTM
S76,0.08627803096800699,0.21429410423237663,0.2815634654961386,0.11648691924068982,0.16449657089369052,0.13688090916909748,BiLSTM
S77,0.18751598063958558,0.07424127705406366,0.31052585165790486,0.14923198161865422,0.08399887392044467,0.19448603510934612,BiLSTM
S78,0.42506607742182034,0.1823309354884308,0.05571987009874146,0.0862002702045102,0.15579395633107868,0.09488889045541883,1D-CNN
S79,0.2378604203150862,0.14164583190311003,0.08377420071801425,0.13744119137031316,0.3263035512179908,0.07297480447548424,CNN-LSTM
S80,0.13993957785487127,0.18033756511102858,0.28863037868146807,0.15550741507870483,0.17382922211152124,0.06175584116239195,BiLSTM
S81,0.226578093845566,0.190345993299066,0.18894742258183844,0.100340813080308,0.10780238365259728,0.18598529354062424,1D-CNN
S82,0.0800039322822498,0.44592770306501295,0.07423234736567899,0.08337480466669656,0.0876158399322489,0.2288453726881079,ANN
S83,0.10218618753304226,0.11753678573766646,0.18862012350580526,0.2128127613785285,0.16696915393532402,0.21187498790962644,LSTM
S84,0.034055580973019646,0.37513623333793766,0.1911492874766502,0.06968123509712526,0.060005109738267504,0.26997255337699777,ANN
S85,0.025645910541927962,0.012242294526086564,0.35238814889153675,0.37534757516365036,0.15746816458676416,0.07690790629003094,LSTM
S86,0.054146230687786796,0.09623334677123271,0.1703559173074613,0.34531158043422544,0.06887898798642869,0.265073936812862,LSTM
S87,0.1536439315911824,0.168988379005358,0.17669663340423344,0.14001966738468657,0.14272996324509468,0.2179214253694447,GRU
S88,0.44608306823073446,0.08332169938614722,0.05254838030245177,0.06521010289253537,0.11578957574548712,0.23704717344264375,1D-CNN
S89,0.543948540687085,0.048914974386361235,0.06789657364985621,0.1014370436760655,0.1627538901863942,0.0750489774142378,1D-CNN
S90,0.19020284589121345,0.14507361295550755,0.14876969001505433,0.17681183013334853,0.23358148189881725,0.10556053910605251,CNN-LSTM
S91,0.0635381282125287,0.5431294148276261,0.026176971870033833,0.03709379339717879,0.28609320604858335,0.0439684856440409,ANN
S92,0.17629959318578933,0.361369702501919,0.0743903073602326,0.1415533905294671,0.1418376305539256,0.10454937586866768,ANN
S93,0.1495045767391371,0.21697216411939155,0.16293258838633848,0.18122953260703703,0.16907054882563638,0.12029058932246772,ANN
S94,0.21740744787027783,0.26141133081443785,0.12899903301238916,0.10385081537773769,0.11733364949825732,0.17099772342689823,ANN
S95,0.06368978330371565,0.04662276223414667,0.0687121486874322,0.04889110332973901,0.12609703705206385,0.6459871653929011,GRU
S96,0.006213852850258722,0.009406757451719698,0.25401523221695915,0.4787053701207645,0.12788927024385616,0.12376951711644775,LSTM
S97,0.07878475278425298,0.0716466095680149,0.23415476673698918,0.39076487030818163,0.13245500174067057,0.09219399886188916,LSTM
S98,0.21786818286022822,0.31798304476450395,0.11460780959958831,0.13452532536622,0.1239632108810864,0.09105242652837292,ANN
S99,0.27548510183456004,0.6037130623822811,0.028696792711677802,0.010122597209047242,0.019603856632066735,0.062378589230372185,ANN
S100,0.5222564666922938,0.04932579612304066,0.03818737795632397,0.006798073448742785,0.14251829715950592,0.24091398862009294,1D-CNN
S101,0.18598563913571478,0.132627629324778,0.038270324114341996,0.029456180993994118,0.12182487383068864,0.4918353526004824,GRU
S102,0.16943214757046443,0.2559418069380622,0.14623714526299428,0.1256380978899308,0.1517293942113694,0.15102140812718123,ANN
S103,0.14168096715015358,0.15887440100852646,0.23620476108352775,0.11981228459681774,0.16202755676579494,0.18140002939517672,BiLSTM
S104,0.020307001215865164,0.03442219744438488,0.09567208304372518,0.13492587335540432,0.13035206957324216,0.5843207753673769,GRU
S105,0.03617427224939035,0.038356938426020885,0.28302296036028285,0.20783784171456626,0.17413088128245766,0.26047710596728135,BiLSTM
S106,0.02321260159849923,0.007076903868083618,0.15127799226029578,0.31472982356495066,0.1139115553052548,0.38979112340291444,GRU
S107,0.010075555198194978,0.03177297568248521,0.09322040596194414,0.11640132708322959,0.06945567138373222,0.6790740646904138,GRU
S108,0.04484379719708106,0.06883251992611335,0.22266099103765527,0.05631662414869028,0.2337637010275131,0.3735823666629457,GRU
S109,0.4052567425196197,0.09465326838161656,0.05774361054313988,0.09318473857020322,0.07542966413654396,0.2737319758488719,1D-CNN
S110,0.09033026681230963,0.1720149394621996,0.3736324513916063,0.18930401676307831,0.10546925115030444,0.06924907442051027,BiLSTM
S111,0.17508185469499812,0.2207721243889325,0.09832891123472451,0.0886299526131684,0.09170828842659405,0.3254788686415772,GRU
S112,0.08775583881551416,0.16529419353805092,0.10972676024645846,0.1125262109679981,0.059971821035173616,0.46472517539681085,GRU
S113,0.15024275056017428,0.1759326508739736,0.13599635049238643,0.1364750650046397,0.07918682816237967,0.32216635490644596,GRU
S114,0.15383125741103695,0.1460767838902649,0.15889606461470074,0.12381714572202793,0.12734070175416048,0.29003804660780796,GRU
S115,0.12166480071289243,0.29056177986933385,0.1339231051112453,0.14509275999057394,0.12385958830048023,0.18489796601546565,ANN
S116,0.05802784139119943,0.2440080059439735,0.19703425175746409,0.3044429612611161,0.076503714344458,0.1199832253017886,LSTM
S117,0.09348647956523351,0.2212124798800813,0.316951594791253,0.04510879351102102,0.2027687249309492,0.12047192732146199,BiLSTM
S118,0.6755092990663712,0.08147550798938281,0.032153901267019905,0.013667431836399738,0.11081154650653989,0.0863823133342876,1D-CNN
S119,0.08888820923842468,0.19485845856783557,0.1413249099433253,0.08715947143159299,0.4588092600243302,0.02895969079449821,CNN-LSTM
S120,0.11811730822149627,0.08031827174554214,0.08329621899530432,0.47242527305933,0.12389670400250194,0.12194622397581917,LSTM
S121,0.33171043069170386,0.12630398804889528,0.14931305893432456,0.13894098192857737,0.16275474160869668,0.09097679878779778,1D-CNN
S122,0.327992280137664,0.1471785819195151,0.09289831506325004,0.10060329321093618,0.2589223351168465,0.07240519455177978,1D-CNN
S123,0.19755593549353076,0.34816530069182366,0.0618633749787682,0.11061338651963953,0.24943204842251507,0.03236995389372084,ANN
S124,0.12143939405820892,0.1228195753654964,0.20042887186858194,0.2751248196687074,0.1006717646893377,0.1795155743496654,LSTM
S125,0.14538914663257219,0.13390508625822564,0.11395141232540736,0.14476627358322058,0.04565667198857424,0.41633140921200085,GRU
S126,0.23484947542052226,0.16442974511018146,0.08055414512888144,0.20823084084630977,0.07197647903267762,0.23995931446143018,GRU
S127,0.0864944178821571,0.1563645267238934,0.08167841032373377,0.47530530698860296,0.0786603333650193,0.12149700471659122,LSTM
S128,0.07681226190729429,0.20625320733291466,0.2692833424147949,0.21443869293035242,0.14573883950797434,0.08747365590665812,BiLSTM
S129,0.149283000822595,0.1352416408395735,0.26345725689311833,0.14272403736547556,0.19356092341969733,0.11573314065953971,BiLSTM
S130,0.7314131058517346,0.10589180051558704,0.03205324237557753,0.01781467646771763,0.08623261831021965,0.02659455647916374,1D-CNN
S131,0.698027845129696,0.06664055026738083,0.016614553237403285,0.020752571225522952,0.09962265225714681,0.09834182788285196,1D-CNN
S132,0.05398656533309917,0.18140010195762077,0.15945453509512458,0.39206986374780656,0.16118898285302286,0.051899951013326215,LSTM
S133,0.1721414065331368,0.19628861898751201,0.18266467529074754,0.1743479141802005,0.1697248130308795,0.1048325719775161,ANN
S134,0.3350205003012797,0.22682895007552517,0.0882804822631496,0.1008109717791462,0.13654651480723914,0.1125125807736651,1D-CNN
S135,0.14218153444623544,0.18473196691386543,0.13191831574712115,0.18110462231625507,0.13292283629207102,0.22714072428446005,GRU
S136,0.15409945634123287,0.07445630300137017,0.5026795679081519,0.09222283492741232,0.11684928941951105,0.05969254840231896,BiLSTM
S137,0.035406380144681074,0.05339025760782742,0.17281332421072002,0.3564879461670983,0.06002513401926117,0.3218769578504245,LSTM
S138,0.10323649838661217,0.36151619905077154,0.12285434312448458,0.11974745867452818,0.051444738112711164,0.2412007626509007,ANN
S139,0.11885328001522881,0.12320637178749592,0.09575468525043376,0.23599248758725527,0.06967366562314477,0.35651950973645,GRU
S140,0.09569607367788303,0.08389677123564561,0.17601351386358705,0.2591903852998335,0.1040595280259814,0.2811437278970683,GRU
S141,0.12083336103005439,0.34204956148609234,0.14118202959599677,0.14469181676584744,0.12908275758547402,0.12216047353654162,ANN
S142,0.14541469605671425,0.10808671962068778,0.1247986407792829,0.36290523550832965,0.16767878843338888,0.09111591960159668,LSTM
S143,0.1017618300945808,0.2637763573755826,0.3600825769135996,0.0421245144513285,0.14440632612916265,0.08784839503575369,BiLSTM
S144,0.4027537278376841,0.10575315433450332,0.028572968817489178,0.02976506297115994,0.08836747237805698,0.3447876136611087,1D-CNN
S145,0.2539711018232016,0.18889392155387688,0.11666563002032926,0.15370406243623663,0.2020331704656096,0.08473211370075524,1D-CNN
S146,0.09044385159597713,0.1639029765512782,0.21149677009506593,0.34868335464164285,0.14246578821847042,0.04300725889756482,LSTM
S147,0.20267253528072135,0.014341609160181186,0.2776850832827601,0.2460685366484507,0.20030823861901242,0.05892399700888117,BiLSTM
S148,0.055070047671097536,0.05762097791794445,0.08737303695679044,0.6706404669097576,0.09694296266103784,0.03235250788337802,LSTM
S149,0.048510006996339644,0.06625167593883512,0.1204654764413952,0.13055519323979822,0.046773068172386086,0.5874445792112449,GRU
S150,0.10674352246835327,0.11728154052381119,0.13613599759949593,0.13189742545259825,0.10189475750307472,0.4060467564526694,GRU
S151,0.1573595333401093,0.12722421208903945,0.10673935524702183,0.17966492200062723,0.10435213482640587,0.3246598424967944,GRU
S152,0.0628100069198344,0.44814048530332423,0.1522362432470722,0.14133885951080494,0.12614026158531175,0.06933414343364407,ANN
S153,0.10763331781590288,0.17899460952063995,0.2079021400364494,0.14726158313921728,0.29180822011109087,0.06640012937670747,CNN-LSTM
S154,0.09173918026446672,0.09010068990371832,0.18445726207413823,0.03822653670398138,0.5567591776951808,0.038717153358523174,CNN-LSTM
S155,0.21588397569490356,0.12276989555495775,0.09243524362005734,0.049220623328741886,0.22042836135395466,0.2992619004473863,GRU
S156,0.16824545375919647,0.0992122042614342,0.16630322740836057,0.18205262713297102,0.2515228830108804,0.13266360442715228,CNN-LSTM
S157,0.17965591976056475,0.11883876051434343,0.16199096827140747,0.23994418033240808,0.17912921561574047,0.12044095550553448,LSTM
S158,0.14194115318601527,0.36792125108113793,0.10615957033041595,0.11948027479889589,0.09724772831171764,0.16725002229181374,ANN
S159,0.06289448383338768,0.4635785299371631,0.10380260511407528,0.11865035861162514,0.12163850185369639,0.12943552065004862,ANN
S160,0.048577052901636476,0.07702334498946595,0.16775764806400595,0.14476123561188373,0.5034270192360158,0.05845369919699093,CNN-LSTM
S161,0.1322091442833047,0.16819863100167337,0.3298348001768356,0.11680280987273646,0.14676692400559407,0.10618769065984877,BiLSTM
S162,0.45719529528506136,0.13051446467072692,0.12757630536777884,0.056791488852214085,0.12780321525329771,0.10011923057091837,1D-CNN
S163,0.31224485914919975,0.08916404192309217,0.08472970691243019,0.14191277337624486,0.15866185271652067,0.21328676592252016,1D-CNN
S164,0.11036487561576981,0.12918549477702204,0.19514688712571376,0.28059622478728685,0.21816932338729936,0.06653719430691066,LSTM
S165,0.02317021222705355,0.8784921279154664,0.01851738372192089,0.05068379806570324,0.013880169686233138,0.015256308383627668,ANN
S166,0.054361252441193116,0.038332001996481326,0.7229211966800638,0.04920248275477765,0.037758413386610304,0.0974246527408801,BiLSTM
S167,0.24939614437485438,0.11458236510727386,0.1409247793182129,0.10228158982964841,0.25539176011329556,0.13742336125670707,CNN-LSTM
S168,0.3813198206077444,0.12891663704629117,0.04461158644541727,0.11849064306995175,0.26524802998632274,0.06141328284426852,1D-CNN
S169,0.028708477389707197,0.0162798869714309,0.8364748318546482,0.03686557801520596,0.07513436014412188,0.006536865624887678,BiLSTM
S170,0.3212494398971935,0.15256132244373277,0.17238311909650134,0.08671453783212825,0.1718585836473579,0.09523299708308398,1D-CNN
S171,0.6468023536401458,0.07930985152831908,0.045889635920245336,0.046848519643439966,0.13103527053545372,0.05011436873239475,1D-CNN
S172,0.021947923521677827,0.0347230005547485,0.08711718996185683,0.2642194116821499,0.07834675701738149,0.5136457172621784,GRU
S173,0.02135389196998953,0.5026419532203529,0.1362013563655622,0.08241526169795947,0.04259890725705725,0.21478862948907881,ANN
S174,0.04740769960745509,0.13634924570712748,0.025164539928879466,0.03771178735394241,0.008570901913647015,0.744795825488951,GRU
S175,0.03893247372657154,0.44889035886029455,0.09542302478059848,0.13018689192560848,0.07834302958979876,0.2082242211171209,ANN
S176,0.02412809767615881,0.36601914562958876,0.058657251288750364,0.3324913993504493,0.10406753408712223,0.1146365719679306,ANN
S177,0.03671291397493717,0.05553178101711968,0.28650001069379233,0.16065067081569254,0.3897309320223869,0.07087369147607259,CNN-LSTM
S178,0.16729114530693953,0.24625393545129107,0.1847058863112744,0.11413880008131422,0.07603430888720097,0.21157592396198746,ANN
S179,0.5565016033153299,0.08777866641004381,0.05275556927203793,0.043606233483800806,0.10449438850956162,0.15486353900922614,1D-CNN
S180,0.3088636688243478,0.14780219639258327,0.0364431005435928,0.06834637831654383,0.06844400392958985,0.37010065199334125,GRU
S181,0.10478675344864746,0.10422658815688755,0.30766508596259085,0.17535168665300546,0.1849571857015976,0.12301270007726905,BiLSTM
S182,0.1156402171042072,0.07634431010594152,0.20188116733340813,0.11386168564816113,0.12221985299402159,0.3700527668142579,GRU
S183,0.054540502044198,0.04152720578672126,0.06751252261443376,0.08239414825880373,0.06333974305156934,0.6906858782442736,GRU
S184,0.14319716550542408,0.124840965901065,0.14873975781648496,0.1088395188182714,0.16116806778740367,0.3132145241713611,GRU
S185,0.1880549187973946,0.047970316227791965,0.083037101159911,0.19121023518196026,0.10113834006094795,0.38858908857200297,GRU
S186,0.056573572299709066,0.04890971623328479,0.5528970761918933,0.14164668400639324,0.12508896361639707,0.07488398765231666,BiLSTM
S187,0.13298157513408707,0.24932926518193063,0.16899975396531816,0.1278066575597119,0.23923567595428405,0.08164707220466023,ANN
S188,0.25745744263992354,0.1748904551921894,0.09226324572775316,0.11153666858534385,0.27776208391735746,0.08609010393743169,CNN-LSTM
S189,0.12183798564613435,0.10148459401965414,0.18173894271611082,0.17784401478500944,0.3438419731750587,0.07325248965802977,CNN-LSTM
S190,0.15093537408709456,0.17411172030693603,0.13711202846847434,0.21284749047288568,0.18940497021308103,0.1355884164515221,LSTM
S191,0.21462681504735087,0.1251407231252231,0.15124875889490677,0.20504687232751043,0.15011664930782356,0.1538201812971843,1D-CNN
S192,0.11950583424796886,0.29407919363944,0.12440098499046794,0.14799733885461838,0.1036593165472251,0.21035733172027418,ANN
S193,0.02777455324128672,0.3168039892647893,0.11566319780219814,0.22430202947306774,0.06868370205168176,0.2467725281669769,ANN
S194,0.029660433134490613,0.08345715574743018,0.12865563315689024,0.3443571559305067,0.03344863317693514,0.3804209888537465,GRU
S195,0.1895477590323922,0.2880821779739883,0.15771434456225336,0.11236757846083972,0.11443199093706426,0.13785614903347096,ANN
S196,0.18955154928259602,0.3901774489056778,0.04800237363838434,0.07219148548142695,0.07404774786229004,0.2260293948296196,ANN
S197,0.0743010644436609,0.2894628288403602,0.3579040336813836,0.043562528989117257,0.1242445892158655,0.11052495482961541,BiLSTM
S198,0.1470981937423764,0.11699879275642906,0.07862770029162376,0.060365080327099654,0.08140161808565972,0.5155086147968088,GRU
S199,0.15701186689229743,0.13510205211062618,0.1457907672409338,0.08931475735480099,0.14920862356388276,0.3235719328374569,GRU
S200,0.20798012133535826,0.189163270571277,0.12846460321971281,0.10505337730722246,0.14112663248123128,0.22821199508519685,GRU
S201,0.1783978461012131,0.1271543980558181,0.14769696691818254,0.1596528686939775,0.1371513597150156,0.24994656051579595,GRU
S202,0.11400303164340282,0.17042973307294335,0.24089702204701133,0.18110382290328633,0.15060822674970326,0.14295816358364766,BiLSTM
S203,0.04878675592286448,0.06248526940780833,0.21615014792444806,0.4484645295824174,0.17225357604098987,0.051859721121474044,LSTM
S204,0.09333471779765065,0.21356977671864444,0.17232652768902884,0.11890029483284652,0.08672349965316933,0.3151451833086584,GRU
S205,0.2422708804884214,0.18654345771935404,0.12651338833538522,0.08367852655872728,0.1447431366059698,0.216250610292135,1D-CNN
S206,0.21272435251798125,0.19047034288414055,0.14339118327289335,0.13731355691390243,0.17335930347402453,0.1427412609370576,1D-CNN
S207,0.156345440643282,0.19559787578370838,0.1533654162244087,0.26499975140180826,0.13350899231535718,0.096182523631435,LSTM
S208,0.037319129485479226,0.4621046094658652,0.12053029018923754,0.1894108202219035,0.0712874266082407,0.11934772402927474,ANN
S209,0.0649169558407763,0.054264669324717754,0.4266170602129741,0.20337112999626902,0.1209661403467025,0.12986404427855613,BiLSTM
S210,0.322211650467291,0.396586738289672,0.0641862229988599,0.02476649842080689,0.0692545741116789,0.12299431571169156,ANN
S211,0.15751159457407732,0.05377923814499295,0.19492144498924793,0.2586072877621561,0.280412383668974,0.054768050860551504,CNN-LSTM
S212,0.04044580414132884,0.23089397392416322,0.14440738883040313,0.47558487537128613,0.09603489336885815,0.012633064363965663,LSTM
S213,0.06157139509528856,0.03747126642082469,0.09738433564543626,0.14994100964267493,0.06389169010473582,0.5897403030910383,GRU
S214,0.1129929986927396,0.10559279124209868,0.17527367475759126,0.14191171637079494,0.1167992242734018,0.34742959466337375,GRU
S215,0.17686579439252959,0.18100904665921944,0.12908535589162556,0.1519465061378091,0.1086769326145059,0.25241636430430975,GRU
S216,0.10978361923612905,0.19766906605004303,0.15325927594473882,0.2176617882339368,0.10181273038843765,0.2198135201467156,GRU
S217,0.09779994951028824,0.3202067347773382,0.16385166673454093,0.17597688333816858,0.08182182641334675,0.16034293922631287,ANN
S218,0.0917922696062821,0.1032788518346811,0.3017149832550544,0.15822097293880003,0.21607068110567973,0.1289222412594932,BiLSTM
S219,0.07823737939258622,0.20992797454817091,0.07641871745920932,0.05265491594341237,0.04545337464676938,0.5373076380098463,GRU
S220,0.16421836979956655,0.19848499178969314,0.09443771602250785,0.017448166046961505,0.08572918076312475,0.4396815755781456,GRU
S221,0.22438041220757876,0.13628249461772574,0.04749357548576088,0.055741348188350075,0.046980427941290086,0.4891217415592911,GRU
S222,0.06708453237960905,0.417242052831421,0.26569412729488295,0.047701152461552376,0.08819975639583917,0.1140783786367023,ANN
S223,0.06858955962101504,0.07549473405332476,0.05090054792479967,0.060705745660059277,0.05317613567454216,0.6911332770662639,GRU
S224,0.07865083060017114,0.10872370479303313,0.1931717992644404,0.10065210395155066,0.1066253617001754,0.4121761996906226,GRU
S225,0.18302521157688084,0.21746884540788597,0.12023955503737448,0.05908311210450312,0.09658967147265315,0.3235936044007025,GRU
S226,0.1562719656641216,0.09742741950329849,0.10318179658308682,0.1346495252779263,0.08359049438591305,0.42487879858565003,GRU
S227,0.10828575426116321,0.22900751424668672,0.173838677742188,0.11408574531508453,0.11294371906657093,0.2618385893683079,GRU
S228,0.1476690886342385,0.16862037651197204,0.11947639898600312,0.1281397104496478,0.10802588211359891,0.32806854330454627,GRU
S229,0.10356495295781595,0.3072416062260746,0.21071497969510766,0.10148303117218695,0.20527972935290761,0.0717157005958964,ANN
S230,0.10383539665334611,0.16106190800963707,0.10358842055059121,0.31684278397516946,0.10759426753366501,0.2070772232775929,LSTM
S231,0.1404808450461393,0.10519961803903126,0.2854975541761026,0.10089211032991419,0.16547434202981798,0.20245553037898503,BiLSTM
S232,0.29046503286063846,0.1174021727566003,0.13629149082479858,0.08910276876638389,0.24649679971153254,0.12024173508004347,1D-CNN
S233,0.18620119858642975,0.12804578777692233,0.13300727991315814,0.29150458100704324,0.15551422143995522,0.10572693127649123,LSTM
S234,0.15092658909406403,0.15804032374830052,0.17163699164715107,0.2406771024983543,0.14504104435893864,0.13367794865319133,LSTM
S235,0.14170031867456886,0.22791486583294532,0.11049360749304805,0.13706783011010742,0.09063228873286414,0.29219108915646536,GRU
S236,0.08296625818434532,0.22923216788897782,0.1150956291878725,0.23892297760416542,0.10270197947507123,0.23108098765956384,LSTM
S237,0.16148224139619205,0.20446094006289864,0.17203913664535725,0.20650670044682728,0.12129426959131062,0.13421671185741005,LSTM
S238,0.2129253038422976,0.18224153421508044,0.16862373276475137,0.14914958427544603,0.11552609235847805,0.171533752543946,1D-CNN
S239,0.06390444416440741,0.27616196510933266,0.35297737790658407,0.028065550805324562,0.1061284843164062,0.17276217769794516,BiLSTM
S240,0.5936274936728243,0.10545355909015955,0.02034072724729976,0.006629553463492964,0.0294995997050897,0.24444906682112935,1D-CNN
S241,0.24830167149644422,0.28071167739098674,0.1312607447947051,0.06356275585643142,0.1258755218104992,0.15028762865093176,ANN
S242,0.16875939309528626,0.15479189062439466,0.2578717883602329,0.18841969569342654,0.18027346898557,0.049883763241086926,BiLSTM
S243,0.45380404168486377,0.14651582951785663,0.054377415509291725,0.23297111446339033,0.0723087232722687,0.04002287555233026,1D-CNN
S244,0.08503011927783904,0.11087480643488096,0.4641691731739249,0.12000651579664423,0.17805998340479348,0.04185940191192637,BiLSTM
S245,0.2406569534067267,0.14944410005309203,0.11117002328538722,0.12931791968420675,0.16624216079479148,0.20316884277580244,1D-CNN
S246,0.1548465779928119,0.2330266258095345,0.13098514025843355,0.156298366774619,0.16860888131985588,0.15623440784474518,ANN
S247,0.18583163720938353,0.1644613474576351,0.14105712650482072,0.1898643921043857,0.15798267484634812,0.16080282187742934,LSTM
S248,0.10000318641640774,0.41575604936092825,0.08948637256617108,0.15401405816272068,0.11963051696890324,0.12110981652486187,ANN
S249,0.0587234277625208,0.19896749701027514,0.18304235286200615,0.20361918597738854,0.2653020876411185,0.09034544874668948,CNN-LSTM
S250,0.09815626211181103,0.13202231618155086,0.39521198185884665,0.14745044189332898,0.11636916727072785,0.11078983068373113,BiLSTM
S251,0.506078698876335,0.26836672708975406,0.06368624509654487,0.03367148403966569,0.05121821311005151,0.07697863178764795,1D-CNN
S252,0.2853137898800101,0.10511866347912352,0.11545803339329547,0.11420086912154483,0.15562884188230738,0.22427980224371857,1D-CNN
S253,0.07365657893078181,0.0999863750013124,0.22140470859421993,0.38924159117195706,0.15641180837987384,0.05929893792185442,LSTM
S254,0.13395237619795133,0.36355847491123267,0.12228138747105159,0.14666822488086825,0.08880244724612456,0.14473708929277707,ANN
S255,0.0431492567555717,0.2717171617973951,0.16342576007870616,0.15586743955704002,0.31634198301454214,0.04949839879674636,CNN-LSTM
S256,0.186686931415631,0.2350813059810897,0.08416395907834939,0.33127454269607426,0.13220623283015434,0.03058702799870252,LSTM
S257,0.13016965485294846,0.19251211903065474,0.2694659661635497,0.13303868823047665,0.11813711433706593,0.1566764573852977,BiLSTM
S258,0.2089694852372152,0.12081848177962083,0.1386607891928944,0.10512540119604975,0.2115119142897013,0.21491392830451825,GRU
S259,0.2489926432833028,0.1995481723580979,0.1011950248696877,0.1720815216597037,0.1843754180945507,0.09380721973466531,1D-CNN
S260,0.11949856625962264,0.16107594837263417,0.17009392947438215,0.3579877187401225,0.11906384504674034,0.07227999210649667,LSTM
S261,0.14056894258421943,0.08272978123232369,0.40891250370129506,0.11320143112977621,0.1371495944915037,0.11743774686088208,BiLSTM
S262,0.2170055712222922,0.1066999374463359,0.09487302234944339,0.09818701566608912,0.39900261197893816,0.0842318413369073,CNN-LSTM
S263,0.11239264897005544,0.07953066389192447,0.14693935334273392,0.14878442702129788,0.4221121176139697,0.09024078916001219,CNN-LSTM
S264,0.05829356665782719,0.1286707579040617,0.3175328422242414,0.1981202226961003,0.15104667831009067,0.14633593220768482,BiLSTM
S265,0.2300652757647252,0.1418804767608474,0.10281623147414905,0.11131803037373843,0.1578304318657959,0.256089553760736,GRU
S266,0.1715423156184908,0.21495027309354842,0.07639466900053897,0.16180767002876625,0.30946485961602654,0.06584021264262728,CNN-LSTM
S267,0.06366756344723196,0.16984006181693162,0.2516244152049284,0.29485149675385464,0.16760703208233782,0.052409430694715986,LSTM
S268,0.12857693547054325,0.08955887472760876,0.4185655137092926,0.10615733133206351,0.10113366029793604,0.1560076844625491,BiLSTM
S269,0.08866669003447665,0.2043618991340323,0.12472681697295179,0.15412406261567033,0.06923968522747213,0.35888084601539455,GRU
S270,0.10309884827883387,0.11022996935096323,0.12275250397582213,0.23934771963425483,0.10821271715465709,0.31635824160547016,GRU
S271,0.07163594200954465,0.3985757684482721,0.1251011979150584,0.20071990135951284,0.08742228669993424,0.11654490356767903,ANN
S272,0.048450264985981095,0.03696586902331213,0.3318746303249709,0.3420067095587115,0.14256926313555426,0.09813326297147927,LSTM
S273,0.21061263738398614,0.152085223205678,0.1607516779293186,0.12016614263286376,0.2825896909067818,0.07379462794137302,CNN-LSTM
S274,0.5287307720262396,0.31432929352456995,0.0354499289578159,0.035653244318103856,0.05720763965290697,0.02862912152036585,1D-CNN
S275,0.16256878843875572,0.19555026021230676,0.17948481521324236,0.11161280335648867,0.22521224617444568,0.12557108660475988,CNN-LSTM
S276,0.13490154409712493,0.1728811247091374,0.15090095847298246,0.16825722579306163,0.21913306395441426,0.15392608297327678,CNN-LSTM
S277,0.18216391245237187,0.1896683398215234,0.13780049047799187,0.18293071028677008,0.14307976036183037,0.16435678659951933,ANN
S278,0.13935169909575038,0.1482006334503144,0.20817352309542658,0.16072298196237464,0.14382191863938973,0.1997292437567429,BiLSTM
S279,0.2022229605600968,0.0860027830648549,0.18480059855352376,0.16225463452172456,0.12084420532808486,0.24387481797171054,GRU
S280,0.12089838815497958,0.030015605498018728,0.1496351354572146,0.27971368159752824,0.3623236580743485,0.05741353121791037,CNN-LSTM
S281,0.5875233776940424,0.23818735744626443,0.04853578784989676,0.040829915294935036,0.05215339523867871,0.032770166476189355,1D-CNN
S282,0.6277783715307041,0.174004789209118,0.034387586066477516,0.016461251330828465,0.11925974756120629,0.028108254301665164,1D-CNN
S283,0.17248673509676832,0.3438123372105817,0.06109916740996727,0.02430866902350315,0.2661775024987526,0.1321155887604252,ANN
S284,0.15448060644848868,0.16716787810351105,0.1228884589706481,0.14486446145415702,0.28695314341750755,0.12364545160567854,CNN-LSTM
S285,0.16182270132757526,0.1692937197315752,0.15977733009254785,0.2282436857751011,0.18749944542894398,0.09336311764425215,LSTM
S286,0.22535373553856272,0.2009241051668323,0.15420878746828512,0.16919447403475468,0.1363249996670546,0.11399389812451147,1D-CNN
S287,0.22747747495467868,0.2171335242002842,0.1429693597918005,0.1023316156580471,0.11591064856725229,0.19417737682793734,1D-CNN
S288,0.034962638411597205,0.03551748676697222,0.230212182206844,0.18144611680822437,0.15454735431829034,0.3633142214880708,GRU
S289,0.009709776204766,0.025143486491992165,0.6539491154779279,0.20687687456191237,0.04963122082037257,0.054689526443027936,BiLSTM
S290,0.2809193157333807,0.10796818198522898,0.13824532190555,0.2053256671669388,0.12462789815729672,0.14291361505160538,1D-CNN
S291,0.20206989577023216,0.53191674826724,0.06126141256312621,0.028246066859559344,0.11226475547184549,0.06424112106799665,ANN
S292,0.03444985683124308,0.04704374663401486,0.5674332673049256,0.06371016202584051,0.24945432275165835,0.03790864445231562,BiLSTM
S293,0.18741325342011933,0.04176103544268349,0.12144931992047626,0.07929965700569766,0.16316037522483395,0.4069163589861844,GRU
S294,0.2068635071855474,0.11278693407792334,0.1264730005612311,0.11706070061000579,0.3615661608292706,0.07524969673602759,CNN-LSTM
S295,0.14553839166059032,0.09849638470759269,0.08272135438440721,0.49166328060786274,0.11505265161646985,0.06652793702307387,LSTM
S296,0.12163511279762355,0.12446318148027512,0.5035550344680555,0.11883955485393058,0.09337876872967589,0.03812834767043361,BiLSTM
S297,0.20338881723436786,0.3491973992752488,0.12304252873831059,0.08885461103916933,0.1528163505606936,0.08270029315220492,ANN
S298,0.09498552222600415,0.17493797231282532,0.06690638233624482,0.09728029734392937,0.0823294623578789,0.4835603634231176,GRU
S299,0.14642581496373663,0.14105820828713697,0.18613197730970238,0.18053565639568928,0.168641279670531,0.1772070633732038,BiLSTM
S300,0.09119671743015971,0.15407126094485518,0.10760686903272222,0.25297020393400416,0.12474479595950783,0.2694101526987521,GRU
S301,0.029947178295845277,0.05097841973032949,0.1701052436412715,0.22283829492685667,0.45325001980030183,0.07288084360540396,CNN-LSTM
S302,0.1992650223161838,0.20372919293399572,0.29153617961406514,0.12133646991692536,0.09610930896539963,0.08802382625342998,BiLSTM
S303,0.7343207066273042,0.04364607979747445,0.05430174951954293,0.05501084309379876,0.05475911434588203,0.05796150661599722,1D-CNN
S304,0.3610233697746467,0.37718035277054807,0.025357028069271,0.018478530175314603,0.0827471243044473,0.13521359490575866,ANN
S305,0.020130903785445395,0.03424556500734146,0.22149071896630435,0.529562588661272,0.1657890328670883,0.02878119071254742,LSTM
S306,0.17053441434938665,0.17192485931151097,0.24633536072380413,0.13252031429407818,0.22022992141273268,0.058455129908487356,BiLSTM
S307,0.402941504166292,0.2342838191177813,0.06087059835095938,0.14927174563474677,0.10836273451265181,0.04426959821756984,1D-CNN
S308,0.13890517759953605,0.34617940310795836,0.20258726245833727,0.1809428072982838,0.08206219459407292,0.049323154941812754,ANN
S309,0.08877516400497124,0.15229477654162035,0.30807947351205045,0.10377684470804822,0.1125576827855923,0.23451605844772386,BiLSTM
