Segment,1D-CNN,ANN,GRU,Selected
S1,0.5354499048892023,0.11004654751813683,0.3545035475926548,1D-CNN
S2,0.3846324169170476,0.26094870759041405,0.35441887549253454,1D-CNN
S3,0.18340270363432856,0.6123234934066288,0.20427380295903805,ANN
S4,0.27899853790519985,0.47407318372895607,0.24692827836585007,ANN
S5,0.13385240644807553,0.46446590891890227,0.40168168463302045,ANN
S6,0.05982565859696922,0.47981834910357574,0.4603559922994517,ANN
S7,0.4188564286173824,0.25261984154107187,0.32852372984154665,1D-CNN
S8,0.315734572658972,0.5237525336359016,0.16051289370513114,ANN
S9,0.2520011740721427,0.4344215993006442,0.3135772266272131,ANN
S10,0.25329067497530117,0.2864672077250939,0.46024211729960435,GRU
S11,0.303120277781867,0.2954271415468524,0.4014525806712825,GRU
S12,0.2913006045563449,0.25059697088698113,0.4581024245566766,GRU
S13,0.17605451567606425,0.3106418172149062,0.5133036671090216,GRU
S14,0.22761826553785391,0.4893320921935386,0.2830496422686082,ANN
S15,0.32341213645905553,0.48980436932175503,0.18678349421919183,ANN
S16,0.16013365559223922,0.17405641643587397,0.6658099279718922,GRU
S17,0.24862881636272294,0.6593823456970835,0.09198883794019515,ANN
S18,0.6942636619159785,0.22946104231125583,0.07627529577277177,1D-CNN
S19,0.43171854860489517,0.45862588894538076,0.10965556244972575,ANN
S20,0.46896771838317436,0.4057428741334824,0.12528940748333695,1D-CNN
S21,0.2624924723369357,0.433578829272304,0.3039286983907583,ANN
S22,0.2931462849129811,0.2539831713166357,0.4528705437703829,GRU
S23,0.04735288655128373,0.19895642540702738,0.7536906880416894,GRU
S24,0.08074525123194401,0.7980638850519626,0.12119086371609056,ANN
S25,0.45005396268854686,0.1552348558461894,0.3947111814652596,1D-CNN
S26,0.1689920708118167,0.640383102620825,0.19062482656735286,ANN
S27,0.7145542341614917,0.117925325976017,0.16752043986249154,1D-CNN
S28,0.40856485883694155,0.17223637490797844,0.4191987662550814,GRU
S29,0.4630074241794342,0.33605941075004214,0.2009331650705262,1D-CNN
S30,0.628757074623976,0.26354344549523134,0.10769947988079055,1D-CNN
S31,0.25256201402296324,0.6756052358101878,0.07183275016684736,ANN
S32,0.2839052088610305,0.28854820735598635,0.42754658378298593,GRU
S33,0.418281766975291,0.13340247060641117,0.4483157624183063,GRU
S34,0.3493215041844974,0.2280169782430607,0.42266151757244114,GRU
S35,0.28558926004182517,0.3668536473795548,0.34755709257861633,ANN
S36,0.07704214661412226,0.7371021981026413,0.1858556552832304,ANN
S37,0.09333135905619573,0.6406275113930756,0.26604112955072684,ANN
S38,0.48222596415400915,0.45532800455766687,0.06244603128832308,1D-CNN
S39,0.43406712802066166,0.4428794157935877,0.12305345618575052,ANN
S40,0.3124827356631938,0.3581181306631445,0.3293991336736643,ANN
S41,0.37294130927281294,0.2935837411406832,0.3334749495865018,1D-CNN
S42,0.4289924447295216,0.3072091367204681,0.26379841855000474,1D-CNN
S43,0.384312912332894,0.3588368410144279,0.2568502466526781,1D-CNN
S44,0.4908543434692336,0.16390500938069683,0.34524064715006636,1D-CNN
S45,0.0952598475453568,0.08675417886710857,0.8179859735875319,GRU
S46,0.11308492355746765,0.8377552123288693,0.04915986411366112,ANN
S47,0.10104375468263359,0.32523444387792805,0.5737218014394381,GRU
S48,0.2790477739500844,0.09194048237865411,0.6290117436712667,GRU
S49,0.28105815395337097,0.49554351565366755,0.2233983303929564,ANN
S50,0.7617193127283658,0.19677928987655136,0.041501397395080526,1D-CNN
S51,0.1009310730383254,0.8349561816954941,0.06411274526617666,ANN
S52,0.42833706607006566,0.41948923158536594,0.15217370234456792,1D-CNN
S53,0.3271124217842313,0.5330443945947029,0.1398431836210724,ANN
S54,0.8423221726695567,0.10273529578333318,0.05494253154710808,1D-CNN
S55,0.21335291437765258,0.42438720321737144,0.3622598824049736,ANN
S56,0.0437733442406247,0.06761695534887426,0.8886097004104977,GRU
S57,0.1732744483908449,0.17555223563458608,0.6511733159745683,GRU
S58,0.09099409096877874,0.5063908269885316,0.4026150820426954,ANN
S59,0.18376615689005998,0.3774627817135321,0.43877106139640865,GRU
S60,0.26776663639077203,0.42393982910587297,0.30829353450335356,ANN
S61,0.4775871979997783,0.3959811941338933,0.12643160786632465,1D-CNN
S62,0.3235286099285231,0.32828266469024125,0.34818872538124246,GRU
S63,0.24090133705027067,0.3090289132378565,0.45006974971187663,GRU
S64,0.2540027304909315,0.2464933819162499,0.49950388759281744,GRU
S65,0.2253160559545326,0.11916010315518273,0.6555238408902841,GRU
S66,0.34510199814384335,0.3066508108774173,0.34824719097873896,GRU
S67,0.5554425543031095,0.3264118097326291,0.11814563596426081,1D-CNN
S68,0.27361307332771234,0.4912792796113201,0.2351076470609663,ANN
S69,0.2542017107814215,0.569460808418845,0.17633748079972825,ANN
S70,0.3448425825126588,0.545365648376717,0.10979176911062359,ANN
S71,0.4167841175620718,0.4363822834305155,0.14683359900740764,ANN
S72,0.05718850609862156,0.9353981259577347,0.007413367943643389,ANN
S73,0.03655703757866081,0.0863398031580633,0.8771031592632759,GRU
S74,0.2137543699538425,0.35365559443919714,0.43259003560696613,GRU
S75,0.1636417603686761,0.6679419123832371,0.16841632724809222,ANN
S76,0.20099338152173427,0.5029908693114281,0.29601574916683715,ANN
S77,0.3959249637838615,0.1299050672617014,0.4741699689544366,GRU
S78,0.6270153844737048,0.24879292516727716,0.12419169035901442,1D-CNN
S79,0.5097551748835757,0.3226292421420131,0.16761558297441118,1D-CNN
S80,0.3501898199382809,0.5059381853736525,0.14387199468806994,ANN
S81,0.3796565548115322,0.30234161142519234,0.31800183376328073,1D-CNN
S82,0.09675762669663261,0.60279096452476,0.3004514087786132,ANN
S83,0.21598995167213617,0.2637816367952537,0.5202284115326075,GRU
S84,0.05032663805946984,0.48132960369489525,0.468343758245634,ANN
S85,0.15029471167450908,0.058620570060114834,0.7910847182653761,GRU
S86,0.1595315204006212,0.23046380305120537,0.6100046765481669,GRU
S87,0.336374701496979,0.3418041393769413,0.32182115912607784,ANN
S88,0.6609729202455544,0.08007093393043731,0.25895614582400506,1D-CNN
S89,0.8390526733178272,0.06003544320835442,0.10091188347381584,1D-CNN
S90,0.4532564544272709,0.3264198417200023,0.22032370385272693,1D-CNN
S91,0.09840970565288311,0.8453716851704552,0.056218609176663985,ANN
S92,0.29902138066196793,0.5801640980418887,0.12081452129614872,ANN
S93,0.29687741401271023,0.4819098058500601,0.22121278013722737,ANN
S94,0.33294626132637645,0.4350522515736128,0.23200148710000726,ANN
S95,0.05808951354589978,0.038885295986842254,0.9030251904672576,GRU
S96,0.030300949614095275,0.04323290919587359,0.926466141190031,GRU
S97,0.3094440081590803,0.23887876366772234,0.4516772281731979,GRU
S98,0.3153743414713234,0.5609516408356832,0.12367401769298998,ANN
S99,0.2442072678154888,0.7146856515919202,0.041107080592590606,ANN
S100,0.7237335977986643,0.03516378653030122,0.24110261567103053,1D-CNN
S101,0.16425177366511873,0.10643034752136837,0.7293178788135156,GRU
S102,0.3019131190720992,0.4460597286106823,0.25202715231721584,ANN
S103,0.2701035775204836,0.32025925810045025,0.4096371643790655,GRU
S104,0.01076506237109552,0.019418043511067937,0.9698168941178364,GRU
S105,0.04669656794386685,0.05257851897118056,0.9007249130849474,GRU
S106,0.020812333319882814,0.00455543499801843,0.9746322316820987,GRU
S107,0.0038766730674047447,0.013763990910618893,0.9823593360219763,GRU
S108,0.050899308036986377,0.09250005064316941,0.8566006413198463,GRU
S109,0.5496651198092655,0.09769239053864583,0.3526424896520943,1D-CNN
S110,0.24284410870307205,0.5586220772528001,0.19853381404412604,ANN
S111,0.2103470919913651,0.2825373876248111,0.5071155203838236,GRU
S112,0.08116527105741672,0.2281307117596779,0.6907040171829021,GRU
S113,0.21670013605515281,0.24808535223575376,0.5352145117090935,GRU
S114,0.20518341591313807,0.1896298865805133,0.6051866975063483,GRU
S115,0.15697097576364782,0.536217063807922,0.30681196042843223,ANN
S116,0.12854448382709366,0.5913287600926675,0.28012675608024057,ANN
S117,0.21386637500893424,0.5240684579000169,0.262065167091047,ANN
S118,0.8262215074588084,0.08561460651999443,0.08816388602119676,1D-CNN
S119,0.35253901765800655,0.565310277279795,0.08215070506220065,ANN
S120,0.39212042386249474,0.2857361973027953,0.32214337883471716,1D-CNN
S121,0.6790883918718761,0.2203427574920455,0.10056885063608312,1D-CNN
S122,0.634803310113199,0.25888648682174303,0.10631020306505731,1D-CNN
S123,0.33995641916089536,0.6175611292218611,0.042482451617243504,ANN
S124,0.31595085844280335,0.2924642263200531,0.3915849152371425,GRU
S125,0.19692251795725574,0.16978549176830296,0.6332919902744366,GRU
S126,0.3593085799381554,0.25583372900552953,0.38485769105631085,GRU
S127,0.22761525906270644,0.4315542631108767,0.3408304778264235,ANN
S128,0.20759543493132013,0.5577968077906414,0.23460775727803926,ANN
S129,0.35046992815646666,0.3375588398379264,0.3119712320056062,1D-CNN
S130,0.8570311323959782,0.1160952664825246,0.026873601121496893,1D-CNN
S131,0.8303843902821357,0.06797068022241685,0.10164492949545324,1D-CNN
S132,0.13766940106846998,0.7351174086887545,0.12721319024277777,ANN
S133,0.3727548855426913,0.4449684386684972,0.18227667578880918,ANN
S134,0.5383263859732457,0.3387296886076676,0.12294392541909165,1D-CNN
S135,0.24708662856999872,0.34632796463874854,0.4065854067912576,GRU
S136,0.5191436052389818,0.2545102740288901,0.22634612073212754,1D-CNN
S137,0.05441989727917911,0.08870941692136458,0.8568706857994534,GRU
S138,0.1259177799916598,0.5614611422082899,0.31262107780004866,ANN
S139,0.1795988783113181,0.1977811494993622,0.6226199721893204,GRU
S140,0.1900415196029778,0.13588351446128868,0.6740749659357301,GRU
S141,0.19671925309915272,0.599682282355043,0.20359846454579808,ANN
S142,0.4208119333548412,0.2993463559527564,0.27984171069239894,1D-CNN
S143,0.1882390319318612,0.634799913878821,0.17696105418932417,ANN
S144,0.5037625719432322,0.11839895166597875,0.3778384763907867,1D-CNN
S145,0.5295145928938993,0.3491324773649975,0.12135292974110336,1D-CNN
S146,0.29914460270637744,0.6075943597803724,0.09326103751325146,ANN
S147,0.7851212024107072,0.02242222437138805,0.19245657321790532,1D-CNN
S148,0.39207852034921387,0.3817414488688257,0.22618003078195856,1D-CNN
S149,0.05206837070635466,0.08265836528647785,0.865273264007169,GRU
S150,0.1278209486269684,0.16172295920475946,0.7104560921682774,GRU
S151,0.24232907135564674,0.18483174796415536,0.5728391806802036,GRU
S152,0.0944880167897761,0.7983238650027767,0.1071881182074539,ANN
S153,0.3099988260271993,0.4989974421413266,0.19100373183147043,ANN
S154,0.421181074235246,0.40726690208861405,0.1715520236761419,1D-CNN
S155,0.3623468024902433,0.18457633892228079,0.4530768585874727,GRU
S156,0.4410710871265834,0.23902893937559697,0.3198999734978164,1D-CNN
S157,0.45724004084990627,0.2721908488235233,0.2705691103265689,1D-CNN
S158,0.19811923565552486,0.5670385904724861,0.234842173871987,ANN
S159,0.08581630882954021,0.7359500709488267,0.17823362022162617,ANN
S160,0.2502848059414832,0.3984184390535539,0.3512967550049647,ANN
S161,0.33572588376657003,0.4210316227073392,0.2432424935260947,ANN
S162,0.6849014648220355,0.1757480150945188,0.1393505200834445,1D-CNN
S163,0.5271492020572108,0.13298494717399997,0.33986585076878756,1D-CNN
S164,0.3570789919131328,0.44611910426228324,0.19680190382459112,ANN
S165,0.018530999811840226,0.9715873905495778,0.00988160963858117,ANN
S166,0.25337954540566887,0.1666464176250194,0.5799740369693117,GRU
S167,0.5040836177839632,0.21748319665727822,0.27843318555875923,1D-CNN
S168,0.669173121395131,0.22872175117019883,0.10210512743467683,1D-CNN
S169,0.6170474092624496,0.2756413972271533,0.10731119351039718,1D-CNN
S170,0.5433473947617021,0.32162306244809546,0.1350295427902056,1D-CNN
S171,0.8773722605832209,0.08504605857970135,0.0375816808370766,1D-CNN
S172,0.03357421989960975,0.06330133502058187,0.9031244450798079,GRU
S173,0.016879891646723908,0.7648876331626262,0.21823247519064912,ANN
S174,0.04505708632917478,0.15507927784769485,0.7998636358231292,GRU
S175,0.04655305200517626,0.6480737545201419,0.3053731934746819,ANN
S176,0.03843970127098884,0.7155367212799294,0.24602357744908154,ANN
S177,0.20889612322721857,0.2847994179957921,0.506304458776988,GRU
S178,0.22066223047491024,0.4445750890860194,0.33476268043906515,ANN
S179,0.72316954156061,0.09309248567956148,0.18373797275983195,1D-CNN
S180,0.33375106464042403,0.13961938947405503,0.5266295458855234,GRU
S181,0.291174400060675,0.27549888855211957,0.4333267113872015,GRU
S182,0.10629746612255862,0.05864831163060162,0.8350542222468395,GRU
S183,0.04216448405787983,0.02875655382338714,0.9290789621187331,GRU
S184,0.18101532688988653,0.13642737617802775,0.6825572969320799,GRU
S185,0.2307625853478347,0.036015773253312525,0.7332216413988477,GRU
S186,0.29127111327187805,0.2211732009433999,0.48755568578473063,GRU
S187,0.30568186911917067,0.4947884786105236,0.19952965227030436,ANN
S188,0.5051471621110502,0.34420792675541795,0.15064491113353815,1D-CNN
S189,0.5070047634160801,0.30037421655997854,0.19262102002394266,1D-CNN
S190,0.30212552524553454,0.4383367779546274,0.25953769679983935,ANN
S191,0.46443303552559667,0.23246742888176133,0.303099535592642,1D-CNN
S192,0.1751908033710991,0.4789374472957575,0.34587174933313747,ANN
S193,0.03555073827472779,0.43126732390644223,0.5331819378188299,GRU
S194,0.05317736257784342,0.15710665853233974,0.7897159788898152,GRU
S195,0.2912492729038956,0.49357377666589636,0.21517695043020926,ANN
S196,0.17992737028620842,0.5453817871785449,0.2746908425352493,ANN
S197,0.13527294589780411,0.6108441020142208,0.2538829520879749,ANN
S198,0.16947162386348213,0.13660464109063097,0.693923735045884,GRU
S199,0.24173847888107478,0.20454698575907357,0.5537145353598502,GRU
S200,0.33475908039216273,0.2891048489281973,0.37613607067963917,GRU
S201,0.2987561121817829,0.20411740292736905,0.4971264848908473,GRU
S202,0.2501656760624379,0.3969616646128638,0.3528726593247051,ANN
S203,0.2877822712049966,0.35966380848695395,0.35255392030805344,ANN
S204,0.1345687535621373,0.3474110150005211,0.5180202314373401,GRU
S205,0.3714704426201794,0.2782380984217084,0.3502914589581129,1D-CNN
S206,0.38845986597319754,0.3331130268073296,0.2784271072194728,1D-CNN
S207,0.33558017982562094,0.46489417726065063,0.19952564291372826,ANN
S208,0.048747166049907815,0.7278599518630979,0.22339288208699296,ANN
S209,0.2006179539881488,0.19606168352410447,0.6033203624877459,GRU
S210,0.3515716255432762,0.5164377445784295,0.1319906298782944,ANN
S211,0.7092012915870061,0.13727152465061676,0.15352718376237776,1D-CNN
S212,0.11838220109968911,0.8569370722158067,0.024680726684505085,ANN
S213,0.07049283499769646,0.040769265674934496,0.8887378993273708,GRU
S214,0.19423761354966368,0.16883009300935925,0.6369322934409759,GRU
S215,0.2820075831116121,0.2901894705781058,0.42780294631028204,GRU
S216,0.1842739022683859,0.3786897040628595,0.43703639366876307,GRU
S217,0.14347146282526435,0.5772953818288746,0.27923315534585996,ANN
S218,0.21876681058721184,0.3281640622519788,0.45306912716080794,GRU
S219,0.06508340272496323,0.24079752619356107,0.6941190710814785,GRU
S220,0.15233021693669777,0.17494780744594046,0.672721975617363,GRU
S221,0.24617280237547035,0.14671970822716243,0.6071074893973674,GRU
S222,0.09457528212891582,0.7664584503238249,0.13896626754725544,ANN
S223,0.044261952916375184,0.06188633333887356,0.8938517137447554,GRU
S224,0.09234098533442954,0.1452154340304787,0.7624435806350883,GRU
S225,0.2250934124231452,0.27822778305903845,0.49667880451781593,GRU
S226,0.1820456857957871,0.1129993571932564,0.7049549570109519,GRU
S227,0.14569348088721004,0.3960047405089373,0.45830177860385907,GRU
S228,0.17979397249800802,0.20359630437656384,0.6166097231254247,GRU
S229,0.18792436558141654,0.6654353519323759,0.14664028248620625,ANN
S230,0.21429127430140604,0.34774504283182606,0.43796368286676784,GRU
S231,0.2946845800498725,0.228832849478377,0.4764825704717503,GRU
S232,0.5692967462046903,0.2174186340431623,0.21328461975214752,1D-CNN
S233,0.46016722528013826,0.2999127597652555,0.23992001495460544,1D-CNN
S234,0.329472992905376,0.3668782862442803,0.30364872085035105,ANN
S235,0.19550797634793202,0.2766528929839962,0.5278391306680726,GRU
S236,0.13198565115890262,0.46100952874162165,0.4070048200994721,ANN
S237,0.3216513662949697,0.423989036950888,0.2543595967541423,ANN
S238,0.4197900088976596,0.25218694277485587,0.328023048327487,1D-CNN
S239,0.09536433367210523,0.567989671233432,0.33664599509446336,ANN
S240,0.6494207790415755,0.09702778239477694,0.2535514385636427,1D-CNN
S241,0.3408523339484342,0.40663384279921927,0.25251382325234556,ANN
S242,0.4630186414591688,0.440372803653382,0.09660855488745473,1D-CNN
S243,0.6931927281916953,0.24041215083748013,0.06639512097082466,1D-CNN
S244,0.35541260570712113,0.48181474745840785,0.16277264683447076,ANN
S245,0.43168861335330766,0.26075450869717265,0.30755687794952175,1D-CNN
S246,0.2760160658981831,0.4461086843127076,0.2778752497891088,ANN
S247,0.372745202252809,0.3200640835409048,0.3071907142062857,1D-CNN
S248,0.14082193932735954,0.6863822863303772,0.17279577434226068,ANN
S249,0.14980775312672895,0.59761096387836,0.25258128299491095,ANN
S250,0.2751287159034309,0.38631671498407943,0.3385545691124842,ANN
S251,0.6135594930854675,0.29934469656242596,0.08709581035211152,1D-CNN
S252,0.48733077454754536,0.14914228105702243,0.36352694439543237,1D-CNN
S253,0.30428498729081566,0.45327061694879167,0.2424443957603882,ANN
S254,0.20011344133836748,0.5701352538744449,0.22975130478718916,ANN
S255,0.1016273086378192,0.7427140165636787,0.155658674798504,ANN
S256,0.41837213668933426,0.5194725693633863,0.062155293947280046,ANN
S257,0.26046551647856614,0.4015264817342154,0.33800800178721396,ANN
S258,0.34837644845738885,0.22052009367893538,0.43110345786366705,GRU
S259,0.47571051755176075,0.3613423360084365,0.1629471464398028,1D-CNN
S260,0.3424505676794454,0.4858305363391065,0.17171889598144657,ANN
S261,0.4170915457654508,0.2035419067960925,0.3793665474384625,1D-CNN
S262,0.5337237761976374,0.26015904614855623,0.20611717765380566,1D-CNN
S263,0.3865208719887798,0.22714276634435124,0.38633636166687507,1D-CNN
S264,0.14600360416057026,0.40666964118370397,0.4473267546557218,GRU
S265,0.37960495383335124,0.18823452307954863,0.43216052308710645,GRU
S266,0.3777354894132825,0.48341209888475556,0.13885241170196144,ANN
S267,0.2116849340145394,0.622232761236898,0.16608230474856822,ANN
S268,0.3333249015873384,0.20352216008496649,0.46315293832769217,GRU
S269,0.13050090625000849,0.30945191418343476,0.5600471795665565,GRU
S270,0.17353280482703173,0.1856252062018644,0.6408419889711058,GRU
S271,0.10986158728128047,0.6949205918103314,0.19521782090838713,ANN
S272,0.21087255544107258,0.13289506417979033,0.6562323803791328,GRU
S273,0.4897151894318839,0.3385342892427619,0.171750521325354,1D-CNN
S274,0.6213742175363844,0.34941221546206697,0.029213567001548146,1D-CNN
S275,0.35082976561405366,0.3991409257543833,0.25002930863156286,ANN
S276,0.27531111733248376,0.4031928649399105,0.32149601772760333,ANN
S277,0.33810241485685794,0.36037731117346383,0.30152027396967296,ANN
S278,0.266414113226326,0.28824339175686464,0.4453424950168092,GRU
S279,0.3270788661330435,0.0967413235233319,0.5761798103436246,GRU
S280,0.5567761242175295,0.13570251577976988,0.30752136000270036,1D-CNN
S281,0.7183270713546267,0.25832959005813,0.023343338587243342,1D-CNN
S282,0.7899477348800322,0.18191983644761628,0.028132428672348248,1D-CNN
S283,0.2672457572121427,0.5438401615913625,0.18891408119649747,ANN
S284,0.3609688441485406,0.40893752402544464,0.23009363182601533,ANN
S285,0.38565450918013594,0.429852807596096,0.18449268322376763,ANN
S286,0.4257693520747663,0.38422235795786436,0.19000828996737154,1D-CNN
S287,0.3595697410326306,0.350179596192164,0.29025066277520334,1D-CNN
S288,0.04692463971686029,0.047913820408458915,0.9051615398746803,GRU
S289,0.07205182880250081,0.21402083997366886,0.7139273312238305,GRU
S290,0.4698488274972096,0.1914099539956459,0.3387412185071414,1D-CNN
S291,0.2503544132846306,0.679348188186242,0.07029739852912743,ANN
S292,0.2889020306029076,0.4054455877864846,0.3056523816106158,ANN
S293,0.2942943075891889,0.05110411953819992,0.6546015728726113,GRU
S294,0.5525708115911662,0.27111636887197654,0.1763128195368596,1D-CNN
S295,0.48139128329786995,0.3173544759677761,0.20125424073434806,1D-CNN
S296,0.4232875578228891,0.47575284520643624,0.10095959697067178,ANN
S297,0.33237820950293373,0.5627466882869911,0.10487510221008069,ANN
S298,0.12605878105663604,0.25873585376178615,0.6152053651815785,GRU
S299,0.3200936045828403,0.2999842433076234,0.37992215210953645,GRU
S300,0.1746631181147885,0.22749349950180864,0.5978433823833991,GRU
S301,0.1514296911728652,0.27966987636471125,0.5689004324624231,GRU
S302,0.41875131705321156,0.4252068976866082,0.15604178526017795,ANN
S303,0.9043410385398721,0.0391234981525525,0.056535463307575945,1D-CNN
S304,0.48580810985521344,0.3738375846178758,0.14035430552691158,1D-CNN
S305,0.21116732562676707,0.44396404526556127,0.3448686291076722,ANN
S306,0.3906595078752987,0.5164662204849292,0.09287427163977288,ANN
S307,0.6194686011052454,0.338330959994316,0.0422004389004402,1D-CNN
S308,0.22732204752838983,0.7150970277698854,0.05758092470172648,ANN
S309,0.17905339178339683,0.29630008861737067,0.5246465195992306,GRU
S310,0.02756997060543745,0.12154337588254867,0.8508866535120139,GRU
S311,0.27283934702899876,0.19436766320797497,0.5327929897630234,GRU
S312,0.10002108291189192,0.15333477350012545,0.7466441435879826,GRU
S313,0.012856151679946233,0.0419618583263034,0.9451819899937515,GRU
S314,0.27090035238660165,0.2740829388284259,0.45501670878497175,GRU
S315,0.14324753848067054,0.5393549029564334,0.31739755856289514,ANN
S316,0.302623629687648,0.34893827964347623,0.34843809066887516,ANN
S317,0.10441883627777293,0.0763839616331986,0.8191972020890284,GRU
S318,0.05108250182821929,0.9123832524728069,0.03653424569897468,ANN
S319,0.5283434779090098,0.38264915572340535,0.0890073663675904,1D-CNN
S320,0.31218446162633934,0.65198601865138,0.035829519722280746,ANN
S321,0.3573601367982682,0.5176607071537814,0.12497915604795018,ANN
S322,0.4875348142117361,0.13356400715570002,0.37890117863256373,1D-CNN
S323,0.5541538757515546,0.3269682111985878,0.11887791304985691,1D-CNN
S324,0.07592358716431244,0.851958831340162,0.07211758149552289,ANN
S325,0.11832415300476147,0.08794675201791097,0.7937290949773329,GRU
S326,0.10890780390454595,0.5180242930388799,0.3730679030565687,ANN
S327,0.477745492739438,0.21324924215816396,0.30900526510240334,1D-CNN
S328,0.1864280313845516,0.6670606761092854,0.14651129250616002,ANN
S329,0.4559289235005071,0.2711548435942737,0.2729162329052145,1D-CNN
S330,0.6885238743488159,0.10915925135657013,0.20231687429461365,1D-CNN
S331,0.4193663019042286,0.27258883617888535,0.3080448619168852,1D-CNN
S332,0.20966614379094056,0.5460745087594133,0.24425934744964686,ANN
S333,0.09280868372633508,0.8552339910128753,0.05195732526078848,ANN
S334,0.15696989550341897,0.20664524169264833,0.6363848628039309,GRU
S335,0.8061673864101585,0.061237490649184184,0.13259512294065615,1D-CNN
S336,0.05770464652487324,0.07385214924851065,0.8684432042266187,GRU
S337,0.2919508306457942,0.06408465067292612,0.6439645186812792,GRU
S338,0.4952067960756044,0.32036511956959995,0.18442808435479283,1D-CNN
S339,0.5160631807408871,0.2855772315048212,0.19835958775429127,1D-CNN
S340,0.21596196120936303,0.5220691111618263,0.2619689276288119,ANN
S341,0.07470189146681558,0.05391643713055993,0.8713816714026233,GRU
S342,0.27862103103713864,0.2306254126237709,0.49075355633908835,GRU
S343,0.29489060189842903,0.42262003878534893,0.2824893593162187,ANN
S344,0.35020371066964073,0.513332025619965,0.13646426371039488,ANN
S345,0.16469115630699466,0.7526684746631334,0.08264036902987268,ANN
S346,0.6000829889012046,0.23031028046073104,0.1696067306380643,1D-CNN
S347,0.5970319498696383,0.21031394758928354,0.192654102541074,1D-CNN
S348,0.17314643654621883,0.5830681424041864,0.24378542104959466,ANN
S349,0.2782483907319646,0.39464545513098376,0.3271061541370495,ANN
S350,0.36891356716540247,0.2988745151192041,0.3322119177153875,1D-CNN
S351,0.5266053405537263,0.41154824788600414,0.06184641156027143,1D-CNN
S352,0.262244938535957,0.5985569373354122,0.1391981241286328,ANN
S353,0.3766613932176094,0.2832040557435573,0.34013455103883045,1D-CNN
S354,0.34285980365119745,0.2024449494852187,0.4546952468635839,GRU
S355,0.16641036844808438,0.5779831632864342,0.2556064682654815,ANN
S356,0.006826816959436049,0.9838867534557834,0.009286429584779472,ANN
S357,0.03409055762970413,0.02994275123791442,0.9359666911323823,GRU
S358,0.016683632657966914,0.7373815052508785,0.2459348620911516,ANN
S359,0.8295574485460608,0.06313861879287527,0.10730393266106332,1D-CNN
S360,0.06568548830645989,0.734792987140385,0.19952152455315494,ANN
S361,0.18895179889933902,0.36112363229314365,0.4499245688075167,GRU
S362,0.031430850312463315,0.11266447998710753,0.855904669700429,GRU
S363,0.03298984878018189,0.04960771417447093,0.9174024370453469,GRU
S364,0.3010539378162281,0.18981719549242315,0.5091288666913477,GRU
S365,0.5732330989968643,0.1527597372868465,0.27400716371629597,1D-CNN
S366,0.47628434403640907,0.22220924283653778,0.3015064131270481,1D-CNN
S367,0.19191010789623406,0.5713834681447008,0.23670642395906086,ANN
S368,0.433151483967846,0.41690096711574165,0.14994754891641246,1D-CNN
S369,0.3357375649378965,0.5628131214914498,0.10144931357065558,ANN
S370,0.5932297846201389,0.3638223574736847,0.042947857906175384,1D-CNN
S371,0.12863595928201266,0.02285972382886747,0.8485043168891208,GRU
S372,0.09574382519202858,0.1772856551907147,0.7269705196172556,GRU
S373,0.08819019557231417,0.028406415935251707,0.883403388492434,GRU
S374,0.11531615089197397,0.19690749227946505,0.6877763568285606,GRU
S375,0.2782657766119987,0.46630553948646913,0.2554286839015362,ANN
S376,0.3089903178414625,0.17044488506397704,0.520564797094561,GRU
S377,0.26646139451286915,0.42715315075942467,0.3063854547277108,ANN
S378,0.3367195776353627,0.1990782587314433,0.46420216363319317,GRU
S379,0.45883236809311356,0.2293046966860887,0.3118629352207962,1D-CNN
S380,0.3866504958352309,0.3465700163177817,0.26677948784699457,1D-CNN
S381,0.07385265429035329,0.09016131138361691,0.8359860343260308,GRU
S382,0.08498380020521754,0.05272998102636627,0.8622862187684142,GRU
S383,0.1898217618572116,0.2986558167283905,0.5115224214143956,GRU
S384,0.3297895242289464,0.13232256882713864,0.5378879069439195,GRU
S385,0.23574594968826726,0.21847379645734974,0.5457802538543782,GRU
S386,0.10282227838022574,0.4005122991519333,0.49666542246784656,GRU
S387,0.11931121132985875,0.19531859543446864,0.6853701932356727,GRU
S388,0.5370448257906592,0.3797981229848953,0.08315705122444926,1D-CNN
S389,0.7476433283416806,0.208506453201278,0.04385021845704316,1D-CNN
S390,0.5057507973004651,0.28789483104895597,0.20635437165057863,1D-CNN
S391,0.5914737628033816,0.3440217920450968,0.06450444515152452,1D-CNN
S392,0.4374341083075861,0.365411323174826,0.19715456851759458,1D-CNN
S393,0.26514649025311504,0.4580601597720343,0.2767933499748498,ANN
S394,0.18471595015601192,0.19457249610977467,0.6207115537342126,GRU
S395,0.12121559662340757,0.19878331012780046,0.680001093248792,GRU
S396,0.2541445993034696,0.32281366059129885,0.4230417401052259,GRU
S397,0.21880118904517007,0.3267467049066517,0.45445210604817565,GRU
S398,0.12537939889644634,0.7190959145584994,0.15552468654505427,ANN
S399,0.09757630933851062,0.8701548225159349,0.03226886814555199,ANN
S400,0.1573520432416344,0.15850337937682868,0.6841445773815338,GRU
S401,0.33233795539862354,0.3560978961623411,0.3115641484390374,ANN
S402,0.37999959149267315,0.3053398868202589,0.3146605216870675,1D-CNN
S403,0.3492301595718488,0.2833671633029544,0.36740267712519037,GRU
S404,0.1923060965307881,0.2937325306775004,0.5139613727917098,GRU
S405,0.06166919488905286,0.3165873467814882,0.6217434583294597,GRU
S406,0.33508710300908207,0.600521161624177,0.06439173536674683,ANN
S407,0.22679871465142942,0.33373077009594865,0.43947051525262115,GRU
S408,0.11123025974157516,0.23901167063762382,0.6497580696208001,GRU
S409,0.03130529142622409,0.06398973212435129,0.9047049764494246,GRU
S410,0.1055157838125291,0.320019375757163,0.5744648404303087,GRU
S411,0.19159891028492743,0.32863146741047783,0.4797696223045947,GRU
S412,0.23564857671147982,0.3670638116636822,0.39728761162483156,GRU
S413,0.18380979318048155,0.266134318261717,0.5500558885578015,GRU
S414,0.10416091654808092,0.6242610599792183,0.2715780234727002,ANN
S415,0.08296512376545642,0.1961724122330871,0.7208624640014633,GRU
S416,0.2463662081816171,0.6622395240895591,0.0913942677288261,ANN
S417,0.5064360727062558,0.18137271851138237,0.31219120878236384,1D-CNN
S418,0.4117968224510819,0.27610851204344605,0.3120946655054688,1D-CNN
S419,0.4430868858864332,0.29937030436392076,0.257542809749645,1D-CNN
S420,0.15173285074814186,0.5117419793582396,0.33652516989361086,ANN
S421,0.12342041959969151,0.5126173208655043,0.3639622595348023,ANN
S422,0.41527694816776933,0.2600789853107742,0.32464406652145644,1D-CNN
S423,0.00993384454784512,0.9304894230346235,0.05957673241753463,ANN
S424,0.2635807800758045,0.4997039610839676,0.23671525884022548,ANN
S425,0.09202668980625638,0.5879735483486057,0.3199997618451374,ANN
S426,0.2599334689971515,0.5590503070537786,0.18101622394906988,ANN
S427,0.8850449295616566,0.07194862811800519,0.043006442320340774,1D-CNN
S428,0.7303573314261484,0.16086309276487615,0.10877957580897481,1D-CNN
S429,0.5142312541422177,0.2921012428671183,0.19366750299066401,1D-CNN
S430,0.4584956290119198,0.2242983989693274,0.31720597201875156,1D-CNN
S431,0.357424728285114,0.5534442520270528,0.08913101968783053,ANN
S432,0.06792237668225017,0.8725992708891848,0.05947835242856969,ANN
S433,0.3746649413785409,0.35713406829457645,0.2682009903268772,1D-CNN
S434,0.7830732846573204,0.12435054141730602,0.09257617392537427,1D-CNN
S435,0.38745820120479163,0.4554975916391741,0.15704420715603398,ANN
S436,0.3065252726131119,0.37407102136899484,0.3194037060178899,ANN
S437,0.4350922896711211,0.2535749112521006,0.3113327990767781,1D-CNN
S438,0.2212136734155738,0.12450868144817852,0.6542776451362515,GRU
S439,0.09596849823003115,0.3437442272826249,0.5602872744873459,GRU
S440,0.37914658455580824,0.36851179272311374,0.25234162272107674,1D-CNN
S441,0.20342079149110892,0.2254076781867412,0.5711715303221536,GRU
S442,0.3994865885938676,0.29749757542506633,0.3030158359810769,1D-CNN
S443,0.3559701917685891,0.4752518912282723,0.16877791700313452,ANN
S444,0.30847310291556723,0.3044160847424312,0.3871108123420015,GRU
S445,0.3053064855738545,0.318658843471211,0.37603467095493726,GRU
S446,0.2789062399943392,0.6014889160834327,0.11960484392222888,ANN
S447,0.23483012060561106,0.3711169979198891,0.3940528814744941,GRU
S448,0.29987482423321077,0.38935404943953694,0.310771126327251,ANN
S449,0.372425972913984,0.33717765266277466,0.2903963744232445,1D-CNN
S450,0.478976265296876,0.29118772542994875,0.2298360092731712,1D-CNN
S451,0.11717748083319487,0.03800137016342876,0.844821149003375,GRU
S452,0.038990039042307016,0.012355887995089295,0.9486540729626026,GRU
S453,0.13803639025096942,0.08372446248740421,0.778239147261626,GRU
S454,0.47019514032480064,0.06713923782605162,0.4626656218491477,1D-CNN
S455,0.06128297189555161,0.3465427565041202,0.5921742716003279,GRU
S456,0.11852800323325656,0.7661964731733507,0.11527552359339287,ANN
S457,0.05640458636348546,0.11358578612272316,0.8300096275137882,GRU
S458,0.029120235375892974,0.026739976953601273,0.9441397876705072,GRU
S459,0.03602995422486584,0.08113779732118884,0.8828322484539438,GRU
S460,0.3982543185404343,0.46961298122055184,0.1321327002390134,ANN
S461,0.23834954917530227,0.2242622729367697,0.5373881778879263,GRU
S462,0.19084342749318184,0.19355550109524156,0.6156010714115783,GRU
S463,0.3173412619863149,0.20345241049307516,0.4792063275206165,GRU
S464,0.27112739168342226,0.35674373057161607,0.37212887774495507,GRU
S465,0.24334388801854057,0.49494111649209943,0.261714995489362,ANN
S466,0.48464991429288334,0.20646481889886933,0.3088852668082435,1D-CNN
S467,0.417460653804298,0.1786433435739836,0.4038960026217249,1D-CNN
S468,0.3911613222817724,0.3233564281834681,0.28548224953475954,1D-CNN
S469,0.45681895790645993,0.35856553622598564,0.1846155058675521,1D-CNN
S470,0.37688482484777425,0.4223988449400452,0.20071633021217952,ANN
S471,0.04277320946291915,0.6971573257248193,0.260069464812268,ANN
S472,0.11362307244320448,0.29555382912834793,0.5908230984284475,GRU
S473,0.3250741130879682,0.3395760076680842,0.33534987924394977,ANN
S474,0.2525813626806493,0.48881458769416697,0.25860404962518563,ANN
S475,0.3114332441452031,0.35752261105058275,0.33104414480421035,ANN
S476,0.08710684478094263,0.5801372479746536,0.33275590724440146,ANN
S477,0.1365309989991148,0.1664553748842946,0.6970136261165893,GRU
S478,0.2669984678665889,0.4266659644553473,0.30633556767806536,ANN
S479,0.24030930400330194,0.2474963139429231,0.5121943820537747,GRU
S480,0.2452896726641843,0.48952949452032657,0.26518083281548727,ANN
S481,0.23612695004145043,0.26143178489589797,0.5024412650626512,GRU
S482,0.13643723449992007,0.7441453590636773,0.11941740643640496,ANN
S483,0.23861378890184826,0.5105019644269875,0.25088424667116094,ANN
S484,0.472625808425938,0.3439717178528745,0.18340247372118768,1D-CNN
S485,0.44660283371876996,0.362316739348593,0.19108042693263533,1D-CNN
S486,0.125660525550829,0.5212982728039611,0.35304120164521197,ANN
S487,0.16340085633772744,0.7691656830996146,0.06743346056266385,ANN
S488,0.11084743829200754,0.46005006759210487,0.42910249411588697,ANN
S489,0.17735582168258146,0.4425215901955176,0.38012258812189575,ANN
S490,0.4778863665702384,0.20119245453033766,0.3209211788994225,1D-CNN
S491,0.2635917589041532,0.46429690579492117,0.2721113353009235,ANN
S492,0.2154465836095686,0.36024115370433124,0.42431226268610006,GRU
S493,0.16360556737939447,0.1414522929197617,0.6949421397008398,GRU
S494,0.183552912404542,0.6345536302638418,0.1818934573316217,ANN
S495,0.31074556036367207,0.3430657558084047,0.34618868382792267,GRU
S496,0.12018878490786948,0.1796855922638256,0.7001256228283049,GRU
S497,0.17795779637122713,0.150910500744097,0.6711317028846789,GRU
S498,0.2521127776457319,0.46265442854224,0.285232793812031,ANN
S499,0.2429303269451589,0.2692200681193907,0.48784960493545115,GRU
S500,0.23857717822004618,0.539501897726306,0.22192092405364616,ANN
S501,0.4540603277127895,0.1636177847525578,0.3823218875346504,1D-CNN
S502,0.23396190098086028,0.4911416196370268,0.2748964793821175,ANN
S503,0.16053337686255068,0.2932724629825953,0.5461941601548541,GRU
S504,0.0683289689927676,0.0669856836405423,0.8646853473666948,GRU
S505,0.32075706412917987,0.4834252606308907,0.1958176752399295,ANN
S506,0.26116246871441245,0.1738958504358029,0.5649416808497844,GRU
S507,0.2874266880143662,0.30265529712715294,0.4099180148584777,GRU
S508,0.42698746149218647,0.26690571252583795,0.30610682598197286,1D-CNN
S509,0.39229102252389625,0.3360233846206809,0.27168559285542476,1D-CNN
S510,0.2877831453184418,0.44236177151976963,0.2698550831617953,ANN
S511,0.2116400609105082,0.20866543912697116,0.5796944999625226,GRU
S512,0.1941782455313961,0.6246676536269545,0.18115410084164857,ANN
S513,0.34045023453345163,0.42805706637231783,0.231492699094231,ANN
S514,0.2984128073626623,0.492146554268805,0.20944063836853463,ANN
S515,0.34681489281903993,0.5539626800426974,0.09922242713826052,ANN
S516,0.06275817170627339,0.14062405030709854,0.7966177779866271,GRU
S517,0.13444740842193545,0.1697060884367239,0.6958465031413419,GRU
S518,0.303220802318111,0.2753519247672153,0.4214272729146803,GRU
S519,0.22679368575517345,0.2910070915825738,0.4821992226622528,GRU
S520,0.18872913467680524,0.25725008437810265,0.5540207809450881,GRU
S521,0.06320748482428794,0.17520894542889426,0.761583569746818,GRU
S522,0.19151635243850412,0.1798073909830393,0.6286762565784565,GRU
S523,0.09997641778709956,0.15693244182669241,0.7430911403862069,GRU
S524,0.15855249256783285,0.39348755944158786,0.44795994799057826,GRU
S525,0.11553648302068036,0.43080728968632537,0.4536562272929909,GRU
S526,0.1123568561372626,0.2629785463430524,0.6246645975196874,GRU
S527,0.0877785885180272,0.3061676315084045,0.6060537799735632,GRU
S528,0.024297292230863153,0.10387669194407985,0.8718260158250565,GRU
S529,0.24384101541509423,0.4587528695356109,0.29740611504929304,ANN
S530,0.7263218447563966,0.1394505969965505,0.13422755824705287,1D-CNN
S531,0.4021334237941842,0.52991890398889,0.06794767221692467,ANN
S532,0.33227971422887725,0.5856088655430974,0.08211142022802512,ANN
S533,0.0970558899016807,0.7827636790647978,0.12018043103352137,ANN
S534,0.33985874893863594,0.13535207721749498,0.5247891738438684,GRU
S535,0.4620915803221178,0.17239355865548062,0.36551486102239816,1D-CNN
S536,0.5473053094124088,0.19290863976295997,0.25978605082463885,1D-CNN
S537,0.1901149290414304,0.57244130105061,0.2374437699079558,ANN
S538,0.06422222381174839,0.5549061911091179,0.38087158507913155,ANN
S539,0.1583785260960006,0.41209596684244126,0.42952550706155623,GRU
S540,0.21466473672153388,0.6304396263189556,0.15489563695950803,ANN
S541,0.1247221877784415,0.5249457009334193,0.3503321112881394,ANN
S542,0.1601215548995019,0.614901156678546,0.22497728842195067,ANN
S543,0.21525220704333195,0.29728993143137883,0.48745786152528936,GRU
S544,0.23529353727426197,0.48806738712279063,0.27663907560294937,ANN
S545,0.44637406467844776,0.4591673009319021,0.09445863438964709,ANN
S546,0.6815676644436695,0.24680487665254303,0.07162745890378851,1D-CNN
S547,0.4368177686955834,0.4405871748588097,0.12259505644560394,ANN
S548,0.19551617012223205,0.7193778051696577,0.08510602470811388,ANN
S549,0.6683246386568996,0.30573605931305187,0.025939302030046612,1D-CNN
S550,0.6177558738812903,0.19757851170029953,0.18466561441841192,1D-CNN
S551,0.30234330188947045,0.5516457362800239,0.14601096183050186,ANN
S552,0.2896141946654611,0.24256668799337885,0.4678191173411612,GRU
S553,0.21756358361904524,0.31797592201652713,0.46446049436442627,GRU
S554,0.5394818751844394,0.32322647981508196,0.13729164500048008,1D-CNN
S555,0.3119966631560302,0.35252790332613154,0.3354754335178378,ANN
S556,0.49728895501834863,0.2753584677413404,0.2273525772403107,1D-CNN
S557,0.5090672394180105,0.21410720137897532,0.2768255592030099,1D-CNN
S558,0.8015027331400989,0.12966032948364778,0.0688369373762538,1D-CNN
S559,0.26082643297832825,0.2871648020581341,0.45200876496353537,GRU
S560,0.039197013431164135,0.7607560561572732,0.20004693041156235,ANN
S561,0.3028512546766389,0.38314286599108865,0.314005879332272,ANN
S562,0.11802242824394034,0.3375852068557182,0.5443923649003382,GRU
S563,0.3008112168804567,0.3424212423280567,0.35676754079149064,GRU
S564,0.2735171312286828,0.29527944358075897,0.4312034251905571,GRU
S565,0.11688650650812066,0.5425567682410394,0.3405567252508406,ANN
S566,0.21149694570029237,0.44427496491080537,0.3442280893889021,ANN
S567,0.7214172874448496,0.10990329021077655,0.16867942234437566,1D-CNN
S568,0.3464361001225136,0.2829395033823083,0.37062439649517703,GRU
S569,0.1527141887514123,0.2248191936785777,0.6224666175700097,GRU
S570,0.08321321970491774,0.07237150750400537,0.8444152727910764,GRU
S571,0.17861933070175098,0.1271491136989604,0.6942315555992877,GRU
S572,0.21853149129898597,0.07416936774824186,0.7072991409527726,GRU
S573,0.12379093350863939,0.02653482080075693,0.8496742456906032,GRU
S574,0.03426788382742171,0.033220822808861246,0.932511293363717,GRU
S575,0.1459608097594156,0.14176069296879373,0.7122784972717859,GRU
S576,0.12136081581654042,0.15346831440679157,0.7251708697766657,GRU
S577,0.2646961403771869,0.3177245379124816,0.41757932171033335,GRU
S578,0.22027777769382295,0.3280683806042983,0.451653841701878,GRU
S579,0.288062663250477,0.5993022823138131,0.11263505443570708,ANN
S580,0.4100598140797194,0.3700413139815106,0.21989887193876528,1D-CNN
S581,0.230297359069959,0.3623887446282234,0.40731389630181536,GRU
S582,0.3388345811243635,0.20160450258531074,0.4595609162903238,GRU
S583,0.3997859975328508,0.27422107725229483,0.32599292521485634,1D-CNN
S584,0.2658786569905429,0.3814487998226762,0.35267254318678215,ANN
S585,0.08367927325200195,0.654764097901689,0.26155662884631214,ANN
S586,0.04762731937328439,0.8329063462293536,0.11946633439736551,ANN
S587,0.0,0.0,0.0,1D-CNN
S588,0.24442769853217944,0.4370993230455431,0.3184729784222755,ANN
