Segment,1D-CNN,ANN,GRU,Selected
S1,0.35095831160868096,0.21695251228036094,0.43208917611095776,GRU
S2,0.47052545783893124,0.2680915453627391,0.2613829967983292,1D-CNN
S3,0.22696974232892586,0.5319910217607863,0.24103923591028742,ANN
S4,0.3124949604226606,0.4304468817120157,0.2570581578653236,ANN
S5,0.2158877748626372,0.33326997212445997,0.4508422530129027,GRU
S6,0.22333550771182276,0.3421606458033558,0.4345038464848213,GRU
S7,0.29459228408754917,0.26638762176705333,0.4390200941453976,GRU
S8,0.24085687889119556,0.38994733334163795,0.3691957877671674,ANN
S9,0.3261018838560586,0.3821623845758152,0.29173573156812577,ANN
S10,0.24229569181090965,0.3550404272224466,0.40266388096664457,GRU
S11,0.29939893305899445,0.3168015038744161,0.383799563066589,GRU
S12,0.30345187363141,0.2774807761719194,0.4190673501966713,GRU
S13,0.23464730023779443,0.24770703597832977,0.5176456637838757,GRU
S14,0.24917585061320324,0.3003166048511513,0.45050754453564595,GRU
S15,0.25414506476665727,0.41698488872785283,0.3288700465054899,ANN
S16,0.27745191633730154,0.19015542344802525,0.5323926602146738,GRU
S17,0.371259435648484,0.4455418052278533,0.18319875912366335,ANN
S18,0.49294239211571245,0.3801942110813603,0.12686339680292708,1D-CNN
S19,0.43659545642501113,0.40827997218989687,0.15512457138509173,1D-CNN
S20,0.43852100239876707,0.4107300445169782,0.15074895308425412,1D-CNN
S21,0.32073096090815095,0.3863917245981092,0.29287731449373955,ANN
S22,0.3512774385452277,0.25688909808291926,0.3918334633718528,GRU
S23,0.10514889872481378,0.1961610421994343,0.6986900590757519,GRU
S24,0.07607394319832593,0.5706478970742693,0.3532781597274046,ANN
S25,0.4273157539923017,0.2240552115023577,0.34862903450534044,1D-CNN
S26,0.26060737463034533,0.4475410279802246,0.2918515973894292,ANN
S27,0.48958928071357155,0.26147388489796164,0.24893683438846662,1D-CNN
S28,0.41994363042236826,0.2619334693878253,0.3181229001898064,1D-CNN
S29,0.4289218653849388,0.3168874053971211,0.2541907292179403,1D-CNN
S30,0.4685050744544786,0.3176817501939007,0.21381317535162053,1D-CNN
S31,0.4178467997043652,0.3377302286112134,0.24442297168442126,1D-CNN
S32,0.36640095054428284,0.35598773106995213,0.2776113183857656,1D-CNN
S33,0.37717970311990406,0.29703380609656255,0.3257864907835339,1D-CNN
S34,0.3580279215807174,0.2808887293633213,0.36108334905596073,GRU
S35,0.3042649328854864,0.3557274014614848,0.3400076656530288,ANN
S36,0.27143407831243627,0.3354261465643168,0.3931397751232463,GRU
S37,0.2244150147783979,0.31690914091675504,0.4586758443048471,GRU
S38,0.36264378593902735,0.36906060114434286,0.26829561291662934,ANN
S39,0.3437317641560176,0.33426935653093776,0.3219988793130448,1D-CNN
S40,0.34322271760956513,0.3371235754863047,0.3196537069041298,1D-CNN
S41,0.3474720061152278,0.3372149218636106,0.3153130720211617,1D-CNN
S42,0.36993499463113927,0.33874419443452175,0.2913208109343391,1D-CNN
S43,0.360793509438035,0.35501295610285244,0.2841935344591122,1D-CNN
S44,0.379837955629205,0.18210626954409534,0.4380557748266992,GRU
S45,0.14335740620452594,0.13328182650048379,0.7233607672949904,GRU
S46,0.2622082068116846,0.631669988670722,0.10612180451759329,ANN
S47,0.11564444936277014,0.32463536936831416,0.5597201812689158,GRU
S48,0.2737528480756427,0.1586835898179845,0.5675635621063729,GRU
S49,0.27777290898698953,0.2383513867187481,0.48387570429426313,GRU
S50,0.5701215489067938,0.26186483911974434,0.16801361197346198,1D-CNN
S51,0.3850038653715075,0.4542136776380393,0.16078245699045307,ANN
S52,0.421422983339354,0.4934975251293212,0.08507949153132548,ANN
S53,0.37538031565999674,0.42791499848923903,0.19670468585076434,ANN
S54,0.7086487204417456,0.2293403243629159,0.06201095519533829,1D-CNN
S55,0.33275728224430934,0.4694208078293748,0.19782190992631543,ANN
S56,0.18442987457432786,0.2158683302760003,0.599701795149672,GRU
S57,0.26997534746671614,0.3143904014195259,0.4156342511137578,GRU
S58,0.23864542286179904,0.40416750059741535,0.35718707654078563,ANN
S59,0.22263309734348832,0.2804947897373512,0.4968721129191606,GRU
S60,0.3299353559023188,0.2951689734921212,0.37489567060555934,GRU
S61,0.43343333902959363,0.38272299041607516,0.18384367055433104,1D-CNN
S62,0.45988023838517395,0.2684271572061443,0.2716926044086819,1D-CNN
S63,0.2846957722795653,0.31124749586985745,0.40405673185057733,GRU
S64,0.26637404160521816,0.2758376766451622,0.4577882817496197,GRU
S65,0.2512731621581711,0.1426521345239506,0.6060747033178783,GRU
S66,0.28359923971260154,0.26989050044102736,0.44651025984637094,GRU
S67,0.36552337666119017,0.36543915901117296,0.2690374643276369,1D-CNN
S68,0.337901621810429,0.44684759026468557,0.21525078792488528,ANN
S69,0.3311784233002575,0.4812113967586497,0.18761017994109278,ANN
S70,0.36561125605430056,0.4637912717568787,0.17059747218882068,ANN
S71,0.37227123890573266,0.42989224167632034,0.19783651941794692,ANN
S72,0.14957124511071204,0.8137932464047091,0.03663550848457888,ANN
S73,0.07022053550356404,0.12641606969873168,0.8033633947977045,GRU
S74,0.31920129580125645,0.34283423774552096,0.33796446645322303,ANN
S75,0.309835168243628,0.33206581894380943,0.3580990128125626,GRU
S76,0.272408582615953,0.40112921537268964,0.3264622020113574,ANN
S77,0.35472235778996797,0.20727010280748576,0.4380075394025468,GRU
S78,0.3758539737015635,0.32512421064060637,0.29902181565782987,1D-CNN
S79,0.31985811083668614,0.3469362804451784,0.3332056087181353,ANN
S80,0.3179634892910917,0.41912736630754516,0.2629091444013628,ANN
S81,0.3629047442679074,0.33464460129561746,0.30245065443647573,1D-CNN
S82,0.3035304731998731,0.3408838130322235,0.3555857137679036,GRU
S83,0.2782250581859248,0.3437694778869105,0.3780054639271645,GRU
S84,0.3143710026335005,0.23019383277284305,0.45543516459365646,GRU
S85,0.17236981996253029,0.09607853399553393,0.7315516460419353,GRU
S86,0.4595941916592459,0.2805389796206424,0.2598668287201118,1D-CNN
S87,0.401515542966223,0.39495009447178114,0.20353436256199586,1D-CNN
S88,0.4774442526605247,0.1932283735277857,0.3293273738116901,1D-CNN
S89,0.44098151140612263,0.2680900598754311,0.2909284287184462,1D-CNN
S90,0.4112501914175481,0.34070527906209863,0.24804452952035336,1D-CNN
S91,0.39781029180035193,0.4108315329809886,0.19135817521865947,ANN
S92,0.4455953599325924,0.39751980044316143,0.15688483962424693,1D-CNN
S93,0.3223500155155417,0.4335565441818349,0.24409344030262334,ANN
S94,0.35062686930234854,0.42883277470708514,0.22054035599056623,ANN
S95,0.13857846667965668,0.11627265420764911,0.7451488791126941,GRU
S96,0.18249981206385538,0.1383929801290447,0.6791072078070999,GRU
S97,0.2908390092885171,0.18545611860236857,0.5237048721091139,GRU
S98,0.29316913373362163,0.4855743506718829,0.22125651559449544,ANN
S99,0.2966570614799594,0.5827107549819922,0.12063218353804833,ANN
S100,0.5813281182704351,0.117683235671522,0.3009886460580429,1D-CNN
S101,0.24994555520118983,0.20921626753035372,0.540838177268457,GRU
S102,0.3034098560346849,0.40952069676699443,0.28706944719832056,ANN
S103,0.29416027682321744,0.3298308905356241,0.3760088326411585,GRU
S104,0.04634412947648482,0.05785037655056384,0.8958054939729513,GRU
S105,0.07657308324091631,0.0798975740486608,0.8435293427104225,GRU
S106,0.05744184439374828,0.021754164131714812,0.9208039914745368,GRU
S107,0.025210586142214882,0.03723056394171124,0.9375588499160736,GRU
S108,0.08458653780815416,0.11974775372262618,0.7956657084692196,GRU
S109,0.44083698748446454,0.19359372149299528,0.36556929102254143,1D-CNN
S110,0.3134563057266683,0.46649553800737215,0.22004815626595967,ANN
S111,0.23705440146889725,0.32946349655393775,0.433482101977165,GRU
S112,0.1260461593765819,0.29439331598948537,0.5795605246339324,GRU
S113,0.24255505575022934,0.30948523396719,0.4479597102825806,GRU
S114,0.2468896976320639,0.24235384140912408,0.5107564609588121,GRU
S115,0.19304938923903064,0.3774896212086491,0.42946098955232037,GRU
S116,0.24900486929126223,0.3762552118706891,0.37473991883804914,ANN
S117,0.2776777888662526,0.3652381170465963,0.3570840940871517,ANN
S118,0.41033287207824765,0.30875679432483333,0.2809103335969189,1D-CNN
S119,0.5318723742971425,0.2508888027790469,0.21723882292381042,1D-CNN
S120,0.3728036381404825,0.42977009026993845,0.19742627158957973,ANN
S121,0.5373872079893608,0.33347205297615007,0.1291407390344894,1D-CNN
S122,0.4962080466281659,0.31018628625013467,0.19360566712169905,1D-CNN
S123,0.40178441223947126,0.4296096607098773,0.16860592705065142,ANN
S124,0.4888537421705581,0.2604984766258215,0.25064778120362113,1D-CNN
S125,0.2739730886309754,0.29033277710909844,0.4356941342599261,GRU
S126,0.31015762358137033,0.346242909150442,0.34359946726818724,ANN
S127,0.3058311642392794,0.3561953533645612,0.3379734823961599,ANN
S128,0.32850207789561925,0.31345573970017443,0.3580421824042061,GRU
S129,0.294295824483752,0.3219257057768492,0.38377846973939844,GRU
S130,0.40783729749503445,0.3577921716854718,0.23437053081949383,1D-CNN
S131,0.4470044361839225,0.25645587825796373,0.2965396855581135,1D-CNN
S132,0.2043610847184515,0.607712090807866,0.1879268244736825,ANN
S133,0.3675953950463422,0.4470129763054897,0.18539162864816797,ANN
S134,0.4299804629054209,0.3974988321926162,0.1725207049019623,1D-CNN
S135,0.3231790693163652,0.3874313472994748,0.2893895833841608,ANN
S136,0.2887419059204819,0.26455799887674886,0.4467000952027701,GRU
S137,0.14367447221373075,0.17771422234297987,0.6786113054432895,GRU
S138,0.24270389728168526,0.452695380895326,0.3046007218229888,ANN
S139,0.26240807441916136,0.29736538360281944,0.4402265419780192,GRU
S140,0.28804411245869516,0.18241763694158647,0.5295382505997184,GRU
S141,0.2910650983982606,0.35628750910156537,0.3526473925001738,ANN
S142,0.33510799103498967,0.30035123637206174,0.3645407725929483,GRU
S143,0.23218294643048307,0.4731639307158175,0.29465312285370027,ANN
S144,0.41294255655416806,0.2709511190898827,0.31610632435594865,1D-CNN
S145,0.4747315569630193,0.34107185287677216,0.1841965901602085,1D-CNN
S146,0.31571809871702056,0.5370739239357135,0.14720797734726587,ANN
S147,0.5981839155769316,0.054747344681823636,0.34706873974124464,1D-CNN
S148,0.39606910564182213,0.3334926502523668,0.2704382441058103,1D-CNN
S149,0.18067910194902267,0.2077837991247745,0.6115370989262029,GRU
S150,0.16992262775740644,0.2489691957442474,0.5811081764983475,GRU
S151,0.2431124705094355,0.25467031912023974,0.5022172103703247,GRU
S152,0.2342526164170602,0.4352316184309562,0.3305157651519834,ANN
S153,0.32675663046058456,0.3318164366452298,0.3414269328941853,GRU
S154,0.35982586768755814,0.34100995758305547,0.2991641747293872,1D-CNN
S155,0.4184124130724678,0.2721449532442743,0.30944263368325753,1D-CNN
S156,0.37371978732197014,0.30722402861723846,0.31905618406079067,1D-CNN
S157,0.4239268648071833,0.3032101271878398,0.27286300800497687,1D-CNN
S158,0.3196087179286511,0.41148349709804,0.26890778497330864,ANN
S159,0.23496355063198476,0.37927023406139354,0.38576621530662164,GRU
S160,0.29188379921923474,0.3291786644403508,0.37893753634041466,GRU
S161,0.34359215535623167,0.368394968711952,0.28801287593181585,ANN
S162,0.38389412209634594,0.2936104652409964,0.32249541266265735,1D-CNN
S163,0.41474524538073404,0.2677700817724506,0.3174846728468155,1D-CNN
S164,0.337779557631063,0.4080514926202375,0.25416894974870025,ANN
S165,0.22495360645491635,0.6571817256708865,0.11786466787419715,ANN
S166,0.25333583218779926,0.24144374255472142,0.5052204252574789,GRU
S167,0.38611506416944763,0.29303187820902715,0.32085305762152505,1D-CNN
S168,0.3393450959882727,0.3725611824899842,0.2880937215217437,ANN
S169,0.5581385006470455,0.2214332809852228,0.22042821836773135,1D-CNN
S170,0.38850679744328326,0.3813259301979044,0.23016727235881212,1D-CNN
S171,0.6072200554809614,0.257124134851122,0.13565580966791646,1D-CNN
S172,0.2290258428570721,0.36934340224270457,0.40163075490022315,GRU
S173,0.10736673251881027,0.7118759874022216,0.1807572800789679,ANN
S174,0.2259731276937473,0.3566739366055808,0.4173529357006718,GRU
S175,0.23930674493750617,0.3815436121479309,0.37914964291456293,ANN
S176,0.21894098955315736,0.3397969072658489,0.4412621031809934,GRU
S177,0.2844577298777597,0.23934687338800262,0.47619539673423766,GRU
S178,0.23386274392989156,0.42427534625529445,0.3418619098148135,ANN
S179,0.4672662168387884,0.22759851155870936,0.30513527160250203,1D-CNN
S180,0.36614377961978234,0.21676817166730133,0.4170880487129163,GRU
S181,0.28914379253965067,0.29902861786588303,0.4118275895944662,GRU
S182,0.245440829898225,0.14337484459278405,0.6111843255089908,GRU
S183,0.19012297276104434,0.15134390446898996,0.6585331227699663,GRU
S184,0.23085621261843706,0.19072604393096462,0.5784177434505978,GRU
S185,0.2822049869792579,0.09646890492462443,0.6213261080961173,GRU
S186,0.2554911169726259,0.21001472191685258,0.5344941611105214,GRU
S187,0.3583318019021756,0.28856450104418824,0.35310369705363576,1D-CNN
S188,0.40247209902237746,0.33516346356890786,0.26236443740871535,1D-CNN
S189,0.5158852368827324,0.2818029163414641,0.2023118467758034,1D-CNN
S190,0.2855901208649534,0.4923248361593214,0.22208504297572482,ANN
S191,0.4307322618376723,0.2688878540351481,0.3003798841271792,1D-CNN
S192,0.26526969286449403,0.3741356870255102,0.3605946201099958,ANN
S193,0.1432832120305477,0.1916528813880133,0.6650639065814392,GRU
S194,0.25366710830808886,0.31331339952067544,0.43301949217123564,GRU
S195,0.2975302277168384,0.4020293693274286,0.3004404029557325,ANN
S196,0.1958753455516978,0.47147301056069635,0.33265164388760593,ANN
S197,0.24742908891546506,0.40291821545216067,0.3496526956323738,ANN
S198,0.283704332714807,0.24910555977461699,0.4671901075105753,GRU
S199,0.2688410861620164,0.2641121393209067,0.467046774517077,GRU
S200,0.3157447949149561,0.3159600099151294,0.36829519516991466,GRU
S201,0.31015462122900245,0.22751731284461543,0.4623280659263821,GRU
S202,0.2706376408978376,0.31745754915864743,0.4119048099435148,GRU
S203,0.23767697046881453,0.22965035605168366,0.5326726734795016,GRU
S204,0.2481523520838242,0.36927868260276053,0.38256896531341544,GRU
S205,0.34988908829495186,0.3143262219573179,0.3357846897477302,1D-CNN
S206,0.3586221138666554,0.3628885982905428,0.2784892878428017,ANN
S207,0.364872888593307,0.39735754815028795,0.23776956325640516,ANN
S208,0.21054092426410026,0.3169562676112056,0.472502808124694,GRU
S209,0.19513499972075393,0.2795776167511116,0.5252873835281341,GRU
S210,0.2932388153772538,0.4680062224406408,0.23875496218210537,ANN
S211,0.5945427167539707,0.18366800882036893,0.2217892744256604,1D-CNN
S212,0.2917386313296163,0.6187394924944222,0.08952187617596155,ANN
S213,0.1554004462260919,0.16700255626908891,0.6775969975048189,GRU
S214,0.21505069872750565,0.24466202262345124,0.5402872786490432,GRU
S215,0.2729747902435642,0.3221743624853723,0.40485084727106335,GRU
S216,0.22325420264813045,0.3383172252681805,0.4384285720836897,GRU
S217,0.21253232099123387,0.4398708436373524,0.3475968353714133,ANN
S218,0.1672429895264309,0.36171473350686695,0.47104227696670226,GRU
S219,0.14916386766312192,0.3523018578554875,0.49853427448139065,GRU
S220,0.1984412488559546,0.20415598587538783,0.5974027652686577,GRU
S221,0.23419102690382915,0.22126899349100917,0.5445399796051617,GRU
S222,0.1688768913321645,0.560227654932907,0.27089545373492835,ANN
S223,0.09929685945825352,0.16365497485222424,0.7370481656895221,GRU
S224,0.1341352713263892,0.17668608997754437,0.6891786386960664,GRU
S225,0.2347769694547323,0.30997671782661096,0.4552463127186572,GRU
S226,0.24463822357427184,0.19298513196860353,0.5623766444571245,GRU
S227,0.18663590503712507,0.35731278363003266,0.45605131133284227,GRU
S228,0.22170010154139777,0.23347204141475644,0.5448278570438458,GRU
S229,0.28208923353011117,0.410478919513146,0.3074318469567422,ANN
S230,0.3387320859907625,0.3279850673266016,0.3332828466826354,1D-CNN
S231,0.3270117290682902,0.3177092186750528,0.355279052256657,GRU
S232,0.4702091058818336,0.2611931375678962,0.26859775655026985,1D-CNN
S233,0.38209124959997565,0.3605580117962225,0.25735073860380153,1D-CNN
S234,0.36419765937351023,0.3428131373873949,0.29298920323909494,1D-CNN
S235,0.22657563185893298,0.1951798637765441,0.5782445043645237,GRU
S236,0.2367007281967614,0.4361317744487379,0.3271674973545007,ANN
S237,0.315788322093475,0.3777672548488725,0.3064444230576525,ANN
S238,0.4262118399833793,0.18847558247863563,0.3853125775379848,1D-CNN
S239,0.1647815326705027,0.46868278043698786,0.36653568689251004,ANN
S240,0.45755974616100153,0.21907653784375916,0.32336371599523933,1D-CNN
S241,0.338066692045816,0.40583538833512683,0.2560979196190569,ANN
S242,0.4388751438257057,0.4176274779967362,0.1434973781775578,1D-CNN
S243,0.4355861576813686,0.37621880214914566,0.18819504016948616,1D-CNN
S244,0.454555079197801,0.3196840737610565,0.22576084704114305,1D-CNN
S245,0.47945756930036165,0.30596605561356144,0.21457637508607713,1D-CNN
S246,0.34480949595496035,0.38883185285862365,0.26635865118641605,ANN
S247,0.35556901607115804,0.33134798767199064,0.31308299625685126,1D-CNN
S248,0.2743516923283246,0.3614556805436991,0.36419262712797607,GRU
S249,0.23627412303707898,0.35719955859124725,0.40652631837167363,GRU
S250,0.31521798961249897,0.34798607748912236,0.3367959328983785,ANN
S251,0.31985187592290987,0.41795716637398056,0.2621909577031094,ANN
S252,0.4116190939489659,0.2306314651052831,0.35774944094575106,1D-CNN
S253,0.3211707341347864,0.4125224759709258,0.26630678989428747,ANN
S254,0.33974189212537764,0.3099089238664008,0.3503491840082217,GRU
S255,0.24462658303843748,0.394620811061207,0.36075260590035574,ANN
S256,0.41021707424478054,0.337217817769768,0.2525651079854521,1D-CNN
S257,0.31878305396063183,0.35074650912370503,0.3304704369156627,ANN
S258,0.39277894747145287,0.2741060695178932,0.33311498301065334,1D-CNN
S259,0.370462643485314,0.40900799333167304,0.22052936318301256,ANN
S260,0.3582225012461857,0.44622677972006813,0.19555071903374605,ANN
S261,0.37988919436632596,0.17900873453229785,0.441102071101377,GRU
S262,0.38692381848075375,0.3199007417396955,0.2931754397795514,1D-CNN
S263,0.30489296193375287,0.19445075615011856,0.5006562819161292,GRU
S264,0.22684282211208082,0.41373436880816933,0.3594228090797494,ANN
S265,0.40432184184359693,0.24763838112560493,0.3480397770307983,1D-CNN
S266,0.3552560860214308,0.3733162678903111,0.27142764608825765,ANN
S267,0.2805512538631212,0.46430783658347935,0.2551409095534003,ANN
S268,0.3406332015338257,0.2373743551783944,0.42199244328777974,GRU
S269,0.2814907156061454,0.3374117983012801,0.3810974860925744,GRU
S270,0.29029843293130597,0.29958254584602795,0.410119021222666,GRU
S271,0.2621671412287206,0.39381519648346897,0.34401766228781056,ANN
S272,0.22901476859322245,0.14394288869951374,0.6270423427072639,GRU
S273,0.3638380293012592,0.33756387084982953,0.2985980998489107,1D-CNN
S274,0.3771152382253109,0.3250798442252903,0.29780491754939825,1D-CNN
S275,0.38196034984654237,0.3229958116558373,0.2950438384976197,1D-CNN
S276,0.2962958950992817,0.41298678022240565,0.2907173246783123,ANN
S277,0.33266180422771785,0.3781710956174786,0.28916710015480335,ANN
S278,0.31562646913723197,0.33720166326926154,0.3471718675935071,GRU
S279,0.19776232534541502,0.08299561061339349,0.7192420640411914,GRU
S280,0.29513484134767903,0.27014840809540513,0.4347167505569158,GRU
S281,0.5282586249109237,0.35158799781959654,0.12015337726947964,1D-CNN
S282,0.47043012614409435,0.2845918697493518,0.24497800410655368,1D-CNN
S283,0.397628636669862,0.36722745895529774,0.23514390437484,1D-CNN
S284,0.3602533071034179,0.41617555627184166,0.22357113662474015,ANN
S285,0.37977509809912213,0.4190007177995196,0.20122418410135812,ANN
S286,0.4061360707822747,0.3849009751218982,0.20896295409582713,1D-CNN
S287,0.35000816084488,0.3366824968843491,0.31330934227077084,1D-CNN
S288,0.12654333082963812,0.1276466880872373,0.745809981083125,GRU
S289,0.14975200220741378,0.22381112613841475,0.6264368716541722,GRU
S290,0.23145282943641077,0.24694180802877652,0.5216053625348128,GRU
S291,0.31354438538277607,0.43518142099682244,0.2512741936204014,ANN
S292,0.3299921370996597,0.36707341043936564,0.30293445246097433,ANN
S293,0.40795712471591383,0.15284148919019694,0.43920138609388903,GRU
S294,0.4418236078612028,0.31011588206916674,0.2480605100696305,1D-CNN
S295,0.3779370573234675,0.3550842585274627,0.2669786841490695,1D-CNN
S296,0.3577846663257743,0.4591598334525735,0.18305550022165198,ANN
S297,0.39879769518468156,0.39823626738847856,0.20296603742683977,1D-CNN
S298,0.29652167897541337,0.3613773532097663,0.3421009678148203,ANN
S299,0.3354062610664921,0.31461091905604666,0.3499828198774612,GRU
S300,0.3528027160347689,0.14813029758670646,0.4990669863785245,GRU
S301,0.22399840679358313,0.28029663599730237,0.4957049572091146,GRU
S302,0.42773651981113203,0.3488766492194062,0.22338683096946133,1D-CNN
S303,0.49216802134726584,0.2197958628817018,0.28803611577103244,1D-CNN
S304,0.4408420203032307,0.3066753853608865,0.2524825943358826,1D-CNN
S305,0.21687059262435568,0.4639444717366778,0.3191849356389665,ANN
S306,0.34929325704290304,0.5182508264995935,0.1324559164575036,ANN
S307,0.48361485113316655,0.4124360382645779,0.10394911060225565,1D-CNN
S308,0.33609150184509196,0.5419358973653737,0.12197260078953438,ANN
S309,0.30719074701182564,0.3137215498678447,0.3790877031203296,GRU
S310,0.09812170638591437,0.24702803049541874,0.654850263118667,GRU
S311,0.33117246818402485,0.26493704187508965,0.40389048994088556,GRU
S312,0.2518527328935198,0.14098481118773243,0.6071624559187477,GRU
S313,0.07727612965442025,0.07865039071938595,0.844073479626194,GRU
S314,0.3063614221426979,0.3068561728456877,0.3867824050116144,GRU
S315,0.22826425249482346,0.5475332360979674,0.22420251140720984,ANN
S316,0.24987101120847152,0.3618204036249351,0.388308585166593,GRU
S317,0.22954860837804753,0.15398674647633137,0.6164646451456207,GRU
S318,0.1804493370358745,0.6321943965256397,0.18735626643848602,ANN
S319,0.4435386297907406,0.3857664488267806,0.17069492138247938,1D-CNN
S320,0.39422578898494165,0.4797625146476374,0.12601169636742146,ANN
S321,0.41899241553304023,0.37174047131087384,0.2092671131560859,1D-CNN
S322,0.3639836750857503,0.425171863805599,0.2108444611086511,ANN
S323,0.5002721176325464,0.3038522224630813,0.1958756599043721,1D-CNN
S324,0.1927485063556732,0.7041635769180695,0.10308791672625711,ANN
S325,0.2662237752129179,0.27645807129360006,0.4573181534934822,GRU
S326,0.28669306928417443,0.35481088827807983,0.35849604243774585,GRU
S327,0.3477469988484495,0.26236866951196514,0.389884331639586,GRU
S328,0.31418267171786224,0.3872238630809674,0.2985934652011703,ANN
S329,0.3679639082043053,0.3058137262706591,0.3262223655250354,1D-CNN
S330,0.3755661727153821,0.291289663034037,0.33314416425058063,1D-CNN
S331,0.3714957243180839,0.29260998349107065,0.3358942921908461,1D-CNN
S332,0.2373600613005041,0.48996446660575693,0.2726754720937391,ANN
S333,0.28662858873887487,0.5974709293597501,0.11590048190137517,ANN
S334,0.20255747480537026,0.1942565862823238,0.6031859389123059,GRU
S335,0.5617775912852445,0.16061085661222513,0.27761155210253025,1D-CNN
S336,0.23515446443245291,0.24320813494654583,0.5216374006210021,GRU
S337,0.37503922094501085,0.09917890151935468,0.5257818775356345,GRU
S338,0.20337286067363308,0.3301012109535183,0.4665259283728482,GRU
S339,0.37037999242905717,0.34016684026321303,0.28945316730772974,1D-CNN
S340,0.3258562122978762,0.3688007221528933,0.3053430655492304,ANN
S341,0.24434644556040713,0.17364734814898897,0.582006206290604,GRU
S342,0.30961814681242905,0.278075248678884,0.4123066045086871,GRU
S343,0.3174530690408024,0.3340465720870985,0.3485003588720991,GRU
S344,0.3334399929684206,0.3539543974439767,0.3126056095876025,ANN
S345,0.33982035400752825,0.3320579118071125,0.3281217341853593,1D-CNN
S346,0.38552824406760927,0.31723941292041324,0.29723234301197743,1D-CNN
S347,0.4543684995575993,0.2832921148128067,0.2623393856295935,1D-CNN
S348,0.24464431942052087,0.4884771276844776,0.2668785528950016,ANN
S349,0.33334579073499465,0.35845955623427583,0.3081946530307293,ANN
S350,0.331903590491875,0.3055747869593917,0.3625216225487323,GRU
S351,0.3717344290244884,0.3287236847880653,0.299541886187446,1D-CNN
S352,0.2959408422129012,0.40818773236143163,0.295871425425667,ANN
S353,0.3851185262720777,0.2940981824432572,0.32078329128466493,1D-CNN
S354,0.35470624888504676,0.2629779258135538,0.38231582530139946,GRU
S355,0.2092556739493505,0.4936533386079451,0.2970909874427041,ANN
S356,0.12065193121245263,0.8283563960801991,0.050991672707348404,ANN
S357,0.10598705279883767,0.08338526354060423,0.8106276836605588,GRU
S358,0.25019746577457785,0.37056660986385714,0.37923592436156484,GRU
S359,0.49124382308325615,0.17588983894973162,0.33286633796701226,1D-CNN
S360,0.08575192555139813,0.6571118454162973,0.25713622903230504,ANN
S361,0.3370469373778273,0.37155107041033025,0.29140199221184243,ANN
S362,0.20949099736871696,0.2730290151886094,0.5174799874426738,GRU
S363,0.19219678176724816,0.2563243599628236,0.5514788582699282,GRU
S364,0.2927351207999109,0.23668606280641963,0.47057881639366944,GRU
S365,0.3780723889063121,0.22417415465537704,0.3977534564383106,GRU
S366,0.28447146317695254,0.3162254966266541,0.3993030401963934,GRU
S367,0.29116935669682936,0.4071067529113734,0.3017238903917981,ANN
S368,0.4079399270758406,0.4016813306459934,0.19037874227816584,1D-CNN
S369,0.3451394846848743,0.4899871670318723,0.16487334828325317,ANN
S370,0.5766595664893971,0.3078706750129405,0.11546975849766228,1D-CNN
S371,0.18176269918176677,0.07443752862639273,0.7437997721918406,GRU
S372,0.21142562220836228,0.30759673267076115,0.4809776451208761,GRU
S373,0.281415847747979,0.12810241360984548,0.5904817386421756,GRU
S374,0.2118702017485216,0.3104753052097176,0.4776544930417606,GRU
S375,0.3171019445150687,0.3185390628195422,0.3643589926653892,GRU
S376,0.2339669785259936,0.18731638981286847,0.5787166316611382,GRU
S377,0.29103624781150145,0.35406960406489757,0.354894148123601,GRU
S378,0.3416663177437996,0.2970825294140298,0.36125115284217074,GRU
S379,0.4016495154489181,0.2835528369994556,0.3147976475516269,1D-CNN
S380,0.3864363377915776,0.32784168219485915,0.28572198001356325,1D-CNN
S381,0.18684335321050055,0.0701154269410447,0.7430412198484543,GRU
S382,0.22784840489185257,0.17102551510875333,0.6011260799993939,GRU
S383,0.24799073942986208,0.331741241065873,0.420268019504265,GRU
S384,0.3471674535628413,0.16104397105361692,0.49178857538354237,GRU
S385,0.1949247151387777,0.21434078387976205,0.5907345009814602,GRU
S386,0.1808696190486928,0.33659051174600374,0.48253986920530406,GRU
S387,0.2309914135700787,0.14903904648823596,0.6199695399416854,GRU
S388,0.35032872588093716,0.44440747234714145,0.20526380177192155,ANN
S389,0.6275538925882022,0.2768479210294178,0.09559818638238025,1D-CNN
S390,0.4630208486930794,0.3407177092755834,0.1962614420313373,1D-CNN
S391,0.5201437738212467,0.33924751135582565,0.14060871482292744,1D-CNN
S392,0.42509126003966985,0.4036178285312801,0.17129091142905073,1D-CNN
S393,0.3279440655088681,0.41674740240708824,0.2553085320840432,ANN
S394,0.24139359887229336,0.2679118243996368,0.49069457672806976,GRU
S395,0.2473002938169851,0.3383019413944979,0.4143977647885165,GRU
S396,0.2906451114838786,0.333860536005402,0.3754943525107186,GRU
S397,0.39052719369444827,0.17145024579584073,0.4380225605097117,GRU
S398,0.20446971470482245,0.49195436156612954,0.3035759237290479,ANN
S399,0.3862982666047908,0.3435824386860193,0.2701192947091899,1D-CNN
S400,0.2836411591488851,0.35910182424225195,0.35725701660886283,ANN
S401,0.33374469013164404,0.34287719573328673,0.3233781141350694,ANN
S402,0.3506776405851954,0.3203047648216547,0.3290175945931494,1D-CNN
S403,0.3228149711521263,0.304929062194003,0.37225596665387084,GRU
S404,0.23827267641022212,0.29034924660339945,0.4713780769863785,GRU
S405,0.18198328150745108,0.18170947032640605,0.6363072481661426,GRU
S406,0.2532821731660747,0.41961520453824636,0.32710262229567894,ANN
S407,0.2591570287075557,0.38318888228978165,0.35765408900266277,ANN
S408,0.1830674331009279,0.14108915040082437,0.6758434164982475,GRU
S409,0.06824861911354223,0.09932650272012751,0.8324248781663304,GRU
S410,0.17037538612160863,0.32169629260396415,0.5079283212744272,GRU
S411,0.2115896976016048,0.32605446003288,0.46235584236551586,GRU
S412,0.2171720914350233,0.37668039734353187,0.40614751122144477,GRU
S413,0.22096854104545877,0.29123278759761795,0.48779867135692345,GRU
S414,0.18079043891417965,0.3770702314035853,0.4421393296822343,GRU
S415,0.1248377905740034,0.3294485350164181,0.5457136744095792,GRU
S416,0.3383893941401746,0.4507453498408578,0.21086525601896813,ANN
S417,0.435175543884663,0.26766937699583615,0.29715507911950084,1D-CNN
S418,0.3607831549564855,0.3294683094315269,0.3097485356119868,1D-CNN
S419,0.4197621695704532,0.29921164935692646,0.2810261810726198,1D-CNN
S420,0.25885984635147563,0.33037662181953176,0.4107635318289925,GRU
S421,0.18583221014056442,0.4444179451073918,0.36974984475204387,ANN
S422,0.237989968308331,0.43098127002556835,0.3310287616661006,ANN
S423,0.046840625543289424,0.7717534801629964,0.18140589429371431,ANN
S424,0.35727528627699706,0.3451208773726046,0.2976038363503982,1D-CNN
S425,0.24750934075008127,0.40673286170111167,0.34575779754880676,ANN
S426,0.4187971817106758,0.3761489538391996,0.20505386445012447,1D-CNN
S427,0.5521257140809663,0.2794291985180909,0.16844508740094244,1D-CNN
S428,0.6434069568592052,0.20788992677797452,0.14870311636281996,1D-CNN
S429,0.4775187768246241,0.31503857469661084,0.20744264847876578,1D-CNN
S430,0.40675860097029254,0.30891083496832256,0.2843305640613848,1D-CNN
S431,0.3867876116677029,0.4071842171665667,0.20602817116573013,ANN
S432,0.31482741869809155,0.41613878287307776,0.26903379842883063,ANN
S433,0.32288997143871784,0.33853913553908965,0.3385708930221925,GRU
S434,0.4140493539470496,0.25195262551111164,0.3339980205418386,1D-CNN
S435,0.35106569275794525,0.300014680130647,0.3489196271114074,1D-CNN
S436,0.3832914386520337,0.3124487324838293,0.30425982886413705,1D-CNN
S437,0.3209482876242096,0.416204772289903,0.26284694008588816,ANN
S438,0.36164137006292113,0.28173063311843144,0.3566279968186481,1D-CNN
S439,0.2892271849518157,0.35924624662179977,0.35152656842638375,ANN
S440,0.2823111948767173,0.28599220605563547,0.4316965990676477,GRU
S441,0.23778740527941467,0.22989613004889267,0.5323164646716925,GRU
S442,0.435901324059322,0.2721690745454418,0.29192960139523616,1D-CNN
S443,0.32174710528206923,0.46742414234553403,0.21082875237239734,ANN
S444,0.3203777748175571,0.3553530593346709,0.32426916584777155,ANN
S445,0.2980106592831434,0.3394248762673215,0.3625644644495353,GRU
S446,0.3887499486970009,0.3023408983620905,0.3089091529409086,1D-CNN
S447,0.2837118645851428,0.33564921301307005,0.38063892240178676,GRU
S448,0.3271856905767639,0.34410471321913944,0.32870959620409745,ANN
S449,0.37677776716700534,0.34555353652040843,0.277668696312586,1D-CNN
S450,0.44879358199420505,0.3015464505287237,0.24965996747707073,1D-CNN
S451,0.2442669992605931,0.04201328991048628,0.7137197108289206,GRU
S452,0.07959956726086417,0.05237892492685057,0.8680215078122848,GRU
S453,0.2583843729147017,0.19003005780437218,0.5515855692809261,GRU
S454,0.47467053280147514,0.10241772940974253,0.42291173778878216,1D-CNN
S455,0.10732271632369335,0.5019651580400809,0.3907121256362265,ANN
S456,0.2018059418463383,0.5510773750716607,0.24711668308200072,ANN
S457,0.12920223962991625,0.1906053976559603,0.6801923627141231,GRU
S458,0.08194794218688307,0.06459738980360315,0.853454668009514,GRU
S459,0.07267521941545918,0.16932507344976871,0.757999707134772,GRU
S460,0.3954242331079022,0.3771727925447165,0.2274029743473807,1D-CNN
S461,0.28405155147397876,0.3035329451519713,0.4124155033740497,GRU
S462,0.2578007837487448,0.22754532115506715,0.5146538950961886,GRU
S463,0.3017022630634521,0.257142261671179,0.4411554752653702,GRU
S464,0.2849702824115619,0.33424657627175824,0.3807831413166794,GRU
S465,0.3102406480345905,0.3450202090722202,0.34473914289318913,ANN
S466,0.31926759335189636,0.27798839668945874,0.40274400995864484,GRU
S467,0.38917848238284797,0.2764751911818384,0.3343463264353143,1D-CNN
S468,0.33900437626368835,0.3695609628719225,0.2914346608643891,ANN
S469,0.4290941348804796,0.3517208829152945,0.21918498220422641,1D-CNN
S470,0.36028271927140043,0.3939219120367191,0.24579536869187973,ANN
S471,0.24307320214251626,0.2790400314175224,0.47788676643996153,GRU
S472,0.15346254504577286,0.278139547116164,0.5683979078380631,GRU
S473,0.3557185280125773,0.3855675623078402,0.25871390967958313,ANN
S474,0.2784466189268007,0.41196623991197057,0.3095871411612288,ANN
S475,0.35366725337302485,0.25047637284950747,0.39585637377746724,GRU
S476,0.15659805803860408,0.25225384510826093,0.591148096853135,GRU
S477,0.19552603122884213,0.2246091099214892,0.5798648588496681,GRU
S478,0.2687595693876028,0.3624326200395809,0.3688078105728156,GRU
S479,0.23047253010782232,0.27477466438870807,0.494752805503469,GRU
S480,0.2498873008924855,0.38383200710254345,0.3662806920049708,ANN
S481,0.22427931909593893,0.3325181367165913,0.4432025441874696,GRU
S482,0.25274342927394755,0.2686441119510276,0.4786124587750241,GRU
S483,0.34176956469796377,0.4492862352814435,0.2089442000205929,ANN
S484,0.3983888482762298,0.3839160111295604,0.21769514059420966,1D-CNN
S485,0.41308224863321474,0.3721716564572842,0.2147460949095007,1D-CNN
S486,0.2327544766861534,0.3207146406767067,0.4465308826371397,GRU
S487,0.3093863467150865,0.4230217418953702,0.26759191138954386,ANN
S488,0.2626174239690143,0.37124777054929936,0.36613480548168625,ANN
S489,0.2504687652498226,0.3974668894436374,0.3520643453065402,ANN
S490,0.3580008488802785,0.30257619380739403,0.33942295731232736,1D-CNN
S491,0.30506311686246407,0.38345186379294616,0.31148501934458966,ANN
S492,0.28254113310549295,0.3277397575869585,0.38971910930754866,GRU
S493,0.20544734851099392,0.1931789939179205,0.6013736575710854,GRU
S494,0.2061978099447345,0.5711392088540931,0.22266298120117314,ANN
S495,0.30338055745135234,0.3420112817499236,0.3546081607987241,GRU
S496,0.16881868105599876,0.2114766791750244,0.6197046397689774,GRU
S497,0.2012247680383623,0.11306921613110563,0.6857060158305321,GRU
S498,0.25290163097795026,0.3839419888383758,0.3631563801836738,ANN
S499,0.310322330037145,0.3300049884738483,0.3596726814890075,GRU
S500,0.3166148064342216,0.42931500066530653,0.2540701929004719,ANN
S501,0.38758543293849973,0.2581937750150448,0.3542207920464554,1D-CNN
S502,0.2884414550314228,0.4091251496147304,0.3024333953538476,ANN
S503,0.20277098628313292,0.3355651848650519,0.46166382885181445,GRU
S504,0.1084710569384012,0.12483536128828282,0.7666935817733159,GRU
S505,0.34794382634980825,0.3427390911665935,0.3093170824835983,1D-CNN
S506,0.34066288762015906,0.3162458463940271,0.343091265985814,GRU
S507,0.3526092050244709,0.30899490996678497,0.3383958850087439,1D-CNN
S508,0.357007963815617,0.3292801973797818,0.31371183880460135,1D-CNN
S509,0.3639667478800294,0.3355228163923838,0.3005104357275863,1D-CNN
S510,0.32322526018671854,0.3764270999278728,0.3003476398854092,ANN
S511,0.20859720544160612,0.1898594352474519,0.6015433593109426,GRU
S512,0.25506523339113185,0.47363348736104766,0.2713012792478199,ANN
S513,0.3222529805660651,0.45695354724820575,0.22079347218572912,ANN
S514,0.302998550213526,0.4255207380611125,0.27148071172536126,ANN
S515,0.3787172929702552,0.45976488959540196,0.1615178174343428,ANN
S516,0.14365289178280324,0.2536905524170584,0.6026565558001383,GRU
S517,0.20801069924679821,0.2570572976115262,0.5349320031416763,GRU
S518,0.26130394755459874,0.32271497046719544,0.415981081978206,GRU
S519,0.2468765703938319,0.3100853080316287,0.44303812157453937,GRU
S520,0.2459217350665138,0.20016108249327239,0.5539171824402139,GRU
S521,0.1098272602688498,0.2667891509347662,0.6233835887963839,GRU
S522,0.18861778200653298,0.18518546777226286,0.6261967502212042,GRU
S523,0.17501577844141203,0.252156525110109,0.5728276964484791,GRU
S524,0.19773049152080135,0.3799062369878242,0.4223632714913737,GRU
S525,0.16050945094832927,0.41210804230485626,0.4273825067468137,GRU
S526,0.1629788361590517,0.26397534638382975,0.5730458174571185,GRU
S527,0.1631996244672398,0.2674556386387806,0.5693447368939799,GRU
S528,0.14567726792823443,0.2926306418561153,0.5616920902156501,GRU
S529,0.289147317807571,0.4230350640411222,0.28781761815130663,ANN
S530,0.5637683580140789,0.24020884436830672,0.1960227976176144,1D-CNN
S531,0.4119587485656176,0.45162961828983783,0.13641163314454466,ANN
S532,0.40477879839749303,0.4357672239968038,0.15945397760570384,ANN
S533,0.28580251753047664,0.45850502345399985,0.2556924590155243,ANN
S534,0.4077166432922279,0.2451723697471965,0.3471109869605757,1D-CNN
S535,0.3767682144548733,0.27380816231313354,0.3494236232319932,1D-CNN
S536,0.4680813026930528,0.23316483804950297,0.2987538592574442,1D-CNN
S537,0.2920013838715238,0.3994779506149372,0.3085206655135388,ANN
S538,0.19738688647340544,0.3238418372735191,0.4787712762530749,GRU
S539,0.2805941701106546,0.36772209244530046,0.3516837374440452,ANN
S540,0.24427122790492403,0.5139299432725641,0.24179882882251186,ANN
S541,0.18278424759032116,0.46923525854409465,0.3479804938655849,ANN
S542,0.2774650226767054,0.3279606616466993,0.3945743156765952,GRU
S543,0.23017962209659165,0.3421570948236721,0.4276632830797362,GRU
S544,0.33341709639319944,0.4017754748635713,0.2648074287432295,ANN
S545,0.4470268109858435,0.4198145616782166,0.13315862733593964,1D-CNN
S546,0.5184046415700091,0.3541062845076728,0.12748907392231792,1D-CNN
S547,0.4788218228974381,0.3230294070048646,0.19814877009769802,1D-CNN
S548,0.3609062392825002,0.5459756823517166,0.09311807836578337,ANN
S549,0.48515364158771007,0.4026625310147228,0.11218382739756692,1D-CNN
S550,0.4255028016559048,0.2998683909674758,0.2746288073766193,1D-CNN
S551,0.36202777982989515,0.36765799093787244,0.2703142292322325,ANN
S552,0.5024296650415916,0.26622192591014227,0.23134840904826678,1D-CNN
S553,0.2318167667310914,0.3637581757884328,0.40442505748047564,GRU
S554,0.40680332371214867,0.28582115282872794,0.3073755234591234,1D-CNN
S555,0.32480123492283985,0.32099763291853217,0.35420113215862803,GRU
S556,0.4167244923388226,0.29200762161173377,0.2912678860494437,1D-CNN
S557,0.410083812033626,0.27383797241625657,0.316078215550117,1D-CNN
S558,0.3768897310355716,0.2640108011727904,0.35909946779163826,1D-CNN
S559,0.30324979479606656,0.36812185840628614,0.32862834679764674,ANN
S560,0.15464557756373978,0.7103841624119,0.13497026002436,ANN
S561,0.34813839317620293,0.38992462493629776,0.2619369818874994,ANN
S562,0.23533331460913498,0.38172364549119675,0.382943039899668,GRU
S563,0.2452896669643417,0.2932374469671187,0.46147288606853903,GRU
S564,0.25612787940687753,0.23628142126254809,0.5075906993305742,GRU
S565,0.3145483341045485,0.36695848577874196,0.3184931801167095,ANN
S566,0.30913135460278146,0.5062276152983632,0.18464103009885563,ANN
S567,0.5783540848225348,0.17728520710943,0.24436070806803512,1D-CNN
S568,0.22329173533463118,0.23530150745492429,0.5414067572104444,GRU
S569,0.20714756872908022,0.2249187032541408,0.5679337280167791,GRU
S570,0.15836746603725044,0.1474975784538982,0.6941349555088514,GRU
S571,0.19032294652544446,0.15657143001346355,0.6531056234610914,GRU
S572,0.22936668511387948,0.10901419445413799,0.6616191204319826,GRU
S573,0.1582854694884742,0.05913670559957161,0.7825778249119537,GRU
S574,0.09849061641413816,0.07879374621489403,0.8227156373709679,GRU
S575,0.1433559691805641,0.07870038588605781,0.7779436449333782,GRU
S576,0.12280688105813163,0.1690553380027159,0.7081377809391526,GRU
S577,0.2974471079289259,0.2999971994516703,0.4025556926194036,GRU
S578,0.25915398210699686,0.28702245056443704,0.4538235673285662,GRU
S579,0.35643767702948514,0.3930837451355806,0.25047857783493416,ANN
S580,0.41747087664792,0.3251731450351223,0.2573559783169572,1D-CNN
S581,0.33553776346349695,0.37047460141920807,0.2939876351172949,ANN
S582,0.3394816316290417,0.29231441664911767,0.36820395172184045,GRU
S583,0.3630894553480128,0.29804887477917363,0.33886166987281346,1D-CNN
S584,0.2994769745629677,0.3444761010281736,0.356046924408858,GRU
S585,0.22304224930311148,0.2233882448354117,0.5535695058614776,GRU
S586,0.2970949191736825,0.34460595921576503,0.3582991216105531,GRU
S587,0.325657775217618,0.38662035920097587,0.287721865581406,ANN
S588,0.2775130981832716,0.368828184664461,0.35365871715226743,ANN
