Segment,1D-CNN,ANN,BiLSTM,LSTM,Selected
S1,0.22718895066766503,0.11892643378870901,0.6314536141361327,0.02243100140749299,BiLSTM
S2,0.40824344482335556,0.346163014468479,0.22896710378827703,0.016626436919889104,1D-CNN
S3,0.22972369971597165,0.40266501717534425,0.3393390350918496,0.028272248016834617,ANN
S4,0.30143831522610764,0.39775768940673834,0.2753490245844967,0.025454970782657002,ANN
S5,0.2443310940678087,0.5246215351505746,0.21385335516467951,0.01719401561693745,ANN
S6,0.1774168170854202,0.4967538274886082,0.2938532639246799,0.0319760915012911,ANN
S7,0.32177370929804416,0.24510325589891502,0.4014996670400613,0.03162336776297926,BiLSTM
S8,0.3046211798111624,0.3843929826074026,0.2996257272785948,0.011360110302840384,ANN
S9,0.29392628629159095,0.4279433853673707,0.27148758855442695,0.006642739786610854,ANN
S10,0.3632255806045809,0.38883120082592393,0.23799604672756697,0.009947171841928419,ANN
S11,0.3666954324115487,0.36206999182866867,0.25515463484834117,0.016079940911442398,1D-CNN
S12,0.32534532797470994,0.30053291762716366,0.3516445611133844,0.022477193284743364,BiLSTM
S13,0.262148780003449,0.36160685621834926,0.3546266886191905,0.021617675159012154,ANN
S14,0.22758190618158922,0.3440793221234894,0.40275422183528475,0.025584549859638102,BiLSTM
S15,0.3233065375877218,0.43764035534633006,0.22068383763494917,0.018369269430999067,ANN
S16,0.31894396496836674,0.27255629719515645,0.39315695539256673,0.015342782443910942,BiLSTM
S17,0.24437124680866718,0.518118608503364,0.23354826807628673,0.00396187661168034,ANN
S18,0.5031433686029229,0.26626518542371835,0.2064787434104889,0.02411270256286904,1D-CNN
S19,0.3059097452137588,0.32251261746135784,0.3371023025118804,0.034475334813002946,BiLSTM
S20,0.40392680601426717,0.37172791045123327,0.20662268237779877,0.0177226011567005,1D-CNN
S21,0.3101794893211085,0.404831410824909,0.26131016713822236,0.023678932715759566,ANN
S22,0.342556682048585,0.3205024321976849,0.30362160734327376,0.03331927841045611,1D-CNN
S23,0.16252323815378075,0.30237386446097947,0.47897566034830885,0.056127237036930934,BiLSTM
S24,0.18911924057110735,0.4808552439912315,0.32198431792752985,0.008041197510130514,ANN
S25,0.6119995596425645,0.28041460246277694,0.10537064639260506,0.002215191502054827,1D-CNN
S26,0.0256292624107839,0.0689314714909489,0.9051970781530916,0.00024218794517477557,BiLSTM
S27,0.6133744297184007,0.17728715214381408,0.20416591350902077,0.005172504628764517,1D-CNN
S28,0.3788772721407205,0.24811529542638702,0.34066247565130187,0.032344956781590925,1D-CNN
S29,0.27683091042568325,0.24304522323488678,0.4607015124653121,0.019422353874117858,BiLSTM
S30,0.48430104765406773,0.29210266818674124,0.20582581667572158,0.017770467483469166,1D-CNN
S31,0.25680536407930926,0.41315011288551284,0.30388851936716244,0.02615600366801435,ANN
S32,0.27607907749268745,0.2789912051827202,0.4170899906982734,0.02783972662631861,BiLSTM
S33,0.4294084986849611,0.22671056788140426,0.32625949236425134,0.017621441069382605,1D-CNN
S34,0.36749560121881925,0.29464559025141956,0.31312471265515474,0.024734095874606392,1D-CNN
S35,0.31129776045564084,0.3538000984381541,0.30747482912773844,0.02742731197846768,ANN
S36,0.1591746172991192,0.6541752623490492,0.1694433204300288,0.01720679992180252,ANN
S37,0.17131753337548983,0.4577030124082474,0.33397020688704826,0.03700924732921525,ANN
S38,0.43098103405773175,0.4069685139212065,0.15270727698336006,0.009343175037700316,1D-CNN
S39,0.40553765040020723,0.4153344085821813,0.17085899412407438,0.008268946893537014,ANN
S40,0.3045322799441215,0.32814197254803157,0.3469923381915294,0.020333409316318427,BiLSTM
S41,0.356469604166503,0.30814415253985306,0.31842346747064604,0.01696277582299787,1D-CNN
S42,0.38466515312089444,0.31822927971216464,0.2764541254583723,0.020651441708569442,1D-CNN
S43,0.3239208951924636,0.3127592939626498,0.33823661208435224,0.025083198760532867,BiLSTM
S44,0.44388305874934647,0.2605450549495647,0.281724752651999,0.013847133649088274,1D-CNN
S45,0.18043128882616338,0.17789619065653678,0.5765417303405781,0.06513079017672216,BiLSTM
S46,0.20294547936185908,0.717912002031308,0.07124208999171788,0.007900428615115066,ANN
S47,0.21516078645574122,0.37226574115513594,0.37738341255493085,0.03519005983419282,BiLSTM
S48,0.27610674397986296,0.1664891613598841,0.5317331551541746,0.025670939506078756,BiLSTM
S49,0.26360560583014336,0.4405062403117869,0.28181223852212894,0.014075915335939496,ANN
S50,0.6532691272713773,0.2692540273353269,0.0729318987292347,0.004544946664060664,1D-CNN
S51,0.1398137142563894,0.725713523742741,0.12810925774973397,0.006363504251137177,ANN
S52,0.39866528715165844,0.40099138141628654,0.18570213432071825,0.014641197111336825,ANN
S53,0.32050510763923235,0.4209788403588729,0.2364060347565147,0.022110017245380257,ANN
S54,0.6628116873087646,0.2001334202202581,0.12621510207537245,0.010839790395604544,1D-CNN
S55,0.3327999401880823,0.5135105816107849,0.1467059367418321,0.006983541459299051,ANN
S56,0.2775695814555945,0.33940122298715325,0.3594616150985159,0.02356758045873837,BiLSTM
S57,0.3384472432635801,0.36445379049799853,0.25979038594858067,0.03730858028984119,ANN
S58,0.2170990084301024,0.41395086145023374,0.3291161414483792,0.03983398867128448,ANN
S59,0.218142320083073,0.30934332655333235,0.42910860003670426,0.043405753326890124,BiLSTM
S60,0.2728267189864634,0.36168531956634314,0.3331430296606893,0.03234493178650407,ANN
S61,0.3837762547454569,0.3385848057766964,0.2690979389143064,0.008541000563539979,1D-CNN
S62,0.43344331645710515,0.4222992726790927,0.13725847191963247,0.006998938944169933,1D-CNN
S63,0.3707889049029655,0.4287342257350762,0.18915287916988766,0.011323990192070608,ANN
S64,0.3738854029697627,0.3697658751683931,0.24313700151018117,0.013211720351661682,1D-CNN
S65,0.3527972786456125,0.25054590977053043,0.376528209866964,0.02012860171689259,BiLSTM
S66,0.28846103733170386,0.2711158951265573,0.41763403057159715,0.022789036970141896,BiLSTM
S67,0.3733350265532657,0.3187368803418357,0.27336512271657104,0.03456297038832743,1D-CNN
S68,0.2759654114357143,0.3743554292186746,0.3268006276349728,0.02287853171063886,ANN
S69,0.2887179468219887,0.46304287601428823,0.23216394273495966,0.0160752344287645,ANN
S70,0.3319912236079016,0.42964732365282104,0.22109083506743682,0.0172706176718396,ANN
S71,0.3439197297367803,0.3541550295456419,0.2798823049336637,0.022042935783913985,ANN
S72,0.09392922084674722,0.8986006670499853,0.007006833714259202,0.0004632783890078795,ANN
S73,0.23007262587968644,0.35752796293050576,0.39374467019009474,0.018654740999713454,BiLSTM
S74,0.3119723783137946,0.37984649894201317,0.27573809474303107,0.03244302800116141,ANN
S75,0.2166430314852717,0.5380526345346517,0.22847037361958922,0.016833960360487735,ANN
S76,0.21358685255421805,0.35108992804785194,0.4193888667137403,0.015934352684190172,BiLSTM
S77,0.31796066989268673,0.1784951509741351,0.48365432657851026,0.019889852554667624,BiLSTM
S78,0.556493015536607,0.2917052939924432,0.1400808418235581,0.01172084864738921,1D-CNN
S79,0.4390442214586742,0.30797195641081276,0.2319720035427343,0.021011818587778418,1D-CNN
S80,0.25592822106273794,0.30949639599942463,0.41571672923137276,0.018858653706465108,BiLSTM
S81,0.3557987171690711,0.3117040385754719,0.31769848786077937,0.01479875639467827,1D-CNN
S82,0.18097842505433923,0.6308745237177452,0.17565320027408288,0.012493850953831601,ANN
S83,0.2755713845597464,0.3042960742160169,0.3918881207796024,0.02824442044463346,BiLSTM
S84,0.10787063309908908,0.5779599544872234,0.3033074214109293,0.010861991002758186,ANN
S85,0.17330654328055842,0.12873274726915665,0.6522431471706982,0.045717562279586524,BiLSTM
S86,0.2918152664226918,0.283252092989237,0.38474631841239676,0.04018632217567502,BiLSTM
S87,0.3772335776612052,0.36646442305424853,0.24204479811682558,0.014257201167720474,1D-CNN
S88,0.6730525509282462,0.18894559574618347,0.12882047668260366,0.00918137664296723,1D-CNN
S89,0.667233354020361,0.15352578642915585,0.16584103319701582,0.013399826353466288,1D-CNN
S90,0.3621244960988616,0.30431691828375307,0.3110800607910711,0.022478524826313316,1D-CNN
S91,0.13970252569438416,0.7723622066369162,0.08132189499798843,0.0066133726707105385,ANN
S92,0.3164108034964083,0.4826474101244495,0.18344489930889427,0.017496887070248757,ANN
S93,0.29064582596345306,0.3755611020789328,0.31141866444498495,0.0223744075126297,ANN
S94,0.34505480734337834,0.4066003140472021,0.23481776785630556,0.013527110753112819,ANN
S95,0.3713514199454489,0.2992399141870144,0.31212372762815527,0.017284938239382222,1D-CNN
S96,0.14458240350299753,0.14057585173986273,0.6534934505675821,0.06134829418955795,BiLSTM
S97,0.24630383279157278,0.2577460382758343,0.4526393341838516,0.043310794748741166,BiLSTM
S98,0.3225718356811893,0.4375308490417342,0.22333906005858656,0.01655825521849027,ANN
S99,0.2898520910275253,0.6664812064199703,0.04225348027991225,0.0014132222725931898,ANN
S100,0.8366969052170339,0.08993329992906006,0.07192837468646872,0.001441420167437071,1D-CNN
S101,0.47580506636888825,0.3602054765659476,0.15579349456826075,0.008195962496905301,1D-CNN
S102,0.3241338723715364,0.40518028072191115,0.256009000899076,0.014676846007474702,ANN
S103,0.28141849499070404,0.3094791842514071,0.3922503720612465,0.016851948696642752,BiLSTM
S104,0.19535232357852753,0.25910747442095816,0.5029907812980999,0.04254942070241518,BiLSTM
S105,0.17885093639428876,0.18788957605880838,0.5979817031877374,0.03527778435916503,BiLSTM
S106,0.21158330608806075,0.1248338658091475,0.6021927426724881,0.06139008543030412,BiLSTM
S107,0.1444301175941765,0.2728713620820785,0.5432515621863361,0.03944695813740975,BiLSTM
S108,0.18537143921663948,0.24681619697125529,0.5524311909748698,0.0153811728372357,BiLSTM
S109,0.6020787704366096,0.22100416002492784,0.16319825310017405,0.0137188164382875,1D-CNN
S110,0.1966863746335414,0.2985052478534221,0.4830777361193497,0.021730641393685902,BiLSTM
S111,0.34748107157109925,0.4136091016373493,0.2240206719820902,0.014889154809462535,ANN
S112,0.2408866412603304,0.4368832849542094,0.3029146194797822,0.019315454305677344,ANN
S113,0.32529840109576197,0.35481644349380126,0.30054731553199465,0.019337839878441513,ANN
S114,0.32700596669545096,0.3131664671406669,0.3407210737431459,0.019106492420736677,BiLSTM
S115,0.23321789584004632,0.4617065749673331,0.2878021802304408,0.01727334896217823,ANN
S116,0.23025172172229316,0.3922162488517214,0.35337816759548746,0.024153861830497357,ANN
S117,0.1870531993605062,0.33453436682998827,0.4708000475651189,0.007612386244387617,BiLSTM
S118,0.8119729920745002,0.12079421249646506,0.06465112402782767,0.0025816714012075878,1D-CNN
S119,0.20565540458365703,0.5147877900550771,0.2660835038144264,0.013473301546839898,ANN
S120,0.3406594110788825,0.2939355355525319,0.311212443795148,0.05419260957343712,1D-CNN
S121,0.4794328572168367,0.2582252299601591,0.2453767873060167,0.016965125516987426,1D-CNN
S122,0.4849072232724747,0.28550848593394346,0.21460663988248618,0.014977650911094351,1D-CNN
S123,0.34474496753088746,0.48491784329141885,0.1558341712707957,0.014503017906898865,ANN
S124,0.3577446363249373,0.27953985553834504,0.33621748272796653,0.026498025408751267,1D-CNN
S125,0.3473468715363257,0.31820031116606495,0.310499761749393,0.02395305554821704,1D-CNN
S126,0.4034210296392542,0.33945337136841186,0.23174669849653431,0.025378900495799626,1D-CNN
S127,0.30285448541557686,0.3737954390194369,0.2843936948308878,0.03895638073409848,ANN
S128,0.22372265177238415,0.3464781223095872,0.4063486288096218,0.023450597108405958,BiLSTM
S129,0.2841731141250402,0.2711665265329088,0.4249140476229565,0.019746311719093596,BiLSTM
S130,0.7868389475063012,0.14413180261986822,0.06609973774563291,0.0029295121281966035,1D-CNN
S131,0.8496066644188224,0.11334778317731109,0.03442425132712997,0.0026213010767369904,1D-CNN
S132,0.1971312186075385,0.3913736297641546,0.3687551902944063,0.04273996133390027,ANN
S133,0.31324912594117216,0.3438071329350851,0.3218803595591152,0.0210633815646284,ANN
S134,0.45661743107822045,0.34934361509790846,0.18139464358349222,0.012644310240379084,1D-CNN
S135,0.31293655443546065,0.37414836907587756,0.28856593722950213,0.024349139259158072,ANN
S136,0.24615274266825252,0.15135193029332217,0.5905289491481908,0.011966377890235061,BiLSTM
S137,0.2083546111894399,0.2576518344309416,0.4815994898740424,0.052394064505575766,BiLSTM
S138,0.22111152626037425,0.5121845966647446,0.25085978253218166,0.015844094542700103,ANN
S139,0.3270765141714446,0.3512239994397929,0.2913226098385503,0.030376876550212033,ANN
S140,0.3066508468465268,0.2492643712772885,0.4111669996812866,0.03291778219489704,BiLSTM
S141,0.25050231214357904,0.46136284382397713,0.2704761547744974,0.017658689257946638,ANN
S142,0.346491783230064,0.30194511794666196,0.31832410740405365,0.033238991419221334,1D-CNN
S143,0.17283477918183335,0.3683362154983027,0.452525964444891,0.006303040874972609,BiLSTM
S144,0.6550486271251025,0.23949062693000936,0.09877538822410227,0.006685357720787286,1D-CNN
S145,0.4065271822225978,0.32450994610664774,0.2496515070936874,0.019311364577068894,1D-CNN
S146,0.24334228769900715,0.3309521515276461,0.39058037679344687,0.03512518397990033,BiLSTM
S147,0.39919316739674676,0.10065603094022807,0.4700493818931303,0.03010141976989427,BiLSTM
S148,0.2822409622777323,0.2754644640215398,0.36681717866357405,0.07547739503715342,BiLSTM
S149,0.2386305489283055,0.29839105286248163,0.43279199931318063,0.030186398896032366,BiLSTM
S150,0.2981275704129614,0.32320407255854505,0.35607248657568197,0.022595870452812437,BiLSTM
S151,0.3703941553348641,0.32171080496930726,0.2817337030516558,0.026161336644172195,1D-CNN
S152,0.1633478860859029,0.54694075266369,0.2721854599938526,0.017525901256553494,ANN
S153,0.25919945876099976,0.3376696425971088,0.3822875800713042,0.020843318570588833,BiLSTM
S154,0.26697820627475244,0.26384342138279293,0.4589613158742924,0.010217056468160427,BiLSTM
S155,0.4528285027827234,0.312506469742922,0.22456273848102562,0.010102288993329309,1D-CNN
S156,0.36530192995575733,0.25874353525765614,0.35040546786267385,0.025549066923911776,1D-CNN
S157,0.3548123783313433,0.2754527334503781,0.3410026697276678,0.028732218490611368,1D-CNN
S158,0.26873356067652093,0.498639508282107,0.21672395731183433,0.015902973729537938,ANN
S159,0.16076321639167748,0.6105443280603445,0.21341076755432123,0.01528168799365669,ANN
S160,0.22068101330274276,0.27706178428766437,0.4736991945272483,0.02855800788234516,BiLSTM
S161,0.2508287178474825,0.2847277478139283,0.4494728769932922,0.014970657345299645,BiLSTM
S162,0.5688607531032622,0.21257460852967314,0.20998834208834208,0.008576296278723753,1D-CNN
S163,0.5207358599062132,0.22803314699484212,0.22998353191929963,0.02124746117964522,1D-CNN
S164,0.27483323839362184,0.3012262040026557,0.3909751211581491,0.03296543644557429,BiLSTM
S165,0.07395646673729439,0.8575015959813,0.0614811168461446,0.007060820435260792,ANN
S166,0.11822376471147975,0.09340931166682888,0.7809941560326134,0.007372767589077288,BiLSTM
S167,0.4228553080089297,0.25793223863583964,0.30308374100858354,0.016128712346647044,1D-CNN
S168,0.5628015789579931,0.2695183553372147,0.15069700684447151,0.016983058860320237,1D-CNN
S169,0.06622967513836632,0.04453108555146044,0.8843008649206906,0.004938374389482195,BiLSTM
S170,0.41806119168101324,0.29627535448146114,0.27405551728774413,0.011607936549780436,1D-CNN
S171,0.7320978031016717,0.16295111371684182,0.09836111237495174,0.006589970806533751,1D-CNN
S172,0.20636241325959323,0.27356049890525663,0.4674526500308466,0.05262443780430309,BiLSTM
S173,0.08289455979758742,0.6718773316014759,0.23381259674368024,0.011415511857256129,ANN
S174,0.25826084813984596,0.5519360372033111,0.17526140025294024,0.014541714403903819,ANN
S175,0.13765569643464595,0.615668145823706,0.22867167527209026,0.018004482469557395,ANN
S176,0.1649621764832106,0.5438073089804625,0.25630754284680285,0.03492297168952477,ANN
S177,0.18070624612671854,0.20823921551182042,0.5823713044776487,0.028683233883812685,BiLSTM
S178,0.27860852176671774,0.4168713275758936,0.2896950821223995,0.014825068534988065,ANN
S179,0.6879513765434272,0.1820055193519347,0.12289777839026561,0.007145325714371357,1D-CNN
S180,0.5469203186392716,0.317725968333275,0.12443399791665825,0.010919715110794363,1D-CNN
S181,0.2526526384967549,0.2457502489055746,0.4787581877920976,0.022838924805571117,BiLSTM
S182,0.3082056076422601,0.227601307332092,0.4439402593777967,0.020252825647849006,BiLSTM
S183,0.3206987797341738,0.2668802030262916,0.382455754849605,0.029965262389930403,BiLSTM
S184,0.3466057195787138,0.2999348722447061,0.33349885305953325,0.01996055511704641,1D-CNN
S185,0.4754101236605449,0.19226441110845693,0.30132024970742927,0.031005215523569527,1D-CNN
S186,0.16192632742582594,0.14141901318533331,0.6782646760732379,0.01838998331560201,BiLSTM
S187,0.27085969547884065,0.3895677279736246,0.3214755171889269,0.01809705935860703,ANN
S188,0.41173051109572995,0.3272703366054149,0.24473059538616823,0.016268556912685975,1D-CNN
S189,0.3000613891743648,0.27451187071754435,0.39872113124462105,0.0267056088634694,BiLSTM
S190,0.3060109314512486,0.36032972499051213,0.30651539199267464,0.027143951565564112,ANN
S191,0.3884970498059326,0.27250528850146616,0.31392493495669277,0.025072726735908483,1D-CNN
S192,0.26225760965151607,0.46101611731248643,0.25691718933958696,0.019809083696409158,ANN
S193,0.11006561200505408,0.6095240903324504,0.2556708751469882,0.02473942251550824,ANN
S194,0.226845824499823,0.3158523731909236,0.4130182702691604,0.04428353204009232,BiLSTM
S195,0.3052644610072573,0.4147679367712438,0.2655188096326252,0.014448792588875978,ANN
S196,0.28016074512030237,0.5811096762335985,0.1292858952506321,0.009443683395467516,ANN
S197,0.17655257185499043,0.42351425547603844,0.3940103423211102,0.005922830347862128,ANN
S198,0.39578750959575726,0.3497872517043677,0.24168419644552314,0.0127410422543524,1D-CNN
S199,0.34655043518822076,0.3161736811584408,0.3221225074350151,0.015153376218324674,1D-CNN
S200,0.37109060960355467,0.3422460470143838,0.27040318955852644,0.0162601538235336,1D-CNN
S201,0.3588395797960544,0.29251674008163286,0.326101884652709,0.022541795469603707,1D-CNN
S202,0.25370103238576647,0.32179992485559517,0.40236845658066694,0.022130586177970413,BiLSTM
S203,0.22466897011961418,0.23868055104208577,0.49152854421011294,0.045121934628187366,BiLSTM
S204,0.236585084031836,0.3958139629369028,0.34945884253562043,0.018142110495641583,ANN
S205,0.40122527017305837,0.3364253089961835,0.24981931278894304,0.012530108041813962,1D-CNN
S206,0.36990527267604156,0.338256387854897,0.2740632192497607,0.017775120219300045,1D-CNN
S207,0.3030426811595647,0.3580310304181951,0.31121588894623653,0.027710399476003542,ANN
S208,0.1260686225606187,0.6046439515575359,0.24771571243378593,0.02157171344805862,ANN
S209,0.18157274884129146,0.16853315824741408,0.6245313373730702,0.025362755538223567,BiLSTM
S210,0.39704745568284266,0.489939213990654,0.1088990818813986,0.004114248445105806,ANN
S211,0.374027465410836,0.18371881885400887,0.4111839181384361,0.031069797596719267,BiLSTM
S212,0.17146381120012053,0.4266168589134533,0.35437736926196867,0.04754196062445732,ANN
S213,0.3131713417867354,0.23833603448656143,0.41223424293378674,0.03625838079291584,BiLSTM
S214,0.30789785561665634,0.2839367054485519,0.38574612949237,0.02241930944242141,BiLSTM
S215,0.34586705480514346,0.35270349750989505,0.2794709248052167,0.021958522879745646,ANN
S216,0.26452642288851197,0.3828100561664543,0.32623996934217486,0.026423551602859228,ANN
S217,0.22219923154542112,0.4659961482028283,0.29196857223793116,0.019836048013819,ANN
S218,0.2214811057162411,0.27426884428565335,0.4826301261433045,0.021619923854801687,BiLSTM
S219,0.23425159799611234,0.5116978563917933,0.24194043569449658,0.01211010991759825,ANN
S220,0.3756582475454744,0.4139830209913673,0.20627027494780023,0.004088456515358645,ANN
S221,0.4701130083869033,0.36761244403019167,0.15363053473268454,0.008644012850220399,1D-CNN
S222,0.14342443430049667,0.5289789283356552,0.3213347055279335,0.0062619318359161,ANN
S223,0.31088681614859914,0.3878170521870889,0.28140835307235157,0.01988777859195979,ANN
S224,0.23733428705837364,0.30174345540792974,0.4422899438385802,0.018632313695115674,BiLSTM
S225,0.3495771630879381,0.4009639830532329,0.2386300278192072,0.010828826039622383,ANN
S226,0.37702655591997636,0.29466875730301667,0.30592875538217523,0.02237593139483105,1D-CNN
S227,0.23666183658661316,0.4139095538642414,0.33259161716986635,0.016836992379279256,ANN
S228,0.3244395711012703,0.34800515688772843,0.3074948200534256,0.02006045195757568,ANN
S229,0.20835749409920895,0.4380860956526987,0.34007218457195393,0.013484225676138559,ANN
S230,0.30289719420371986,0.35289537481749605,0.31394293897274733,0.030264492006037154,ANN
S231,0.28196223525504177,0.24537856452476128,0.4572357876405602,0.015423412579636725,BiLSTM
S232,0.4518878317461615,0.2586371924457734,0.2762708652052198,0.013204110602845645,1D-CNN
S233,0.3721807092642253,0.29920270535694427,0.2972851988851597,0.03133138649367134,1D-CNN
S234,0.30750824092471907,0.3248165539173241,0.3404327400519176,0.027242465106039497,BiLSTM
S235,0.3001574601237939,0.4504555871808462,0.23129484568784137,0.01809210700751801,ANN
S236,0.23398043641473953,0.43618007448360924,0.3010216787908629,0.028817810310789328,ANN
S237,0.31543536525310284,0.36712479411070603,0.2963227945048176,0.02111704613137352,ANN
S238,0.3747005283651024,0.297494624471845,0.3093977279249795,0.018407119238073408,1D-CNN
S239,0.1262381925100774,0.3846926978941172,0.484017132531166,0.0050519770646391,BiLSTM
S240,0.7772898228219062,0.1781163804002875,0.04320901594173757,0.0013847808360688365,1D-CNN
S241,0.3624989520814272,0.4107196595975233,0.2182569484740345,0.008524439847015829,ANN
S242,0.2960651427798561,0.2885149049378958,0.3944682438426217,0.020951708439625273,BiLSTM
S243,0.4998675916822889,0.2779113243089586,0.1981252867086559,0.024095797300096235,1D-CNN
S244,0.18804227697355183,0.21641778142588808,0.5808817672050045,0.014658174395554807,BiLSTM
S245,0.4102308835192127,0.31085356470195646,0.2601553841380798,0.018760167640750468,1D-CNN
S246,0.3034153169591412,0.3949436520348182,0.28102964653349227,0.02061138447254938,ANN
S247,0.3530862416953788,0.3257763479148531,0.29703465297679416,0.024102757412973443,1D-CNN
S248,0.21388031178775357,0.5642695466528788,0.20344579535337978,0.018404346205987496,ANN
S249,0.19755072060281048,0.4067000564709145,0.36995798139616115,0.02579124153011358,ANN
S250,0.20694536863123197,0.24838213531896047,0.5265114043480902,0.018161091701717577,BiLSTM
S251,0.5761901645421077,0.30218894315384737,0.1163543655003017,0.005266526803743784,1D-CNN
S252,0.4618561126010616,0.2386372937709016,0.28005970202429487,0.019446891603742075,1D-CNN
S253,0.2402354538236124,0.28350412663717683,0.4334529873103947,0.04280743222881588,BiLSTM
S254,0.25301102044218426,0.5011976632022546,0.2280446404115468,0.017746675944013975,ANN
S255,0.15646019873729675,0.4591370951329791,0.3611243954800155,0.023278310649709408,ANN
S256,0.3463390831752474,0.36626819757906454,0.25844902007641835,0.028943699169269997,ANN
S257,0.2539069238669078,0.32317496865393014,0.40553957763740933,0.017378529841753622,BiLSTM
S258,0.3839495064515855,0.29652758251768585,0.30263154294597955,0.016891368084748296,1D-CNN
S259,0.4078970412169557,0.3428870168705033,0.2286658207783125,0.020550121134229268,1D-CNN
S260,0.28591877047764885,0.33876732777954915,0.3409335303434835,0.03438037139931812,BiLSTM
S261,0.24431434051153478,0.1813717112101859,0.5588358322536283,0.015478116024651658,BiLSTM
S262,0.4358803336251488,0.28311653548646637,0.26266987640381206,0.01833325448457284,1D-CNN
S263,0.32196973481069285,0.2728155734979136,0.37932007648605326,0.025894615205340265,BiLSTM
S264,0.17933487152620858,0.28898209951763515,0.5051954829230607,0.026487546033095707,BiLSTM
S265,0.4242058628803148,0.29383200996519104,0.26322001758711494,0.01874210956737824,1D-CNN
S266,0.34816892979868064,0.40102156335725936,0.22794161331523927,0.02286789352882192,ANN
S267,0.21989617349315724,0.3517744538181651,0.3993917620488881,0.02893761063978952,BiLSTM
S268,0.23707077597583806,0.18533631881541532,0.5627295897853697,0.014863315423376969,BiLSTM
S269,0.26125723022320674,0.40874139940225906,0.30672530495498496,0.02327606541954936,ANN
S270,0.3103569120686656,0.31999023376443414,0.3369258371847126,0.03272701698218868,BiLSTM
S271,0.19745308230238673,0.5167252762579841,0.2634187299070866,0.02240291153254293,ANN
S272,0.19715516298017968,0.16478565714543994,0.597048018487078,0.041011161387302576,BiLSTM
S273,0.36852247864707116,0.2948271297269968,0.317945613654858,0.018704777971074928,1D-CNN
S274,0.5667801732560208,0.3617979634246902,0.06692271232797273,0.004499150991315545,1D-CNN
S275,0.30802204594520405,0.3529495541961768,0.3226160639861779,0.016412335872441036,ANN
S276,0.29271125301653567,0.3485684913122273,0.33472381356548153,0.02399644210575578,ANN
S277,0.33880395036978755,0.3511632143252857,0.2875314740823722,0.02250136122255643,ANN
S278,0.29346974310440616,0.306067331744489,0.3784145618185506,0.02204836333255408,BiLSTM
S279,0.4234412255006298,0.31029070648473156,0.25025199659590597,0.01601607141873071,1D-CNN
S280,0.37906488145625095,0.17094009811376787,0.40856250937617405,0.04143251105380641,BiLSTM
S281,0.6073768052801142,0.2977976548090761,0.08935975526774674,0.00546578464306298,1D-CNN
S282,0.7020101273491592,0.22925782722687235,0.06594096355254374,0.0027910818714252305,1D-CNN
S283,0.29578834036143714,0.5646546404752714,0.1346541889641218,0.004902830199167765,ANN
S284,0.33750402683522646,0.3541697850115215,0.28698260992852276,0.02134357822472829,ANN
S285,0.3160327623592358,0.33202125595728516,0.32416511204924253,0.027780869634236496,ANN
S286,0.3584990811220235,0.33905398615945875,0.2829054666140489,0.019541466104468688,1D-CNN
S287,0.36374571596685795,0.35794293544526146,0.2639210635245531,0.014390285063328498,1D-CNN
S288,0.19393314404153392,0.19576555457310169,0.5774770044804765,0.03282429690488811,BiLSTM
S289,0.06491307464255795,0.10679644946040705,0.8052228614245228,0.023067614472512772,BiLSTM
S290,0.48009105460839524,0.22777425491186537,0.2686303043587114,0.02350438612102827,1D-CNN
S291,0.2794690228771729,0.5928480353543862,0.12265649986522922,0.0050264419032117385,ANN
S292,0.11098969622622677,0.13479761954799183,0.7432439372128627,0.010968747012918723,BiLSTM
S293,0.46294007821878636,0.17992349502279292,0.33953525813403324,0.017601168624386966,1D-CNN
S294,0.4069530718988226,0.2740850481037486,0.29973019142180685,0.019231688575620253,1D-CNN
S295,0.3461966440195713,0.29543244922428497,0.3122067714961475,0.04616413525999698,1D-CNN
S296,0.2170994283306227,0.24121566972010083,0.5286294427432259,0.013055459206049188,BiLSTM
S297,0.3227568833233338,0.4456321171450457,0.21998010140814378,0.011630898123476835,ANN
S298,0.29815129051842715,0.44615808060469464,0.23639423535617207,0.019296393520706404,ANN
S299,0.3149774922821965,0.3046640275285891,0.3566727256689997,0.02368575452021389,BiLSTM
S300,0.28480296935090305,0.370187861053079,0.31282002147767757,0.03218914811834015,ANN
S301,0.18686630184349157,0.24373888745012048,0.5277633911090387,0.04163141959734967,BiLSTM
S302,0.302758010099342,0.30607644566470704,0.37634956627762034,0.014815977958330607,BiLSTM
S303,0.7865699631605246,0.09446564608625348,0.1113352124374419,0.007629178315779897,1D-CNN
S304,0.4653525201888803,0.45626595502602074,0.07440189941790161,0.003979625367194066,1D-CNN
S305,0.1823145195856075,0.20783685563302395,0.5400930379698287,0.06975558681154001,BiLSTM
S306,0.28237519215146883,0.32462760126367773,0.37545265867267524,0.017544547912177192,BiLSTM
S307,0.48621702529996547,0.3435497244327365,0.15344601428156093,0.016787235985736816,1D-CNN
S308,0.23907192847424608,0.4410554148897056,0.3028349791722947,0.017037677463753488,ANN
S309,0.2220230754437043,0.2930100541725024,0.4691085901711288,0.015858280212664392,BiLSTM
S310,0.1965928797539031,0.3773146233281261,0.38974194158150544,0.03635055533646448,BiLSTM
S311,0.34308325437446135,0.29245873515024934,0.32834624350831026,0.03611176696697794,1D-CNN
S312,0.22097463189245573,0.2952641143413752,0.4469016108907771,0.036859642875391965,BiLSTM
S313,0.11607936512580758,0.23991836575820633,0.601134772120904,0.04286749699508234,BiLSTM
S314,0.36570062144583376,0.3666703047283935,0.24386836249035485,0.02376071133541765,ANN
S315,0.2510861764011424,0.6439096355555726,0.0963294396832485,0.008674748360038545,ANN
S316,0.3365516513796452,0.38532394664694164,0.2703702738620156,0.007754128111397209,ANN
S317,0.4571735545524926,0.3583586857050004,0.16536087378240066,0.0191068859601071,1D-CNN
S318,0.0931026438342236,0.6067825146174951,0.29619251580937095,0.003922325738909192,ANN
S319,0.4340438644939029,0.3606654582450821,0.18906943440794616,0.016221242853068103,1D-CNN
S320,0.3139307467267399,0.4656139497965174,0.1989088463621365,0.021546457114606732,ANN
S321,0.23595465654839812,0.32646369221734944,0.4228314683584256,0.014750182875825555,BiLSTM
S322,0.49899180425748896,0.25774570184104445,0.22130663515205803,0.021955858749410324,1D-CNN
S323,0.3786681127541926,0.2891126683046276,0.31454759187231907,0.017671627068861134,1D-CNN
S324,0.15880753401680683,0.7454808174611266,0.08870677936797576,0.007004869154089392,ANN
S325,0.39281425828674876,0.32921794683266353,0.2575486039534495,0.02041919092713658,1D-CNN
S326,0.22571996466372696,0.5075569429157062,0.2435430176599493,0.023180074760615274,ANN
S327,0.3961765048665831,0.26413493182079395,0.30672916184425336,0.03295940146836942,1D-CNN
S328,0.20750691866885893,0.4487505260815398,0.3284212926123152,0.015321262637285489,ANN
S329,0.31643982792434117,0.2351205718792076,0.4338247650367571,0.014614835159694885,BiLSTM
S330,0.6155674312105124,0.1790536649377391,0.19370392511119477,0.011674978740552339,1D-CNN
S331,0.36540790815349905,0.2953957314531562,0.31255806013579507,0.02663830025754965,1D-CNN
S332,0.218555199382674,0.3225879462524961,0.40872722536909756,0.05012962899573238,BiLSTM
S333,0.15353369334934894,0.6945537575386967,0.1471022695943976,0.0048102795175570985,ANN
S334,0.32098491711720656,0.41183593620848075,0.25615941253311447,0.01101973414119915,ANN
S335,0.6201186538958379,0.1670967506126041,0.18650012982692515,0.02628446566463283,1D-CNN
S336,0.2046624793852791,0.22009241449978353,0.5360654573184356,0.03917964879650197,BiLSTM
S337,0.29205796668587153,0.16171665634184873,0.5215635424321754,0.02466183454010434,BiLSTM
S338,0.5768316918099164,0.3249756784563745,0.08490897871912695,0.0132836510145825,1D-CNN
S339,0.24764998749649447,0.19451024734537675,0.5324429409141157,0.025396824244011306,BiLSTM
S340,0.18372449082660763,0.3139331148297126,0.48904345030346563,0.01329894404021285,BiLSTM
S341,0.31629512351620925,0.2725419704999755,0.3841078749153302,0.027055031068484794,BiLSTM
S342,0.33344489519120785,0.30291869698059054,0.34244789861482966,0.02118850921337131,BiLSTM
S343,0.3232976934574568,0.38874787049142123,0.26177601918643423,0.026178416864687314,ANN
S344,0.2154125851679424,0.25568481816824334,0.5044672024929364,0.02443539417087834,BiLSTM
S345,0.1944996824696337,0.5724667051267075,0.21845875092634606,0.014574861477313412,ANN
S346,0.4698563299182626,0.2561964212444809,0.2600851326472619,0.013862116189994292,1D-CNN
S347,0.48378950207817417,0.2742331549956644,0.2206293668590805,0.021347976067080426,1D-CNN
S348,0.2304510869014525,0.4259129597682299,0.31457162497398033,0.029064328356337467,ANN
S349,0.27518985699139625,0.3346203887117932,0.37380842472140896,0.016381329575401202,BiLSTM
S350,0.3565603904438231,0.31965818015605646,0.2964856518269084,0.027295777573211968,1D-CNN
S351,0.4104758418529964,0.35469360563636376,0.2191375767789779,0.015692975731662565,1D-CNN
S352,0.21928520992316136,0.36324440269678415,0.40591507688246264,0.01155531049759371,BiLSTM
S353,0.3530521179082251,0.3013359315915643,0.32658871168719006,0.019023238813020905,1D-CNN
S354,0.3994050223071652,0.30540973487715933,0.27281938755858365,0.022365855257091682,1D-CNN
S355,0.21276498398544702,0.38636781442901025,0.3711057788074326,0.029761422778111103,ANN
S356,0.02423786198272572,0.9655199911873709,0.009672934059678902,0.0005692127702234044,ANN
S357,0.25041627027256624,0.2184461093915095,0.5084110729824634,0.02272654735346041,BiLSTM
S358,0.09344958386176394,0.3790493548298276,0.4975139182815578,0.029987143026851144,BiLSTM
S359,0.5267303422052974,0.156459320811493,0.257331351543923,0.0594789854392867,1D-CNN
S360,0.16868831420458372,0.4931093139757219,0.3091758439447922,0.029026527874902158,ANN
S361,0.2795776527126918,0.36122178984015874,0.3444564617991416,0.014744095648008985,ANN
S362,0.21564844134016461,0.377639755455321,0.3829346139783415,0.023777189226172196,BiLSTM
S363,0.24062438241030745,0.2975005085548829,0.4344063022687695,0.02746880676604094,BiLSTM
S364,0.31289849683046006,0.24866409366591527,0.4169405052325913,0.021496904271033436,BiLSTM
S365,0.4029042339631963,0.2278929780731721,0.3339053093623637,0.03529747860126763,1D-CNN
S366,0.3343706300449303,0.25987741956873184,0.37403900039695903,0.031712949989379624,BiLSTM
S367,0.28020445758945073,0.5582572086980232,0.14879508974795505,0.012743243964571726,ANN
S368,0.40065074485669805,0.39161665499778675,0.18520029936809101,0.022532300777424567,1D-CNN
S369,0.22923504164037697,0.28788349921776707,0.45101694819957705,0.03186451094227904,BiLSTM
S370,0.4340080120702604,0.33067101909344604,0.2225716800210453,0.012749288815248231,1D-CNN
S371,0.26376559754079576,0.12614150564481671,0.5761304355350947,0.0339624612792933,BiLSTM
S372,0.2325762414091403,0.3218141000588295,0.4262491941108118,0.019360464421217652,BiLSTM
S373,0.3921247833826087,0.2322863817160077,0.3407802709049666,0.0348085639964171,1D-CNN
S374,0.2616789284266602,0.34018420843775743,0.359815965267048,0.038320897868533516,BiLSTM
S375,0.25660626607853443,0.3369536470675894,0.3832879744259682,0.023152112427908406,BiLSTM
S376,0.2663254477819152,0.20068700060348918,0.4999273912441438,0.0330601603704521,BiLSTM
S377,0.22576947505618236,0.29887465531199936,0.4646772204200807,0.010678649211736066,BiLSTM
S378,0.4392175630275737,0.3143783616298176,0.23486250663739952,0.011541568705209925,1D-CNN
S379,0.4126472436243079,0.28995675123129216,0.2694341023867137,0.02796190275768618,1D-CNN
S380,0.2742341716851975,0.2615413032781605,0.42871990792473724,0.035504617111905244,BiLSTM
S381,0.16920937787173432,0.30744962061318776,0.5034632626625318,0.01987773885254657,BiLSTM
S382,0.3405856135168533,0.2744113215368977,0.34841831582031174,0.036584749125937156,BiLSTM
S383,0.30909760598778296,0.3998070094959832,0.2715542729279725,0.01954111158826208,ANN
S384,0.4026484603103619,0.240711784402315,0.3374830177816348,0.019156737505688668,1D-CNN
S385,0.30004613526352597,0.2920101491117571,0.3760112995995016,0.03193241602521606,BiLSTM
S386,0.20423149511640926,0.3918892447329208,0.3876062976153697,0.016272962535300795,ANN
S387,0.29314701252866787,0.46982422727629586,0.23130299921318997,0.005725760981844073,ANN
S388,0.5250572308539815,0.3614352784530006,0.10928260956857083,0.004224881124446083,1D-CNN
S389,0.4046219496695759,0.23840270597949986,0.2763915748122898,0.08058376953863514,1D-CNN
S390,0.3196097201592681,0.24637040039428182,0.4004608726660828,0.03355900678036787,BiLSTM
S391,0.43250101995649537,0.31531423026093425,0.23927092886408308,0.01291382091848572,1D-CNN
S392,0.41421085261042945,0.3779873242452092,0.18307409344578235,0.024727729698578307,1D-CNN
S393,0.2420080495374283,0.3200130354926314,0.41615289200322747,0.02182602296671259,BiLSTM
S394,0.3699064177208734,0.37535086597622597,0.2328025631908813,0.021940153112019176,ANN
S395,0.2731210731486103,0.35159849444706787,0.34159848895712314,0.033681943447199755,ANN
S396,0.30565953734013424,0.34840716517290193,0.3195303148012947,0.02640298268566958,ANN
S397,0.30215431926463465,0.3537351353117927,0.3108167110964054,0.03329383432716753,ANN
S398,0.1958758094011623,0.5123080056323768,0.27552193342584375,0.016294251540618095,ANN
S399,0.11719244764526673,0.8019962795270471,0.07836127804001176,0.0024499947876762836,ANN
S400,0.38209208298809977,0.38067444729273675,0.2237374479653046,0.01349602175385992,1D-CNN
S401,0.3440102187460485,0.3583900691451274,0.2846290336024324,0.012970678506390177,ANN
S402,0.3699099666019768,0.3254496766971488,0.2862620891978134,0.01837826750306145,1D-CNN
S403,0.35584589741455064,0.3185055320958029,0.3033749858861003,0.022273584603546497,1D-CNN
S404,0.2666758741314998,0.3309549427382069,0.3773670447339776,0.02500213839631628,BiLSTM
S405,0.1412978807967937,0.4591303857217095,0.3723211814741742,0.027250552007322057,ANN
S406,0.3313969868790652,0.4405870076311851,0.21601774442120952,0.011998261068540482,ANN
S407,0.3402144783641621,0.4589611810833686,0.18867861790002932,0.012145722652441286,ANN
S408,0.23604112141860625,0.44876730043714513,0.31163005260059173,0.0035615255436571565,ANN
S409,0.33153840657293737,0.5485282940432992,0.11627965589492467,0.003653643488841709,ANN
S410,0.23726949702853387,0.4758976125721966,0.2789385401772316,0.007894350222038455,ANN
S411,0.2767565476166154,0.3829111787583561,0.3281916496225308,0.01214062400249779,ANN
S412,0.2940159042981782,0.37867568164658577,0.31258103060152603,0.01472738345371105,ANN
S413,0.29573774229921207,0.3590201541113002,0.31804776832799525,0.02719433526149245,ANN
S414,0.1517863227526906,0.3986608491943332,0.4314340596559649,0.018118768397011587,BiLSTM
S415,0.20344621767207646,0.2986089751947315,0.46929071743505213,0.02865408969814054,BiLSTM
S416,0.16312216764862603,0.2940290485747489,0.5346014152477039,0.008247368528920272,BiLSTM
S417,0.43470032104169615,0.2530041379771078,0.2879761563089651,0.0243193846722301,1D-CNN
S418,0.34269162216331056,0.2749032990399251,0.3640043468354553,0.018400731961309074,BiLSTM
S419,0.3872036829986241,0.31766060333890345,0.2680645469461977,0.027071166716274207,1D-CNN
S420,0.2371298498213755,0.4210064161194161,0.31216710754381444,0.02969662651539469,ANN
S421,0.20538083015827183,0.42857972626101665,0.34268096872220516,0.02335847485850547,ANN
S422,0.4366391969137855,0.26865144009871483,0.282548070122144,0.012161292865356286,1D-CNN
S423,0.03113756508172526,0.9175652016604454,0.05051132942167925,0.0007859038361501822,ANN
S424,0.31100837797251263,0.4819172112534835,0.20251008027879297,0.004564330495212055,ANN
S425,0.19524524828478207,0.4027921331381687,0.3805648618944732,0.021397756682577027,ANN
S426,0.12674674113726234,0.2160458500621922,0.6487932895257241,0.008414119274822067,BiLSTM
S427,0.7660237392768885,0.12068953433833511,0.1077171342062885,0.005569592178487401,1D-CNN
S428,0.4728365705567196,0.23225934503997067,0.2630265417510008,0.031877542652309396,1D-CNN
S429,0.3673214264242032,0.2790975982959982,0.32444856585596976,0.02913240942382823,1D-CNN
S430,0.4717084174486177,0.3150627429818937,0.19609270942179133,0.017136130147698152,1D-CNN
S431,0.33653624153468703,0.4399949533974028,0.2089007223173933,0.01456808275051547,ANN
S432,0.18263327359191495,0.6398868065206874,0.1576518906065082,0.019828029280889947,ANN
S433,0.1160662332765357,0.11271056380568638,0.764364904339723,0.006858298578054871,BiLSTM
S434,0.6566498365066806,0.17572573896567162,0.15990185538453408,0.007722569143114197,1D-CNN
S435,0.33993194565252605,0.43065167661495607,0.2199897481418758,0.009426629590641295,ANN
S436,0.23339614721535595,0.29913480673025317,0.45520750795724646,0.01226153809714507,BiLSTM
S437,0.434243606819063,0.2999184709525672,0.2505961677143428,0.015241754514027702,1D-CNN
S438,0.35933105427210155,0.2684528491580831,0.3468179133954814,0.025398183174333767,1D-CNN
S439,0.24056426985395413,0.4520466188766927,0.2837786915908468,0.02361041967850758,ANN
S440,0.3570714189783074,0.3487513842786843,0.2646337630197221,0.0295434337232862,1D-CNN
S441,0.18376320213148115,0.19650887619417978,0.5788262094908445,0.04090171218349526,BiLSTM
S442,0.2650974237525351,0.23766204991020762,0.46999835851188415,0.027242167825373347,BiLSTM
S443,0.3753239845571637,0.4518449444833062,0.16158249164445057,0.011248579315079143,ANN
S444,0.4126095350164264,0.42215018618389555,0.15444420583845847,0.010796072961218489,ANN
S445,0.3161106360931865,0.3268143322416437,0.3403517049694589,0.01672332669571201,BiLSTM
