Segment,1D-CNN,ANN,BiLSTM,LSTM,CNN-LSTM,Selected
S1,0.19537464899358584,0.13147426365845136,0.3733108985407387,0.24281941410432123,0.057020774702903246,BiLSTM
S2,0.28813887072434335,0.2938423929235649,0.18883423035600336,0.19572418943303035,0.033460316563058604,ANN
S3,0.1894844398747491,0.26819159419355704,0.24083972424642833,0.2635989503022629,0.03788529138300247,ANN
S4,0.22381266229690364,0.26952578522769516,0.21300850603990287,0.2638061739223477,0.029846872513150467,ANN
S5,0.21643570719220165,0.43248778137923277,0.1533988751044288,0.17940095932227512,0.01827667700186153,ANN
S6,0.11570461861613682,0.3962970750123036,0.16669255306381167,0.3012784650490992,0.020027288258648836,ANN
S7,0.21121723793073255,0.18459061860402834,0.2630645883475664,0.2832482904630979,0.05787926465457432,LSTM
S8,0.24948410445644398,0.2846221956210681,0.24421008090899307,0.179523447864987,0.042160171148507564,ANN
S9,0.2486588315091154,0.32452772315422,0.2700423524770988,0.12978286895495092,0.026988223904615725,ANN
S10,0.29749366389240484,0.27985181218829447,0.22174708358555884,0.16518714816779465,0.035720292165947444,1D-CNN
S11,0.27727675266387114,0.26709056367443446,0.21044181487556998,0.21229823776304055,0.0328926310230847,1D-CNN
S12,0.2377578997949008,0.22567686842232226,0.2518624754470893,0.25212503587148066,0.03257772046420659,LSTM
S13,0.2031558078465382,0.285522122154061,0.24725424207788013,0.23343199445487095,0.0306358334666501,ANN
S14,0.18094392423127237,0.2564580205198642,0.27125433564141954,0.25367071838326527,0.03767300122417927,BiLSTM
S15,0.2565527045948906,0.2787509163360508,0.1799937003655558,0.2558465948300394,0.02885608387346392,ANN
S16,0.20092182595965802,0.215088666085676,0.31603492879875406,0.2355323500764329,0.032422229079479094,BiLSTM
S17,0.23388316015160254,0.33937660772968625,0.23275634718109986,0.13443950649009062,0.0595443784475209,ANN
S18,0.3635807587742819,0.19862282861753308,0.15719346738713905,0.2507894862370711,0.029813458983973477,1D-CNN
S19,0.2131658190306357,0.22432501828195114,0.22851919449962824,0.29758147588283895,0.036408492304946395,LSTM
S20,0.2856791166399111,0.26990525880365723,0.19390603487946284,0.2193888182646595,0.031120771412308398,1D-CNN
S21,0.22376675805065407,0.27849410111753764,0.2101084798869212,0.25505510452918856,0.03257555641569783,ANN
S22,0.21967901914669302,0.22876771701235232,0.21614014831428166,0.3077756255097877,0.02763749001688532,LSTM
S23,0.12036507212883944,0.23835185553415164,0.2073395341599364,0.41800139897671174,0.015942139200361333,LSTM
S24,0.17686481534686563,0.34334959244208996,0.27670728244897547,0.17075633198095846,0.03232197778111036,ANN
S25,0.44540322742050475,0.2860862833057589,0.1684456555812094,0.08377525281532285,0.016289580877204706,1D-CNN
S26,0.0907250824800469,0.14263554127459957,0.7185400462381093,0.03500697182957499,0.013092358177670196,BiLSTM
S27,0.3902697007763803,0.19568317642547775,0.20826078809258167,0.13672067154533468,0.06906566316022554,1D-CNN
S28,0.2394626246159831,0.17486487767237024,0.2185218371486884,0.3383703574188197,0.028780303144137823,LSTM
S29,0.22147463049032065,0.2074721112026336,0.30840419012787273,0.22339156377042121,0.039257504408751955,BiLSTM
S30,0.33576311984201335,0.2365814260311749,0.1779977077743596,0.20980292452982457,0.03985482182262757,1D-CNN
S31,0.1658587016216459,0.32412516042575673,0.2045748910486371,0.27194128547349294,0.03349996143046705,ANN
S32,0.1809368008140566,0.18463967166664583,0.299931018330175,0.3025376462703099,0.03195486291881178,LSTM
S33,0.3150960794150937,0.18096661479221984,0.2575771163776807,0.2123528352599382,0.03400735415506747,1D-CNN
S34,0.2605269622361484,0.22396609737037715,0.22866892570051714,0.2518912758102024,0.034946738882755374,1D-CNN
S35,0.22266687927092418,0.24246252776687863,0.21932116473864122,0.28576227862966386,0.029787149593892583,LSTM
S36,0.10651240087222114,0.6130676372198753,0.09523500336831439,0.17464821678390563,0.010536741755683657,ANN
S37,0.10483721110430282,0.4059923372057584,0.15298840409849568,0.3233694501616556,0.012812597429787582,ANN
S38,0.3180983375525458,0.3062569501073937,0.17116959158658673,0.16472591755916174,0.0397492031943117,1D-CNN
S39,0.2826028189941406,0.2870697817786082,0.19745015158888937,0.17866199537140953,0.05421525226695261,ANN
S40,0.23109677426451147,0.2516503695260972,0.25805357683503455,0.22549869901301914,0.033700580361339195,BiLSTM
S41,0.27267405319270704,0.2425392446231726,0.2424905478239264,0.20108650682956306,0.041209647530630895,1D-CNN
S42,0.28680778254564493,0.24300465906481897,0.21010145084555468,0.22673011132501164,0.03335599621897017,1D-CNN
S43,0.23497343043585525,0.2271806594047429,0.24390604883586475,0.2631149630081768,0.03082489831536046,LSTM
S44,0.35822998080113067,0.2606403039933771,0.20979517434129724,0.1540624034816901,0.01727213738250466,1D-CNN
S45,0.12126419288357188,0.11962671007516985,0.30938652894474883,0.42001044182689296,0.029712126269616657,LSTM
S46,0.20479907937037406,0.5285127991934969,0.09797374018408722,0.1544548890253826,0.014259492226659731,ANN
S47,0.1485287699770091,0.19246526220318363,0.20138865218691437,0.43195531581266183,0.02566199982023147,LSTM
S48,0.2029322499383386,0.13423229735795741,0.34224584648358286,0.29063987454311924,0.02994973167700207,BiLSTM
S49,0.20613940225320743,0.2236943590151999,0.2537865113878145,0.23224673494746478,0.08413299239631312,BiLSTM
S50,0.4485016883591577,0.26984744836641156,0.12663062913679204,0.12136825787801411,0.033651976259624426,1D-CNN
S51,0.17837310171924478,0.47521996697883145,0.1606143487707098,0.14454446429839674,0.0412481182328177,ANN
S52,0.2857087899827287,0.2802074735662658,0.18400072883323462,0.2049339470564193,0.045149060561351546,1D-CNN
S53,0.23855375263897224,0.29743083627485273,0.18380622361353843,0.24360232836101922,0.0366068591116173,ANN
S54,0.3364604324557572,0.15299432301553162,0.189067166657481,0.30116005948302393,0.020318018388205357,1D-CNN
S55,0.28187032227345893,0.3790479005999198,0.17597926682214132,0.14295849293586965,0.02014401736860846,ANN
S56,0.20583332981919114,0.24396904702957253,0.23965900597489856,0.26949066105198904,0.04104795612434859,LSTM
S57,0.18432267581895925,0.16972834023077382,0.09817568734023029,0.5317210592284729,0.016052237381564353,LSTM
S58,0.09549470958592468,0.26229816708125187,0.14898372839434076,0.4840518658577875,0.009171529080695321,LSTM
S59,0.15952500404469877,0.2161450205891758,0.2478921285805118,0.3382690336022034,0.03816881318341024,LSTM
S60,0.19770020173174263,0.24562723400441583,0.2254509723178536,0.2891470084823928,0.04207458346359539,LSTM
S61,0.2803752160888898,0.2608484400849227,0.28277802618349995,0.15187055276094558,0.02412776488174166,BiLSTM
S62,0.293928498600072,0.38882643850417126,0.16583474979954038,0.1332595635521524,0.018150749544063923,ANN
S63,0.2832147560115292,0.31654675065186694,0.18973150943780914,0.18096204664970655,0.029544937249088892,ANN
S64,0.2691771747360718,0.2611578679893811,0.22953585372897026,0.20838009541666297,0.03174900812891317,1D-CNN
S65,0.2403253687836357,0.21129051259613615,0.2809088245744868,0.23264896661513798,0.03482632743060275,BiLSTM
S66,0.2202429768066967,0.21004598889225484,0.29314544497388517,0.23903504974240133,0.037530539584762566,BiLSTM
S67,0.23840528888926346,0.17016526527666168,0.1362408436246772,0.4324870946882344,0.022701507521162637,LSTM
S68,0.20780346425004342,0.25739986867534176,0.24216323581070962,0.2539664309935141,0.03866700027039158,ANN
S69,0.23648159317895345,0.3190880360003627,0.20049855666196964,0.20317240602952355,0.040759408129190995,ANN
S70,0.2582801475657818,0.30841784935024374,0.19012534630543199,0.20962231571709472,0.03355434106144707,ANN
S71,0.25487808773525733,0.2483597565213821,0.22044921341051535,0.24545525890482367,0.030857683428021636,1D-CNN
S72,0.1983634401322301,0.739020706702967,0.02877425856129321,0.030150498931254505,0.0036910956722544627,ANN
S73,0.238007976927269,0.30248372090893244,0.2195328706270932,0.22166119896638595,0.018314232570319736,ANN
S74,0.19468304469631226,0.24627229124015249,0.18380883792532957,0.34260403149530705,0.032631794642897394,LSTM
S75,0.1932645642405541,0.3167520874388417,0.2032014413424314,0.21761631676655954,0.06916559021161287,ANN
S76,0.18341314886355503,0.264487958581517,0.31963648060263333,0.2004848960657156,0.03197751588657912,BiLSTM
S77,0.2549329902982755,0.15984692466404377,0.34225342541696185,0.22006658412160346,0.022900075499114995,BiLSTM
S78,0.4325464889136663,0.24517261413278194,0.13461700026101314,0.15780855856777504,0.029855338124762883,1D-CNN
S79,0.30643908798379216,0.23152777676343617,0.18585736394211722,0.22830270433506517,0.04787306697558921,1D-CNN
S80,0.2081665315704967,0.2312831088216988,0.3139007864451864,0.2138460976826522,0.03280347547996569,BiLSTM
S81,0.2743441444762638,0.24636688286626007,0.2616121136073466,0.19046838664699373,0.027208472403136168,1D-CNN
S82,0.14866766482561078,0.5323833405323583,0.14420510153305216,0.15298375535342756,0.02176013775555065,ANN
S83,0.21038228363173125,0.21685658018964737,0.2596303670174095,0.2787926426729881,0.03433812648822352,LSTM
S84,0.08118917794332708,0.5553890951227156,0.2254367361641905,0.12234337518320183,0.015641615586564593,ANN
S85,0.13731694438369557,0.10521426657247668,0.38214149709889905,0.3403458447541839,0.03498144719074474,BiLSTM
S86,0.14678511264114327,0.1946670587751016,0.263275534406654,0.3717682163545318,0.023504077822569733,LSTM
S87,0.2654615263841614,0.25699880222712745,0.23678543358572698,0.20947515614106788,0.03127908166191541,1D-CNN
S88,0.4443662265977074,0.19224784963858157,0.15722225582048402,0.17298044151169562,0.03318322643153221,1D-CNN
S89,0.48686757766726674,0.13997668222761653,0.1530612987756062,0.186825638761933,0.033268802567576375,1D-CNN
S90,0.2578923533069301,0.23081713422209535,0.2277102295695755,0.24164955324253456,0.04193072965886354,1D-CNN
S91,0.19187028999933967,0.4422766436219488,0.15353696502085776,0.16575524446414064,0.04656085689371287,ANN
S92,0.234941563535983,0.36416684955533307,0.1585893252741351,0.21114171454000463,0.03116054709454394,ANN
S93,0.22509884222486268,0.2654808599624742,0.2312873596403914,0.24402550052323144,0.03410743764904109,ANN
S94,0.2664269665411189,0.2893141490433834,0.21791144151496672,0.19645032505452165,0.029897117846009326,ANN
S95,0.3067226069652387,0.2587889248807376,0.20863929416899832,0.18548731113786487,0.04036186284716065,1D-CNN
S96,0.0714737738401091,0.08163742414505551,0.32929737996585506,0.48481640763540745,0.0327750144135728,LSTM
S97,0.17885344561921052,0.198126326141621,0.2624336191533303,0.33156827458654803,0.029018334499290425,LSTM
S98,0.2619271998066985,0.3058405621595013,0.1946176098609015,0.2083856711216795,0.029228957051218963,ANN
S99,0.31443488097884376,0.4903127673238105,0.11190233550830432,0.06988173324639291,0.013468282942648777,ANN
S100,0.5179561376891693,0.18275162220119548,0.16296561334071044,0.09601403532948108,0.040312591439444025,1D-CNN
S101,0.3460371012638787,0.2879246761523662,0.16757082866701536,0.1585712585419825,0.03989613537475744,1D-CNN
S102,0.26003708825528793,0.2906151978938536,0.20971963846550928,0.20718711305677798,0.032440962328569994,ANN
S103,0.22608134657676923,0.23857453495414363,0.283594571655759,0.2176684333080807,0.03408111350524787,BiLSTM
S104,0.15350620347906968,0.20007604397618997,0.27697544985191735,0.32563660367117847,0.043805699021644474,LSTM
S105,0.14561217870237614,0.15239838993871146,0.36394658679413244,0.29933004346293324,0.03871280110184658,BiLSTM
S106,0.1377638420076805,0.09035466735767926,0.29919798077696746,0.4357355264224664,0.03694798343520656,LSTM
S107,0.12332101248094535,0.2338447296389657,0.2865239354409092,0.32079567780115037,0.035514644638029357,LSTM
S108,0.1869901649982749,0.22524586264977126,0.330714382475661,0.204306721045446,0.052742868830846765,BiLSTM
S109,0.40886245092212337,0.19833869008713598,0.15692415177014504,0.20906049753025102,0.02681420969034432,1D-CNN
S110,0.16065249055279118,0.22126187704443795,0.3291126292697068,0.2623515212077645,0.026621481925299725,BiLSTM
S111,0.27872519450900274,0.29311846872677266,0.1964656481409875,0.20331733482762177,0.028373353795614703,ANN
S112,0.21202003779203485,0.2862858619429047,0.2340005932230079,0.24165325329035772,0.026040253751695247,ANN
S113,0.24759376525062168,0.24467218714221003,0.24248824013958759,0.2389931601000859,0.026252647367494265,1D-CNN
S114,0.24905331457837274,0.239786349774387,0.2552960899474039,0.22250742624310477,0.03335681945673195,BiLSTM
S115,0.20364118493667946,0.3238451354172702,0.2284443912931467,0.21453482449450587,0.02953446385839775,ANN
S116,0.12302159194746093,0.24716549445689795,0.22940972317803462,0.37943857408721277,0.020964616330394144,LSTM
S117,0.19295226188329387,0.27270065758791207,0.3481229714133968,0.14413215684771832,0.042091952267679006,BiLSTM
S118,0.6484596760335193,0.14461969340527414,0.1008099726615072,0.07946957038996717,0.02664108750973202,1D-CNN
S119,0.18385750974983286,0.3594163980138619,0.21156041463178896,0.19400750383901894,0.05115817376549815,ANN
S120,0.22288839210852107,0.1701462514055602,0.1708418799157095,0.40682126864002766,0.029302207930180735,LSTM
S121,0.31885587220006545,0.20647087377602902,0.22473686263209885,0.21808667272121868,0.03184971867058855,1D-CNN
S122,0.32718724782100356,0.23556309144714377,0.198905149079242,0.19530717635442355,0.043037335298186825,1D-CNN
S123,0.25502360378620403,0.3471138065830355,0.15227433899853016,0.2053098374695851,0.040278413162646444,ANN
S124,0.15561807270356307,0.19334663486670628,0.27406018689827255,0.35513647930077946,0.02183862623067771,LSTM
S125,0.2777825766684433,0.24299842248195733,0.21213975825668588,0.24837086299434172,0.018708379598570912,1D-CNN
S126,0.3097567033085354,0.23011786395088826,0.15797520713573004,0.27990510722209166,0.02224511838275398,1D-CNN
S127,0.14811753431878422,0.20311806393455842,0.1462640937179865,0.4818961624931416,0.020604145535530263,LSTM
S128,0.156449704677447,0.27054205770092066,0.28766192252294626,0.25454745124355493,0.03079886385512994,BiLSTM
S129,0.2279750582695731,0.21709761173199077,0.2954338189959896,0.22275790757337172,0.0367356034290749,BiLSTM
S130,0.6001569432349279,0.16817034988362203,0.11521089988473547,0.09123034339623276,0.025231463600481327,1D-CNN
S131,0.750819236945932,0.12947477953933884,0.05051469364257078,0.054080017490079575,0.01511127238208012,1D-CNN
S132,0.15160155877664566,0.2523503946883726,0.227197916469946,0.3360279762723868,0.032822153792648245,LSTM
S133,0.2391267745047928,0.24690273653076913,0.2466854589754381,0.23338191668403296,0.03390311330496701,ANN
S134,0.3299484911957084,0.2608022461477952,0.1864426365739128,0.19042318893542934,0.0323834371471549,1D-CNN
S135,0.2219887205381476,0.2516550144911926,0.21901143700301887,0.2760372507814738,0.031307577186166585,LSTM
S136,0.2547197389039274,0.15744306206256864,0.41053410904526927,0.15307865782943403,0.02422443215879991,BiLSTM
S137,0.14974273955877235,0.18557931154098525,0.2593852225642061,0.3816791298435328,0.023613596492504312,LSTM
S138,0.18368698220317584,0.36178650968416687,0.22635207069043653,0.2077328405838948,0.020441596838326262,ANN
S139,0.21166647599186345,0.21305264778467548,0.19705564769793169,0.3536467654676497,0.02457846305787998,LSTM
S140,0.1881083068766576,0.1880742168281083,0.25756619137107845,0.3381681371648342,0.02808314775932118,LSTM
S141,0.19153280900059114,0.3435285479264656,0.21547048446592196,0.2193143775320853,0.030153781074935816,ANN
S142,0.21190458290262515,0.18513759804528862,0.19708396972838643,0.37278259023875154,0.03309125908494818,LSTM
S143,0.1834937312192313,0.2794343540688833,0.3775999981452125,0.12804833328475268,0.03142358328192071,BiLSTM
S144,0.47150496685007903,0.22989854013385544,0.13139733464540496,0.1360273579714121,0.031171800399248856,1D-CNN
S145,0.28456483742655153,0.25548754530927714,0.1987350996152938,0.22417264040031376,0.03703987724856459,1D-CNN
S146,0.1871364581523053,0.2281628522663028,0.25683916514733357,0.2956215223430164,0.032240002091041255,LSTM
S147,0.2818661449717333,0.10694080550923571,0.29304717552594706,0.27970356020857523,0.03844231378450865,BiLSTM
S148,0.1361531055555388,0.1469616213299721,0.1652801941515855,0.5278788784078011,0.02372620055510155,LSTM
S149,0.1753408645613224,0.21682149213728738,0.2910178888905546,0.2904576669428189,0.026362087468016004,BiLSTM
S150,0.24345096644214703,0.23793588676490854,0.25409767388485144,0.23178181454427685,0.03273365836381637,BiLSTM
S151,0.26881387051196937,0.22598284851523098,0.20629723420835255,0.2676727128484376,0.03123333391601008,1D-CNN
S152,0.1430341211344835,0.41297485678892004,0.20731031362493488,0.2082175527434919,0.02846315570816921,ANN
S153,0.20483070818752858,0.2535481746309043,0.2635767622211242,0.23293072492070566,0.04511363003973784,BiLSTM
S154,0.22903331608543137,0.22615408109030932,0.2879392492919091,0.19117912339603893,0.06569423013631151,BiLSTM
S155,0.3357041261286277,0.2692051398857178,0.19751773861082675,0.15507537284407982,0.04249762253074855,1D-CNN
S156,0.27148007792636447,0.20531804620284513,0.2392943769315933,0.24301130229249637,0.04089619664670083,1D-CNN
S157,0.24752432137218788,0.2096440541535923,0.2384864912679204,0.2692379455846891,0.035107187621610934,LSTM
S158,0.21084164158673477,0.3698838618922677,0.19072882984137327,0.2023896257467902,0.02615604093283396,ANN
S159,0.14260921935312726,0.4880563233075917,0.16656178092101817,0.17677113729992228,0.026001539118339925,ANN
S160,0.1810949503202975,0.20312037936696076,0.28432904542572673,0.2663383278052267,0.06511729708178876,BiLSTM
S161,0.20803947928018746,0.22916302313554296,0.33936330883218024,0.19041090853923756,0.03302328021285234,BiLSTM
S162,0.4522785690527895,0.19895828466118,0.18823348619523075,0.13193665809930447,0.028593001991494612,1D-CNN
S163,0.38454788117153893,0.1900725342446553,0.17409481164641566,0.2188072807761653,0.032477492161223843,1D-CNN
S164,0.20623733015208084,0.21687607606757464,0.2551835499041018,0.2833337610118313,0.038369282864412387,LSTM
S165,0.06215153487362227,0.7702268146607691,0.05519633277592858,0.10546798851815029,0.00695732917152943,ANN
S166,0.12971239751539437,0.09994635153300421,0.6503277203681503,0.10772715380976193,0.012286376773689782,BiLSTM
S167,0.3054076789199527,0.21143355048015047,0.23932849534262163,0.19959945788039418,0.04423081737688071,1D-CNN
S168,0.4218810286975861,0.20590668308850757,0.13261328328024896,0.19934394286052454,0.04025506207313195,1D-CNN
S169,0.06934511609991971,0.06016999789205127,0.7763919394802385,0.07858340263991095,0.015509543887879318,BiLSTM
S170,0.3299216308802459,0.2393431618916353,0.23329971053398993,0.16536108994258814,0.03207440675154041,1D-CNN
S171,0.5170226589364372,0.18024522504306462,0.13551381858776457,0.13674013449167244,0.030478162941060996,1D-CNN
S172,0.13027144011088582,0.15095434221279017,0.2273480808573724,0.4646939560357725,0.02673218078317884,LSTM
S173,0.09120119779369651,0.4588355911659835,0.24655258956038598,0.18671638226305626,0.016694239216877762,ANN
S174,0.23130288222917444,0.47430996313541396,0.12183472165841341,0.1628202815826139,0.009732151394384811,ANN
S175,0.11220554471326238,0.4822986482341229,0.1807673935896218,0.20164955915192664,0.023078854311065978,ANN
S176,0.0948632335124771,0.406571055757518,0.14277441984834502,0.3303961818231215,0.025395109058539696,ANN
S177,0.1696493027360741,0.1727634936014163,0.31933437852560725,0.28374973957107663,0.05450308556582537,BiLSTM
S178,0.23845711132126718,0.2868090573674836,0.2596301764038986,0.19262966083673186,0.02247399407061932,ANN
S179,0.46250662568918033,0.19636961652801516,0.1635133614183274,0.1462581759738547,0.03135222039062154,1D-CNN
S180,0.37202806380828113,0.2687120216883608,0.13689139368616057,0.19555730793508103,0.026811212882116645,1D-CNN
S181,0.20313457745784583,0.19433781021627328,0.31369797003150734,0.2551281237390369,0.03370151855533582,BiLSTM
S182,0.22477819651931832,0.19965283280705898,0.31122487689312245,0.23062379179174694,0.03372030198875198,BiLSTM
S183,0.2260799903988633,0.19950062740878635,0.25652452946483895,0.28271060015765026,0.03518425256986048,LSTM
S184,0.25413402139968705,0.23220900756932286,0.24699035986924356,0.229287970721179,0.03737864044056808,1D-CNN
S185,0.3010317973225347,0.15890831520560883,0.20589438333629378,0.3024225104352659,0.03174299370029681,LSTM
S186,0.14274041209454663,0.13151911154289952,0.48096566415483427,0.21540935925594024,0.029365452951779274,BiLSTM
S187,0.21061849979008207,0.3031098580639969,0.2340970110649859,0.21204923648432222,0.04012539459661165,ANN
S188,0.2920214513927082,0.25390666925497496,0.20546200152868374,0.2029862689095356,0.04562360891409779,1D-CNN
S189,0.21906218806465477,0.21634174509803714,0.2656299095700629,0.24938763758983426,0.04957851967741109,BiLSTM
S190,0.23348066895732003,0.23771694376708138,0.2266610475487279,0.2657983092864184,0.03634303044045201,LSTM
S191,0.2642248536602384,0.21281321044588164,0.23375433247444927,0.2563749530846483,0.03283265033478293,1D-CNN
S192,0.2070713854240672,0.33551349716569584,0.2047827933955336,0.22514947330949275,0.027482850705210723,ANN
S193,0.08690221156879999,0.5445569498387007,0.14932587205251252,0.20293509306617455,0.01627987347381312,ANN
S194,0.10254703717456516,0.1844502778171897,0.2284814452760661,0.46887417988793584,0.01564705984424368,LSTM
S195,0.2470402615866197,0.3000396912401743,0.22917370791574443,0.19473046578166583,0.029015873475796122,ANN
S196,0.272017883538331,0.38633381485248836,0.14451402334354616,0.17206765619042494,0.025066622075209474,ANN
S197,0.1761821340409148,0.3106721710716197,0.35959576539014854,0.12399548780897603,0.029554441688340857,BiLSTM
S198,0.2863931603670849,0.2662830457677924,0.21235692622789956,0.2039357321633171,0.03103113547390572,1D-CNN
S199,0.2628682267430165,0.24192719915863894,0.25514688542908676,0.2016242184425459,0.03843347022671179,1D-CNN
S200,0.27446050930441007,0.252219035684691,0.22481179273670102,0.21489592338218855,0.03361273889200868,1D-CNN
S201,0.24891415883580018,0.22516836523779,0.24135607250382277,0.2524050252698926,0.03215637815269548,LSTM
S202,0.19776839799588725,0.2424296956533353,0.28439723222416563,0.24328644625804893,0.032118227868563526,BiLSTM
S203,0.14336993279924912,0.1627318904022174,0.25272290344820836,0.4073385695248036,0.03383670382552234,LSTM
S204,0.1936736618428828,0.29219087193180787,0.2637260983903339,0.22315669257470291,0.02725267526027239,ANN
S205,0.30435990578583766,0.2678557697443222,0.21739972544433583,0.1768359589230372,0.033548640102466165,1D-CNN
S206,0.2796788606883577,0.2546716173009394,0.22012962495488927,0.21125861376937374,0.03426128328644004,1D-CNN
S207,0.21584910083701728,0.2525674553291151,0.22734391214577698,0.2744350525027713,0.029804479185318797,LSTM
S208,0.09083527648216336,0.5289154569096531,0.15464899915646327,0.2084830812923988,0.01711718615932222,ANN
S209,0.16558030759375394,0.14265145037251165,0.4067645683933273,0.2549887356246475,0.030014938015760585,BiLSTM
S210,0.34872540173805694,0.3704288681637084,0.1480617269539055,0.10974089285561396,0.023043110288714932,ANN
S211,0.25544246826548933,0.1679739504536327,0.2532712044166445,0.2799085209457282,0.043403855918504555,LSTM
S212,0.11343380857361818,0.278791597384201,0.22927918699744787,0.35318121531594227,0.025314191728790736,LSTM
S213,0.23544927058305282,0.16509888577573587,0.25024592437601384,0.31664217485577983,0.032563744409418054,LSTM
S214,0.24321347988150593,0.21460380239862747,0.26899207166956934,0.23855507134024714,0.034635574710050375,BiLSTM
S215,0.25628471170049716,0.24514213492369008,0.21598420756346784,0.25199531602248804,0.03059362978985729,1D-CNN
S216,0.19716250271934943,0.25553563710653,0.2284437074922255,0.2913797451708984,0.027478407510996096,LSTM
S217,0.17984141392988837,0.31007184265371335,0.2313182006918599,0.254750681990755,0.0240178607337833,ANN
S218,0.1922840268212351,0.20873735604821686,0.3191549454243252,0.23929179790753974,0.040531873798683095,BiLSTM
S219,0.22392178043764324,0.35196467366252127,0.2155001111451407,0.1839715411051466,0.024641893649547504,ANN
S220,0.3107164541495677,0.3262229978790787,0.22297985317153166,0.10949482180087243,0.03058587299894936,ANN
S221,0.35259178986901446,0.2655316502812321,0.1676400424548702,0.18901400831280232,0.025222509082081,1D-CNN
S222,0.1684365802788152,0.35454647716593607,0.30853778703736645,0.1426530705647973,0.02582608495308468,ANN
S223,0.25363615560075564,0.2541936801636198,0.21155075304964774,0.24860454087880607,0.03201487030717009,ANN
S224,0.2016003250877131,0.2349406559582645,0.3047299720341077,0.22515638883244524,0.03357265808746879,BiLSTM
S225,0.2848798432560514,0.29186562092350515,0.21576312684337026,0.17718786512195128,0.030303543855121406,ANN
S226,0.265551509926864,0.22044404456288813,0.22833498847693523,0.25599085532863075,0.029678601704683297,1D-CNN
S227,0.2042710350957645,0.28583641993719083,0.26335768635838935,0.2164462331096723,0.030088625498982283,ANN
S228,0.24929459936033976,0.26348927667199173,0.22669608788478063,0.22919109765637927,0.03132893842650842,ANN
S229,0.18780589374939172,0.3266904684263666,0.2652541131118729,0.18322858590731383,0.03702093880505507,ANN
S230,0.17458994583085877,0.23922424645497958,0.17457441672587937,0.38589865867554557,0.025712732312735735,LSTM
S231,0.2284608653441667,0.20306891088586773,0.3361670019417923,0.19712590589388476,0.03517731593428877,BiLSTM
S232,0.3249451277880637,0.23377000710882778,0.22773250332297085,0.17196063654459623,0.04159172523554212,1D-CNN
S233,0.2641247450481602,0.21003326893393157,0.20729164438540934,0.2867272336981723,0.03182310793432617,LSTM
S234,0.21584845350963347,0.23477251788078837,0.24642585955212867,0.2712927652621869,0.031660403795261964,LSTM
S235,0.2551431201593181,0.3982924609322736,0.15458855565971855,0.17109405088829344,0.020881812360396133,ANN
S236,0.17923878538290455,0.29147865299809544,0.2045758189567517,0.29550093050599474,0.02920581215625484,LSTM
S237,0.2230897998208272,0.2441611335134717,0.23250794768013014,0.27159292447977107,0.02864819450579987,LSTM
S238,0.25350563739925375,0.2737489455040954,0.2269852145420284,0.2184832418801455,0.027276960674477366,ANN
S239,0.15924795446416504,0.29402525986101286,0.3977173285678487,0.11996462381098777,0.029044833295986068,BiLSTM
S240,0.5739106674783712,0.23055996065447087,0.10538947635726112,0.07143114387070748,0.01870875163918844,1D-CNN
S241,0.29245809109188825,0.3028838643047768,0.20840266305722044,0.16659004533630703,0.029665336209807425,ANN
S242,0.22730846418396516,0.22532521474798325,0.28819344441953837,0.22601420981962178,0.033158666828891084,BiLSTM
S243,0.4101103583009937,0.1884145653352233,0.1141792787015639,0.2692159735140804,0.0180798241481382,1D-CNN
S244,0.14718149279123993,0.1886520138819343,0.45524674763882816,0.177931902856289,0.03098784283170757,BiLSTM
S245,0.28075162506279616,0.24960756742618975,0.21390636105368416,0.22031169893296565,0.03542274752436426,1D-CNN
S246,0.22447850949413917,0.2820554623870609,0.22582615704847103,0.23217813366401355,0.03546173740631604,ANN
S247,0.2519524405441486,0.2371299886331982,0.22574785371589035,0.2516509370626785,0.03351878004408502,1D-CNN
S248,0.17245759301919256,0.44886114244372616,0.15259648475427065,0.20032905102090443,0.02575572876190505,ANN
S249,0.16821832769717315,0.29356521026762217,0.24363266572450368,0.25009195853489957,0.044491837775802366,ANN
S250,0.1786287274329424,0.20853967255071143,0.3767141407152237,0.2081931268410401,0.027924332460082968,BiLSTM
S251,0.5103041180974963,0.2482946974052994,0.1268814572829254,0.09777980873920955,0.01673991847506923,1D-CNN
S252,0.3223296352858861,0.2012730411261914,0.2112520549556959,0.2299823973689018,0.035162871263324985,1D-CNN
S253,0.17491032856521768,0.19856621716327144,0.25995688606078904,0.3341612812950076,0.03240528691571439,LSTM
S254,0.19027329659622005,0.41175173863702025,0.17649834400219563,0.19918728789922896,0.02228933286533489,ANN
S255,0.13954777589054465,0.31806774309736696,0.25073624075668444,0.2440397082886773,0.047608531966726465,ANN
S256,0.2131414245109668,0.2707378739631001,0.14724367619320686,0.34311382579337635,0.025763199539349104,LSTM
S257,0.20225189157858744,0.25348390765829587,0.31028029769036014,0.20658059567286668,0.027403307399889446,BiLSTM
S258,0.276059136677023,0.2456746202751889,0.2359962001853564,0.2022942649455824,0.03997577791684869,1D-CNN
S259,0.30884050660568674,0.25027425401881553,0.18285931200374797,0.22353440215998066,0.03449152521176929,1D-CNN
S260,0.1836904947934021,0.2064018573414488,0.23763482983455664,0.3451173798289538,0.02715543820163833,LSTM
S261,0.20098630544244195,0.18727454943486857,0.3979109792152618,0.1845903201299327,0.029237845777494578,BiLSTM
S262,0.2909045465208326,0.22277055532586143,0.21117354431678648,0.21895797119668034,0.056193382639838536,1D-CNN
S263,0.24414404932146233,0.22612634110284557,0.23758344783715943,0.23649130917749325,0.05565485256103917,1D-CNN
S264,0.1542667753833608,0.217315020945635,0.3408118457743834,0.25631425280352144,0.03129210509310001,BiLSTM
S265,0.29319923559382144,0.2388573682073348,0.21332082300080094,0.21867447429132442,0.03594809890671848,1D-CNN
S266,0.2519678495985924,0.2833271580567179,0.1762423347358495,0.2427197698515704,0.04574288775726974,ANN
S267,0.14268523087932672,0.21078008682166613,0.2861248428658424,0.32959183438273165,0.030818005050432452,LSTM
S268,0.20033582847890272,0.1751342910738319,0.41858363783025304,0.1824787226877381,0.02346751992927372,BiLSTM
S269,0.18771413689258779,0.305109832862974,0.22919525243983668,0.254223289107064,0.023757488697537955,ANN
S270,0.20514953409571546,0.21072328262936674,0.2207683758809776,0.333507382673504,0.029851424720435723,LSTM
S271,0.14017034571980494,0.4060663808011564,0.18587297436066752,0.24651988808159317,0.02137041103677832,ANN
S272,0.13815913268286328,0.13126780118310827,0.34998854125288864,0.35063659750680337,0.029947927374336554,LSTM
S273,0.26592919107660534,0.22613597209311026,0.23964626060828748,0.22334721557850715,0.04494136064349043,1D-CNN
S274,0.5046792862622073,0.3415441941749174,0.07052049482902756,0.07066311192646622,0.012592912807381233,1D-CNN
S275,0.24180982545576699,0.27981742724336806,0.24234459539678205,0.196537270674529,0.03949088122955445,ANN
S276,0.22730125356837008,0.24849850602388507,0.23859324137946608,0.2453620635129737,0.04024493551530504,ANN
S277,0.2519503119163095,0.24873294923416048,0.2179744928326083,0.2494347861113655,0.031907459905556664,1D-CNN
S278,0.21892527979051182,0.22328197397092917,0.2787771383145222,0.246175999438823,0.03283960848521351,BiLSTM
S279,0.37778819536560293,0.3013195036082545,0.1606848620116424,0.14230887190971728,0.017898567104781667,1D-CNN
S280,0.2222550609976789,0.14274672823584852,0.2520704522518034,0.3312939637237149,0.05163379479095359,LSTM
S281,0.4516100164471122,0.2781883154393472,0.1297150542424198,0.12005140112376814,0.020435212747351494,1D-CNN
S282,0.5002160432258912,0.24277400583088854,0.12432490432045444,0.10269499590334616,0.029990050719418654,1D-CNN
S283,0.2547226113710715,0.3809804550382959,0.1781449407068972,0.14035733210345333,0.04579466078028142,ANN
S284,0.25214699474336316,0.2574619399818449,0.21622772202418922,0.2276011140424428,0.046562229208159764,ANN
S285,0.22891129013804867,0.23530355588824628,0.23062029642215362,0.2695661391808312,0.03559871837072017,LSTM
S286,0.2592998726810025,0.24967466896372276,0.22903300610775235,0.23058406566135572,0.031408386586166466,1D-CNN
S287,0.27990866031900785,0.2796524109559802,0.2193824815481722,0.1920759447769421,0.028980502399898165,1D-CNN
S288,0.17197785710608335,0.17341230954399697,0.3363004806684252,0.27960600807438374,0.038703344607110855,BiLSTM
S289,0.06057118810018622,0.09856636516707121,0.6096671199126174,0.21484950598117503,0.016345820838950108,BiLSTM
S290,0.37984409742937225,0.18350468545306584,0.18697061521624014,0.22292303203264435,0.026757569868677753,1D-CNN
S291,0.25927247356081917,0.4176655749866855,0.1636515953237245,0.12595492264999897,0.033455433478771585,ANN
S292,0.13948936190785535,0.16015633408438454,0.4909563594862017,0.16799305308933649,0.041404891432221314,BiLSTM
S293,0.3170804064477947,0.17475441000760794,0.25190431395762247,0.21349734556194722,0.0427635240250278,1D-CNN
S294,0.2813899749589832,0.2197277546841184,0.22807348196548588,0.218731303056737,0.05207748533467473,1D-CNN
S295,0.21772909828580492,0.1710067399132428,0.14601444687200232,0.44064282843739067,0.024606886491560113,LSTM
S296,0.16548861384914246,0.16362584604906777,0.4788764362406787,0.17101499536290582,0.020994108498204593,BiLSTM
S297,0.2474766254361018,0.33959192070381017,0.2056974630851165,0.17529677979644703,0.031937210978523804,ANN
S298,0.22863464827262692,0.3306747471252133,0.1871677915027634,0.2244116348876965,0.029111178211699836,ANN
S299,0.23082429044208919,0.227987042724241,0.2578727682551214,0.24859409768731305,0.03472180089123484,BiLSTM
S300,0.1679775345895466,0.3417940243115767,0.17492675773329894,0.2883827741370434,0.026918909228534568,ANN
S301,0.14803964113982276,0.17385995215580616,0.29313219697411086,0.3224772318128869,0.06249097791737419,LSTM
S302,0.22666938831517217,0.24587755596077687,0.3122002446138745,0.191225772120399,0.024027038989777122,BiLSTM
S303,0.6500782794629042,0.10364220793405356,0.11506739029076696,0.1151241637550018,0.01608795855727261,1D-CNN
S304,0.3574070725860791,0.39182522689635296,0.11814318388466485,0.1039306742693214,0.028693842363580982,ANN
S305,0.11838777822175243,0.12716123337852062,0.2639526450112934,0.4576726823150104,0.032825661073422996,LSTM
S306,0.22712108599989378,0.24393535370970584,0.27522159723845735,0.2171810801345258,0.03654088291741667,BiLSTM
S307,0.3500948622755117,0.25633888903580104,0.14607769203659618,0.22115532684822947,0.026333229803861963,1D-CNN
S308,0.17929131517901178,0.2984920428374292,0.26344737119435474,0.23684899022576622,0.021920280563437478,ANN
S309,0.18338129547646656,0.24614772557591877,0.3411799711718648,0.2004216662570848,0.028869341518665836,BiLSTM
S310,0.15913920664541326,0.2512165486771966,0.24596684499672683,0.2987781895996868,0.04489921008097572,LSTM
S311,0.22695703376062065,0.20475543694679313,0.21793278431781102,0.31290954627527917,0.03744519869949611,LSTM
S312,0.13755975656291164,0.2594323591641376,0.2612133582132529,0.31851132575504404,0.02328320030465358,LSTM
S313,0.08845975722349601,0.215775910868459,0.3383532805985595,0.3351643833820474,0.0222466679274377,BiLSTM
S314,0.25789635990019794,0.25840659389618076,0.18527317525614728,0.2710286023813021,0.02739526856617078,LSTM
S315,0.16368320369670933,0.2778507145834397,0.13927438214134058,0.409047089882337,0.01014460969617392,LSTM
S316,0.2767451507200785,0.28156916926734726,0.2600652555566038,0.14838774245629846,0.03323268199967177,ANN
S317,0.28486614112310266,0.288205950703874,0.1068962191223938,0.3025545635340129,0.017477125516616877,LSTM
S318,0.1434771667245603,0.40123160545065467,0.3100492173433742,0.11107345927084865,0.034168551210561816,ANN
S319,0.3180312624127909,0.2781925011795278,0.1625022861116561,0.20299011089481442,0.03828383940121083,1D-CNN
S320,0.22971778380997346,0.33985052883536343,0.143544122968233,0.2589397850518653,0.027947779334564406,ANN
S321,0.207509381576749,0.2412497995248997,0.28439755583410864,0.21056017392062124,0.056283089143620804,BiLSTM
S322,0.375643218069981,0.17495870134616232,0.1712934003270845,0.24182363133177662,0.03628104892499629,1D-CNN
S323,0.2656178906711113,0.23714014662099916,0.24863787942545576,0.20961866082025518,0.03898542246217842,1D-CNN
S324,0.18890685209233907,0.5141141889466995,0.12789739522750643,0.14823722424309285,0.020844339490361467,ANN
S325,0.3251224669460839,0.25652519658283235,0.1753868742520943,0.22462016360792456,0.018345298611064407,1D-CNN
S326,0.14945355579999453,0.4137061449455212,0.16461566420438206,0.2527925607247764,0.019432074325325507,ANN
S327,0.23778626034825945,0.18483236266758712,0.22426228338201604,0.283025295711326,0.0700937978908111,LSTM
S328,0.19542754213976693,0.29934256936584724,0.2495052063979242,0.20445885213247572,0.051265829963985564,ANN
S329,0.24831848975791088,0.20124918511991063,0.3201579604306331,0.19052474572709116,0.03974961896445381,BiLSTM
S330,0.47453980791108524,0.1616641800520299,0.17472266302254613,0.16044305766619898,0.028630291348138524,1D-CNN
S331,0.2695003174060596,0.2312842102019495,0.21267830492317505,0.24141022872141957,0.04512693874739568,1D-CNN
S332,0.15474522816065941,0.1978797893572069,0.23066241686009678,0.3880842080716328,0.028628357550404066,LSTM
S333,0.15676721227330323,0.5368002149596638,0.18987119775928804,0.10349028201186554,0.013071092995880983,ANN
S334,0.27937650357596383,0.3666662987010373,0.19153934534319453,0.14027391288751306,0.022143939492291546,ANN
S335,0.3471663150238239,0.1573614305544976,0.16558000434673187,0.2629653980807386,0.06692685199420753,1D-CNN
S336,0.10464471155786578,0.11818755300897534,0.3397562508668688,0.42017457393687513,0.017236910629415975,LSTM
S337,0.21399119686521828,0.1536276106449065,0.35202249963586874,0.24801646780017675,0.03234222505382949,BiLSTM
S338,0.5159701007330044,0.24977060158371492,0.07420156782642984,0.14379367449664773,0.016264055360203686,1D-CNN
S339,0.19523921158918278,0.15849093965835956,0.3323582683323977,0.2713597267833805,0.04255185363667939,BiLSTM
S340,0.1661652168056367,0.27486762096491435,0.35711950713060925,0.17563615729130733,0.02621149780753205,BiLSTM
S341,0.226401507262053,0.2196222729839384,0.26003734002073636,0.2646542811113059,0.02928459862196628,LSTM
S342,0.2367628777266065,0.22203554231477152,0.25736077178087063,0.24703660923130458,0.03680419894644647,BiLSTM
S343,0.22446366005599608,0.2729897702500424,0.19315240379344772,0.2802788803765545,0.029115285523958916,LSTM
S344,0.1688622134155434,0.1965740019188213,0.3356886358839309,0.25870584177823197,0.040169307003471905,BiLSTM
S345,0.1469478538467487,0.5200617931528627,0.15688098068996817,0.16065088864466942,0.015458483665749935,ANN
S346,0.33643049662435043,0.2169161496125177,0.21763603430325248,0.186233678983521,0.042783640476357514,1D-CNN
S347,0.34519138413024597,0.22460798308045843,0.17023912840185418,0.22093319193996316,0.03902831244747779,1D-CNN
S348,0.1785301459136425,0.27592156508410287,0.21952656170879425,0.29802047236377444,0.028001254929686175,LSTM
S349,0.21790142893629139,0.2575630340777355,0.2892106414485886,0.20270755784587874,0.03261733769150676,BiLSTM
S350,0.23892071087030511,0.22231248787983726,0.21377065843709311,0.2658806267728062,0.0591155160399584,LSTM
S351,0.2831323861812862,0.2602258474216329,0.1983978793622128,0.20576910122686806,0.052474785808000295,1D-CNN
S352,0.1979261081090295,0.2842901950515783,0.3264171737980214,0.16000505257583666,0.031361470465532955,BiLSTM
S353,0.25073273082271763,0.2357885046462558,0.2516896995762001,0.22540521153764928,0.03638385341717822,BiLSTM
S354,0.30713114144594766,0.2538787672862163,0.18655518980117028,0.21805000832688462,0.03438489313978125,1D-CNN
S355,0.1758221820596079,0.25496630963874967,0.25055695632534625,0.2856016794863329,0.033052872489963636,LSTM
S356,0.046088235997318185,0.891929921423417,0.030139892649358947,0.02936874331809144,0.002473206611814197,ANN
S357,0.16258442582620142,0.17655824779887616,0.2522470422891662,0.38596867524183515,0.0226416088439209,LSTM
S358,0.04748241396042769,0.3453806099603698,0.29221695356042693,0.30066262830569707,0.014257394213078197,ANN
S359,0.2455851396405284,0.0992527866284439,0.18276004859335795,0.43751429623596017,0.03488772890170943,LSTM
S360,0.145955465703889,0.3080729651962763,0.22950969390795772,0.2880173219480958,0.028444553243781995,ANN
S361,0.18966034998850698,0.2484004914615611,0.3373432301327293,0.20392604433251044,0.02066988408469206,BiLSTM
S362,0.14489676169388943,0.2756586617985041,0.2877750471336262,0.26574916486117134,0.025920364512807773,BiLSTM
S363,0.16650604175877795,0.18804676743946755,0.31550877627866303,0.3006626724438111,0.029275742079279226,BiLSTM
S364,0.2196497044205073,0.18410959213291495,0.3184794452701916,0.2459017876559189,0.03185947052046759,BiLSTM
S365,0.23663367948907865,0.14199412466042993,0.21428967628989007,0.37230609630934935,0.034776423251252686,LSTM
S366,0.23043647311856547,0.17458991971406362,0.25226809496240543,0.29789833546104644,0.04480717674391968,LSTM
