Segment,1D-CNN,ANN,BiLSTM,LSTM,CNN-LSTM,Selected
S1,0.17864276372615523,0.1093484510729308,0.3996299255719744,0.25009701708698734,0.06228184254195203,BiLSTM
S2,0.3122470322018802,0.2703641181517252,0.18201337962657124,0.19906083941719388,0.036314630602629405,1D-CNN
S3,0.17072655068825346,0.2733203552694443,0.23246320960875383,0.2848244250533568,0.03866545938019192,LSTM
S4,0.21804308955447155,0.28224044491658157,0.19872327351376434,0.2730272018432202,0.02796599017196227,ANN
S5,0.20180562123766035,0.4295940820961039,0.16104775835935847,0.18942123415948178,0.0181313041473955,ANN
S6,0.10495618400990185,0.38901544071939864,0.16669732848794674,0.3201046237894116,0.019226422993342124,ANN
S7,0.1985741108996268,0.1699937113419633,0.26857072770521534,0.3052660901869925,0.05759535986620162,LSTM
S8,0.23592293365728167,0.29490687093938767,0.25108578949210536,0.17826817850659873,0.03981622740462622,ANN
S9,0.26634659431012214,0.3635927898548747,0.24076183612370758,0.10669439545986856,0.022604384251427606,ANN
S10,0.298522588434481,0.3137345343869538,0.21155742135403255,0.1431076322079556,0.03307782361657712,ANN
S11,0.28165515492524956,0.2791405371158592,0.20895309240432172,0.19749143689578524,0.03275977865878588,1D-CNN
S12,0.24064631580612575,0.22378779408866853,0.25467787990438995,0.2480634132081099,0.03282459699270585,BiLSTM
S13,0.19741151429404008,0.277856033000938,0.25585516156598187,0.23765241947345433,0.03122487166558584,ANN
S14,0.16894498632805946,0.24819115473514075,0.27986516969965375,0.26515202961794176,0.037846659619204526,BiLSTM
S15,0.2575967974827254,0.3080888141889526,0.17159478339304962,0.23651588435504559,0.026203720580226943,ANN
S16,0.206223350059999,0.21853714887366654,0.3301669539491549,0.21330413074728724,0.031768416369893644,BiLSTM
S17,0.23977976827232644,0.34947264571086384,0.2347159444102167,0.11696378954107405,0.05906785206551895,ANN
S18,0.3779848016678248,0.19738752049407396,0.14982616660223697,0.24544760957702655,0.029353901658836546,1D-CNN
S19,0.19844618312428075,0.2166316415775252,0.2280248946431891,0.3193843120067422,0.0375129686482626,LSTM
S20,0.3096155684546632,0.28259510814287514,0.1689294173936694,0.21005081145486476,0.028809094553927734,1D-CNN
S21,0.23535206572475778,0.283542735405454,0.198310395928063,0.25069722493898394,0.03209757800274045,ANN
S22,0.23768899566408497,0.2027832777680388,0.19973787257263076,0.33228592979069027,0.027503924204556014,LSTM
S23,0.08824397558103117,0.18733827929972555,0.2184166752536425,0.49254867431459953,0.013452395551001521,LSTM
S24,0.136103594357329,0.3865308366585432,0.2877547992286375,0.16251914143133647,0.02709162832415358,ANN
S25,0.5165429501096437,0.2925761287857975,0.1277872938102295,0.05279318566975162,0.01030044162457827,1D-CNN
S26,0.06813861304883194,0.12221075560599506,0.7810672036759021,0.019581967554690306,0.00900146011458089,BiLSTM
S27,0.3819463144033452,0.18842737993444014,0.21782840287221625,0.12642849604935055,0.08536940674064791,1D-CNN
S28,0.2539384594087269,0.1711167608790536,0.2210697441868714,0.3277033683519596,0.026171667173388164,LSTM
S29,0.2114696442241416,0.197787334878851,0.336655483700407,0.2124499755489878,0.04163756164761307,BiLSTM
S30,0.34894946390477327,0.22490460904577608,0.17094537800666124,0.21186747653238586,0.043333072510403914,1D-CNN
S31,0.16788362011815558,0.31982584395513114,0.2069150265543188,0.2691011106379992,0.03627439873439597,ANN
S32,0.1814035040654084,0.17779568899249254,0.30389680499820765,0.3043360993545015,0.032567902589389575,LSTM
S33,0.3274936316054612,0.18113830770027572,0.25251173678512223,0.20482441421431544,0.03403190969482489,1D-CNN
S34,0.2648135665129927,0.21856861864373153,0.21987239322441152,0.2619906672026939,0.03475475441617048,1D-CNN
S35,0.21607092994901156,0.24545299170890256,0.21820559354810684,0.291240839977299,0.02902964481668016,LSTM
S36,0.10299148540131638,0.6061912308882246,0.0972481955677879,0.18317959251333485,0.01038949562933749,ANN
S37,0.09365313118928363,0.38494895908485655,0.1580091241954933,0.35097284443030374,0.012415941100063187,ANN
S38,0.32206162664599675,0.308628413126141,0.16842752607335337,0.1614060086948598,0.03947642545964939,1D-CNN
S39,0.27866618918399433,0.2786776032702652,0.20211462853021336,0.1832727575394216,0.05726882147610577,ANN
S40,0.22420242749647765,0.23968259764863636,0.26400069647898516,0.2374299964685161,0.03468428190738481,BiLSTM
S41,0.26239686804649726,0.23454439587789908,0.2489176844059662,0.21194616526677132,0.04219488640286558,1D-CNN
S42,0.2851597138173086,0.2352697700201996,0.2093500997791922,0.23723325229361988,0.03298716408967992,1D-CNN
S43,0.23153391518943975,0.22435531365515607,0.2421169403499236,0.27168928176448914,0.03030454904099166,LSTM
S44,0.3861462404432794,0.2517968631942599,0.20538338273883852,0.1402152871540339,0.016458226469588468,1D-CNN
S45,0.08566754261523563,0.0845229593277708,0.2912800490233283,0.5125520164350459,0.025977432598619187,LSTM
S46,0.2035910574191431,0.5852518440723742,0.07566444535049718,0.12601849551207636,0.009474157645909292,ANN
S47,0.10345052886387487,0.20082017037589944,0.21789558822525532,0.45218223326450435,0.02565147927046654,LSTM
S48,0.19827255338652494,0.1174438920721874,0.36726263217853855,0.28651590288529993,0.030505019477449272,BiLSTM
S49,0.1987254673917955,0.20940001611732703,0.26434625858317057,0.23534189247849854,0.09218636542920797,BiLSTM
S50,0.49351944407682075,0.25429967809533743,0.11209718566003975,0.10817565822069415,0.03190803394710778,1D-CNN
S51,0.17156209866707078,0.4815224217515876,0.15985360848508848,0.14603550762828837,0.04102636346796548,ANN
S52,0.30070303040585145,0.32262342206215766,0.15761988001711658,0.18041665078806687,0.038637016726806785,ANN
S53,0.23666161062750646,0.3057390757256616,0.17803049317743644,0.2439722286345274,0.035596591834868456,ANN
S54,0.4380949516160988,0.15160300301982602,0.15295272560932038,0.24117311577505982,0.016176203979695682,1D-CNN
S55,0.26636576298659026,0.4118995551225887,0.17215258007428466,0.12974580383213533,0.019836297984401067,ANN
S56,0.18491537046005038,0.23023315971582392,0.2605393774249425,0.27513894379778053,0.04917314860140272,LSTM
S57,0.19005639262782875,0.17851073256143252,0.09716465492001058,0.5173902701041928,0.016877949786537054,LSTM
S58,0.08667715392173174,0.2633961201344446,0.14837310029245307,0.4932565602698354,0.00829706538153512,LSTM
S59,0.13429222305708394,0.1911525554735572,0.25337686438574203,0.3839933983947626,0.037184958688854346,LSTM
S60,0.1878488260651569,0.231248711885017,0.2272637814169221,0.3131340760757434,0.040504604557161004,LSTM
S61,0.30867920895173573,0.2814484457545024,0.2584238908938786,0.13103855191519853,0.02040990248468467,1D-CNN
S62,0.31297263542169607,0.40432852220768906,0.14991782676562265,0.1166064860131247,0.016174529591867392,ANN
S63,0.28943470494765844,0.33582274540703727,0.1785603655824503,0.1678797945861983,0.02830238947665563,ANN
S64,0.2914107596265679,0.29106148890484046,0.20487865444991257,0.18346432848622451,0.029184768532454608,1D-CNN
S65,0.24980934579044692,0.20359113487321193,0.2835837408115374,0.22674816166244116,0.036267616862362254,BiLSTM
S66,0.2147404382823591,0.20032985572916656,0.30274282729348195,0.24356217252952336,0.0386247061654701,BiLSTM
S67,0.23925050118553554,0.17270198661045535,0.13448705071756628,0.4313866996187365,0.022173761867705487,LSTM
S68,0.2050032195832547,0.26404090458263557,0.23819090409186222,0.2551912753624526,0.03757369637979501,ANN
S69,0.22605222754786655,0.3358616851126438,0.19487913655502395,0.20339275907844465,0.03981419170602091,ANN
S70,0.26041376250176773,0.31498869850493466,0.18264337570246644,0.2094421643124915,0.03251199897833925,ANN
S71,0.25675692805118244,0.2525642800336555,0.213613424796453,0.2472070385596959,0.029858328559013284,1D-CNN
S72,0.11777273403810339,0.8557421858128395,0.012203541586883214,0.012723684737866829,0.001557853824305987,ANN
S73,0.22740477737899317,0.3085658758540205,0.22946554004114575,0.21484236957384445,0.019721437151996087,ANN
S74,0.1994104043035649,0.26576331627152916,0.16427813478640413,0.3354305172957884,0.03511762734271317,LSTM
S75,0.19291490335667727,0.32045386980831103,0.19900656291584012,0.20372387742994924,0.08390078648922211,ANN
S76,0.1658037871632654,0.2759054541250698,0.32988956930725033,0.194657322950704,0.03374386645370994,BiLSTM
S77,0.25939029970169153,0.1487493808495036,0.3520492234340298,0.21773884993906692,0.02207224607570834,BiLSTM
S78,0.435541064740705,0.24423080870100486,0.1286969312617499,0.15998212882575585,0.03154906647078338,1D-CNN
S79,0.300309339847777,0.22476084521585565,0.18979284349046244,0.23472679095551258,0.05041018049039196,1D-CNN
S80,0.2029286323159575,0.234550318558158,0.3134940585231757,0.21626669718255326,0.03276029342015481,BiLSTM
S81,0.2857586526465909,0.2561734996261149,0.2574826365318429,0.174620162767665,0.02596504842778632,1D-CNN
S82,0.15029200569503234,0.5292972101560388,0.1439588900932642,0.1538653849663395,0.02258650908932382,ANN
S83,0.19375582445433628,0.20747422857523135,0.27122383886837165,0.29151454083950273,0.03603156726255787,LSTM
S84,0.08169672210077886,0.5432243049651847,0.23826210516062504,0.1209945188197185,0.01582234895369197,ANN
S85,0.10510479218351958,0.07841867433480308,0.38210419861174266,0.40099177779253675,0.033380557077397975,LSTM
S86,0.1464220465757377,0.17813381747952906,0.25388342077216935,0.4006380782587651,0.02092263691379876,LSTM
S87,0.2809159938123763,0.2853563322897941,0.2152644734106713,0.19135138849368505,0.02711181199347281,ANN
S88,0.4920303667111382,0.18670448565213468,0.13963636339044821,0.15190594277170394,0.02972284147457504,1D-CNN
S89,0.5013941979979437,0.13545920119864294,0.1500746589184741,0.17971851263246363,0.033353429252475676,1D-CNN
S90,0.2587957324747596,0.22270111281582677,0.2281760892628348,0.24911434554200837,0.0412127199045702,1D-CNN
S91,0.1952870981917788,0.4512195778682091,0.14818747859372414,0.16125078342537716,0.04405506192091008,ANN
S92,0.2413729422733899,0.3675346057007486,0.15185463577666894,0.2096145993463645,0.029623216902827727,ANN
S93,0.21900494788897246,0.271778810281375,0.23058605482755934,0.24509160978518776,0.033538577216906576,ANN
S94,0.27770995251611336,0.31322348393638144,0.20261697854164437,0.17903790102261793,0.02741168398324313,ANN
S95,0.2773484411158431,0.23402904872883964,0.2386887577816344,0.20297209501144065,0.04696165736224234,1D-CNN
S96,0.05468558047464357,0.06063790131794937,0.3367760693131366,0.5160948976087403,0.03180555128553085,LSTM
S97,0.15383579405675255,0.1640505048747603,0.2735285132877812,0.380686840925676,0.02789834685502966,LSTM
S98,0.257291594638838,0.3326558271419974,0.18280447565139638,0.2009192029610841,0.026328899606685004,ANN
S99,0.31150949819506757,0.5765365108189466,0.06669928958567127,0.037639602025852675,0.00761509937446144,ANN
S100,0.6274770518318817,0.15864818427353602,0.11981429201672505,0.06248377894446853,0.031576692933388446,1D-CNN
S101,0.3669299363959784,0.3009896742318127,0.15580131004441358,0.1353449923669787,0.04093408696081724,1D-CNN
S102,0.23912593436888382,0.30510901901919146,0.219729965474007,0.2039783757624916,0.032056705375425466,ANN
S103,0.22327975571097938,0.23828853266798122,0.30025268336759153,0.20375996407041633,0.03441906418303174,BiLSTM
S104,0.14124808758857388,0.18930587409051178,0.28146982726130115,0.340544590092206,0.04743162096740743,LSTM
S105,0.12742419137049174,0.13099279043380108,0.3851273283805577,0.31588331861331526,0.040572371201833414,BiLSTM
S106,0.11448874740066706,0.0698059848528289,0.3024993401727975,0.47659792781619253,0.036607999757514637,LSTM
S107,0.10414613711235281,0.20764044778669433,0.30419711598488386,0.3474276699913642,0.03658862912470554,LSTM
S108,0.16720967705026116,0.20437527144772008,0.38397691674979156,0.1889401959004748,0.055497938851752214,BiLSTM
S109,0.4648048807273347,0.1861649240723121,0.14100355594975036,0.1847785224045684,0.023248116846033822,1D-CNN
S110,0.154635753683078,0.22445707565848738,0.36155942361166477,0.2355161008856161,0.023831646161154303,BiLSTM
S111,0.27391300566574456,0.3201474522430979,0.19539087274731415,0.18388928455851436,0.026659384785328043,ANN
S112,0.20126838540823444,0.3087816957540277,0.23305995745758507,0.2338618060458736,0.023028155334279262,ANN
S113,0.244529319784767,0.2732358613485423,0.22908881570668063,0.22935872878811625,0.0237872743718935,ANN
S114,0.24961759055769656,0.24236909484174438,0.25476604782353485,0.2213244000895837,0.03192286668744067,BiLSTM
S115,0.1997520493181642,0.33678932320200944,0.21345755497242777,0.22117245948949668,0.02882861301790208,ANN
S116,0.1202387770930087,0.2712110697020032,0.2366427734459337,0.35276943563503566,0.01913794412401871,LSTM
S117,0.18675783508060875,0.28776061650997736,0.353118427326646,0.13356467582832693,0.03879844525444062,BiLSTM
S118,0.665333828187835,0.14597230709793957,0.09693541222907563,0.06697624772205814,0.0247822047630922,1D-CNN
S119,0.17388160362995028,0.3377364001303286,0.22009386952014956,0.20990969369529067,0.05837843302428059,ANN
S120,0.20270548151128448,0.15604562870241875,0.1590525491986955,0.4538389963387283,0.028357344248872363,LSTM
S121,0.34725818886038057,0.20247452180129502,0.21343914290775587,0.2049797076720918,0.03184843875847703,1D-CNN
S122,0.3585949020548161,0.2286460857246007,0.17960121584617128,0.18848695548962285,0.04467084088478888,1D-CNN
S123,0.2629269801355022,0.3610348229533497,0.14317948701481584,0.19044474720040147,0.04241396269593189,ANN
S124,0.18076448977974363,0.18581893668754598,0.26680787155691366,0.3437298233486142,0.022878878627182242,LSTM
S125,0.2674261484154104,0.24769648216113285,0.2148324490816349,0.25255462487378105,0.01749029546804027,1D-CNN
S126,0.3076593168172025,0.2371551101545549,0.15450471443740718,0.28002755214407016,0.020653306446764132,1D-CNN
S127,0.1473409438987117,0.20872670929437517,0.14204028906323124,0.4820695111007,0.019822546642980863,LSTM
S128,0.15191332128112306,0.2579475569907422,0.29974754506316137,0.2607170868710554,0.029674489793917142,BiLSTM
S129,0.221203443408808,0.21026385830911093,0.30697798693107986,0.22497660013017504,0.03657811122082612,BiLSTM
S130,0.6277476733952894,0.1757739051422895,0.09692232619906185,0.0782504172859861,0.021305677977372175,1D-CNN
S131,0.7549722326507918,0.120620818790132,0.05094456015919346,0.05683211656775308,0.01663027183212943,1D-CNN
S132,0.12808273916685775,0.23807295665827607,0.2212888325233263,0.38085110004922285,0.03170437160231669,LSTM
S133,0.23385897320744847,0.25438927337253375,0.24140143753173882,0.23731494023570882,0.03303537565257017,ANN
S134,0.35333811317773006,0.28278092192576254,0.1612174819775932,0.17331648509260758,0.029346997826307602,1D-CNN
S135,0.2258673331883511,0.26316875188348005,0.21706392172068617,0.2628555303290907,0.03104446287839232,ANN
S136,0.23839491743927807,0.1419245985138024,0.4444756881632945,0.15062658350305697,0.024578212380567874,BiLSTM
S137,0.11803446777494885,0.1499083759090247,0.2724896366444784,0.4390598736178269,0.020507646053722118,LSTM
S138,0.18077175101952173,0.4066353367320147,0.1994302236052938,0.1962477054480125,0.016914983195157354,ANN
S139,0.21692297354445472,0.2221808753880888,0.19066443974832725,0.3475939300144584,0.022637781304671378,LSTM
S140,0.1848330626823718,0.17574240471418381,0.2651042575814233,0.3466392131986386,0.02768106182338307,LSTM
S141,0.19319381581501582,0.3588334020834648,0.2084777621524878,0.2112423669937348,0.02825265295529695,ANN
S142,0.2141838287518526,0.18385391608904453,0.19718705138138426,0.3721374118909235,0.03263779188679433,LSTM
S143,0.17800215930459376,0.3154328859646718,0.36119725928214785,0.11629648042581933,0.029071215022766727,BiLSTM
S144,0.5167995237071025,0.2259934458801928,0.11440018123418592,0.11411747097540738,0.028689378203111064,1D-CNN
S145,0.296628001569404,0.25174488053613786,0.19179211556673198,0.22272234238370356,0.03711265994402352,1D-CNN
S146,0.15593799616306311,0.21665515731847157,0.2517906822197473,0.34706512645953336,0.028551037839183762,LSTM
S147,0.26533212918576204,0.08321131936979187,0.317271554327473,0.29671914309496694,0.037465854022006785,BiLSTM
S148,0.1206032377294167,0.12842970052410332,0.15355985995707996,0.5743877385000302,0.023019463289368988,LSTM
S149,0.16988015510745094,0.20364478999775668,0.29363909392994697,0.3090817977822535,0.023754163182592207,LSTM
S150,0.22496248708870709,0.2345305281832457,0.2559541166449609,0.2536890687610676,0.03086379932201996,BiLSTM
S151,0.25750049598778824,0.22846417702141378,0.20592133927424788,0.2791775034907,0.028936484225849997,LSTM
S152,0.12969981243682666,0.42984774159720807,0.21130319258036792,0.20210763222739608,0.027041621158200548,ANN
S153,0.19700624423772767,0.25054922191546974,0.2756332960671729,0.22984225485746554,0.04696898292216395,BiLSTM
S154,0.22985744557346036,0.2243103903447824,0.29046981627073676,0.1861433948957541,0.06921895291526675,BiLSTM
S155,0.33454559692082547,0.24837634653564583,0.20640283832613981,0.16393499773921147,0.046740220478177455,1D-CNN
S156,0.25548798149179813,0.18931171539583708,0.24651635008379935,0.2643489528545587,0.04433500017400661,LSTM
S157,0.24586809699026424,0.19564476775107772,0.23171665150652304,0.29172169650190993,0.03504878725022529,LSTM
S158,0.21324062624846563,0.39066635571728386,0.1795281372857655,0.19218865624618406,0.024376224502300314,ANN
S159,0.13016754323259178,0.4873880429988598,0.17116942334162405,0.18453596597149485,0.026739024455429704,ANN
S160,0.16604032667693971,0.19456734885229832,0.2925932295864298,0.2789530304195052,0.0678460644648269,BiLSTM
S161,0.20231034154206168,0.23083660610065537,0.34748278796556414,0.18896566156327582,0.0304046028284437,BiLSTM
S162,0.46117893792196346,0.19525029879007483,0.1911823966361658,0.12504897861519157,0.027339388036604937,1D-CNN
S163,0.3908749465846329,0.17783858476048392,0.170596593997803,0.22632846194750275,0.0343614127095775,1D-CNN
S164,0.18787401813086793,0.203013487850921,0.2540699824843078,0.31637401749341104,0.038668494040492545,LSTM
S165,0.05032127954227047,0.8140893036918664,0.04412681007581486,0.08614347896947475,0.005319127720572917,ANN
S166,0.10805135971535043,0.08489228474483898,0.6992594107070216,0.09626567185562873,0.01153127297716007,BiLSTM
S167,0.31938338292895113,0.20737945768623403,0.23130418329671787,0.19601179991296294,0.04592117617513352,1D-CNN
S168,0.41973363691169546,0.20841626127570348,0.12849647678672307,0.19922816627089546,0.04412545875498258,1D-CNN
S169,0.06976130442666634,0.05095204997816603,0.7860828571408518,0.0770105013985334,0.016193287055782723,BiLSTM
S170,0.3490068364599685,0.22006191878102405,0.23622171749339266,0.1611545352664124,0.03355499199920205,1D-CNN
S171,0.5701744968310405,0.16100452398974668,0.11883677488758014,0.12006712975581757,0.029917074535815547,1D-CNN
S172,0.11511245369526031,0.13828971117835204,0.22486216920894023,0.4925934615113105,0.029142204406135904,LSTM
S173,0.07189266366712371,0.5262785506691473,0.22513443127421717,0.16174014648683643,0.01495420790267472,ANN
S174,0.21692280137284267,0.4792851016637617,0.12562596408040835,0.16909746338860093,0.009068669494387562,ANN
S175,0.10738021734757272,0.49515260401830014,0.17062746409524465,0.20512082759276193,0.02171888694612004,ANN
S176,0.08866822322049073,0.40014252143376083,0.13363424941156885,0.3529194549581478,0.024635550976032497,ANN
S177,0.1563802868188152,0.15907995747001732,0.3367602581347358,0.2930142784346048,0.05476521914182641,BiLSTM
S178,0.23572243824760283,0.3024591250278194,0.25480790982685014,0.18604677795183133,0.020963748945897382,ANN
S179,0.5339200014325213,0.18638879896514265,0.1314634103063132,0.12155012182341933,0.02667766747260313,1D-CNN
S180,0.4238189091603367,0.26371008896931053,0.11783212046151954,0.17081724325177866,0.023821638157054043,1D-CNN
S181,0.18623887827491828,0.1851805663918928,0.34410059561536555,0.2483079088601988,0.03617205085762464,BiLSTM
S182,0.2296726329821363,0.1865304834022083,0.32148119268366304,0.22847141310839095,0.03384427782360059,BiLSTM
S183,0.22705318460492868,0.19614676924403723,0.2555525418042665,0.28615763511260367,0.035089869234163906,LSTM
S184,0.2525634727936507,0.2335965819894069,0.25769392450441503,0.2176131260658411,0.038532894646686695,BiLSTM
S185,0.3124387429928007,0.1465759624127881,0.19325475989836907,0.3168667274121269,0.030863807283915412,LSTM
S186,0.12761905832009665,0.11798543474826804,0.515204832262941,0.2111136596568363,0.02807701501185821,BiLSTM
S187,0.20979718941671732,0.3032224104277683,0.2399064275072778,0.20611661786116514,0.04095735478707078,ANN
S188,0.3090737008001908,0.2502421938245776,0.19242276915915887,0.20223067862957061,0.046030657586502446,1D-CNN
S189,0.2116421481280955,0.2082542009464482,0.2602794109732798,0.2669476737507488,0.05287656620142759,LSTM
S190,0.2260573618856435,0.2483926480756398,0.21331664694602026,0.27572643136004976,0.03650691173264617,LSTM
S191,0.2748771694110653,0.20152182723025416,0.2240775508887679,0.26765304404951,0.031870408420402674,1D-CNN
S192,0.19859207226593534,0.34678523455778987,0.20333798094315408,0.22514711379971322,0.026137598433407617,ANN
S193,0.07574982917863417,0.5074742987177895,0.15922563894622976,0.24080967617871687,0.01674055697863049,ANN
S194,0.09242476179274572,0.1752164826748103,0.22979868053753547,0.4884564977471385,0.014103577247769812,LSTM
S195,0.24796688819423376,0.32203909513801243,0.21996345999939612,0.18425428389277004,0.0257762727755877,ANN
S196,0.2634354540622412,0.4418910931285883,0.1257701471907634,0.1475401492063056,0.021363156412101472,ANN
S197,0.16444856274316924,0.3275453719025664,0.3713412942747677,0.10932498210116892,0.027339788978328065,BiLSTM
S198,0.30655378801480626,0.26750092312455026,0.2111444363147859,0.1840701895660907,0.030730662979766423,1D-CNN
S199,0.2669733333106118,0.24646981005395097,0.2552002026715858,0.19443932806610398,0.036917325897747176,1D-CNN
S200,0.2863373589926849,0.27139592037894333,0.2164106507491072,0.19326318118211092,0.03259288869715282,1D-CNN
S201,0.2646226473431845,0.2176814332724065,0.23701349877416272,0.24823456740827674,0.03244785320196925,1D-CNN
S202,0.1897414014617545,0.23871783863558385,0.292839381540023,0.24699580532147125,0.03170557304116731,BiLSTM
S203,0.12103488003103663,0.1384059079768111,0.27119842574042896,0.43543764759580494,0.0339231386559179,LSTM
S204,0.18592321586789076,0.3064768827581413,0.2678284518272398,0.2143148412394155,0.02545660830731245,ANN
S205,0.3128351408012622,0.26804689844852553,0.2145929217296854,0.17150244328748132,0.033022595733044925,1D-CNN
S206,0.27434042485066634,0.25747013466245927,0.2190254621434879,0.21434616868537051,0.03481780965801612,1D-CNN
S207,0.21595937770377574,0.24636932603342349,0.21354050434871366,0.2959679574106367,0.02816283450345017,LSTM
S208,0.0844068912944017,0.5143819084374137,0.16418785135919947,0.2198109322644387,0.017212416644546917,ANN
S209,0.14381696277945769,0.12816197640485918,0.4283896101546343,0.2713724378893092,0.028259012771738933,BiLSTM
S210,0.3463920452283795,0.41201028640224463,0.13607495828165594,0.08647339352826294,0.019049316559456908,ANN
S211,0.2349540103481209,0.14837234082803832,0.2628797005979163,0.3077703649281082,0.046023583297816494,LSTM
S212,0.09576760754866882,0.2703205642262269,0.19720849536805996,0.4148160551272654,0.021887277729778633,LSTM
S213,0.20822989804000108,0.15366518937613854,0.26440943867570305,0.3441780514500571,0.029517422458099782,LSTM
S214,0.21974854661680446,0.21232989685233286,0.28413313962373093,0.25180476604504154,0.03198365086209044,BiLSTM
S215,0.25797727720958413,0.2641551576504047,0.21450174161582694,0.23570246874792347,0.027663354776260477,ANN
S216,0.18925182437852234,0.2687614590286381,0.23033209957858639,0.28578411837018214,0.025870498644069487,LSTM
S217,0.166907017353202,0.3473139183094353,0.22630279271973228,0.23805963621063117,0.021416635406998678,ANN
S218,0.17175814168613454,0.21331650245427677,0.33505620508108896,0.2409426110468428,0.03892653973165697,BiLSTM
S219,0.20973514815530234,0.39519030334042043,0.20754831375163973,0.16576856870038778,0.021757666052249804,ANN
S220,0.3154006713259094,0.3473839944646472,0.21704030990475862,0.09141086963120076,0.028764154673483696,ANN
S221,0.3829137814616771,0.28539407088943897,0.14615546147073288,0.16491114780714491,0.02062553837100672,1D-CNN
S222,0.1382463901818511,0.42226557315234786,0.30547914859045916,0.11164556305791605,0.022363325017425707,ANN
S223,0.2524412736641603,0.2695608987282769,0.2121177758285853,0.23495832162342192,0.03092173015555564,ANN
S224,0.19203610349397773,0.23090774837688793,0.3239551643651778,0.22055891655451698,0.03254206720943878,BiLSTM
S225,0.283416277298667,0.321072045054858,0.22043484562301097,0.14752854227054185,0.027548289752921912,ANN
S226,0.2815958407060344,0.21294344574677188,0.22002794254750216,0.25764311458752187,0.027789656412169596,1D-CNN
S227,0.19722703499799832,0.3110395588153779,0.25972853675210716,0.20319691382131563,0.02880795561320069,ANN
S228,0.24928146130709225,0.27003181894822753,0.22167179470271492,0.22933796943684137,0.029676955605124004,ANN
S229,0.18283410310849926,0.3317809813933394,0.26720157220218566,0.18075106254864645,0.03743228074732861,ANN
S230,0.17622051905336678,0.23271188052017702,0.17605857998234045,0.38931926214115226,0.025689758302962756,LSTM
S231,0.22859609016024487,0.19661505605388366,0.3478370210249052,0.19114111531537697,0.03581071744558906,BiLSTM
S232,0.3423152403519668,0.20743821106589336,0.22266260097803564,0.18350415237507461,0.04407979522903017,1D-CNN
S233,0.24715518542116663,0.19816673946713262,0.20243632957925853,0.3206434513193007,0.031598294213140955,LSTM
S234,0.21953420271088334,0.22510768645374885,0.23625539373218987,0.28849122036928426,0.030611496733892983,LSTM
S235,0.2350865487335601,0.375875375184393,0.17172494729020574,0.19544822323366362,0.02186490555817783,ANN
S236,0.16483213949055037,0.2994184283393922,0.20266823278061216,0.30663757441194445,0.026443624977501044,LSTM
S237,0.22787496991354378,0.26350037083040356,0.2284831905149302,0.2536908458965257,0.02645062284459701,ANN
S238,0.2679600095003977,0.2583025917423545,0.23185342760047123,0.21536056980617954,0.026523401350597213,1D-CNN
S239,0.14255680984960498,0.34111364409551487,0.38678519081812013,0.10347165856140239,0.026072696675357828,BiLSTM
S240,0.6631096951621305,0.20647265860973135,0.07550469242700616,0.04209684684105509,0.01281610696007592,1D-CNN
S241,0.300385725039434,0.325762721714065,0.20583498342290835,0.1393553170171878,0.028661252806404504,ANN
S242,0.22462284394706178,0.21393769912609265,0.28777572975907256,0.24034805738424095,0.03331566978353226,BiLSTM
S243,0.4386361541420401,0.18477143504287008,0.10061198850354493,0.2591259241960693,0.016854498115474775,1D-CNN
S244,0.15909359079121452,0.17518505152930058,0.4499510381905541,0.18322137535230082,0.03254894413662936,BiLSTM
S245,0.3107059650464285,0.2361362622308753,0.19990328871319435,0.21749246671024478,0.03576201729925739,1D-CNN
S246,0.23124591260373514,0.2921831834710062,0.20994302339065746,0.23205205740488957,0.03457582312971225,ANN
S247,0.2544851660807356,0.23715183276053167,0.2173506141503354,0.25790538757569437,0.03310699943270329,LSTM
S248,0.16634277593860416,0.4388022095293112,0.15618464262582318,0.21246806286702336,0.026202309039237728,ANN
S249,0.1444134213272742,0.26746667839252286,0.2644185221809633,0.27885750509418844,0.044843873005050695,LSTM
S250,0.16795312184535027,0.19867541386688467,0.3926890108028426,0.214290654143892,0.02639179934103059,BiLSTM
S251,0.49927491679634606,0.28766231879367177,0.1163676120465943,0.08214154813732572,0.014553604226061613,1D-CNN
S252,0.3535340568551656,0.19757740773261154,0.20813118753146378,0.20580209237563146,0.03495525550512681,1D-CNN
S253,0.14683122732837245,0.1720055144090304,0.2681742499662136,0.3816997259494617,0.03128928234692172,LSTM
S254,0.19456499342946856,0.39424294952798605,0.18409586910371734,0.20526423881722541,0.021831949121602336,ANN
S255,0.13134648711703295,0.32753044269916987,0.2482829999376468,0.2427341901065525,0.050105880139597964,ANN
S256,0.22344855013029596,0.26577707756313995,0.14372888133128858,0.34096255368768236,0.026082937287594015,LSTM
S257,0.20025260292956262,0.25418696547691866,0.3157368112524496,0.2027756393962287,0.027047980944839838,BiLSTM
S258,0.29620276768954223,0.21863259629013274,0.23610347246323296,0.2064541766627927,0.042606986894299446,1D-CNN
S259,0.2959278899201595,0.2564925648741462,0.17644881275576102,0.2361159165491857,0.03501481590074772,1D-CNN
S260,0.18037308836330462,0.21473867553032264,0.22281404743457733,0.3563869831391747,0.025687205532620695,LSTM
S261,0.20874020321131687,0.16858652109083083,0.41112200168793245,0.18249252120016676,0.029058752809753112,BiLSTM
S262,0.3028608994381935,0.21685700599897062,0.2076702681887239,0.21222180450405953,0.06039002187005251,1D-CNN
S263,0.23181742329457436,0.2111209857328708,0.24567866366812566,0.24956851267202446,0.06181441463240482,LSTM
S264,0.13777946491945633,0.20799698109545905,0.3598949460403972,0.26232468188662866,0.032003926058059594,BiLSTM
S265,0.31530412298605165,0.24111625780729673,0.1990901517261194,0.2083587624501178,0.03613070503041389,1D-CNN
S266,0.25054273430528595,0.2836528818640222,0.17227158546530627,0.243914421034027,0.04961837733135857,ANN
S267,0.13225009476896754,0.22342731154534898,0.28787180646580707,0.3248147803338093,0.03163600688606688,LSTM
S268,0.19968183720921173,0.1658546248949233,0.4345676891715486,0.17560528667640268,0.024290562047912814,BiLSTM
S269,0.1822933130785527,0.3124882642020524,0.22551425326836894,0.25713782013298164,0.02256634931804387,ANN
S270,0.20087882084975292,0.2087332026878755,0.22218678660888924,0.3387087227564733,0.029492467097009013,LSTM
S271,0.13205134869244411,0.41465101916996927,0.18296425450444623,0.2492216004615051,0.021111777171635534,ANN
S272,0.12213808777009053,0.11288501105006374,0.3648380970844678,0.3694350765168766,0.030703727578502118,LSTM
S273,0.27177023300525643,0.23027019063290033,0.2394049390565991,0.21289185187537157,0.045662785429871934,1D-CNN
S274,0.5072368717823394,0.33588347936856955,0.07164345288083443,0.07201369919872239,0.01322249676953348,1D-CNN
S275,0.23784559813368505,0.26804745001570995,0.25191304446603596,0.2013933285747524,0.040800578809816905,ANN
S276,0.21990707111202568,0.25159725380447917,0.23534360813852392,0.2521043203365216,0.0410477466084497,LSTM
S277,0.24981561199303184,0.25604954610490666,0.21270992564924535,0.2503992427316423,0.031025673521175356,ANN
S278,0.2204094777725728,0.22835400522072882,0.27983230774134726,0.23934514640281115,0.032059062862539435,BiLSTM
S279,0.35134585275112573,0.2794352578929501,0.18122167651158283,0.1679233902505449,0.020073822593795712,1D-CNN
S280,0.19267527196126236,0.11978233531877545,0.2577731357932037,0.3801821183278334,0.04958713859892532,LSTM
S281,0.5081822780288952,0.2770798075091149,0.10320935513451361,0.09650229284986465,0.015026266477611497,1D-CNN
S282,0.5369230915847539,0.2358796642065521,0.11185865775125825,0.08836165707308781,0.026976929384347974,1D-CNN
S283,0.26450771996910594,0.3787900694978135,0.17492574028040908,0.13528943121302747,0.04648703903964352,ANN
S284,0.23698437798449157,0.24832929206203602,0.22016162958746083,0.24688462745126738,0.047640072914744584,ANN
S285,0.22616819168916724,0.23279861393245305,0.22589047585940747,0.280065932234973,0.03507678628399957,LSTM
S286,0.27195670267300937,0.2542712403156977,0.21640682107796788,0.2285921363567347,0.028773099576589984,1D-CNN
S287,0.290101146222893,0.2820780865612578,0.2192012547773389,0.18089257311237425,0.027726939326135958,1D-CNN
S288,0.14691539867735542,0.14811428437287588,0.3553313741527084,0.3094733263750076,0.040165616422052894,BiLSTM
S289,0.04493418619342792,0.07667247912612372,0.6189650161157964,0.24514376088234752,0.014284557682305198,BiLSTM
S290,0.3569016881094867,0.17061215585807676,0.1959123382329421,0.25071454511448465,0.025859272685008688,1D-CNN
S291,0.2608944612907988,0.4743343157498212,0.14030228048859186,0.09864927356210285,0.025819668908685322,ANN
S292,0.11582493461756939,0.13575276901910974,0.5444843764425715,0.1586568668634267,0.045281053057322135,BiLSTM
S293,0.33463420852654524,0.14977402120002725,0.26232306029902874,0.20912973795961465,0.04413897201478404,1D-CNN
S294,0.28588907287521037,0.20881204059846062,0.2258877936976532,0.22382254807659455,0.05558854475208089,1D-CNN
S295,0.20749193584094056,0.16154556769127124,0.1455450857270862,0.4605204658299944,0.024896944910707878,LSTM
S296,0.16704514012164776,0.17341088931804838,0.47375628897611366,0.16537555996183625,0.020412121622353247,BiLSTM
S297,0.25888353674713843,0.357139199911156,0.19218630601414882,0.16076416945391134,0.031026787873644678,ANN
S298,0.22573250831766775,0.3307621544953083,0.1844986008549081,0.2293782556829214,0.029628480649194457,ANN
S299,0.2267236410933458,0.22216750806110114,0.26061298661493215,0.2554078202958393,0.035088043934781314,BiLSTM
S300,0.1684490177090846,0.3056615506055764,0.1848671713584409,0.31232666979200646,0.028695590534890757,LSTM
S301,0.1304810639435516,0.15877221687669912,0.30094881740814494,0.3482478931624882,0.0615500086091168,LSTM
S302,0.24521099696622606,0.2437167169667453,0.3086551963013254,0.18020143018081847,0.022215659584884827,BiLSTM
S303,0.6748400318631619,0.09438362491702865,0.10701264370090345,0.10844222877460194,0.015321470744302615,1D-CNN
S304,0.38921501064537256,0.4226070564380628,0.08953735089963287,0.07638352005561837,0.022257061961312732,ANN
S305,0.09387098210368953,0.10715200491295312,0.2810356503596483,0.4840677412348561,0.033873621388852526,LSTM
S306,0.22917201829000544,0.2442429612094222,0.28349839059857457,0.20545753342408307,0.03762909647791417,BiLSTM
S307,0.37864279894340186,0.26923652286405203,0.12393117982261934,0.2039999511050855,0.02418954726484176,1D-CNN
S308,0.18603107626077423,0.33122541163673114,0.23844087564898347,0.2248254521836313,0.01947718426987916,ANN
S309,0.17338765711054566,0.239567736335591,0.36945527060205713,0.18929690922194256,0.028292426729863533,BiLSTM
S310,0.13840595569306366,0.24844998819198338,0.2383640000873293,0.3285925417028374,0.046187514324786245,LSTM
S311,0.21937632473203383,0.1981445373993918,0.21275259673793082,0.3310740619405273,0.038652479190116024,LSTM
S312,0.12788388285932492,0.2238651521005221,0.2752603617928449,0.3501186234904299,0.0228719797568778,LSTM
S313,0.07001511563900464,0.1761774464084274,0.36125289745653805,0.3716930327147217,0.020861507781307874,LSTM
S314,0.2623678853215326,0.26793685499383324,0.174952336972639,0.27073508687762915,0.024007835834365717,LSTM
S315,0.17460427422980015,0.3576766338937056,0.11968037044243024,0.34033612201892355,0.007702599415141055,ANN
S316,0.2787707577898899,0.31813758016206434,0.24591359463694284,0.1267134058671628,0.030464661543939783,ANN
S317,0.3107845898836889,0.2927200239196504,0.093160455471145,0.28754629210924,0.015788638616275594,1D-CNN
S318,0.12156847306439751,0.47648014260473054,0.28598916948084335,0.08774337065624922,0.028218844193778816,ANN
S319,0.32123630523847496,0.2821057202700388,0.1644872532710779,0.19278865604676082,0.03938206517364662,1D-CNN
S320,0.23294558186396605,0.3568512402169298,0.12916731510493384,0.2542133478701372,0.02682251494403261,ANN
S321,0.19895647412249381,0.2350746575041836,0.29189461680020073,0.2145942075697504,0.05948004400337172,BiLSTM
S322,0.37561773079157895,0.1829589297921162,0.16216518012373848,0.24376063255209648,0.035497526740470416,1D-CNN
S323,0.2767179360073416,0.2306330457823392,0.24576204553745695,0.2069135969471533,0.03997337572570942,1D-CNN
S324,0.1656981993795066,0.5921831155370038,0.10136197340584131,0.12351879738889676,0.017237914288751526,ANN
S325,0.300179228740849,0.25265380824690276,0.18448384877357,0.24492326315723917,0.01775985108143724,1D-CNN
S326,0.14155898723317525,0.41921033348448805,0.1621236325139099,0.2595086435891474,0.017598403179278112,ANN
S327,0.23200409505126382,0.1822977161490374,0.22225276558183232,0.2943888152211948,0.06905660799667125,LSTM
S328,0.18714764946642323,0.3100459172592429,0.25145163740697823,0.20111838960606346,0.0502364062612917,ANN
S329,0.25311637039611073,0.19893730431587173,0.3249314962449674,0.18469633124498466,0.03831849779806436,BiLSTM
S330,0.4897188946010583,0.15809020519074657,0.16926125461442704,0.1541773964011355,0.028752249192632928,1D-CNN
S331,0.2511489863469109,0.20823426735958742,0.2166727957183238,0.27534383520057,0.04860011537460781,LSTM
S332,0.13107551170577397,0.18595391475284234,0.22585190777463976,0.43043682850876425,0.026681837257978656,LSTM
S333,0.14546371686059856,0.6173719711604814,0.15371812298294904,0.07406888518277369,0.009377303813198257,ANN
S334,0.2762296716782261,0.3707748947866554,0.19486578817422104,0.13325280240230947,0.024876842958588868,ANN
S335,0.36132848958728725,0.1394238445000682,0.16193284128665775,0.26583828925055875,0.0714765353754279,1D-CNN
S336,0.0939046487366558,0.1051639767008961,0.3555767246335091,0.4295913942416254,0.01576325568731461,LSTM
S337,0.21649983673917214,0.1296635713067642,0.35743304511156687,0.26387469658139495,0.0325288502611008,BiLSTM
S338,0.4924826027886101,0.2583730335129097,0.06913891260086324,0.16379907438475047,0.01620637671286742,1D-CNN
S339,0.179251921071645,0.1419924519269492,0.37946927457230606,0.25840999894462285,0.04087635348447667,BiLSTM
S340,0.16008225684476596,0.27113881173727755,0.3764125659183159,0.16652564257282387,0.02584072292681717,BiLSTM
S341,0.21761211040706477,0.2038249031280055,0.26692698125633224,0.2834713562856955,0.028164648922902224,LSTM
S342,0.2532894421692576,0.24124987245721977,0.2536061436732178,0.2174860910810123,0.034368450619292445,BiLSTM
S343,0.23859094433762373,0.27567827292856717,0.17913431168204424,0.27911023354927234,0.027486237502492208,LSTM
S344,0.16285618927412515,0.18918176931511357,0.34791262898965297,0.2585992980095382,0.04145011441157002,BiLSTM
S345,0.14763495273696653,0.5232900709115028,0.1550609894397709,0.15897600319648106,0.01503798371527809,ANN
S346,0.3411579845705199,0.21218251562967733,0.2191844702723148,0.18477076606810452,0.042704263459383496,1D-CNN
S347,0.3477216960053471,0.21807511711620117,0.16711755670564957,0.2267770606154845,0.0403085695573176,1D-CNN
S348,0.169871137911794,0.27685261868126193,0.21789470391703866,0.30804572134265545,0.027335818147250217,LSTM
S349,0.21432190565134618,0.25718066086937297,0.29794601311391516,0.19802228178768233,0.032529138577684094,BiLSTM
S350,0.24362794728991047,0.22474250047397956,0.20948486912804407,0.2614655796407666,0.0606791034672994,LSTM
S351,0.2894435025238568,0.25854565889436315,0.19687178866562885,0.2013590017143064,0.053780048201845045,1D-CNN
S352,0.19126016971722765,0.2949344650528266,0.32574779989638714,0.15642127582535087,0.03163628950820797,BiLSTM
S353,0.26116726832653364,0.22855821493370646,0.2521483218470937,0.2209710402716931,0.037155154620974296,1D-CNN
S354,0.2973005289605508,0.23736452816109174,0.19327599491505976,0.2349081180665302,0.037150829896767344,1D-CNN
S355,0.15614062467993925,0.2609366540482311,0.25190164847902724,0.29808795675141603,0.032933116041386885,LSTM
S356,0.027993012699878736,0.9426174716141726,0.014487859146225837,0.013746879816995721,0.0011547767227271344,ANN
S357,0.16284991077539684,0.17754427525943603,0.26589397460113,0.3684186801975981,0.025293159166439146,LSTM
S358,0.038186838968374694,0.33062523948978867,0.33499706887581354,0.2827903123612734,0.01340054030474939,BiLSTM
S359,0.19122022598414573,0.06581012757149488,0.15193829909488937,0.5635197600762051,0.027511587273265355,LSTM
S360,0.11584184056788792,0.33888054535817197,0.21759052002710152,0.3029067633580939,0.024780330688745005,ANN
S361,0.19007332647007952,0.27037019197641515,0.32955688567955266,0.1918017225728582,0.018197873301094663,BiLSTM
S362,0.13277481487144574,0.27974373378059664,0.2959411004176936,0.26632742546146276,0.0252129254688002,BiLSTM
S363,0.15750255874773675,0.18768368547772848,0.321775135606251,0.30344872103132,0.029589899136963232,BiLSTM
S364,0.232345034568002,0.18242432683962007,0.30909250379103753,0.24329514212752854,0.03284299267381127,BiLSTM
S365,0.24207899447008985,0.13658300877224816,0.20992042330658445,0.3771953068748648,0.034222266576213106,LSTM
S366,0.22095691947558554,0.17306024297502506,0.25262779663272644,0.30779465125089417,0.045560389665768954,LSTM
