Segment,1D-CNN,ANN,BiLSTM,LSTM,CNN-LSTM,Selected
S1,0.20954976089567512,0.15354761504448405,0.32250993846008924,0.2681454439851196,0.0462472416146327,BiLSTM
S2,0.29186411456708594,0.20721396325690813,0.2222119486597046,0.24051591527645375,0.03819405823984855,1D-CNN
S3,0.14461360637605603,0.26917284433347544,0.2318255233318534,0.3161076644278496,0.03828036153076475,LSTM
S4,0.21999527277640196,0.2826598614771442,0.2000409170555435,0.2688679631881994,0.028435985502710974,ANN
S5,0.1780626723114103,0.25012010322362854,0.25142517130682235,0.2893916804125824,0.031000372745556674,LSTM
S6,0.16049511500203595,0.22034171864306965,0.270110636107651,0.3197557967294613,0.029296733517782534,LSTM
S7,0.17538078300539248,0.16319833234340295,0.30021821107110575,0.3293545391211829,0.03184813445891554,LSTM
S8,0.19685468003527995,0.2910523376822453,0.2613112904503141,0.22242268223361666,0.02835900959854363,ANN
S9,0.2919255659489986,0.3319506282293344,0.2025108072264143,0.15047681466163862,0.023136183933614846,ANN
S10,0.2564281204003779,0.3434481222518957,0.21075093489113067,0.1597919374776639,0.029580884978931892,ANN
S11,0.27321407938733694,0.2809966319892833,0.2167864220941728,0.1967108585144625,0.03229200801474547,ANN
S12,0.2418696021590212,0.22681247527252354,0.2585894245081575,0.2387148375202501,0.03401366054004736,BiLSTM
S13,0.21167988030159632,0.22241678634595433,0.275165309007743,0.25402395893308777,0.03671406541161928,BiLSTM
S14,0.18144509769187062,0.20738102449808574,0.2778573327566939,0.2981666660093578,0.0351498790439926,LSTM
S15,0.2362938157062576,0.3700414486455005,0.19703644214274185,0.1745248715181329,0.022103421987367387,ANN
S16,0.3347186795569265,0.2300544452175942,0.2501144760929079,0.15594747212351867,0.0291649270090527,1D-CNN
S17,0.2514736026970606,0.29720121854941706,0.2583804961202498,0.15131959057437722,0.041625092058895585,ANN
S18,0.26444241062864715,0.2163872154281297,0.19655452715015767,0.2878115016075461,0.0348043451855184,LSTM
S19,0.20728234804166648,0.18834431974769006,0.20097831055346843,0.3704708576312267,0.03292416402594886,LSTM
S20,0.3046481526639052,0.29402413602470984,0.15760855091738774,0.21785159429807213,0.02586756609592447,1D-CNN
S21,0.23262019032311634,0.2891140181272362,0.1864158513021202,0.2612499082291191,0.030600032018407382,ANN
S22,0.24003066548066798,0.2150587697799034,0.20277035419191528,0.31564025864393647,0.026499951903576804,LSTM
S23,0.057794519010657366,0.08646441609882963,0.3627237759162448,0.47146190018562406,0.02155538878864476,LSTM
S24,0.07218272592103904,0.4057637946779353,0.3092706883043333,0.19770670218003022,0.015076088916662362,ANN
S25,0.5384124578790507,0.25832083188357907,0.14116347290080775,0.05551307986653357,0.006590157470029684,1D-CNN
S26,0.1717695379651715,0.28230765080553105,0.4907277116296805,0.04442845496725433,0.010766644632363806,BiLSTM
S27,0.3127928798314886,0.19200184328841235,0.2562943170237259,0.17223249551057565,0.06667846434579756,1D-CNN
S28,0.2636660089822622,0.18071057062471085,0.24777379751213519,0.2761462275032495,0.031703395377641566,LSTM
S29,0.22153796966598432,0.17120723962426918,0.29584383013967464,0.27208435467817343,0.039326605891898216,BiLSTM
S30,0.2968162405243435,0.2267688058871175,0.1971609994668685,0.23952159959148828,0.03973235453018213,1D-CNN
S31,0.24392127005510822,0.2087631144152986,0.24557687330026742,0.26178423472300355,0.03995450750632207,LSTM
S32,0.22900866805323,0.23218843471512726,0.25069060912007535,0.24915128699942485,0.03896100111214184,BiLSTM
S33,0.2724539538331352,0.22511162961502956,0.2371939886959361,0.23057218732567905,0.034668240530220266,1D-CNN
S34,0.24870267359512696,0.20679931905869445,0.23578067183827103,0.27217201122147133,0.03654532428643671,LSTM
S35,0.2277488171791801,0.2542267147982142,0.22354096964050807,0.2635744152464668,0.030909083135631406,LSTM
S36,0.20435750190303908,0.24444058732906046,0.24931490896328348,0.2711226656835579,0.030764336121058996,LSTM
S37,0.13803473615150014,0.17443565583304757,0.3014233905495996,0.35281424574407544,0.033291971721777655,LSTM
S38,0.25953307007539045,0.26534424540211726,0.2218220502881604,0.22285612581354272,0.03044450842078917,ANN
S39,0.2501094270363426,0.24737278428329898,0.23784200877247627,0.229412572471388,0.03526320743649421,1D-CNN
S40,0.2408109237696407,0.24140321238261972,0.24524781029401485,0.2374985496807104,0.03503950387301578,BiLSTM
S41,0.2456114994284664,0.23752012645057918,0.2438035069481082,0.23666518417629365,0.03639968299655268,1D-CNN
S42,0.25208564608746337,0.23796650930510446,0.230244869239344,0.24605955470390595,0.03364342066418258,1D-CNN
S43,0.2358825903200247,0.23173375884808392,0.24125535004029555,0.2590768558776066,0.03205144491398956,LSTM
S44,0.24767344324375015,0.14374900481641223,0.29091366521582,0.27952686339961624,0.03813702332440073,BiLSTM
S45,0.040615329731114196,0.038994738900481773,0.2806017903204011,0.6122717782684512,0.027516362779551804,LSTM
S46,0.21172424304079365,0.5970597289969789,0.07908943746291942,0.10488998830309208,0.007236602196216939,ANN
S47,0.16359150087218802,0.28560053688106374,0.28014125178785193,0.24171169402168483,0.028955016437212752,ANN
S48,0.21751201759776903,0.1520154349428433,0.34522490940732636,0.247288717484304,0.03795892056775703,BiLSTM
S49,0.19964720445393583,0.181793583117428,0.3007793032958657,0.26870423123857173,0.049075677894198595,BiLSTM
S50,0.41891411382819416,0.21748165054082153,0.17127645747369552,0.16455773277836455,0.027770045378923813,1D-CNN
S51,0.25499321125356406,0.2848613511737942,0.20455250748022527,0.22136052378264776,0.03423240630976954,ANN
S52,0.314140206558325,0.3456027297031207,0.14545383093295294,0.1732891201609262,0.02151411264467487,ANN
S53,0.23846018079254064,0.26199431440923066,0.2235594605075939,0.24597201723116846,0.030014027059466732,ANN
S54,0.6057556224163038,0.1998370737092384,0.09318940249099117,0.0886856096010513,0.012532291782414221,1D-CNN
S55,0.3222666590074709,0.41172638958276725,0.13912208998765635,0.106367982527245,0.02051687889485946,ANN
S56,0.22864510579105712,0.2493055654497465,0.2568360119557238,0.21796730756326022,0.04724600924021236,BiLSTM
S57,0.23700540089147965,0.26858445164937356,0.21430933837846422,0.24560425683146694,0.03449655224921569,ANN
S58,0.17283549684424365,0.2608012210433567,0.2537865968167019,0.28587266027143865,0.026704025024259472,LSTM
S59,0.12468865873482428,0.14440213361297385,0.30253766805145743,0.3971205953311276,0.03125094426961716,LSTM
S60,0.19599874019685237,0.17822131630177815,0.2605278161614318,0.33730399446737536,0.027948132872562658,LSTM
S61,0.3934122021711262,0.34525822782005994,0.1317783826629724,0.11557416417907472,0.01397702316676598,1D-CNN
S62,0.4761660855133175,0.26040643722487006,0.13187991395923898,0.11362412977178118,0.017923433530792503,1D-CNN
S63,0.3169887594678786,0.33577135202153463,0.17122744777050614,0.14925337985008388,0.02675906088999775,ANN
S64,0.30739557496958697,0.3100746618538533,0.1967268130156917,0.15541158924572213,0.030391360915145625,ANN
S65,0.2859525854375697,0.18690489879164904,0.25302867442655874,0.23057146444766816,0.04354237689655349,1D-CNN
S66,0.21679798460543862,0.21209554007975784,0.2636644093298427,0.26685113752676404,0.04059092845819709,LSTM
S67,0.2494033134033681,0.24678768767093084,0.22629936531704825,0.24579796669352866,0.031711666915123254,1D-CNN
S68,0.22205134007054575,0.2811739233773457,0.23498284837440844,0.23021060624586348,0.03158128193183739,ANN
S69,0.22895892782796926,0.3016599486179979,0.2125346632394359,0.22565934876760516,0.03118711154699228,ANN
S70,0.24259008383413597,0.3048778744731099,0.19635915610885823,0.22737246281613455,0.028800422767760864,ANN
S71,0.2440549100086441,0.27956294903252005,0.2063645063371962,0.24078524328797601,0.029232391333663923,ANN
S72,0.1500821193569955,0.7917554760179788,0.028143532275765524,0.025788288665983056,0.00423058368327646,ANN
S73,0.15403365194594898,0.2256274042544058,0.34577334078301325,0.22005469055627494,0.05451091246035762,BiLSTM
S74,0.24068783933086746,0.2450770685138457,0.22194578465665338,0.26023138168054927,0.03205792581808299,LSTM
S75,0.2218260054988549,0.2363036867708829,0.24022621628162547,0.2463191384194186,0.0553249530292181,LSTM
S76,0.21558311318015363,0.26835689831288273,0.26656661355013817,0.21413787075472956,0.035355504202096405,ANN
S77,0.22194848244241208,0.14867809405666493,0.3342750210629859,0.26397128068524517,0.03112712175269146,BiLSTM
S78,0.2864430168057772,0.2520951741906675,0.2017793100387278,0.22198168393095652,0.03770081503387041,1D-CNN
S79,0.2030996419028465,0.21928020102553591,0.2467988475356709,0.2894179119535978,0.041403397582349205,LSTM
S80,0.2066864901526059,0.25808179552798166,0.2507935459400283,0.2506265448699728,0.03381162350941115,ANN
S81,0.2669749242401267,0.2468760228696744,0.23731955790449408,0.21608729526199635,0.03274219972370886,1D-CNN
S82,0.2310277700578003,0.2630305895599234,0.23242649209121324,0.23735481267787306,0.03616033561318971,ANN
S83,0.19401383198336625,0.22439369069077417,0.2659225199060129,0.27681659975403095,0.03885335766581611,LSTM
S84,0.22554919587264308,0.176414449947194,0.29597349234986464,0.264862559914792,0.03720030191550575,BiLSTM
S85,0.07122380116591759,0.0517684491913986,0.3245645140538235,0.5155704945805074,0.03687274100835288,LSTM
S86,0.2654664064487701,0.17362706393357472,0.2126049694411384,0.32600212503805376,0.022299435138463126,LSTM
S87,0.3734676272319429,0.3500321058886501,0.1286007604065813,0.13274748362593894,0.015152022846886742,1D-CNN
S88,0.4988058052518056,0.2103367454407051,0.14094382037518274,0.12749133377597985,0.022422295156327543,1D-CNN
S89,0.3380101013358031,0.22085122734917909,0.2057660117255657,0.2015330153501139,0.033839644239337406,1D-CNN
S90,0.2560278941823245,0.2227375556972383,0.24073126339138173,0.24493610574078267,0.03556718098827212,1D-CNN
S91,0.26555945938159475,0.27155616205701144,0.20878745332097434,0.2237076470229258,0.030389278217493453,ANN
S92,0.2879539534545366,0.2597517345402708,0.195342456425608,0.22961396130371575,0.027337894275869138,1D-CNN
S93,0.21231372100178636,0.2691816955263306,0.23615524937289942,0.25111421154826286,0.031235122550721386,ANN
S94,0.27941583867096204,0.33409230649990584,0.18983662973170184,0.17074424413986933,0.0259109809575607,ANN
S95,0.15611737360426794,0.1379579635438288,0.3353652252686307,0.3173917620206861,0.05316767556258664,BiLSTM
S96,0.11130138677283996,0.09595921241325067,0.3487082726253301,0.40311473040712836,0.04091639778145123,LSTM
S97,0.11581404955756547,0.0859426397538955,0.2997599352882823,0.46863601784236486,0.029847357557891814,LSTM
S98,0.21443757149365175,0.33469681921121314,0.20411203142557036,0.2253500744737685,0.021403503395795893,ANN
S99,0.2890381136681983,0.6121485330216829,0.05516284804107017,0.03770079536551044,0.00594970990353881,ANN
S100,0.6801397105671636,0.14809258274837567,0.09731140247444527,0.05834406042855919,0.016112243781456856,1D-CNN
S101,0.3441551613904916,0.2929920185136048,0.18758315139765924,0.13649241831999456,0.03877725037825045,1D-CNN
S102,0.26449168852814003,0.31143183736434815,0.21857678283344129,0.1718456380912247,0.03365405318284493,ANN
S103,0.22795348062839924,0.2511313182978728,0.2842345391956535,0.20172840167097916,0.03495226020709593,BiLSTM
S104,0.11346473601849277,0.12817940024801044,0.31359059877361756,0.38446755473079763,0.06029771022908172,LSTM
S105,0.12240093455787782,0.12875176920426962,0.3095709105872422,0.39491881596706757,0.044357569683542875,LSTM
S106,0.11689088902359966,0.06697452306169276,0.3331039861971837,0.43911709773913726,0.043913503978386864,LSTM
S107,0.08620763095099114,0.10760896712045205,0.38834566391257813,0.37363652502942435,0.044201212986554515,BiLSTM
S108,0.13297984126159723,0.17019015461988254,0.4026207435591828,0.24398430221669526,0.05022495834264179,BiLSTM
S109,0.4217497075750739,0.2113356122449056,0.17115210675694983,0.17059422635175897,0.025168347071311714,1D-CNN
S110,0.17214148296907797,0.24427074349662867,0.3262726757660169,0.23406407909095214,0.023251018677323987,BiLSTM
S111,0.25884293178803286,0.3320325273067929,0.19177868269420023,0.19370003703507127,0.02364582117590199,ANN
S112,0.16845603461987407,0.36951698248030984,0.23992514555296257,0.2016546932034008,0.02044714414345343,ANN
S113,0.2535147630440885,0.2925477988272586,0.22420339201768655,0.20757892301599512,0.0221551230949709,ANN
S114,0.24326785839703569,0.23688674667358678,0.2579000120841304,0.2321888944547272,0.02975648839052015,BiLSTM
S115,0.1813829930644566,0.3366623962199831,0.25316531083656535,0.20234485115874046,0.02644444872025488,ANN
S116,0.21763542379681877,0.2967098282968192,0.27296722968019455,0.18753316680988977,0.02515435141627792,ANN
S117,0.22164912439232087,0.26538869766653334,0.309002888140854,0.16985610917918664,0.034103180621105324,BiLSTM
S118,0.29019267345101585,0.2280596242219731,0.2458511308936323,0.19205644050116438,0.043840130932214484,1D-CNN
S119,0.2048625606827968,0.12408272624156459,0.2580452770000184,0.35892379353392356,0.05408564254169692,LSTM
S120,0.16279709510394308,0.18229472236241565,0.20535528469903358,0.4153201924541459,0.03423270538046105,LSTM
S121,0.36687325013939964,0.24656813443355213,0.15691957493574446,0.20371064609285183,0.025928394398452962,1D-CNN
S122,0.31935463021467136,0.2324985072927122,0.18980754604376268,0.21577428002593627,0.04256503642291741,1D-CNN
S123,0.2969293370535609,0.3142363744851096,0.16552463945046608,0.18414222823613147,0.03916742077473239,ANN
S124,0.32352636775515703,0.2139477392373142,0.21168980950595725,0.21506145719306008,0.03577462630851109,1D-CNN
S125,0.21877812798797408,0.21811959225220462,0.2581137561498707,0.27602944770691107,0.0289590759030386,LSTM
S126,0.24472281104736923,0.26437308108858265,0.2099548623094758,0.25390831098310734,0.027040934571464226,ANN
S127,0.2329284768216446,0.26255477640361524,0.2153592447807607,0.2613557521604717,0.027801749833508724,ANN
S128,0.2282905653572167,0.2223521863852964,0.26888017777174644,0.24798202280972753,0.03249504767601186,BiLSTM
S129,0.19255875560052702,0.20955629789673466,0.28808368050076855,0.27784351449346084,0.03195775150850934,BiLSTM
S130,0.31869011960818167,0.28204380375766636,0.20085723766762978,0.17108846642351508,0.027320372543006493,1D-CNN
S131,0.2152350036388209,0.15315988229350222,0.27373938949595406,0.3022251416681493,0.05564058290357407,LSTM
S132,0.09725408125911121,0.21948194107234179,0.24324776949183707,0.4086385727155379,0.031377635461172323,LSTM
S133,0.23092261955756235,0.26645300804498007,0.22634302400150302,0.24701839817903717,0.029262950216917685,ANN
S134,0.3367244546327196,0.30652428533805687,0.1638908809871033,0.1656612812679311,0.027199097774189593,1D-CNN
S135,0.2392649078187313,0.27790245665385765,0.20923139499867305,0.24000111885633824,0.03360012167239884,ANN
S136,0.16282479993978566,0.15712881316427094,0.40074986334063084,0.23924874264650922,0.04004778090880293,BiLSTM
S137,0.09248520824052722,0.10678419254860574,0.29369607721340163,0.4788706961858336,0.02816382581163229,LSTM
S138,0.21061354431328244,0.3713236020398537,0.20051293155455846,0.19938189930492026,0.01816802278738515,ANN
S139,0.24121433683566482,0.26974389787767994,0.21639977096831892,0.2452558778237606,0.02738611649457629,ANN
S140,0.24156724563615864,0.16790130212775373,0.2796771006061327,0.27616937602479014,0.034684975605164786,BiLSTM
S141,0.2407468426173674,0.2839069543297911,0.23250373400318694,0.21270997297381364,0.03013249607584086,ANN
S142,0.25415451810210055,0.23241721857888875,0.23780419959837945,0.2443263359312587,0.031297727789372475,1D-CNN
S143,0.21728945189291513,0.40213514309361537,0.2043319633110754,0.15212160720402704,0.024121834498367096,ANN
S144,0.38113422708592315,0.2732775903796424,0.1632622103979072,0.15347953105070367,0.028846441085824258,1D-CNN
S145,0.28998726323270624,0.2246833740068522,0.21675775133396347,0.229884542258798,0.03868706916768081,1D-CNN
S146,0.1449203084231259,0.2072729760442148,0.24695424959674891,0.3716647779209875,0.02918768801492222,LSTM
S147,0.2514579358030308,0.0537399486970793,0.32093464811407846,0.33425617633845434,0.0396112910473571,LSTM
S148,0.15242121357179622,0.13470607391925493,0.20467899411715273,0.4716747737964235,0.03651894459537212,LSTM
S149,0.17636999442903478,0.2084742581878415,0.28189477684041603,0.30801703518538903,0.02524393535731784,LSTM
S150,0.1815574197284151,0.24435824529331512,0.2650446407027624,0.27784016944502576,0.03119952483048194,LSTM
S151,0.24509884779528682,0.24364634808569363,0.2124257971579832,0.2703189641077655,0.028510042853271467,LSTM
S152,0.18149606107051008,0.28507601715239345,0.25764769978732527,0.24336469157332596,0.03241553041644436,ANN
S153,0.22139578511236999,0.2191655911590432,0.2757379096361219,0.24526327254289776,0.038437441549567616,BiLSTM
S154,0.24069061766792316,0.23171412314886278,0.26931258649404277,0.21751077813543443,0.04077189455373706,BiLSTM
S155,0.2503613987837614,0.18935882863523962,0.2564010642480105,0.25707639128481724,0.04680231704817224,LSTM
S156,0.1979917373938185,0.17138392371604377,0.26057488285349495,0.32735809049693154,0.04269136553971145,LSTM
S157,0.23550109481028592,0.18460444088012656,0.23830462795928695,0.30669335910637835,0.03489647724392279,LSTM
S158,0.2516242168336826,0.31211939731459387,0.19357331977963255,0.2150177043302474,0.027665361741843763,ANN
S159,0.19077408208037694,0.27017710669349093,0.24751112353933777,0.25425361334010843,0.03728407434668599,ANN
S160,0.17540001483687329,0.1867466430241384,0.30148043833738364,0.2931689144657641,0.04320398933584104,BiLSTM
S161,0.23542242932443144,0.24335798719778545,0.2733958268617285,0.21651289146064748,0.03131086515540765,BiLSTM
S162,0.2732172771378339,0.22119015192975114,0.2510594469615657,0.21622540090723208,0.03830772306361687,1D-CNN
S163,0.24413823899744352,0.18089410234051714,0.23446140356385808,0.29995138326730764,0.04055487183087281,LSTM
S164,0.16581910478680445,0.1894181142314295,0.2552059281778567,0.35135058256544144,0.03820627023846863,LSTM
S165,0.18405316379577194,0.4533722032414567,0.150505322228213,0.19116462265633247,0.020904688078225698,ANN
S166,0.18358252592158816,0.17196063814688856,0.4036755098539007,0.20813573420473447,0.03264559187288838,BiLSTM
S167,0.26658779057736465,0.22198278224208726,0.24390990814212046,0.2215077079288297,0.04601181110959796,1D-CNN
S168,0.24541442023150065,0.2594452424974606,0.2007195030429016,0.24729950455239233,0.047121329675743874,ANN
S169,0.26061981081636326,0.14372232277963787,0.30500388172530285,0.24656889425956763,0.04408509041912842,BiLSTM
S170,0.2591872292264857,0.2926260692128954,0.22915675746106118,0.18320311357843955,0.03582683052111809,ANN
S171,0.45428105454616213,0.23341320803912896,0.14110026738724424,0.13916722930386122,0.03203824072360301,1D-CNN
S172,0.13260353013122317,0.180374168644652,0.29177804964166365,0.34376111004460014,0.051483141537860544,LSTM
S173,0.1094507787501202,0.5122661518681042,0.1926001412041816,0.1624305017989672,0.023252426378627036,ANN
S174,0.20959193050384614,0.3081691640613182,0.22129206514182737,0.23471587913400754,0.02623096115900059,ANN
S175,0.1857856827301102,0.27279628784722465,0.2409060189336827,0.27234334466546606,0.02816866582351625,ANN
S176,0.1680488793896002,0.24248597614905135,0.24751435618694934,0.31263729580694605,0.029313492467454464,LSTM
S177,0.18377263597619165,0.15834886104673493,0.2809591181308502,0.3437143518086043,0.03320503303761868,LSTM
S178,0.21191768233087074,0.37670841525200227,0.19065887829250194,0.19836505746657473,0.022349966658050554,ANN
S179,0.44384192636630926,0.24272669379573514,0.14814616640602818,0.14314857684277815,0.022136636589148596,1D-CNN
S180,0.42047382756218454,0.2756450371330752,0.13939012756120134,0.13805384201216694,0.026437165731372437,1D-CNN
S181,0.20145219150793667,0.19916701656439967,0.3134673263352026,0.24567459728301236,0.04023886830944788,BiLSTM
S182,0.2528808167279635,0.17178367917348622,0.2972068373949428,0.23834349913385683,0.03978516756974953,BiLSTM
S183,0.21495207694752366,0.17938020078765074,0.25730107104439015,0.30891624509391663,0.03945040612651824,LSTM
S184,0.2625177976387919,0.2169723951071335,0.23617654662126703,0.24824465306646884,0.0360886075663396,1D-CNN
S185,0.3102055535957208,0.13170843686705447,0.23159732475877742,0.2907909005356832,0.03569778424276417,1D-CNN
S186,0.18686508713388095,0.1572247632218332,0.35629866762488094,0.2634956821184761,0.0361157999009282,BiLSTM
S187,0.23980456524995608,0.1964105956556605,0.27890351468228314,0.2467068031111105,0.03817452130098863,BiLSTM
S188,0.25962100272826777,0.2344283287640828,0.25158772740072805,0.21674778367563974,0.037615157431281396,1D-CNN
S189,0.20234600434183705,0.12795308030772107,0.2683364048092594,0.35012598883318563,0.051238521707997184,LSTM
S190,0.18061937764468022,0.2804568656732405,0.21385470715365185,0.29217404524788215,0.03289500428054501,LSTM
S191,0.27686390491063473,0.19345531445710967,0.22504879552040216,0.2723559831871199,0.03227600192473385,1D-CNN
S192,0.22334013318351917,0.29202665203310624,0.20963579674202235,0.2459873067363572,0.02901011130499557,ANN
S193,0.10776950322764303,0.12801945485194696,0.31788514664666734,0.4138257057741942,0.03250018949954911,LSTM
S194,0.17864445966053888,0.20789999034066617,0.27315798259235086,0.31535828362270607,0.024939283783738563,LSTM
S195,0.2487442810122843,0.323756270939091,0.20936374211864095,0.19722769850509989,0.020908007424884262,ANN
S196,0.211287162805454,0.49512568729542783,0.15256834992795004,0.12404116876059712,0.016977631210571532,ANN
S197,0.26161310652473113,0.39242096942285215,0.21034448505987918,0.11147438067892411,0.024147058313613728,ANN
S198,0.3175613535098387,0.2954408513800782,0.20909475306524297,0.1492995882392249,0.02860345380561488,1D-CNN
S199,0.26867338055079476,0.2633710955410866,0.24383430907074763,0.18923541129860394,0.03488580353876668,1D-CNN
S200,0.27788060027728323,0.2698445214983852,0.21939362147709554,0.20153435821402463,0.03134689853321044,1D-CNN
S201,0.26713221657046954,0.21802744325915188,0.24223181248902007,0.23986187121192507,0.03274665646943418,1D-CNN
S202,0.20795601275770853,0.23529812639104272,0.27704187822071,0.2458573083068136,0.0338466743237266,BiLSTM
S203,0.16013339359743997,0.15535828808415547,0.32354783791202774,0.32142428147351243,0.03953619893286465,BiLSTM
S204,0.20706148678253036,0.28201424854897067,0.2666900032784558,0.2161965070032286,0.028037754386814544,ANN
S205,0.2932741313131496,0.27053192172920004,0.22004858834135488,0.1848660927719113,0.03127926584438327,1D-CNN
S206,0.2648005153701491,0.25987096089834066,0.2189817222163086,0.22347071768377233,0.03287608383142896,1D-CNN
S207,0.22139520441432936,0.2468606935986085,0.222095883911401,0.2801200835147942,0.029528134560866302,LSTM
S208,0.15687310605096283,0.2175103972878489,0.2809015721907517,0.31232383807978564,0.03239108639065112,LSTM
S209,0.11802632434750955,0.1546274699213474,0.3743157626658913,0.32333204508208885,0.029698397983163465,BiLSTM
S210,0.2772018675845574,0.4330584671765347,0.15534329171430455,0.11929491360633365,0.01510145991826975,ANN
S211,0.2503883353660405,0.10698926858233364,0.29187251921342333,0.30197147379581174,0.04877840304239006,LSTM
S212,0.11225078660955826,0.19216590935587666,0.19774722103615094,0.4698607236088953,0.027975359389518752,LSTM
S213,0.17342299432048663,0.17551244518810488,0.2791123380778119,0.3375659909816592,0.03438623143193792,LSTM
S214,0.21633459972211738,0.22365537789908188,0.2719326642985614,0.2562357736709483,0.03184158440929185,BiLSTM
S215,0.24588299435990982,0.2734818564445076,0.21214783767845066,0.24186616265698208,0.026621148860150705,ANN
S216,0.2012400033403646,0.27954661897665023,0.24340887156375748,0.24942353252186664,0.02638097359736062,ANN
S217,0.19523174814929614,0.3508861084186237,0.22634219589913945,0.2049614084843617,0.022578539048579305,ANN
S218,0.15084852081721886,0.27632688756061496,0.2901511012422893,0.2538813088674088,0.028792181512468186,BiLSTM
S219,0.19036984004805682,0.40362623329154285,0.22176848483754796,0.1627181533518665,0.021517288470985645,ANN
S220,0.3518034333098969,0.34664053456619337,0.19021835659360975,0.0916149921520427,0.01972268337825678,1D-CNN
S221,0.36973925883686093,0.3514048311419188,0.15720158366781878,0.10139931263926173,0.020255013714139822,1D-CNN
S222,0.17844638722189896,0.4595409978575242,0.24126021291684016,0.10058492978658316,0.020167472217153447,ANN
S223,0.20821344425727925,0.32219177890704465,0.23331009089242982,0.20539560145037294,0.030889084492872868,ANN
S224,0.19138369715718187,0.24096523458301605,0.31777341972873,0.21869970727491217,0.031177941256159362,BiLSTM
S225,0.276916019126042,0.33955562590623045,0.2033210967465536,0.15644137888606358,0.023765879335109742,ANN
S226,0.27030448070285684,0.23355861556557087,0.23866053602303267,0.22909405018738882,0.028382317521152473,1D-CNN
S227,0.19172399634537368,0.33098327127501664,0.24736600949506685,0.20392502290729167,0.02600169997725078,ANN
S228,0.23293571659340953,0.23904633694187463,0.2624981545401738,0.2349965669048974,0.030523225019644377,BiLSTM
S229,0.20713848620287154,0.28452382693039047,0.27397227013599224,0.20098740758125447,0.03337800914949081,ANN
S230,0.24077895452429818,0.24257794478747327,0.2531519946296905,0.2276991513595756,0.03579195469896214,BiLSTM
S231,0.23399302773493832,0.23509718534434282,0.28191476191215825,0.21435313962248498,0.03464188538607599,BiLSTM
S232,0.27803191352359535,0.19730936897138443,0.2504750859813351,0.23082256907098583,0.04336106245269984,1D-CNN
S233,0.23001430337534,0.2158081521303663,0.21262455898221658,0.3086810199381051,0.03287196557397189,LSTM
S234,0.22964938810018068,0.22966594261338577,0.2324674857810341,0.2770749893022057,0.03114219420319308,LSTM
S235,0.172803198327283,0.14941382371650042,0.29292990733834234,0.34766568815066723,0.03718738246720707,LSTM
S236,0.1739871730563061,0.28854282179373086,0.24209336709133822,0.2702603660952356,0.025116271963390547,ANN
S237,0.2634625210600122,0.3031092411739526,0.21703308697396287,0.19423057572207345,0.022164575069998683,ANN
S238,0.3230606631116785,0.16288226952808374,0.2635882193875465,0.22188833763983373,0.028580510332857655,1D-CNN
S239,0.1737190209371498,0.40801518915456,0.23631328993716683,0.15874411184267218,0.02320838812845179,ANN
S240,0.548832303586211,0.28325297264410293,0.09696803522276311,0.058556823994583417,0.012389864552338927,1D-CNN
S241,0.2978036910947258,0.345485154439146,0.20775147733126353,0.12174112107111731,0.027218556063746832,ANN
S242,0.225844555771137,0.22428118183441473,0.26221882509295596,0.25515416347087516,0.03250127383061711,BiLSTM
S243,0.2501894040579648,0.23855455458001393,0.22235546764224887,0.25550024149437295,0.03340033222539905,LSTM
S244,0.2540795571369498,0.21405780203294106,0.25608064930341196,0.2376978568942707,0.03808413463242539,BiLSTM
S245,0.29666029743058164,0.22527356737597182,0.21259381508329284,0.230258236890267,0.0352140832198861,1D-CNN
S246,0.24195262238038115,0.27022458608665784,0.21311417230809385,0.24019449507632126,0.03451412414854676,ANN
S247,0.2505940099410251,0.2364311593619398,0.2147798252271206,0.2652018632888195,0.03299314218109511,LSTM
S248,0.20803171363145595,0.26608053335900345,0.22809876941991253,0.26246316345505466,0.035325820134572326,ANN
S249,0.16502991684919166,0.22449098822226063,0.2851615181274536,0.28797289817580196,0.037344678625292616,LSTM
S250,0.1892894182973974,0.20530432385468084,0.3157321201711388,0.2617445614395039,0.0279295762372791,BiLSTM
S251,0.27507307545049114,0.31185766200907666,0.2149131275112384,0.1745042406291634,0.023651894400031293,ANN
S252,0.2757143540042199,0.17998188172324833,0.2544209163832665,0.2528912683609631,0.036991579528302274,1D-CNN
S253,0.1326317240576817,0.15865791362598275,0.26126875488137724,0.416197555191607,0.031244052243351004,LSTM
S254,0.2511694653493686,0.24477946561982694,0.22112673616429743,0.2562163789659955,0.02670795390051097,LSTM
S255,0.1613665836052991,0.2230691001314199,0.28792580275435137,0.28348553933826265,0.044152974170666506,BiLSTM
S256,0.26337802594055265,0.23335692567584587,0.2323241058692688,0.23720527363300478,0.03373566888132752,1D-CNN
S257,0.22552695651460924,0.2441093336286084,0.2670670905005318,0.23167502326397704,0.03162159609227383,BiLSTM
S258,0.262729457120859,0.22745152043423816,0.23903768067006087,0.23307280715854212,0.03770853461629878,1D-CNN
S259,0.2503893319392057,0.25676724113245625,0.2053331093552349,0.2517969929290804,0.03571332464402317,ANN
S260,0.21392054719233083,0.25080708349295855,0.22022581102161135,0.2854136826810301,0.029632875612069304,LSTM
S261,0.222986824481145,0.1370843814843684,0.34595392352064513,0.25323366755198035,0.04074120296186113,BiLSTM
S262,0.2561894404501222,0.23033463567305512,0.22774583761232212,0.2401382793207722,0.04559180694372758,1D-CNN
S263,0.16856694810407166,0.12726824189192817,0.305632423078472,0.33157831024828277,0.0669540766772452,LSTM
S264,0.13841314586866815,0.21256528478212405,0.29306863868364164,0.315919855691613,0.040033074973953274,LSTM
S265,0.2947195700999366,0.19789023518990154,0.22317611487268546,0.2464608488442163,0.03775323099326034,1D-CNN
S266,0.23726480853575196,0.2465652823028765,0.2178008393736104,0.25467673488605574,0.04369233490170526,LSTM
S267,0.19719040817974454,0.2753851447835687,0.24766575165622534,0.24234266605168195,0.03741602932877843,ANN
S268,0.2194204389723871,0.16795756328157474,0.33916410544211784,0.2383536992307795,0.03510419307314033,BiLSTM
S269,0.22811012458261662,0.2583588944999812,0.23110652094832806,0.2534509959558305,0.028973464013243855,ANN
S270,0.22513494801287237,0.2292507150859509,0.23626794129014309,0.2754645187258642,0.033881876885169075,LSTM
S271,0.2015201542174608,0.27455881431284496,0.23821846814267644,0.25433481156951493,0.03136775175750307,ANN
S272,0.14533351829721083,0.10640517538886349,0.3436462750119027,0.3634543131980274,0.04116071810399503,LSTM
S273,0.23536556591298602,0.22024722615769557,0.24787643550931918,0.260327071949305,0.03618370047069461,LSTM
S274,0.2731847377551942,0.24278032953908069,0.22299250302609686,0.22733569050986766,0.03370673916976044,1D-CNN
S275,0.2355924958995626,0.20846771218421978,0.2581616390589354,0.25929216683729767,0.03848598601998493,LSTM
S276,0.18445763737702325,0.23814768523271812,0.25629499270916667,0.28440810731561367,0.03669157736547873,LSTM
S277,0.24086493442345802,0.26338420297826576,0.22321331196620867,0.24142823170881508,0.031109318923253377,ANN
S278,0.2288895296616388,0.24006172242731388,0.251736476345594,0.24514476208682526,0.03416750947862791,BiLSTM
S279,0.11671409283634845,0.06871770835936013,0.3427773125233104,0.4272498452998866,0.04454104098109437,LSTM
S280,0.133512299987464,0.1263834901901808,0.2742632704767621,0.43632311322870365,0.02951782611688896,LSTM
S281,0.4451128581522987,0.3059241976815505,0.11480208953494647,0.1205357794956364,0.01362507513556644,1D-CNN
S282,0.37521303491710095,0.244315239259324,0.1873845035210823,0.16618806309909495,0.026899159203396996,1D-CNN
S283,0.2714446326329112,0.2623776890173423,0.2313082682475212,0.1993846066367449,0.035484803465479754,1D-CNN
S284,0.20737333456745954,0.2301735374691026,0.24174417316051605,0.2833691566219536,0.037339798180968546,LSTM
S285,0.2081043033149703,0.22834859877306965,0.22982281562445034,0.3034049792937144,0.030319302993795372,LSTM
S286,0.27158330549128884,0.2645327642316563,0.21432347066749916,0.22206659473887425,0.027493864870681443,1D-CNN
S287,0.27449978720891066,0.2712936187651637,0.22624496822698123,0.1970128931729307,0.03094873262601405,1D-CNN
S288,0.10042213198299674,0.10104549281233999,0.37427964016517484,0.37817080515599766,0.046081929883490906,LSTM
S289,0.06200855602599647,0.07953662976029666,0.31801113116663826,0.5141892295400861,0.026254453506982706,LSTM
S290,0.1447983043090339,0.154602388764428,0.2855393328669542,0.3842393298815565,0.030820644178027854,LSTM
S291,0.2751654822126147,0.3481443080116035,0.1975985151337809,0.15378750705080216,0.025304187591198516,ANN
S292,0.14343084404772155,0.1523387898965391,0.3785558244930187,0.27234417921308135,0.05333036234963896,BiLSTM
S293,0.30776369868506276,0.1590147663459914,0.2624895431248333,0.22965365374698626,0.041078338097126264,1D-CNN
S294,0.2535629684593472,0.19865507720032208,0.24253827982883785,0.2604619909063945,0.04478168360509796,LSTM
S295,0.20668212576134534,0.19690566455486472,0.2385676456947377,0.3222018547922566,0.035642709196796254,LSTM
S296,0.2484287193001285,0.3062321952284223,0.22537652252198714,0.19215717863277176,0.027805384316690027,ANN
S297,0.2990467627294788,0.2963375125943217,0.20252309455946463,0.1710065563224868,0.031086073794247538,1D-CNN
S298,0.24115709697792242,0.2882708028972261,0.20928701641523376,0.22749900643352497,0.03378607727609251,ANN
S299,0.23608406677665886,0.22428590424211303,0.24358693892653246,0.2597353588826246,0.036307731172070534,LSTM
S300,0.24431076226241047,0.13629511914605374,0.27037428236978317,0.30937315071973226,0.0396466855020201,LSTM
S301,0.12758289593212493,0.14870971035229164,0.3185057569655978,0.3682803293060778,0.036921307443909104,LSTM
S302,0.2896040008998655,0.25302364302587854,0.22032273211692927,0.21567129375022406,0.021378330207102454,1D-CNN
S303,0.34929910884339427,0.17804790773504728,0.21379245107024603,0.23181857770934014,0.02704195464197181,1D-CNN
S304,0.3568721648930589,0.2423664005014242,0.19931120686596535,0.16889460073582302,0.032555627003728355,1D-CNN
S305,0.05467547412738724,0.08298776727185873,0.2730664483935024,0.5585977228927533,0.030672587314498168,LSTM
S306,0.1970645525533582,0.2924965182569699,0.2567378015025827,0.22566886243916973,0.028032265247918752,ANN
S307,0.33070271817702385,0.2872321136437749,0.15445297797603116,0.2032114749638762,0.0244007152392942,1D-CNN
S308,0.22293016406943325,0.34699376942008703,0.22358533103741815,0.18199442601201818,0.02449630946104328,ANN
S309,0.22405347788786442,0.2221047882170575,0.3024744880806569,0.21780495749093565,0.033562288323486344,BiLSTM
S310,0.11700994837702447,0.21205767894109567,0.26400906416081943,0.3608444477773031,0.04607886074375655,LSTM
S311,0.2253788474551555,0.18504675788717986,0.21814338694513288,0.33166746642143174,0.03976354129109997,LSTM
S312,0.1837552457755296,0.12312524149370965,0.3090456170369374,0.3515179374483362,0.032555958245486745,LSTM
S313,0.07346437410977956,0.07343845676676192,0.37619044286429637,0.4442964104701504,0.03261031578901191,LSTM
S314,0.2750160676371128,0.27040617959040014,0.21000368089938243,0.22544320550594532,0.019130866367158092,1D-CNN
S315,0.23570320329303676,0.6183043120417233,0.07761354044469784,0.06131260281626437,0.007066341404278041,ANN
S316,0.29171551520797523,0.3972692688758812,0.17234191857449618,0.11829146229271274,0.02038183504893438,ANN
S317,0.3704329543813073,0.2577762330488809,0.1734344263048461,0.17373014660219877,0.024626239662766915,1D-CNN
S318,0.1778547717676277,0.4878288148338902,0.20187428678149186,0.10712961958718073,0.02531250702980924,ANN
S319,0.2785136503465403,0.24316286436582593,0.2069147587132274,0.23316486598139524,0.03824386059301107,1D-CNN
S320,0.24733942192551903,0.2899812217058331,0.20854162065577705,0.22206145783647988,0.03207627787639041,ANN
S321,0.21579119282225415,0.1923391992262527,0.2682364563899214,0.28154835161095104,0.04208479995061993,LSTM
S322,0.24216036093519552,0.2702513128442566,0.20937293164497237,0.24216437822992515,0.036051016345651506,ANN
S323,0.3016980945881342,0.20296237093143893,0.22195876290983302,0.23527563848447658,0.038105133086117425,1D-CNN
S324,0.1763091429140135,0.5753749227166212,0.11087336991679625,0.11778771764245814,0.019654846810109948,ANN
S325,0.24790723478263432,0.23989077390775848,0.23998446290706718,0.23952674229621287,0.032690786106326954,1D-CNN
S326,0.2259840846438411,0.2595452844537434,0.2293108596915908,0.2559759685530973,0.029183802657726913,ANN
S327,0.21902994150697538,0.16921085736542554,0.25298859503698573,0.318328415712226,0.04044219037838698,LSTM
S328,0.22545840359794175,0.2553084962654653,0.2540675851517755,0.23041805703837578,0.03474745794644125,ANN
S329,0.25032088290083143,0.21686464503232483,0.27317628907373503,0.222815774838999,0.03682240815410934,BiLSTM
S330,0.27949700389721494,0.2312329264177556,0.2285795853834587,0.22617766389219732,0.03451282040937232,1D-CNN
S331,0.18115353763310796,0.15604628750312277,0.2707667045146301,0.34393497714136234,0.048098493207776864,LSTM
S332,0.11282285412805307,0.18973518460763436,0.2561238692757652,0.4104420429925767,0.030876048995970712,LSTM
S333,0.2422225362740775,0.4675959751681173,0.1570392538975707,0.1179332943081476,0.015208940352088886,ANN
S334,0.22352722959555657,0.2108795592313348,0.29771503561370916,0.2264408966550373,0.041437278904362454,BiLSTM
S335,0.37021231458892884,0.14408404207395534,0.1703568978530857,0.26964835945960447,0.045698386024425115,1D-CNN
S336,0.171577742322489,0.17867324457385206,0.3224678156978154,0.3020770670893654,0.025204130316478366,BiLSTM
S337,0.24337357580870642,0.09417321105120265,0.31185651815327087,0.31948582133976966,0.0311108736470502,LSTM
S338,0.20194605937593968,0.2994978029755405,0.1678958660968951,0.3026286503056756,0.028031621245949864,LSTM
S339,0.20221195314435003,0.19140979726351734,0.3077501905731042,0.2626060136751042,0.036022045343923406,BiLSTM
S340,0.19701409282123492,0.2161682425509491,0.33744117139531304,0.2182750327168173,0.031101460515684822,BiLSTM
S341,0.2319540633785215,0.1765842344936347,0.26859220803014106,0.28671394177627635,0.03615555232142627,LSTM
S342,0.2540443205352072,0.2250751892612735,0.23766910990867865,0.24874275992055625,0.034468620374284116,1D-CNN
S343,0.2371831437787543,0.26244066519801945,0.20958275355025177,0.258485514914139,0.032307922558835044,ANN
S344,0.19915219117864422,0.21086945860909614,0.29335801207602263,0.26047663472604954,0.036143703410187425,BiLSTM
S345,0.2271712762584009,0.2212588266576658,0.26491511427778414,0.25478338662085065,0.03187139618529824,BiLSTM
S346,0.27627412933783313,0.23782955960368035,0.2291589051304696,0.2197549891994757,0.03698241672854061,1D-CNN
S347,0.2308596908488927,0.1603533385436305,0.24843180311688165,0.31636767957812606,0.043987487912468703,LSTM
S348,0.16468583637967069,0.3031396991924124,0.22868178759321206,0.27312815460211515,0.030364522232589515,ANN
S349,0.24553452629682415,0.25962015847682113,0.2438823917699316,0.2188782884978042,0.03208463495861971,ANN
S350,0.22934880409543446,0.2147686942151949,0.2433191496410135,0.2692612238318107,0.04330212821654672,LSTM
S351,0.25092199306898666,0.2300793228834113,0.24562328929867944,0.23521751275187713,0.03815788199704584,1D-CNN
S352,0.2162215792600421,0.2728659755691783,0.25102396544817734,0.22439141152142802,0.03549706820117317,ANN
S353,0.2774636502304345,0.23090657656564004,0.23358820033100727,0.22157648944082875,0.03646508343209041,1D-CNN
S354,0.21251852848517108,0.17268194008487386,0.2686077790049464,0.30067697880057015,0.04551477362443853,LSTM
S355,0.1439213724367132,0.26814946612033613,0.2550779122560091,0.29710463120832176,0.035746617978620575,LSTM
S356,0.11159517980219497,0.8039419916182275,0.042790875713865625,0.035926297232694145,0.005745655633016824,ANN
S357,0.20988952103930822,0.17342519894066116,0.3757745956646923,0.18693703887196164,0.05397364548337615,BiLSTM
S358,0.11905547980038927,0.14497754042873143,0.3824267811133371,0.3315458703714019,0.021994328286140133,BiLSTM
S359,0.10124150857355711,0.047714528368247806,0.15814818606901093,0.6795279834068529,0.01336779358233137,LSTM
S360,0.07193383393481137,0.43056027537572905,0.1762685035377544,0.3057665304599201,0.015470856691785984,ANN
S361,0.3226792303504744,0.3321000567898103,0.16138504270082374,0.16659804924047755,0.017237620918413986,ANN
S362,0.22096779522378043,0.2571938616654443,0.24500197809196994,0.2439789762615437,0.03285738875726088,ANN
S363,0.20423269353047044,0.25230569838328226,0.25669955009913353,0.24993104824204473,0.03683100974506839,BiLSTM
S364,0.25422668099391127,0.22221928511230543,0.254983339829733,0.23228155733165,0.036289136732400265,BiLSTM
S365,0.2813575756290321,0.1846169233533499,0.23075517255416775,0.2646690126930507,0.03860131577040016,1D-CNN
S366,0.22363029189885247,0.23854865496673555,0.22585232100194513,0.2758661648845735,0.03610256724789369,LSTM
