Segment,1D-CNN,ANN,BiLSTM,LSTM,CNN-LSTM,GRU,Selected
S1,0.09748583891876687,0.04177857274417784,0.3303971984609045,0.1542931457144658,0.37106285975238373,0.004982384409302935,CNN-LSTM
S2,0.2501035223430816,0.1912452004594598,0.15961536466064785,0.17448281456966494,0.2099351059470095,0.014617992020134725,1D-CNN
S3,0.11327476913298502,0.22513672397461576,0.1845862145055206,0.24657749345181265,0.22243104604505626,0.007993752890006742,LSTM
S4,0.18215912462386416,0.24504054402435776,0.1650023405942505,0.23430182546393435,0.16217123143250486,0.011324933861087171,ANN
S5,0.1648079905676077,0.31961066749480516,0.1650617666886923,0.19510091418143868,0.1364028201138286,0.019015840953626333,ANN
S6,0.1063334713881789,0.2781776430217776,0.17870326549655266,0.2817857036980698,0.13727613667680397,0.017723779718616085,LSTM
S7,0.12712181225902866,0.09231194256192085,0.15526975719981892,0.18851334282336532,0.4300412241122522,0.0067419210436135395,CNN-LSTM
S8,0.19803361526998128,0.2435325056327522,0.18931141185071643,0.10536801638219881,0.25616678817410626,0.007587662690246928,CNN-LSTM
S9,0.23155452185127304,0.30580769506170324,0.20505312221225758,0.10122335420626047,0.13931248183590167,0.01704882483260521,ANN
S10,0.24126724642004846,0.2563313048115051,0.17199555970476876,0.11912869254364415,0.18955473325754654,0.021722463262486186,ANN
S11,0.23503156996797386,0.23118651294540044,0.16849623857065474,0.16154892166553456,0.18566553324786553,0.018071223602569245,1D-CNN
S12,0.19666019984184047,0.1822656166082299,0.21178088582444654,0.20497473017762338,0.1878128518571083,0.016505715690748768,BiLSTM
S13,0.16208612486919238,0.22564893839773553,0.21391951735016998,0.19707858241370627,0.18298011430739133,0.018286722661803343,ANN
S14,0.12400678451578669,0.20401411868436747,0.2317847961137671,0.21326181394327817,0.21836835951209704,0.008564127230705024,BiLSTM
S15,0.2234276900311876,0.26321777574881977,0.13493022017872403,0.2125200733658696,0.1558754501196644,0.01002879055573141,ANN
S16,0.17045238524844208,0.17581584288287921,0.2694157552223418,0.18017574537384506,0.18183123735205417,0.02230903392043776,BiLSTM
S17,0.15263690370624247,0.2779878200166703,0.14961144539307328,0.052972910314886774,0.361010336337856,0.00578058423127153,CNN-LSTM
S18,0.2955298690469303,0.16026619954849855,0.12565204782571454,0.23249513260201068,0.18080835854369454,0.005248392433150387,1D-CNN
S19,0.1542210758275621,0.15596310236354774,0.16723780443835173,0.3142654696039067,0.20378908482529506,0.004523462941341339,LSTM
S20,0.2740525473184704,0.25242697432828204,0.1308239123283864,0.17588040796869814,0.15844590908432485,0.00837024897183303,1D-CNN
S21,0.18784703916582055,0.24530544691596765,0.15753942568570908,0.21461904524927278,0.18126269971793885,0.013426343265291761,ANN
S22,0.19321735138294233,0.17990301016223378,0.17048616515889617,0.2858593966376172,0.15439857216717887,0.01613550449113025,LSTM
S23,0.06479176883344179,0.12666315594878294,0.24414438154785012,0.44820824401170023,0.10142087183146264,0.014771577826760779,LSTM
S24,0.1440769067005592,0.3351518086163051,0.2270444033422337,0.08635953828056776,0.20044636522268242,0.00692097783765699,ANN
S25,0.4385073966528708,0.25216868223668143,0.13507174054625928,0.06381603006514046,0.08339798558790572,0.02703816491114263,1D-CNN
S26,0.0386687047812137,0.08332039380543796,0.8184471330655956,0.009354079707692545,0.04746503295719076,0.0027446556828668697,BiLSTM
S27,0.2607513471568699,0.09517076849029024,0.11980967835388318,0.0586202035314614,0.45809709272918375,0.007550909738312049,CNN-LSTM
S28,0.2140906009392249,0.13739917531614151,0.19209336970076993,0.27544662463911174,0.1669011428324171,0.014069086572333252,LSTM
S29,0.16319141484105512,0.1352094052119102,0.27808362068823683,0.1808552678868352,0.23586064301897244,0.006799648352984808,BiLSTM
S30,0.2978856939703429,0.17377151565552879,0.12036313629539376,0.15921589404610423,0.24175049526137157,0.007013264771264996,1D-CNN
S31,0.11924114689491395,0.2718897633182203,0.161271331490093,0.23570584979153544,0.20803106519523717,0.0038608433099974054,ANN
S32,0.15616912344257902,0.15780063463250787,0.23608150351237647,0.2362066465542344,0.20177695076419896,0.011965141094102552,LSTM
S33,0.25570996153806397,0.15587333787269708,0.20232369009147735,0.1736172919616972,0.1949012454238538,0.01757447311220813,1D-CNN
S34,0.2118284917609563,0.17015055415172012,0.1830606638402523,0.21665199847357955,0.20273201139375607,0.015576280379736547,LSTM
S35,0.1825671032526465,0.2084582099407537,0.1804623768019945,0.2458475966467606,0.16916418434724872,0.013500529010600762,LSTM
S36,0.11274706677609891,0.4771721363378224,0.11939496498670356,0.18437628193959688,0.09460761455586579,0.011701935403915363,ANN
S37,0.08450735190334593,0.2915581569681451,0.1724968910967703,0.33931946242703254,0.10263419008843505,0.009483947516268559,LSTM
S38,0.2932256013874705,0.27629456919395934,0.09889885205672681,0.09008775190720188,0.2365610105698817,0.004932214884755543,1D-CNN
S39,0.2171959239615864,0.22183214879131588,0.10014146563569966,0.07637263047190918,0.3781013846899718,0.006356446449517247,CNN-LSTM
S40,0.18739738798068298,0.2011824625973386,0.213242601503956,0.18838489365935238,0.1969682977056174,0.012824356553057546,BiLSTM
S41,0.21184836588543415,0.18689846225168266,0.19359617810817695,0.16113637017161125,0.2332272428558686,0.013293380727229975,CNN-LSTM
S42,0.23652241388825224,0.19645837643707958,0.17187394386108118,0.19284207464128358,0.19024605608355802,0.01205713508874113,1D-CNN
S43,0.1943623489936842,0.1871753134933341,0.2036697737092436,0.2285769895015798,0.17581208527996833,0.010403489022188909,LSTM
S44,0.29548071886752775,0.1757160652765574,0.20870108791143135,0.16457041970458625,0.14028542591541263,0.015246282324483202,1D-CNN
S45,0.033948263636563156,0.032893733814961856,0.2438827417115771,0.5452646793206927,0.1381518838454177,0.0058586976707896065,LSTM
S46,0.1751114106423361,0.605698695925419,0.061897419443044964,0.09949046605554275,0.050928425217169386,0.006873582716487461,ANN
S47,0.09903910556611016,0.16269552450053326,0.1748308072425346,0.4034076721551502,0.1459001441205989,0.014126746415075246,LSTM
S48,0.16040185927212225,0.09346537023907057,0.31572141099537965,0.24016564136803295,0.17497770917547692,0.015268008949919549,BiLSTM
S49,0.05638065217707847,0.09766092854811911,0.05749359487241995,0.042424541972255335,0.7432374472251692,0.002802835204952034,CNN-LSTM
S50,0.49138375169727205,0.20548655105511784,0.06606854514287687,0.06217192629418754,0.16964989888418747,0.005239326926357247,1D-CNN
S51,0.12761030701728232,0.4333504883320928,0.10771111065744589,0.09663739570801445,0.22882208028010995,0.0058686180050574995,ANN
S52,0.268799217089654,0.2871656490320545,0.11329727436117829,0.13765313197617465,0.18591206926114107,0.007172658279800179,ANN
S53,0.19404660194320844,0.2564755314693233,0.14342416215386827,0.20156450695184205,0.19652642932534847,0.007962768156412737,ANN
S54,0.525184297479613,0.14282924656758156,0.10208534345401588,0.1459488012997162,0.07892138262474384,0.0050309285743215275,1D-CNN
S55,0.27343129303176117,0.36949956528691247,0.1249337137446147,0.09488917178713634,0.11993054001879537,0.0173157161307786,ANN
S56,0.16197318208496833,0.18476647308807206,0.19056283185673403,0.18018850564081546,0.24556504520907194,0.0369439621203386,CNN-LSTM
S57,0.17795760471503566,0.18614444431720584,0.12807907171021224,0.338599738222862,0.1470298673385878,0.022189273696098265,LSTM
S58,0.10622264415778447,0.2360680741498046,0.1697718219240309,0.37719027976666164,0.09684144050784226,0.013905739493877202,LSTM
S59,0.09523542902184216,0.14361821320235596,0.2057158081136355,0.33720694068680707,0.20868599826027084,0.009537610715088792,LSTM
S60,0.13647058402769074,0.185265950063539,0.17012922397074204,0.25814998557997254,0.2401915021660472,0.009792754192011371,LSTM
S61,0.2842369919001613,0.2530831147750295,0.23015928136105784,0.10553340887014476,0.1181920732109706,0.008795129882633555,1D-CNN
S62,0.3455613242993204,0.2994918288604113,0.1255615217402934,0.1029024457883361,0.10588331494992179,0.020599564361716977,1D-CNN
S63,0.24972356474605137,0.2837604050180806,0.1461428923696754,0.1353103404621662,0.1620736342937848,0.022989163110240927,ANN
S64,0.2384342599974979,0.23417196982251873,0.17643939648749213,0.153531359654285,0.17508152240093353,0.022341491637273107,1D-CNN
S65,0.2009946098977197,0.15988402891723932,0.22718243507322908,0.18303140697157924,0.20657463664148518,0.02233288249874481,BiLSTM
S66,0.16735590835280673,0.1557265168977254,0.2504404535741608,0.19446540741109988,0.22163477717880553,0.010376936585399262,BiLSTM
S67,0.2122968129597789,0.14368151183188363,0.10608546592386285,0.40582608792655134,0.12686517036784595,0.005244950990079915,LSTM
S68,0.16212104620765133,0.22391766986553388,0.19273827126050527,0.20242980467016106,0.20911983763367054,0.009673370362477604,ANN
S69,0.18151442738324733,0.2838692252251602,0.15174655221579314,0.1597933277794828,0.21356394593188124,0.009512521464431942,ANN
S70,0.21541909225967731,0.2853167624429137,0.14327049141961817,0.17067843795968615,0.1778491827252153,0.00746603319289185,ANN
S71,0.21677784136731215,0.22574280591425153,0.17275957123257105,0.20792994338173,0.16876481040613553,0.008025027698002422,ANN
S72,0.11315742895212477,0.8422421564956073,0.014354885189193207,0.013715393547567494,0.014368071244229197,0.002162064571277116,ANN
S73,0.1686722734158656,0.22667286752420376,0.2143861570680637,0.1793920414577676,0.17070353221361453,0.04017312832048339,ANN
S74,0.16774162354891453,0.20797896551460715,0.1481841964602182,0.27274285750277727,0.18800940754502551,0.01534294942845322,LSTM
S75,0.08376349726732099,0.22238722281344278,0.08808599270089457,0.0984667633904603,0.5016516076145336,0.005644916213344772,CNN-LSTM
S76,0.14063578081294692,0.22870078514878878,0.2724725932225472,0.15681707500804712,0.18998960779457777,0.011384158013091514,BiLSTM
S77,0.20817475196077362,0.11913959615249482,0.31525141600332446,0.19896536022731479,0.14333933668379975,0.015129538972291226,BiLSTM
S78,0.3848235925945966,0.20359272080020518,0.09920145151396063,0.12399282212492416,0.1793755925176553,0.009013820448655624,1D-CNN
S79,0.23877431045150369,0.16473237773975324,0.12126846632485508,0.1690248163344976,0.29880828622886063,0.007391742920529863,CNN-LSTM
S80,0.15927828869259206,0.19529250404346019,0.27537136199005835,0.17593457153108874,0.18782399881689923,0.006299274925900331,BiLSTM
S81,0.23888398827334087,0.21156802151014975,0.21391348993026532,0.15731397950071566,0.1638638377399814,0.014456683045549945,1D-CNN
S82,0.14779167096285,0.37841824798831636,0.14547496623136597,0.15249302785856927,0.15944663003384663,0.01637545692504931,ANN
S83,0.15210072378233605,0.16981764421390866,0.2182552303573759,0.23515519733162252,0.20889206731731516,0.01577913699743749,LSTM
S84,0.11699027954666501,0.33451026089477714,0.22988369469051834,0.15431854574827078,0.1458693472655709,0.01842787185419602,ANN
S85,0.05858668387597421,0.04039991328902687,0.3277260439983,0.3791870197146142,0.18626013788881016,0.00784020123327613,LSTM
S86,0.18524253794963047,0.14916183808883038,0.19948509092013375,0.32362621607131303,0.12805561351009426,0.014428703459998679,LSTM
S87,0.2563723757403665,0.24952981565440568,0.17426075820158382,0.15375949135820358,0.1522523333997758,0.013825225645662444,1D-CNN
S88,0.4425144720314433,0.14661018524476951,0.10821670119103065,0.11805396133222465,0.1671349790218489,0.017469701178683735,1D-CNN
S89,0.48019452340231505,0.09107510516813834,0.10380778656189422,0.13328243089310274,0.1837517170996725,0.007888436874874345,1D-CNN
S90,0.20894594351059775,0.17350535765790256,0.1787504691621125,0.1942300270839151,0.23525266083225707,0.009315541753213865,CNN-LSTM
S91,0.10904157699749428,0.4597825049671695,0.06870894844348763,0.08054119939583397,0.2768377555209284,0.005088014675086267,ANN
S92,0.22267941564572527,0.3002438370279847,0.1286393563449315,0.17795085349791168,0.16240691922010922,0.008079618263336336,ANN
S93,0.17527060364052616,0.23096723623522902,0.18996074374991867,0.2056209415013086,0.18825432732640876,0.009926147546610573,ANN
S94,0.23998930347015565,0.2820095357452811,0.16515299786170726,0.1440110097480768,0.15594293266087347,0.01289422051390248,ANN
S95,0.15367314760706516,0.1308934497982945,0.21720849111049476,0.1994347919057643,0.26276578051385635,0.03602433906452583,CNN-LSTM
S96,0.04211408661236068,0.044134740147147467,0.28190846728852226,0.4370887361510218,0.182949685189173,0.011804284611776562,LSTM
S97,0.10756560420560564,0.10582662773596897,0.2416923343820094,0.3786008584392783,0.15801766548831456,0.008296909748822703,LSTM
S98,0.21976215508424485,0.30479523802708525,0.15065731868372637,0.16853586172849733,0.14774287700887465,0.008506549467571395,ANN
S99,0.2808714873280331,0.5697851854478034,0.0602884887810378,0.0342339193255459,0.04820862898704477,0.006612290130538123,ANN
S100,0.5209374485583336,0.1104051386582171,0.09540573124875468,0.0443557963156674,0.21028384226807803,0.018612042950949037,1D-CNN
S101,0.27874435816890564,0.22864786469024823,0.12641868988018476,0.10995759115118438,0.21761897907406813,0.03861251703540859,1D-CNN
S102,0.21320744809632422,0.26510970113912263,0.17147839905186063,0.15197205857267626,0.1853365257039392,0.012895867436075641,ANN
S103,0.18051659099675377,0.1968377349234886,0.24754253575584984,0.16410301964299748,0.19607339381453803,0.014926724866371794,BiLSTM
S104,0.101884557217408,0.13185067318428445,0.2125858861861432,0.2579822108383657,0.2540764146553383,0.04162025791846177,LSTM
S105,0.10050739170485067,0.10488008821044899,0.3129650748548312,0.2442468928490004,0.21750931034126691,0.019891242039601784,BiLSTM
S106,0.09638835656276556,0.06141279396283154,0.23867685219333204,0.3723898876933158,0.20185287478430664,0.029279234803449156,LSTM
S107,0.0898149645396133,0.16318479455901938,0.23693316960427,0.2589068543503128,0.20076499784698856,0.05039521909979552,LSTM
S108,0.12086232600563496,0.15117577585780068,0.272082830037406,0.1364780159699074,0.29392254381596106,0.025478508313289506,CNN-LSTM
S109,0.3930021520417975,0.16247500778296303,0.12439752340687898,0.15604422761373452,0.14354425445803,0.020536834696594092,1D-CNN
S110,0.12028410432268485,0.19275496508878415,0.3332216628520911,0.21381862725734604,0.13279327947334546,0.007127361005749366,BiLSTM
S111,0.23342297498103007,0.26789264966602666,0.16006463897273795,0.16016748174091178,0.15428066581023445,0.024171588829056928,ANN
S112,0.16991754150623858,0.2620033015726449,0.19814042863030715,0.19712886320114295,0.1425152604687172,0.030294604620949933,ANN
S113,0.2128309481205981,0.22640304717034956,0.20041101000466122,0.1954005216077727,0.14256110349259846,0.022393369604017662,ANN
S114,0.20459740024131604,0.19674631858053623,0.21110882431993766,0.1803548308073143,0.18424336071940123,0.022949265331495404,BiLSTM
S115,0.16042388714875283,0.3003799912716557,0.1860541305208979,0.17568740875129904,0.1632236989092271,0.014230883398166467,ANN
S116,0.10227073939471822,0.23994972091706718,0.21279041401840953,0.3186904454310212,0.11617997578446031,0.010118704454323453,LSTM
S117,0.13524639825635384,0.22627847614065336,0.3097644318756295,0.08742620102932641,0.23128263803614788,0.010001854661888524,BiLSTM
S118,0.5461484203707934,0.1204830896154477,0.09103765121302937,0.06386583542255213,0.1703377797472053,0.008127223630973825,1D-CNN
S119,0.11090454242853756,0.1865666190518325,0.1559637303791631,0.15434412038636422,0.3890284400644347,0.0031925476896674126,CNN-LSTM
S120,0.1305419345816417,0.12703944831316288,0.1421248910181747,0.41499945458924964,0.17815986225277958,0.007134409244988053,LSTM
S121,0.335465612505576,0.1784499671968096,0.14950021805986108,0.16632656006455368,0.16342077983875847,0.006836862334444215,1D-CNN
S122,0.2986483167276602,0.1725198290656652,0.12782642005629666,0.13582237253177432,0.2581811783412988,0.00700188327730343,1D-CNN
S123,0.20924434285142796,0.32763824732798263,0.08510786013730386,0.13276944874576135,0.24125602723016332,0.003984073707361928,ANN
S124,0.20078062236103353,0.16482837569323036,0.20716497173964868,0.2519545264867686,0.16273299370696223,0.012538510012356186,LSTM
S125,0.2066452765476498,0.19474322743396066,0.20350969598663962,0.22749940666784532,0.14319439881407456,0.024407994549827953,LSTM
S126,0.25053792326495145,0.21252821781613185,0.14651483216377573,0.23706466618283314,0.13606158169793184,0.01729277887437357,1D-CNN
S127,0.13374953546269305,0.1876719800247636,0.12762816928656695,0.41859330385251114,0.12138072459255567,0.010976286780908555,LSTM
S128,0.11691396389241343,0.22277420840180884,0.2596729690488068,0.21964732766520342,0.1726774821333848,0.008314048858378116,BiLSTM
S129,0.17299412462830885,0.1652913944882909,0.26214096830994565,0.18169347755376913,0.2074981419055861,0.010381893114098397,BiLSTM
S130,0.6563677170911995,0.12359925032223297,0.058610097851199264,0.0396501152950925,0.1183998646036319,0.0033729548366393056,1D-CNN
S131,0.46451486722052926,0.09444028892040367,0.10880972105746162,0.1232923674739566,0.20120234828147346,0.007740407046178751,1D-CNN
S132,0.06877998138277142,0.18715938845021582,0.1845649287608386,0.3809464825204295,0.17415715645961624,0.0043920624261331856,LSTM
S133,0.19409323595651362,0.21893811822590256,0.19754871610673774,0.19957563852694857,0.18136112576751917,0.008483165416374809,ANN
S134,0.31900876889142393,0.24669986205560512,0.1273505332257939,0.13275915813340977,0.16513284186075386,0.009048835833014048,1D-CNN
S135,0.18841137202183827,0.22465413473773768,0.17218184357281688,0.21539395350060223,0.18367281424858556,0.01568588191842194,ANN
S136,0.17996374331667286,0.10610687428216965,0.4392398889426122,0.12250445852720183,0.14613186874415177,0.006053166187189982,BiLSTM
S137,0.0893063415485698,0.10950382330947353,0.23765054250374062,0.39785602607682924,0.14434046365045955,0.021342802910928788,LSTM
S138,0.16483706014751026,0.35318362869097913,0.1826188949308972,0.17400671691756006,0.10834561121695073,0.017008088096104212,ANN
S139,0.18891897979736336,0.20027030020666062,0.16985969639772694,0.27169982878428073,0.14607061930014556,0.023180575513826674,LSTM
S140,0.16325318546952003,0.1415443866696331,0.22460654088556165,0.28070348450492805,0.16947580367036794,0.02041659879998702,LSTM
S141,0.15626262505926064,0.317239734162837,0.1749318989796724,0.17530627509845215,0.16572490629911474,0.010534560400663237,ANN
S142,0.16978367424003193,0.13913467676482028,0.1525330230662766,0.3426155544215069,0.1871770574041064,0.008756014103258998,LSTM
S143,0.13253178268714227,0.26209064332144494,0.3498965025971149,0.0758177109440912,0.171323212282356,0.008340148167853188,BiLSTM
S144,0.3907295207350104,0.20343902876436576,0.11027569742608544,0.10777653139460679,0.16562430644333323,0.022154915236599144,1D-CNN
S145,0.25232865910649954,0.19464800306763125,0.1507066257094638,0.1754395834667141,0.21972283293913294,0.007154295710560231,1D-CNN
S146,0.10889420615886286,0.17133476684016963,0.21542383620957484,0.3367918973539537,0.16386339652142803,0.003691896916012695,LSTM
S147,0.2169044709399571,0.0412356230459003,0.26562527845460504,0.2528712252244646,0.2170026927686896,0.006360709566383309,BiLSTM
S148,0.07995575370969189,0.07944537896611079,0.11496786453033522,0.5883607432799787,0.13333939098582462,0.0039308685280609245,LSTM
S149,0.14654301641466613,0.17676206638601588,0.24048862027473145,0.25251467427966,0.14976776645648404,0.033923856188440106,LSTM
S150,0.1799263765739498,0.19525429353792276,0.21238663663919657,0.20440031455497712,0.18104191172389245,0.026990466970060908,BiLSTM
S151,0.21912517896076095,0.1898603469853033,0.1682498059978073,0.22946130364996922,0.17097948644903874,0.022323877957117905,LSTM
S152,0.09805993330075473,0.3965798789106011,0.17358196350357488,0.16868280657345447,0.15621969778648812,0.006875719925121823,ANN
S153,0.13751680775869568,0.19366974661575792,0.21418344597790223,0.17070862286726776,0.27707904592873894,0.006842330851644217,CNN-LSTM
S154,0.11630026478807376,0.11484547037282661,0.19880411838145123,0.0673898820237655,0.49811581266252947,0.0045444517713560135,CNN-LSTM
S155,0.22311143270561687,0.1574617809728009,0.17772109041567644,0.1623592727732482,0.26356276097866804,0.015783662153990203,CNN-LSTM
S156,0.18052972886451685,0.1308865392902558,0.1962470094254542,0.2310458373138843,0.25117795436835816,0.010112930737529927,CNN-LSTM
S157,0.19815145941351966,0.14856067849674906,0.19127811039455073,0.25130558188580315,0.20085879906449033,0.009845370744886117,LSTM
S158,0.1885295496990391,0.3330607743972503,0.1516357616456836,0.16683957274458447,0.14640582128632312,0.013528520227119385,ANN
S159,0.11064727058268682,0.412546104311172,0.14658114073975528,0.15722160368250981,0.16232867139597285,0.010675209287898607,ANN
S160,0.08173825670349559,0.10676823187213005,0.19172112904175545,0.17088643859497404,0.4424086401467846,0.006477303640860949,CNN-LSTM
S161,0.1682137568470643,0.19093683319130664,0.30122506296110524,0.15046079176262112,0.1797488687344987,0.009414686503400162,BiLSTM
S162,0.39653886862962034,0.15959855446688756,0.1601287771853652,0.104057249497681,0.17043640940356244,0.009240140816880894,1D-CNN
S163,0.2685819365793481,0.13605377214133796,0.1562312054189683,0.21348836072796598,0.21155807102274876,0.014086654109629452,1D-CNN
S164,0.1304501498219706,0.1481252593837988,0.207302862408225,0.2832828105002107,0.2245758272775716,0.006263090608224323,LSTM
S165,0.04939594057567693,0.7955121773332114,0.04020039714489502,0.07706350798915582,0.035564707336578,0.0022632696204869344,ANN
S166,0.1048743475115024,0.08428124303225071,0.6135541983004441,0.09816429978745998,0.08866590536148633,0.010460006006855923,BiLSTM
S167,0.24501241892727718,0.15340317793491426,0.17895574156924124,0.14467570489358667,0.2663059544229092,0.011647002252069038,CNN-LSTM
S168,0.35800289494936843,0.15459612225259892,0.07936905748375675,0.14570112824869455,0.2558294815894785,0.0065013154761032225,1D-CNN
S169,0.04111906414966274,0.026991516115121558,0.7968424587463796,0.048762566864657166,0.08529693951329835,0.0009874546108757344,BiLSTM
S170,0.2837080378623747,0.2066057840778045,0.18854229569818562,0.12120655196204395,0.1915496238877864,0.008387706511806084,1D-CNN
S171,0.5586379048034184,0.1274354075115917,0.0764543667183399,0.0767474607911255,0.1554713155624589,0.005253544613062217,1D-CNN
S172,0.08586182987921927,0.12191514872406117,0.21596595011029251,0.2930065575966979,0.26675642400544475,0.01649408968428407,LSTM
S173,0.07668473206886145,0.4845989488572404,0.17421983782490597,0.13532676912081182,0.11527727253052478,0.013892439597655406,ANN
S174,0.18020113853811456,0.27754361740352607,0.1752757086388041,0.18915761795435465,0.14422465534459025,0.033597262120610726,ANN
S175,0.10546077703251641,0.38452001301660665,0.1641863185726802,0.19167061951553563,0.13815473730936256,0.01600753455329594,ANN
S176,0.06601607243126817,0.35678173208523295,0.11170593658854239,0.31378595258474573,0.14111782139770765,0.010592484912504726,ANN
S177,0.07020216177245255,0.08721414300059512,0.2749453829309174,0.18708747253800076,0.37320929129900543,0.007341548459030001,CNN-LSTM
S178,0.20008371817420098,0.2875696805698029,0.2089209607406845,0.16171489286366683,0.1253231602513653,0.016387587400280727,ANN
S179,0.4775915066798145,0.14801377779278324,0.10780736360150378,0.09524692858860194,0.15735470241111293,0.013985720926181104,1D-CNN
S180,0.34701972245086316,0.2261175682177591,0.10703460472589992,0.14209706652744755,0.14851426634895837,0.02921677172907284,1D-CNN
S181,0.14778025241008097,0.14342178423828064,0.2876530926470823,0.20359790754399035,0.20561503071958231,0.011931932440979095,BiLSTM
S182,0.1844656339025497,0.1491713117506775,0.25539684166419496,0.18406042467935363,0.19463322307222503,0.032272564930995964,BiLSTM
S183,0.1715947965209069,0.14675948119374788,0.20009276274106508,0.23163971792075863,0.20458810474302194,0.045325136880498905,LSTM
S184,0.2028268524805067,0.18292066723996306,0.19997035279331757,0.1765176688938349,0.21265189719416647,0.025112561398213433,CNN-LSTM
S185,0.2540976267048271,0.11749192808275474,0.16494514889974582,0.25259451557131607,0.18129493293671003,0.029575847804647584,1D-CNN
S186,0.09346610963512851,0.08386797954762801,0.4861991456674719,0.1706223298499446,0.15822584776179782,0.007618587538028583,BiLSTM
S187,0.1586267685266976,0.24669499732828923,0.18892556393442003,0.15815731186551282,0.23940624335713112,0.008189114987942715,ANN
S188,0.24485824571019923,0.19324051134852127,0.14296999375749272,0.14284565832159948,0.268029041259707,0.008056549602482456,CNN-LSTM
S189,0.1374212942101933,0.09427254824366145,0.2005479657034176,0.242162361286846,0.3206776545718998,0.0049181759839833335,CNN-LSTM
S190,0.16213290743480144,0.21513534365447548,0.17174668540498217,0.24009112351141407,0.20100071718144707,0.00989322281287774,LSTM
S191,0.23281264335590374,0.15978871690341903,0.18571213271684958,0.22535913769316296,0.18407957906237066,0.01224779026829458,1D-CNN
S192,0.1720871624481414,0.2935093062368179,0.16839384585350795,0.19386991397730116,0.15586944561360092,0.01627032587063269,ANN
S193,0.07243985931944773,0.3427082604039347,0.18101967462956348,0.2589948619513864,0.12787729312095536,0.01696005057471224,ANN
S194,0.12526397689228985,0.16831412187850073,0.22087583590676527,0.3378338116866031,0.12532017409203816,0.022392079543802696,LSTM
S195,0.2126423977836125,0.2857676085314497,0.18684566172705022,0.15190138753469618,0.15094119607870393,0.011901748344488858,ANN
S196,0.22536088029291024,0.394486174556406,0.10743002416004839,0.12639553975207107,0.1283161779283278,0.01801120331023574,ANN
S197,0.11962287970988782,0.2864001418159893,0.34037378539541024,0.0814551653968264,0.1611328584405516,0.01101516924133413,BiLSTM
S198,0.2511526100053676,0.22949499364617706,0.17170463923648455,0.1438148595635968,0.17100597418151828,0.03282692336685488,1D-CNN
S199,0.21529755285120905,0.1984114243778571,0.20292186409282867,0.15075967541930727,0.21075541676824047,0.021854066490558127,1D-CNN
S200,0.2370874935528367,0.21921473405644726,0.1779550120883867,0.16269598645107208,0.1862645532842896,0.016782220566968,1D-CNN
S201,0.2146539521497854,0.1791539372409877,0.19763670120793447,0.20601629784095649,0.184024318683441,0.018514792876899194,1D-CNN
S202,0.15323997631257336,0.19827370551895843,0.24935416283054995,0.20368157275001217,0.18340822524070904,0.01204235734720089,BiLSTM
S203,0.0832928398940107,0.10025627747589881,0.21829590924284256,0.40296152582098055,0.18972156878044938,0.005471878785820404,LSTM
S204,0.1624020871847368,0.25230647594132183,0.22748916744213346,0.18160656288361582,0.15569917990423052,0.020496526643961534,ANN
S205,0.2629949648808405,0.2255307570397198,0.17352730444357634,0.13541524999248217,0.18555944849875144,0.016972275144625376,1D-CNN
S206,0.23293041777712836,0.21446569175781813,0.17455873463725757,0.1705489571588549,0.19458715108946217,0.012909047579480755,1D-CNN
S207,0.17783962579657708,0.21356548348102364,0.18219789911197176,0.2539737655325074,0.16354322625394785,0.008879999823975783,LSTM
S208,0.07627245692428546,0.4349102577136484,0.1552464623875603,0.20981508151324943,0.11296635686585041,0.010789384595406347,ANN
S209,0.10596254424267755,0.09828855689658049,0.3910519841863378,0.23259207312811186,0.16056622256873462,0.011538618977555492,BiLSTM
S210,0.31575874817637883,0.38260436727615804,0.1087585860503629,0.07012352369071245,0.11109959096568978,0.011655183840697381,ANN
S211,0.18434903647347886,0.07130113346219687,0.21278207945374816,0.24510855141475524,0.28145154359181707,0.00500765560400032,CNN-LSTM
S212,0.05260834753781643,0.19368504242707038,0.15493509091366547,0.47745902714911603,0.11993962771278963,0.0013728642595475776,LSTM
S213,0.16083790998125538,0.13448613420870237,0.21414689498848014,0.26909911950642984,0.18702656110890653,0.034403380206225694,LSTM
S214,0.18700630408358046,0.17312967053223416,0.2274480809703001,0.20106892041239,0.18913075362937404,0.022216270372121257,BiLSTM
S215,0.21624287751277102,0.2181815806366014,0.17622919560388647,0.20716465073011553,0.1643687938935282,0.01781290162309905,ANN
S216,0.1595719385044832,0.22905551517534992,0.19571112893133483,0.24745417287453508,0.1518574650705355,0.0163497794437625,LSTM
S217,0.14516836736625777,0.3078371871865056,0.1967198081739482,0.2085542735610768,0.12816006338225702,0.013560300329956596,ANN
S218,0.13446861250058822,0.14313547436926433,0.28868755415040237,0.18415597284587967,0.23828500814548118,0.011267377988384362,BiLSTM
S219,0.17635714494992716,0.32157985270592754,0.1831249356535454,0.14649060141497888,0.1364793991219321,0.03596806615368813,ANN
S220,0.25080207190006165,0.27433098017537066,0.18111742998649785,0.07826386375487271,0.1822482304965266,0.03323742368666867,ANN
S221,0.31163156875344505,0.23986204222988575,0.1346043270143099,0.1443023394945029,0.13755533316337198,0.03204438934448242,1D-CNN
S222,0.11900295891263135,0.3864653811863201,0.26763547208809496,0.08988106359705392,0.12745394194023854,0.00956118227566471,ANN
S223,0.19607164552412762,0.21464319557315206,0.1725269807028141,0.190397789445994,0.1770027567699825,0.0493576319839311,ANN
S224,0.15697235466634787,0.1889606421952187,0.26068004447798276,0.17936254820844375,0.1871034570017998,0.02692095345020507,BiLSTM
S225,0.24132271572341427,0.26423598679186444,0.17672665700555767,0.13081929979079446,0.16319450827169082,0.02370083241667866,ANN
S226,0.226547941269973,0.1820511084811788,0.18837245710529338,0.20820168626919436,0.16537172659636143,0.029455080278001224,1D-CNN
S227,0.16172949205355477,0.2621242513939771,0.22058771538079758,0.1716407569630199,0.1651373320303056,0.01878045217834323,ANN
S228,0.204437453196778,0.21854039492971244,0.18902955395247284,0.18883376052867926,0.17470537441978035,0.02445346297257884,ANN
S229,0.13260747461439834,0.29564046437773633,0.22263983116556463,0.12895685869921925,0.21263075517000649,0.0075246159730693925,ANN
S230,0.16384275295779221,0.2007994917553534,0.16867936435453226,0.2811506758216499,0.17049431779526167,0.015033397315410528,LSTM
S231,0.183839896943232,0.16476542993342708,0.2807677054381227,0.15480826899937453,0.2001535877728012,0.01566511091304391,BiLSTM
S232,0.267737033615931,0.15554125216929998,0.1771637956822816,0.1369102850421428,0.2523869642978287,0.010260669192517526,1D-CNN
S233,0.2064903583257143,0.16403096211825027,0.16335517076112727,0.2746792160744214,0.1818409513957972,0.009603341324690425,LSTM
S234,0.17965613852330936,0.1896360903300198,0.19923884072357162,0.24329000470627477,0.17676782121149123,0.011411104505333263,LSTM
S235,0.18415570913491142,0.2510217675974366,0.17766075511914775,0.20884215316676752,0.15892364346373578,0.019395971518004592,ANN
S236,0.1383177523942847,0.2582060259932833,0.18150686732707144,0.253887883328774,0.152290688236375,0.015790782720212348,ANN
S237,0.19271723495537926,0.2244089955190514,0.19441824343368388,0.2242600372849976,0.15289447631716305,0.011301012489723075,ANN
S238,0.24002152434504678,0.20780179060361254,0.2009224295194147,0.18244657484651886,0.1548083570421224,0.013999323643285667,1D-CNN
S239,0.11575203001497379,0.28875678752534556,0.347416427998808,0.08036805340958283,0.15327455758069303,0.014432143470594367,BiLSTM
S240,0.5570396108348852,0.20045534047067462,0.07877387455367829,0.049857669870655506,0.09226445644353172,0.021609047826572688,1D-CNN
S241,0.26069199500958845,0.28730631717192145,0.16699676950234849,0.10928941467258826,0.16115394892203402,0.01456155472151828,ANN
S242,0.1818865465012243,0.1764029223387324,0.24930314096782985,0.19984582101602696,0.1877458785537128,0.00481569062247483,BiLSTM
S243,0.37549750365887574,0.16794951416522355,0.09787667005088535,0.24068051590489167,0.11273439411614015,0.005261402103980465,1D-CNN
S244,0.11498291982337173,0.13803758919477027,0.4150818443638964,0.14021765987833884,0.18678093976043095,0.004899046979200164,BiLSTM
S245,0.2538816168447567,0.18784217026123248,0.16409467008486647,0.1789931089298777,0.2024295357161543,0.012758898163110547,1D-CNN
S246,0.18690342092952097,0.24023340204966995,0.1710350394928532,0.18971528974532367,0.1997868349773152,0.012326012805320315,ANN
S247,0.21075795935005073,0.19415224374248738,0.17634395450732554,0.2164272051121009,0.18966084261212668,0.012657794675912182,LSTM
S248,0.1388613188047861,0.3828196476634896,0.1306857072252041,0.18021372343890588,0.1571641600909038,0.010255442776708451,ANN
S249,0.09924359531123507,0.2248762662469159,0.1972829741071297,0.2081527519209682,0.261895140126395,0.008549272287358392,CNN-LSTM
S250,0.13694219721275683,0.16437063220807413,0.353118640406398,0.18402453325053986,0.1513600581160339,0.01018393880619845,BiLSTM
S251,0.4637137461562659,0.2530198067820951,0.10777767109877925,0.07658652634250475,0.0908564524960941,0.008045797124261424,1D-CNN
S252,0.268936203015398,0.14596194879183608,0.17949812267142548,0.1861014665704422,0.2042046842862342,0.015297574664665416,1D-CNN
S253,0.09893310859106541,0.12369808501897123,0.22271254055805006,0.37522097939474347,0.17360564375061172,0.005829642686558287,LSTM
S254,0.1734819051836241,0.34518338538913657,0.15660760304422178,0.1825726958962918,0.12971335522463384,0.012441055262094807,ANN
S255,0.07025108131125277,0.2631273631556448,0.18516478293633587,0.1778132808515307,0.29793435636112064,0.005709135384115149,CNN-LSTM
S256,0.1877740598713224,0.23846616161873935,0.10615551889719818,0.3192098850648702,0.14470090763650276,0.0036934669113656026,LSTM
S257,0.17013769981525645,0.21426457623592973,0.26671045817007394,0.1746190220161001,0.16127640077477282,0.012991842987865562,BiLSTM
S258,0.22674291527646334,0.17911640752204444,0.18542043981927572,0.16277526159270242,0.22919791934028338,0.01674705644922755,CNN-LSTM
S259,0.24844878386543873,0.21164646510161203,0.13868333746998424,0.1909831002447459,0.20124164729133287,0.008996666026890608,1D-CNN
S260,0.150847386338784,0.185320593953751,0.18977839652060052,0.3162683057767012,0.15102279835712487,0.006762519053042865,LSTM
S261,0.1624218909473875,0.12131924136394948,0.37326371554773574,0.15426598451150197,0.17860702244730065,0.010122145182127793,BiLSTM
S262,0.22207608763112505,0.14359411013728957,0.13316878984991795,0.13955087982151917,0.3531808546554669,0.00842927790468338,CNN-LSTM
S263,0.13844069184078014,0.1132472291204602,0.17597013685484159,0.18197270994370726,0.38194585839061007,0.00842337384959902,CNN-LSTM
S264,0.09764572217837725,0.16427469761515107,0.2876932884040878,0.2397584750708151,0.19923367726288804,0.011394139468681347,BiLSTM
S265,0.2523478809336628,0.1749468092896399,0.16660454193638344,0.17933828904540686,0.20892136268250616,0.017841116112399087,1D-CNN
S266,0.18860263038012434,0.222113289321144,0.1127944795678507,0.18317434256096896,0.28635993794593545,0.006955320223976308,CNN-LSTM
S267,0.09760915378635046,0.18356552932099596,0.2465048262193518,0.28367322901570985,0.18293996627678152,0.005707295380813573,LSTM
S268,0.16660621386723573,0.1310485961657128,0.37907368072300346,0.1584647067398585,0.15163510326282723,0.013171699241363011,BiLSTM
S269,0.17321621749579477,0.2433312915479016,0.19338122224133963,0.2167593753190635,0.15158208583302063,0.021729807562881592,ANN
S270,0.17197078887370382,0.1770256940251086,0.18588819120640626,0.2645969186253196,0.17921708976305975,0.021301317506402392,LSTM
S271,0.11792105607807005,0.3583592408544663,0.16360732360695074,0.21839864660534455,0.1311340600535179,0.010579672801651093,ANN
S272,0.08875107396968943,0.07838875256596002,0.3209790007765843,0.3281751727051606,0.17390948169042889,0.009796518292179038,LSTM
S273,0.2136110812002944,0.1682651819710236,0.18197096540396437,0.15835633883740166,0.2703225542404807,0.00747387834683504,CNN-LSTM
S274,0.496435914662222,0.31532575177424693,0.05524734764039898,0.055680386843816466,0.07401253879828029,0.0032980602810367375,1D-CNN
S275,0.1886679015606244,0.20421123039698877,0.20108160982800874,0.16354370749135175,0.2320465357032059,0.010449015019816273,CNN-LSTM
S276,0.15767162852649222,0.19608736603138635,0.1943898321019947,0.21281838504674996,0.22764836283312834,0.011384425460245769,CNN-LSTM
S277,0.20804407776494988,0.2164805810752434,0.17669913951380758,0.20735869163115805,0.1783896497747373,0.013027860240103951,ANN
S278,0.17942373097328335,0.18707404855082976,0.22848887171170604,0.20115335221584452,0.18829658520668702,0.01556341134164663,BiLSTM
S279,0.21798653292407802,0.14663000123404962,0.21376054374427836,0.23296034845655708,0.17401728139204503,0.014645292248993141,LSTM
S280,0.14622938830822402,0.05917482243494522,0.1720601154091806,0.28692646315926357,0.32961722080071315,0.0059919898876704715,CNN-LSTM
S281,0.5236546336384073,0.25210043193344467,0.07393106305936042,0.06715785141872588,0.07922029756027865,0.003935722389783463,1D-CNN
S282,0.5626202693531155,0.1908802008472804,0.05761489748053067,0.037546212379858696,0.14785994092125226,0.0034784790179593064,1D-CNN
S283,0.20627990242635777,0.30496452332495905,0.13008472904915863,0.09540327719048966,0.25216233118571163,0.011105236823323162,ANN
S284,0.1743512443681101,0.18977087855468494,0.17049053803824293,0.1990737391648171,0.2574436523284145,0.008869947545730806,CNN-LSTM
S285,0.17575236908322975,0.18873666741017397,0.1850756638347284,0.2510036951706581,0.19176085170105525,0.007670752800157778,LSTM
S286,0.23394862579309975,0.22080179994353524,0.18142907892296528,0.1887811186140604,0.16518512956837453,0.009854247157966163,1D-CNN
S287,0.2447927258144647,0.24132116901420383,0.18220065259972193,0.1514974450112813,0.1656477960652966,0.01454021149503264,1D-CNN
S288,0.08942096589176698,0.09018200303190622,0.29437172856245064,0.267682141900344,0.2353829161910841,0.02296024442244937,BiLSTM
S289,0.03127100213950588,0.05303654653112464,0.549355298756102,0.2709369181888722,0.08931153893597027,0.006088695448428121,BiLSTM
S290,0.28847805679550664,0.13919961965962296,0.1729331598562494,0.2314246584868403,0.15634297914223175,0.011621526059552141,1D-CNN
S291,0.21833669111741683,0.4435072602689845,0.10211604348746722,0.06555380008889437,0.1638005801942422,0.006685624842996154,ANN
S292,0.0642709841185517,0.07681867571716246,0.46602334235818843,0.11989642187650344,0.26859756210064617,0.004393013828950813,BiLSTM
S293,0.2543767210156344,0.11752874237907737,0.2014394373863729,0.1671450124807951,0.23505062258808476,0.024459464150034988,1D-CNN
S294,0.21339681199766106,0.14105599600342422,0.15968204833927513,0.15683046045801455,0.3216079477372288,0.007426735464396863,CNN-LSTM
S295,0.16684391477545443,0.13066913557146073,0.128114660850004,0.41525980384197264,0.1523225702311385,0.006789914729965757,LSTM
S296,0.1456836638846365,0.15684763341051647,0.4409118572069236,0.13644509864315474,0.1158440505440534,0.004267696310716239,BiLSTM
S297,0.22516076590359743,0.31550126104387255,0.15408791174896233,0.1219838802641658,0.17545287753881933,0.007813303500577982,ANN
S298,0.19317098680650177,0.25314865432566497,0.16228679208148597,0.1844122538838134,0.18383674566089875,0.0231445672416369,ANN
S299,0.1856661732034971,0.1792548895643851,0.20952301032462473,0.20960777476758707,0.20242467663220204,0.013523475507700547,LSTM
S300,0.15724227947362865,0.20242060457773184,0.17268958691668926,0.2644343392760605,0.18436759983702955,0.018845589918860216,LSTM
S301,0.06058334824741578,0.08287665623672923,0.19649982850161377,0.2378141083923226,0.41449346355678734,0.007732595065135064,CNN-LSTM
S302,0.2184309026436956,0.2201907961699718,0.27072621419386433,0.15808035397713924,0.12422752150804635,0.008344211507281667,BiLSTM
S303,0.6378822123352108,0.07860723176442291,0.09291148161137232,0.09581424005016397,0.08844037817552008,0.006344456063306587,1D-CNN
S304,0.3421507674863523,0.30969572026842124,0.09769546860286152,0.08137063869171181,0.1578190778980843,0.01126832705256259,1D-CNN
S305,0.029038124515159802,0.0433515733511019,0.21197824372850135,0.5563558443521895,0.15678999356913342,0.0024862204839104286,LSTM
S306,0.171383975054224,0.2198845528442261,0.2396446691339973,0.16844322365087905,0.19569441234286863,0.00494916697380672,BiLSTM
S307,0.3588796200138534,0.24284102006001992,0.09530004529437099,0.16855980530521905,0.1297637450411335,0.004655764285404337,1D-CNN
