Segment,1D-CNN,ANN,BiLSTM,LSTM,Selected
S1,0.24394967523582287,0.14032997624534715,0.5698541475491959,0.04586620096963389,BiLSTM
S2,0.3621735328759647,0.37380256523202343,0.22993609938144638,0.03408780251056577,ANN
S3,0.2595311738201045,0.36356246653838925,0.3263414155268506,0.05056494411465589,ANN
S4,0.3015168468347722,0.3605520744359204,0.28748668506214775,0.050444393667159526,ANN
S5,0.26393305674902123,0.5095108435653212,0.19440156671421746,0.03215453297144037,ANN
S6,0.18649217011758765,0.49456601317104965,0.26071040704414866,0.05823140966721362,ANN
S7,0.3376837608557011,0.2598767830778027,0.34627729074057356,0.056162165325922435,BiLSTM
S8,0.33324863594492665,0.3556845207949362,0.28675420749999936,0.024312635760137688,ANN
S9,0.27868507249971647,0.38231416690430964,0.3204039893935951,0.01859677120237858,ANN
S10,0.3719782200236722,0.33552272822245044,0.26544054241950327,0.02705850933437422,1D-CNN
S11,0.35354725580356294,0.34048073150319896,0.26744396832740724,0.03852804436583113,1D-CNN
S12,0.31649857480333904,0.3007502733574693,0.3349719142322836,0.047779237606908685,BiLSTM
S13,0.26596651994944753,0.36752322538507365,0.32293413427235584,0.04357612039312343,ANN
S14,0.238867533112619,0.3500158538552861,0.3633414802283423,0.04777513280375342,BiLSTM
S15,0.33628777119078396,0.3722578575024051,0.24428526838821116,0.047169102918599735,ANN
S16,0.27952102511065535,0.28165784419402745,0.3968040128035527,0.04201711789176506,BiLSTM
S17,0.2511988606582992,0.49924394927917487,0.23846727855774233,0.01108991150478285,ANN
S18,0.47541056940645166,0.2651637127867733,0.2119536033179616,0.04747211448881305,1D-CNN
S19,0.29667989999685385,0.32025049167723374,0.3251815062577206,0.05788810206819172,BiLSTM
S20,0.3659087068368839,0.3443232404175585,0.24978330759757678,0.03998474514798061,1D-CNN
S21,0.29916783707028677,0.3705017024658831,0.28182068834262336,0.04850977212120644,ANN
S22,0.3112361170445447,0.32232154977249433,0.3058117386660731,0.06063059451688784,ANN
S23,0.1998498374650711,0.35054238260302606,0.3644862916514981,0.0851214882804046,BiLSTM
S24,0.2915819673707634,0.3948095746821355,0.29546909595363186,0.018139361993468786,ANN
S25,0.5000330089591496,0.3208002859492784,0.16813820000580154,0.011028505085770914,1D-CNN
S26,0.04509512376808483,0.09263821798956555,0.8604781679170942,0.0017884903252552043,BiLSTM
S27,0.5786384938587378,0.2091454013141837,0.19884716970514796,0.013368935121930893,1D-CNN
S28,0.3484780198899448,0.2614848689426835,0.3238710449226661,0.0661660662447056,1D-CNN
S29,0.2817249501295269,0.27139025009510814,0.4077333623092462,0.039151437466118974,BiLSTM
S30,0.44329249079086147,0.3012840649243279,0.21821626492147084,0.03720717936333967,1D-CNN
S31,0.23631570495322388,0.4271793025340526,0.2839215837713947,0.0525834087413282,ANN
S32,0.26732146698629117,0.27349053010884034,0.4014418625837378,0.057746140321130575,BiLSTM
S33,0.40646325455407384,0.22588078639412484,0.3293799704074658,0.03827598864433526,1D-CNN
S34,0.34758518192377824,0.2990125769073346,0.3053848253755046,0.04801741579338257,1D-CNN
S35,0.30801811268900137,0.3336625708515998,0.30317869910876344,0.05514061735063596,ANN
S36,0.15900179720794957,0.6532985198748114,0.15435670360836826,0.03334297930887077,ANN
S37,0.18315132808083268,0.4786906725429018,0.275004570816925,0.06315342855934093,ANN
S38,0.425865848497793,0.3989207565699245,0.1550152900169888,0.02019810491529303,1D-CNN
S39,0.40191925970673553,0.41589450522017923,0.16516197854168455,0.01702425653140071,ANN
S40,0.2988207137282172,0.3256921341562302,0.33386855146100763,0.0416186006545454,BiLSTM
S41,0.3528854415630199,0.3060527599099653,0.30650791651023773,0.034553882016777074,1D-CNN
S42,0.3724408621111447,0.3146082315468383,0.2711132689203124,0.041837637421705126,1D-CNN
S43,0.31612927514809935,0.3062291734914451,0.3273979600368825,0.050243591323572354,BiLSTM
S44,0.4156590503160225,0.30369953432220353,0.2532552541054257,0.027386161256347557,1D-CNN
S45,0.21921970782519995,0.21712538870496614,0.4755964131107681,0.08805849035906606,BiLSTM
S46,0.2466314707939553,0.6025166389329406,0.12357492336780912,0.027276966905294894,ANN
S47,0.2627033021381234,0.3304216614317765,0.33317403286990216,0.07370100356019828,BiLSTM
S48,0.2861955445629507,0.1989675307980686,0.45946437738372137,0.05537254725525966,BiLSTM
S49,0.26582785624240046,0.4728756306205441,0.23512825603280044,0.026168257104254272,ANN
S50,0.5713421387318774,0.3226552337655397,0.09341193050631193,0.012590696996270754,1D-CNN
S51,0.13940140174989923,0.7098946533600853,0.13689702855712935,0.013806916332886972,ANN
S52,0.3725132064253413,0.3482798218395189,0.24103679820632962,0.03817017352881026,1D-CNN
S53,0.31620103228694335,0.40227879179967085,0.23538502812324508,0.04613514779014077,ANN
S54,0.48737340142212426,0.24533952977534484,0.22411349309943132,0.04317357570309956,1D-CNN
S55,0.3336825851841396,0.4413561629847564,0.2015694139181001,0.023391837913003206,ANN
S56,0.2860271376748591,0.3345625243410988,0.32808237334076656,0.051327964643276436,ANN
S57,0.32707116979503725,0.33297650362000747,0.25782540201361903,0.08212692457133672,ANN
S58,0.22898742005898548,0.3872644813850641,0.30460639157278785,0.07914170698316252,ANN
S59,0.24091927521608883,0.33170286979878133,0.3571692477460131,0.0702086072391164,BiLSTM
S60,0.26925566811744045,0.3763272779621293,0.2976204358277701,0.05679661809266014,ANN
S61,0.3169301908723527,0.29556141066915864,0.3620543728302228,0.025454025628265663,BiLSTM
S62,0.3469587627531381,0.43997235665402856,0.1909793429896071,0.02208953760322633,ANN
S63,0.348487820886113,0.38956963081125134,0.2306240111019754,0.03131853720066024,ANN
S64,0.34245771518273094,0.33277505661403867,0.287915892859379,0.036851335343850725,1D-CNN
S65,0.318069421536914,0.2739417470549668,0.36450565037375005,0.0434831810343689,BiLSTM
S66,0.29000893518227294,0.276080636009508,0.3889827923585887,0.04492763644963045,BiLSTM
S67,0.3590523437883528,0.30113378838193094,0.26594508903430686,0.07386877879540948,1D-CNN
S68,0.27805550738552726,0.3460838089306842,0.32668894209069943,0.049171741593089464,ANN
S69,0.29843293997446485,0.42470115468135716,0.24207582157045815,0.03479008377372039,ANN
S70,0.3306006868179316,0.3953641734361271,0.23671004148794095,0.03732509825799993,ANN
S71,0.3354816359423163,0.3272662018739654,0.291058407130507,0.04619375505321134,1D-CNN
S72,0.20616967665614522,0.7566906870195077,0.03237612676187284,0.0047635095624740855,ANN
S73,0.2774566226390755,0.359990776380032,0.3213954494988731,0.04115715148201939,ANN
S74,0.29499414624144715,0.35622655322875535,0.28114035152014144,0.06763894900965613,ANN
S75,0.2112200649734454,0.536710029853314,0.2172100100562473,0.03485989511699356,ANN
S76,0.22766439288970886,0.3325287260404291,0.4040594805110308,0.035747400558831535,BiLSTM
S77,0.3224077606323681,0.20812668400899423,0.42869196365258583,0.04077359170605171,BiLSTM
S78,0.5361707742983731,0.2902984374678277,0.1481590086010748,0.02537177963272318,1D-CNN
S79,0.4497048254155953,0.3024070083702265,0.20900351134648218,0.038884654867695684,1D-CNN
S80,0.26386851525894317,0.2920806495122625,0.40566625418881413,0.03838458103998059,BiLSTM
S81,0.3388619091681464,0.30447249442850854,0.3229548449602239,0.03371075144312145,1D-CNN
S82,0.17734289893450428,0.624390660633842,0.1721986721092488,0.026067768322404615,ANN
S83,0.2896757900384834,0.30009813569809707,0.35585204044052693,0.05437403382289209,BiLSTM
S84,0.09764421217954894,0.6230620825472266,0.25870619152001006,0.020587513753214357,ANN
S85,0.21429115526799813,0.1669084208246538,0.5508909459309624,0.06790947797638545,BiLSTM
S86,0.25550367484639314,0.2939120756812807,0.3775333862496406,0.0730508632226857,BiLSTM
S87,0.32171651191019734,0.31436440806821886,0.32390679184921123,0.04001228817237256,BiLSTM
S88,0.5588367460054754,0.22628498715327822,0.18508236545428983,0.029795901386956855,1D-CNN
S89,0.6251842190794707,0.16179107623344194,0.180699313278397,0.03232539140868985,1D-CNN
S90,0.3454107107526204,0.3075490954943551,0.300992802506249,0.04604739124677509,1D-CNN
S91,0.1340657962904324,0.7672141541914382,0.08425420964141508,0.014465839876714185,ANN
S92,0.29197735694823373,0.47658742540573834,0.1936716220700246,0.037763595576003624,ANN
S93,0.29793773548128466,0.3508752976267344,0.3051868590975527,0.04600010779442854,ANN
S94,0.3324360785022259,0.36116908362215044,0.27147644717048486,0.034918390705138365,ANN
S95,0.4046276942531205,0.33703916131819267,0.23023217174839944,0.02810097268028787,1D-CNN
S96,0.16891526161082088,0.17434805687948945,0.5505374964777614,0.1061991850319284,BiLSTM
S97,0.2657797794672734,0.30137256542430413,0.36801390756458835,0.06483374754383418,BiLSTM
S98,0.3404437036824251,0.38477926577301824,0.23831592037110372,0.03646111017345305,ANN
S99,0.3393346386946739,0.534979267204336,0.11595832741605651,0.009727766684934133,ANN
S100,0.6600355077777181,0.16167575162967757,0.16912334851774202,0.009165392074862277,1D-CNN
S101,0.4311564303651259,0.3516128960279488,0.19125952355863013,0.025971150048295956,1D-CNN
S102,0.33100955689067896,0.3683198379994132,0.26407184861128336,0.03659875649862358,ANN
S103,0.2897646294861534,0.30617407270996666,0.3642744312855967,0.03978686651828331,BiLSTM
S104,0.22578446239591468,0.2911428797795212,0.4136616158750657,0.06941104194949882,BiLSTM
S105,0.20768686294123265,0.21690884526222495,0.516151841360915,0.05925245043562715,BiLSTM
S106,0.24105625351897653,0.16116419534637583,0.4988442305441736,0.09893532059047438,BiLSTM
S107,0.18201372693098222,0.33227221806055013,0.41955047860183925,0.0661635764066288,BiLSTM
S108,0.2430636436132872,0.29620936057954744,0.4273048793965261,0.033422116410639455,BiLSTM
S109,0.5071253676488799,0.25304231433276597,0.20239194247623543,0.03744037554211809,1D-CNN
S110,0.22023768127788654,0.29759724689165434,0.43241834665053086,0.04974672517992784,BiLSTM
S111,0.3510056334943493,0.36623970205001255,0.2464846984734535,0.03626996598218518,ANN
S112,0.2773448083322183,0.3719608741472622,0.3057877729944974,0.04490654452602184,ANN
S113,0.3218248356661519,0.3188143642808664,0.31502629362378715,0.044334506429194044,1D-CNN
S114,0.3213841058341739,0.30909330901158216,0.3287910833440877,0.040731501810156535,BiLSTM
S115,0.2591994455078665,0.41125165105621636,0.2905631937361506,0.038985709699765655,ANN
S116,0.23902431251756562,0.3591028199906165,0.34090071214824863,0.06097215534356898,ANN
S117,0.2019186967444452,0.3306556196329296,0.4479464573745252,0.019479226248100393,BiLSTM
S118,0.7970525164517817,0.12952555390288334,0.06688000716759727,0.006541922477737955,1D-CNN
S119,0.18898409984047723,0.5703100043671727,0.22029690216725123,0.02040899362509915,ANN
S120,0.34452032437961405,0.28214522610161014,0.2873999199655556,0.08593452955321985,1D-CNN
S121,0.40672348492668625,0.2577426213911395,0.2957004614415357,0.03983343224063827,1D-CNN
S122,0.42623670370863936,0.29510019269710386,0.24487498826288198,0.03378811533137415,1D-CNN
S123,0.324000924291906,0.45134068947952666,0.18768815961788143,0.03697022661068641,ANN
S124,0.2904858952054237,0.29170551534469163,0.35694431676641974,0.06086427268346492,BiLSTM
S125,0.35133186208140305,0.31364703506564096,0.28813626406749926,0.046884838785457135,1D-CNN
S126,0.3978506191640902,0.31679924980051527,0.23278542111715206,0.05256470991824239,1D-CNN
S127,0.2905617127995298,0.3458547989589933,0.2821387294798748,0.08144475876160216,ANN
S128,0.21766249436817103,0.3556030640601559,0.37856681440165796,0.048167627170014646,BiLSTM
S129,0.2993790897652318,0.27657310614129915,0.38555508921228987,0.03849271488117889,BiLSTM
S130,0.7674656083298025,0.14459161759877104,0.08008426707495829,0.007858506996467568,1D-CNN
S131,0.8391482459378606,0.127533299972647,0.028834241747082743,0.004484212342409854,1D-CNN
S132,0.23066860112698062,0.3690887899209378,0.3316906473628402,0.06855196158924111,ANN
S133,0.31237663376282604,0.3204577130524371,0.3238953973553167,0.043270255829420616,BiLSTM
S134,0.4137907553691432,0.3231896337315054,0.22948792136065765,0.03353168953869399,1D-CNN
S135,0.3049776202175251,0.34385795885508835,0.2983165133208042,0.0528479076065815,ANN
S136,0.29960104980180857,0.18504652797858223,0.48952209465031143,0.025830327569298116,BiLSTM
S137,0.23803057786192644,0.2870549865563648,0.395465640342018,0.07944879523969062,BiLSTM
S138,0.2350419260148435,0.442586371754871,0.2848238671834997,0.03754783504678602,ANN
S139,0.31506683912327066,0.3237197628576079,0.29611741744003134,0.06509598057909009,ANN
S140,0.29103861763476196,0.27245347543071285,0.371447684048238,0.06506022288628656,BiLSTM
S141,0.2469508562408543,0.4363236472858402,0.27661734604300864,0.04010815043029697,ANN
S142,0.32748763212518445,0.2938046221193386,0.3077219878117894,0.07098575794368803,1D-CNN
S143,0.1828394165969065,0.2928710325555299,0.507927565981503,0.016361984866060504,BiLSTM
S144,0.5939526987429509,0.25477374036987976,0.1313649186589728,0.019908642228197215,1D-CNN
S145,0.37048954126771755,0.3316937982522553,0.25637536752794415,0.04144129295208382,1D-CNN
S146,0.2652485162287453,0.31934426137330063,0.3574293225215177,0.05797789987643666,BiLSTM
S147,0.3901550889681921,0.15155476113830393,0.4034850496004273,0.05480510029307635,BiLSTM
S148,0.2755089896813073,0.2801605442599208,0.3297590619956643,0.11457140406310742,BiLSTM
S149,0.24732497271589654,0.3010453496119392,0.39521617969742423,0.056413497974740025,BiLSTM
S150,0.32029665693168846,0.30805225602770075,0.329084197501459,0.042566889539152226,BiLSTM
S151,0.3621935560096302,0.3061198981959334,0.2801872418390501,0.0514993039553859,1D-CNN
S152,0.18092134481849903,0.5199145050321611,0.2616226101304834,0.037541540018856075,ANN
S153,0.2614044363367842,0.34489754077754065,0.3503289546911201,0.043369068194555896,BiLSTM
S154,0.2657948416325309,0.2678783889400775,0.4440490224774493,0.022277746949941408,BiLSTM
S155,0.43529633852891025,0.3408442281417036,0.20469657969490804,0.019162853634478182,1D-CNN
S156,0.3715342660180852,0.27308768578546255,0.3114413401997263,0.043936707996725444,1D-CNN
S157,0.3371271414408147,0.28645087749335213,0.3243027884423469,0.05211919262348666,1D-CNN
S158,0.2647868848752598,0.459197677185929,0.23970487485776124,0.036310563081050094,ANN
S159,0.17305207110371137,0.5940860036728489,0.20220094541346198,0.030660979809977507,ANN
S160,0.2364825758324241,0.29114627041191066,0.4184337484657026,0.053937405289962895,BiLSTM
S161,0.2531006420736096,0.28192898542304895,0.43202273287595316,0.03294763962738972,BiLSTM
S162,0.5534250793362014,0.222073236302842,0.20539350450375324,0.019108179857203953,1D-CNN
S163,0.5012417976794841,0.24208316874097083,0.21745374718371432,0.03922128639583077,1D-CNN
S164,0.2889135599716836,0.3023429826846112,0.35327066804355145,0.05547278930015439,BiLSTM
S165,0.09617213690828476,0.7986580927662055,0.0852600262201399,0.019909744105369866,ANN
S166,0.15322922902034705,0.12128669034228466,0.7066901140653664,0.018793966572001507,BiLSTM
S167,0.39923263046887525,0.26341942828214243,0.302201368954217,0.03514657229476538,1D-CNN
S168,0.5622023982572456,0.25116770255730986,0.15195227244849013,0.034677626736954376,1D-CNN
S169,0.06398768736418513,0.05734206524039448,0.8679840758302309,0.010686171565189235,BiLSTM
S170,0.40619625029230466,0.2854402750266316,0.28064264676683087,0.02772082791423236,1D-CNN
S171,0.6328733599016887,0.19840376110522348,0.1474252349524459,0.021297644040641436,1D-CNN
S172,0.23223486529659287,0.27738799723012053,0.3989704498064416,0.09140668766684468,BiLSTM
S173,0.1286398436886966,0.5423770770265576,0.2957725156470196,0.03321056363772612,ANN
S174,0.27740550348603915,0.5184926840730867,0.1735101898542989,0.030591622586575915,ANN
S175,0.14287467538422993,0.5943827154300029,0.22673220087725213,0.03601040830851479,ANN
S176,0.1671165962125455,0.5306749378447603,0.23748114416900815,0.0647273217736865,ANN
S177,0.1849711322467402,0.2275779157868146,0.5353972229256913,0.052053729040754115,BiLSTM
S178,0.2941876787574943,0.3519874814979222,0.31962599793825797,0.034198841806325105,ANN
S179,0.5914978502757227,0.20734481596476426,0.17903529708522486,0.02212203667428751,1D-CNN
S180,0.458606913010745,0.33353497206534444,0.17437048611950975,0.0334876288044003,1D-CNN
S181,0.27317738590926044,0.2619401726548516,0.4162792415569848,0.04860319987890236,BiLSTM
S182,0.29438553996356703,0.25846325151470795,0.40415045802717164,0.043000750494552306,BiLSTM
S183,0.3130034374104184,0.27680783178020996,0.35443600214357607,0.0557527286657958,BiLSTM
S184,0.3299092665073189,0.3039732599026805,0.3241169317092792,0.04200054188072125,1D-CNN
S185,0.4181959284837262,0.2251488956565273,0.2970645467306171,0.059590629129129685,1D-CNN
S186,0.18351545995619767,0.16894304907879645,0.6082034352078742,0.039338055757131285,BiLSTM
S187,0.26013422542216846,0.4124437341446678,0.2902441797318529,0.03717786070131046,ANN
S188,0.3927661774543561,0.3310862865101368,0.24054913899346853,0.03559839704203821,1D-CNN
S189,0.29179578316350097,0.3101820827831053,0.35373527666488846,0.04428685738850509,BiLSTM
S190,0.3228459468662033,0.3183654593263902,0.3075956058206655,0.05119298798674058,1D-CNN
S191,0.35279749534329335,0.2853855829543353,0.312895996692415,0.048920925009956255,1D-CNN
S192,0.267223444299674,0.42716421368321505,0.26420149941249665,0.041410842604613744,ANN
S193,0.11682943396649215,0.651353464616976,0.19520239934647446,0.03661470207005784,ANN
S194,0.23154545782969935,0.3120154158939279,0.3728072307836565,0.08363189549271594,BiLSTM
S195,0.30630424789763183,0.37337977972758196,0.2864309930344144,0.03388497934037304,ANN
S196,0.3309118098740056,0.46656453859699004,0.1727185953830589,0.029805056145945686,ANN
S197,0.18151117895227364,0.3579189462945635,0.441747565490776,0.01882230926238742,BiLSTM
S198,0.3610675707011426,0.33664123434244864,0.2663814170594126,0.035909777896996245,1D-CNN
S199,0.33415858367198903,0.3053530785058618,0.3243693093899119,0.03611902843223804,1D-CNN
S200,0.35169135935468576,0.3224963466223372,0.28672698867340557,0.039085305349570915,1D-CNN
S201,0.33123974090565933,0.2998164683657643,0.321093454041116,0.04785033668746051,1D-CNN
S202,0.26198414533250175,0.319104799029706,0.3731436605864088,0.04576739505138297,BiLSTM
S203,0.2458091284850993,0.2654830333617515,0.40631927117689526,0.08238856697625409,BiLSTM
S204,0.25070263715379915,0.37138449641544696,0.3369893071870461,0.04092355924370817,ANN
S205,0.37808709102535576,0.32873312426638956,0.2631282802806034,0.03005150442765064,1D-CNN
S206,0.35817324725351257,0.3243172516670947,0.27936791457190746,0.03814158650748497,1D-CNN
S207,0.29486402488651914,0.34229817087283765,0.310009053246309,0.05282875099433405,ANN
S208,0.1324841386980199,0.6151006293335565,0.213264950380346,0.039150281588077145,ANN
S209,0.22589134000778904,0.18955584051123456,0.5368466418011807,0.04770617767979555,BiLSTM
S210,0.4231127584947066,0.41932426528618877,0.14429484933017114,0.013268126888933932,1D-CNN
S211,0.35803394653239423,0.23087808132674778,0.35516977539017336,0.055918196750684594,1D-CNN
S212,0.1819023469655655,0.40480695410969153,0.3411781815502466,0.07211251737449638,ANN
S213,0.33382990226617393,0.24332635875298123,0.3590162604146541,0.06382747856619041,BiLSTM
S214,0.32060145949053753,0.2810897562958508,0.3536483376227452,0.04466044659086619,BiLSTM
S215,0.3399995892763804,0.32481085274207966,0.28750100318265354,0.04768855479888675,1D-CNN
S216,0.2761410090142702,0.3512732536772679,0.31671486842465635,0.05587086888380584,ANN
S217,0.2453627573001729,0.40232700213871075,0.3052708658193172,0.047039374741799075,ANN
S218,0.2609423683073895,0.2501343821093238,0.44444351907068175,0.044479730512605294,BiLSTM
S219,0.2742765658364914,0.4292271312078014,0.2642287909077354,0.032267512047971944,ANN
S220,0.35006795722518547,0.38132361119008856,0.2536294562482173,0.01497897533650905,ANN
S221,0.4245754530463225,0.33716055629186126,0.20833405964816426,0.02992993101365182,1D-CNN
S222,0.1934039181107779,0.4201361408289771,0.3631965977873154,0.023263343272930278,ANN
S223,0.3307545369819393,0.3402637164711777,0.2825366995566203,0.046445046990262376,ANN
S224,0.26023749062168255,0.30338934831927317,0.3948104529508972,0.041562708108146676,BiLSTM
S225,0.3503085738963902,0.35565060931275794,0.26371218059889484,0.030328636191957373,ANN
S226,0.35088652101341544,0.29552791045006793,0.3054419894983741,0.04814357903814215,1D-CNN
S227,0.26090567246433166,0.36312274172451164,0.33653648887284743,0.03943509693830938,ANN
S228,0.32284751527798566,0.34112380157231326,0.2936194534786349,0.042409229671066084,ANN
S229,0.22189892710416287,0.41934980805426253,0.3278220426329122,0.030929222208662552,ANN
S230,0.2902279443804866,0.3481812309919877,0.2955706661801848,0.06602015844734108,ANN
S231,0.2846157426108754,0.24815788348013434,0.4326540816911518,0.03457229221783828,BiLSTM
S232,0.417470792112529,0.2868924210788248,0.2687141509387168,0.026922635869929462,1D-CNN
S233,0.3627642651220142,0.2925669226666543,0.2885447671989222,0.0561240450124097,1D-CNN
S234,0.2944064079838897,0.31910666732133147,0.3341296091214641,0.05235731557331482,BiLSTM
S235,0.30651303215797154,0.48131542963077,0.1832924927047788,0.028879045506479347,ANN
S236,0.2537147014214401,0.3995154237551357,0.28911071639559177,0.057659158427832875,ANN
S237,0.3046305117584354,0.33190206374431086,0.31240394508167735,0.05106347941557631,ANN
S238,0.32423476222407926,0.3452492354182044,0.29062274021450335,0.039893262143213135,ANN
S239,0.1530857378578349,0.3105445500464163,0.5229754724279109,0.01339423966783788,BiLSTM
S240,0.6715135657813808,0.22631299883509373,0.09375285881031281,0.008420576573212709,1D-CNN
S241,0.35394708364522764,0.368342680417055,0.24971845760201924,0.027991778335698422,ANN
S242,0.2934025805952724,0.29046588542350493,0.37464666693650084,0.04148486704472118,BiLSTM
S243,0.479243128799617,0.27031495528925753,0.20014257488940776,0.05029934102171747,1D-CNN
S244,0.16959081364431125,0.22533301307773212,0.5749830737895596,0.030093099488396616,BiLSTM
S245,0.3630451016237316,0.3224322486051106,0.2741737574641223,0.04034889230703522,1D-CNN
S246,0.2923200563461884,0.36966842462381,0.294764118463009,0.04324740056699313,ANN
S247,0.33542504031967646,0.31582825755578375,0.3009237126279849,0.047822989496554585,1D-CNN
S248,0.2184601076961761,0.5502281976176806,0.19515489812480494,0.03615679656133819,ANN
S249,0.2174273433945673,0.4134464834643619,0.32159329403526027,0.04753287910581047,ANN
S250,0.2228083543009093,0.26183056932508053,0.47859190368106436,0.03676917269294613,BiLSTM
S251,0.5875791899132131,0.2709609436675537,0.127855490797022,0.013604375622211475,1D-CNN
S252,0.42553768536053505,0.2623859344391491,0.2700310182540039,0.042045361946311956,1D-CNN
S253,0.26115170474407884,0.29391496598407263,0.37705600340632595,0.06787732586552249,BiLSTM
S254,0.23806504560929698,0.5047751853798553,0.22161609457886217,0.035543674431985334,ANN
S255,0.16964917878113672,0.45872724316368857,0.3264346366751297,0.045188941380045325,ANN
S256,0.3193388697315378,0.3673656530329308,0.2509927179676058,0.06230275926792571,ANN
S257,0.2555104824924555,0.3186374445481186,0.3885765224684192,0.03727555049100699,BiLSTM
S258,0.35718903913083305,0.3106987800176784,0.29693873775885604,0.03517344309263212,1D-CNN
S259,0.40225712293887245,0.3230329239686758,0.23368540811544766,0.041024544977004564,1D-CNN
S260,0.28017267413611674,0.3110264824726411,0.3419032959446254,0.06689754744661658,BiLSTM
S261,0.24614663001628018,0.22874907956436613,0.49281900460520506,0.03228528581414889,BiLSTM
S262,0.41630741934342863,0.283419935183212,0.2616686952148403,0.038603950258518906,1D-CNN
S263,0.33725602529746274,0.3149435401876379,0.3050238455051186,0.04277658900978081,1D-CNN
S264,0.20864751558664646,0.2915202099646512,0.4507471571260867,0.049085117322615814,BiLSTM
S265,0.3794338088496108,0.309885093566477,0.27110781526127914,0.03957328232263237,1D-CNN
S266,0.3405804604835025,0.38860116734480843,0.2245549016707767,0.04626347050091284,ANN
S267,0.23054841799782963,0.3172331906783325,0.39014240015504714,0.06207599116879081,BiLSTM
S268,0.24693599694058366,0.21565876715129625,0.5050013552806061,0.032403880627514065,BiLSTM
S269,0.25821905197370526,0.39006885923138007,0.30402311889907513,0.04768896989583956,ANN
S270,0.30322145426848807,0.30991087002640283,0.32200213710576986,0.06486553859933972,BiLSTM
S271,0.20408856103938655,0.4923959380937327,0.2574014014172944,0.04611409944958647,ANN
S272,0.22004904624053678,0.20268358987977478,0.5046889937206241,0.0725783701590646,BiLSTM
S273,0.361948849164477,0.29378783777138934,0.30607353673642385,0.03818977632771056,1D-CNN
S274,0.5539387778992813,0.3707435875391204,0.06590346945103012,0.009414165110567904,1D-CNN
S275,0.3013192929730308,0.36760331267718466,0.298914604812014,0.03216278953777066,ANN
S276,0.30879660579708107,0.3326827293177188,0.3128380868647612,0.04568257802043898,ANN
S277,0.33340944413531026,0.3296966651386643,0.28972766367130665,0.04716622705471961,1D-CNN
S278,0.29020855986886124,0.29602510044954916,0.36725479043807463,0.04651154924351469,BiLSTM
S279,0.4421030050405491,0.36047313201214204,0.1756041843495545,0.021819678597753234,1D-CNN
S280,0.4103685508439004,0.1792828399328936,0.3461886420633099,0.06415996715989575,1D-CNN
S281,0.5321572104586682,0.3109099517877784,0.1391793278728943,0.017753509880658987,1D-CNN
S282,0.6504719195538982,0.2594691955686392,0.08230330150531108,0.007755583372151833,1D-CNN
S283,0.2847741705774388,0.566249000111851,0.13784836212046434,0.011128467190244839,ANN
S284,0.34570647667836646,0.3471893297178819,0.2675876319106783,0.03951656169307272,ANN
S285,0.3145042835723028,0.3207261185286994,0.3129727474014113,0.05179685049758609,ANN
S286,0.3361413849234905,0.3236357405708316,0.29745868067893727,0.04276419382674055,1D-CNN
S287,0.34723925718511217,0.3469654091725305,0.27181884165087833,0.03397649199147942,1D-CNN
S288,0.24101618746031359,0.24303311448946166,0.46147638473198876,0.054474313318236045,BiLSTM
S289,0.08478301694253393,0.13547274334511933,0.7426839374163277,0.037060302296019344,BiLSTM
S290,0.5102243753036944,0.2322660426535207,0.22036826396328368,0.037141318079501384,1D-CNN
S291,0.29147361140019623,0.5425054518413412,0.15123108834169197,0.014789848416770526,ANN
S292,0.15013666141730586,0.17900519859453393,0.6472047550880278,0.02365338490013249,BiLSTM
S293,0.41818913057891577,0.21914742582841745,0.32422062135436863,0.038442822238297925,1D-CNN
S294,0.38653615567945315,0.28803902520760455,0.287627015336023,0.037797803776918285,1D-CNN
S295,0.34114726821842006,0.29233138111062695,0.2821444923242647,0.08437685834668865,1D-CNN
S296,0.2076875036889215,0.20878825841708912,0.5534950698876426,0.030029168006346224,BiLSTM
S297,0.3000305676308112,0.4215704485292697,0.24838810366590108,0.030010880174017932,ANN
S298,0.295370238105421,0.41957701767734207,0.2437909227275902,0.04126182148964681,ANN
S299,0.30701556495770654,0.30318475398130545,0.3425854266523664,0.04721425440862127,BiLSTM
S300,0.2516595283508003,0.4296197657722013,0.2623675734545424,0.05635313242245587,ANN
S301,0.21021935112108225,0.26489838386597175,0.4526846882579238,0.07219757675502234,BiLSTM
S302,0.2733744946814227,0.3006186979440932,0.39297488675397146,0.033031920620512585,BiLSTM
S303,0.7466906887957983,0.11203799906595205,0.1237120127184122,0.017559299419837388,1D-CNN
S304,0.415734029453147,0.4795886438836246,0.09323162753227049,0.011445699130956211,ANN
S305,0.22469813611685727,0.23295474663781093,0.440588496776473,0.10175862046885886,BiLSTM
S306,0.30001079001651987,0.2983355372233828,0.3630322527781346,0.03862141998196224,BiLSTM
S307,0.44194191296598584,0.3274230371338039,0.19017253891964941,0.040462510980560834,1D-CNN
S308,0.24382637222851034,0.3821349575990358,0.33198213879919436,0.0420565313732595,ANN
S309,0.23053930473123577,0.30759926792417824,0.4259528706277094,0.03590855671687669,BiLSTM
S310,0.22880103799285642,0.36186635319541066,0.34876648830497886,0.06056612050675356,ANN
S311,0.3267628175936583,0.2953019711234999,0.31419617343257233,0.06373903785026902,1D-CNN
S312,0.21750806700991587,0.34605002584288735,0.37342262807490645,0.06301927907229035,BiLSTM
S313,0.14377336613166627,0.30851826018708467,0.4790867961410695,0.06862157754017979,BiLSTM
S314,0.3468936701309756,0.3476578264787868,0.25333307981172803,0.05211542357850937,ANN
S315,0.2920159767346853,0.4914482204413558,0.17745159299824093,0.03908420982571888,ANN
S316,0.32730898046440055,0.3137230990432495,0.3349853985371267,0.02398252195522297,BiLSTM
S317,0.3927062510344577,0.3625332814883384,0.1956265088796478,0.04913395859755648,1D-CNN
S318,0.1258078865186994,0.4785795153574877,0.38130882744858774,0.014303770675224727,ANN
S319,0.4130716857659351,0.3589970877967813,0.19264642757100167,0.035284798866281615,1D-CNN
S320,0.30787908636923467,0.4335035792684147,0.21058695525653928,0.04803037910581159,ANN
S321,0.23652450064714614,0.34453662654621386,0.39112997199009325,0.027808900816546075,BiLSTM
S322,0.49742778953935646,0.23087166836948717,0.22603437921689298,0.04566616287426409,1D-CNN
S323,0.3365823510232505,0.3057207867672181,0.32043073134155775,0.03726613086797404,1D-CNN
S324,0.2226166379099418,0.6014375637752094,0.15119461326951938,0.024751185045328562,ANN
S325,0.3942774299381649,0.3228742142646376,0.24181573301872275,0.04103262277847397,1D-CNN
S326,0.22345974911353464,0.4915713811419326,0.23786234895536618,0.04710652078916541,ANN
S327,0.388186627798928,0.2746514882908968,0.2774091609873543,0.059752722922820765,1D-CNN
S328,0.20971978940754385,0.43769712657038523,0.31976987657185035,0.0328132074502204,ANN
S329,0.30937707938813297,0.24237139788101392,0.416226924669775,0.03202459806107854,BiLSTM
S330,0.5951894120925039,0.1808122808875604,0.19836630968551686,0.02563199733441815,1D-CNN
S331,0.37352531146821266,0.31738752241259743,0.26588112113499024,0.043206044984199436,1D-CNN
S332,0.24587017167597228,0.31165156034798097,0.361130237937446,0.08134803003860079,BiLSTM
S333,0.17763599547187306,0.5922008692469782,0.21329634996864918,0.016866785312499747,ANN
S334,0.325585384629666,0.42729994889090533,0.2237979469516376,0.023316719527791407,ANN
S335,0.5347591142817426,0.2036844499476433,0.20704057674980592,0.05451585902080803,1D-CNN
S336,0.2172011269578148,0.23309910487286556,0.4727264936178827,0.07697327455143717,BiLSTM
S337,0.27623719363068866,0.2113458553102049,0.4671657322145991,0.045251218844507196,BiLSTM
S338,0.6024743788022816,0.28736940172352954,0.08651072319864371,0.023645496275545224,1D-CNN
S339,0.2660060439475248,0.21027752400345726,0.46991454181329556,0.053801890235721746,BiLSTM
S340,0.1992896299109579,0.33559997862867097,0.4350778045820611,0.030032586878309467,BiLSTM
S341,0.3072023974532557,0.29268718507145525,0.34931135242112704,0.05079906505416188,BiLSTM
S342,0.3142229335326956,0.29587378070074466,0.34338029905496315,0.046522986711596215,BiLSTM
S343,0.3075719170572511,0.3680061668994526,0.2706758021291302,0.05374611391416589,ANN
S344,0.2228093354046688,0.26297820711865544,0.46402350698234673,0.05018895049432918,BiLSTM
S345,0.187134584106664,0.5826823078932777,0.20101729247119363,0.02916581552886493,ANN
S346,0.45037941665512393,0.257158732328894,0.26225201421411676,0.030209836801864984,1D-CNN
S347,0.46597347470704076,0.2966590174196777,0.1993460060034384,0.03802150186984292,1D-CNN
S348,0.2519112782248353,0.382400665014187,0.30807722834791534,0.05761082841306228,ANN
S349,0.27092630166418397,0.3241756593806576,0.36887843067389015,0.03601960828126796,BiLSTM
S350,0.3466692669319392,0.3176142979753272,0.28116787401717314,0.0545485610755605,1D-CNN
S351,0.39909437148946986,0.3585158872000918,0.20932065103556072,0.033069090274877797,1D-CNN
S352,0.22825498890956444,0.34294568600850855,0.4039035015823222,0.02489582349960576,BiLSTM
S353,0.3253543059698719,0.3057895662581724,0.3271336585890626,0.04172246918289308,BiLSTM
S354,0.3972597889197556,0.32742509406747156,0.23574459654936145,0.039570520463411134,1D-CNN
S355,0.24491775443160518,0.3525535111618111,0.3464032563300431,0.05612547807654107,ANN
S356,0.06075244952612694,0.8959485882386886,0.03811877125345898,0.005180190981724961,ANN
S357,0.26852767999129956,0.2552210910408764,0.4170832232241681,0.059168005743655716,BiLSTM
S358,0.10586316109026012,0.43813777349709754,0.39825804017889277,0.057741025233749854,ANN
S359,0.5273282119033145,0.17033835852282125,0.22576243525920675,0.07657099431465753,1D-CNN
S360,0.22945783205122636,0.3872868761568689,0.32813522438668985,0.055120067405214926,ANN
S361,0.24724348071329358,0.31167842148320146,0.4047467235329658,0.03633137427053962,BiLSTM
S362,0.21743893443563256,0.3611710431559195,0.3715865145660447,0.04980350784240292,BiLSTM
S363,0.24763437345186456,0.2800269884256921,0.415404357246165,0.056934280876278706,BiLSTM
S364,0.2929349893061022,0.24833421729299354,0.4125523939413171,0.04617839945958724,BiLSTM
S365,0.36412589186052235,0.23640419508366925,0.32748425866257613,0.07198565439323218,1D-CNN
S366,0.3309266307885456,0.2410180373888863,0.36614534962408063,0.06190998219848778,BiLSTM
S367,0.28484518462541564,0.5098020031023202,0.17493593291871612,0.030416879353548164,ANN
S368,0.37812303995455904,0.37126900133456137,0.20369208446768183,0.046915874243197916,1D-CNN
S369,0.25252375553390777,0.2923559364818932,0.39985511636680987,0.055265191617389096,BiLSTM
S370,0.36397255462501127,0.3586714166793136,0.24543870194333994,0.03191732675233514,1D-CNN
S371,0.3095285083747176,0.17382734823477572,0.45040558187399965,0.06623856151650746,BiLSTM
S372,0.25422817307986145,0.314121049817386,0.3910284261468947,0.04062235095585749,BiLSTM
S373,0.3573965702309449,0.25901116098407534,0.32177053626007784,0.061821732524902064,1D-CNN
S374,0.27084779754561894,0.31613148527294915,0.3404899745559944,0.0725307426254371,BiLSTM
S375,0.2559110495985062,0.3422020346105234,0.3554612336620002,0.0464256821289706,BiLSTM
S376,0.29701476346019423,0.23204726068079132,0.41332815323311023,0.05760982262590436,BiLSTM
S377,0.23243791123936602,0.2888054737982892,0.45416735211667897,0.024589262845665007,BiLSTM
S378,0.4132006055231691,0.3088551943376017,0.25015453922467684,0.027789660914552535,1D-CNN
S379,0.3866980340882509,0.298941851069857,0.26100763044339653,0.05335248439849554,1D-CNN
S380,0.27926285783236604,0.2784677022184392,0.37977595643077244,0.062493483518422585,BiLSTM
S381,0.17299900924298972,0.40242279057801617,0.38992110706209143,0.0346570931169029,ANN
S382,0.3406478803323609,0.29197488048401166,0.30729764737212656,0.060079591811500764,1D-CNN
S383,0.3019646040340368,0.35125345878434466,0.30084329911677,0.0459386380648488,ANN
S384,0.34242063727865674,0.2687775885227306,0.3455334166619416,0.043268357536671305,BiLSTM
S385,0.3112503107971454,0.29240519340697885,0.33407963269814595,0.06226486309773008,BiLSTM
S386,0.21055118640654774,0.3208679756867223,0.4255414263308264,0.04303941157590375,BiLSTM
S387,0.24902257254413013,0.49313530861853305,0.24202991063608842,0.01581220820124745,ANN
S388,0.5359920450516146,0.32863123337633504,0.12301804921885187,0.0123586723531979,1D-CNN
S389,0.36822990017919044,0.25428917812529617,0.2523471180661568,0.12513380362935705,1D-CNN
S390,0.31229308261072536,0.2594986276299129,0.36774608566215317,0.0604622040972089,BiLSTM
S391,0.3773622772100702,0.3241669706146027,0.26767247637775393,0.03079827579757234,1D-CNN
S392,0.37904448963288445,0.35085062199623074,0.2159865882149449,0.05411830015593951,1D-CNN
S393,0.2445331183506651,0.3018629082686235,0.40815950637608917,0.04544446700462214,BiLSTM
S394,0.36986976945861866,0.3628585508932851,0.22636342880200674,0.0409082508460896,1D-CNN
S395,0.27855467022222613,0.32737686820318174,0.32743928604573275,0.06662917552886001,BiLSTM
S396,0.2978612308875821,0.32492695946688716,0.32050676246501897,0.05670504718051196,ANN
S397,0.26121438670278646,0.40737293185559764,0.26894473789008966,0.062467943551526406,ANN
S398,0.22433555761581847,0.42985844748804064,0.3041433618064128,0.04166263308972836,ANN
S399,0.10741736342311159,0.7980386472250971,0.08806360412566952,0.006480385226122717,ANN
S400,0.38575703458800764,0.34722512417213675,0.23366280020109792,0.033355041038758,1D-CNN
S401,0.33482451286353815,0.34565095647645494,0.28848197802098197,0.031042552639024116,ANN
S402,0.35095572720167717,0.3175206819140264,0.2909903344985586,0.04053325638573829,1D-CNN
S403,0.34152960002345867,0.3099877953887957,0.30154502028287,0.04693758430487576,1D-CNN
S404,0.27532815923109566,0.3237635589661044,0.35098109671510386,0.049927185087696446,BiLSTM
S405,0.15129168702153303,0.5168875783070572,0.28931302974853607,0.04250770492287341,ANN
S406,0.3585894816545553,0.40043342646586,0.21561810173666326,0.025358990142921714,ANN
S407,0.3376920304543152,0.3808988197090905,0.2420333225660163,0.039375827270578666,ANN
S408,0.20228716958231166,0.4430459484966543,0.34370956340026604,0.010957318520768061,ANN
S409,0.35740658039940404,0.4950450294962193,0.13357169026287574,0.013976699841502028,ANN
S410,0.262718472316538,0.39664460081773106,0.3126995155763568,0.027937411289374364,ANN
S411,0.2964421087627442,0.3455290928532753,0.32612833872367375,0.03190045966030676,ANN
S412,0.32321943939459585,0.3361008253754292,0.30513101859558156,0.03554871663439382,ANN
S413,0.30116669048652944,0.3353127415474827,0.3089055672027035,0.05461500076328421,ANN
S414,0.18559314992413706,0.40547563951181725,0.3707307371455237,0.03820047341852225,ANN
S415,0.2625175608072637,0.2950520920921205,0.3854812562443778,0.056949090856238456,BiLSTM
S416,0.17721984257531928,0.29219069710768486,0.5088258311106092,0.021763629206386255,BiLSTM
S417,0.39691289243318884,0.2653306865286963,0.2889961182476072,0.04876030279050715,1D-CNN
S418,0.3317421072980882,0.2715681458586683,0.3572014561321292,0.039488290711114364,BiLSTM
S419,0.35277234339973257,0.32146827373389725,0.2744971141198278,0.051262268746542106,1D-CNN
S420,0.24031865337575878,0.410517706039645,0.29110170954939824,0.05806193103519837,ANN
S421,0.23987779914247095,0.38421963074226406,0.32631879058934077,0.049583779525923764,ANN
S422,0.4798725200003975,0.23221079482328108,0.26223918586036954,0.025677499315952385,1D-CNN
S423,0.10729136942662104,0.69870183650882,0.18504986303766027,0.008956931026898738,ANN
S424,0.2882727014018675,0.46112107028306915,0.2343747935185836,0.01623143479648035,ANN
S425,0.22008048293452026,0.39398700207868953,0.33003351837740996,0.05589899660938067,ANN
S426,0.14250310415798562,0.2580252871015241,0.5806375283194178,0.018834080421072725,BiLSTM
S427,0.7331265348339334,0.14023130414992566,0.11488481156376812,0.011757349452372568,1D-CNN
S428,0.40284780978851126,0.26863372582689976,0.27110101284089705,0.057417451543692134,1D-CNN
S429,0.3344078955101678,0.28642090998615627,0.3258744530446465,0.05329674145902921,1D-CNN
S430,0.41978223243474244,0.3066942438175949,0.23488028252877058,0.03864324121889249,1D-CNN
S431,0.31795959537968527,0.4127684720884073,0.235465179546018,0.03380675298588887,ANN
S432,0.17831987155272624,0.6122121383152623,0.16594856382938403,0.04351942630262757,ANN
S433,0.13710229602422352,0.13063706133596809,0.7157303585402327,0.016530284099575725,BiLSTM
S434,0.6327117452961877,0.1947704270858376,0.15631032081629764,0.016207506801677395,1D-CNN
S435,0.3363521225852994,0.44900313453004037,0.19733329017301454,0.017311452711645352,ANN
S436,0.23065360141723817,0.3172571806250504,0.4296749801503344,0.022414237807377554,BiLSTM
S437,0.43866692566973586,0.268084011393787,0.2600132477806678,0.03323581515580965,1D-CNN
S438,0.34007019027954355,0.27240323568891156,0.33568521504925825,0.05184135898228651,1D-CNN
S439,0.23829635914865058,0.43268468435367413,0.27934433135442965,0.04967462514324649,ANN
S440,0.36220861192293125,0.35165357633468053,0.22947800813766078,0.0566598036047276,1D-CNN
S441,0.21282023009132817,0.23027449000930128,0.4899516987299583,0.06695358116941252,BiLSTM
S442,0.25050511884033727,0.25828338872453344,0.4419131048391331,0.04929838759599602,BiLSTM
S443,0.37636882681834305,0.38510652863418476,0.20808986625837067,0.030434778289101273,ANN
S444,0.3788858466211236,0.3679826711253542,0.21773691816431698,0.0353945640892047,1D-CNN
S445,0.3090339043919185,0.3025616534767781,0.3475661526626933,0.04083828946861045,BiLSTM
S446,0.2745799299091552,0.4378370185618343,0.23051909735974943,0.05706395416926147,ANN
S447,0.19056796719162045,0.22923591946191962,0.5447641100824635,0.03543200326399645,BiLSTM
