Segment,1D-CNN,ANN,BiLSTM,LSTM,Selected
S1,0.22401955494856723,0.11722387640636678,0.6113749866698737,0.04738158197519212,BiLSTM
S2,0.3966657635317398,0.34485460482170144,0.22348075499904105,0.03499887664751835,1D-CNN
S3,0.2429067266202116,0.37840705094063054,0.3231908505336278,0.055495371905529924,ANN
S4,0.29693162070733997,0.3783489842967849,0.27231241352949426,0.052406981466380544,ANN
S5,0.2503698163132424,0.5110892350203942,0.20457607890274754,0.03396486976361652,ANN
S6,0.17389062171258568,0.49933662138770396,0.2641980338678198,0.06257472303189057,ANN
S7,0.33075647823993604,0.25006377386739376,0.3583517398543417,0.06082800803832865,BiLSTM
S8,0.31710880987311674,0.36585167239802024,0.2929701725507877,0.024069345178075238,ANN
S9,0.29021589909393686,0.4168890376874721,0.2779966082379423,0.014898454980648913,ANN
S10,0.36309958479721005,0.3689208211268209,0.24539082046017044,0.022588773615798852,ANN
S11,0.3536046351482862,0.3508572351854523,0.260509281649729,0.03502884801653343,1D-CNN
S12,0.3189811828284139,0.2968249248725889,0.33740276755314413,0.046791124745853736,BiLSTM
S13,0.25973646326964994,0.35946158903306613,0.3361814613557739,0.044620486341509794,ANN
S14,0.22725841731232158,0.3443331691601128,0.37813303917108,0.050275374356486255,BiLSTM
S15,0.3295180352763906,0.40038915727436747,0.2274369026430736,0.042655904806168744,ANN
S16,0.2818620327255296,0.2783358760788592,0.4035687064323985,0.03623338476321334,BiLSTM
S17,0.25134764226440276,0.504406026992936,0.2349373867267588,0.009308944015901873,ANN
S18,0.49052953564665375,0.2620351397231084,0.20119017276104545,0.04624515186919198,1D-CNN
S19,0.28558271899758664,0.3189258596931813,0.3327602133702158,0.06273120793901664,BiLSTM
S20,0.38976800712662996,0.3549332644545734,0.21737367448601563,0.03792505393278125,1D-CNN
S21,0.31214942657839445,0.3749501599489764,0.2654238394854952,0.047476573987133855,ANN
S22,0.3429723509373981,0.2973086072731432,0.29326207238895335,0.06645696940050531,1D-CNN
S23,0.18016352670166633,0.33127357579867844,0.38891279449201743,0.09965010300763773,BiLSTM
S24,0.24638437931098978,0.43275647533669176,0.3034770238921795,0.017382121460138948,ANN
S25,0.5559959075657414,0.3137133692848584,0.1234799053430441,0.006810817806356029,1D-CNN
S26,0.030683582376912523,0.07333974566729942,0.8951184760297527,0.0008581959260359519,BiLSTM
S27,0.574920497259279,0.19824790155540334,0.21447873563875192,0.012352865546565497,1D-CNN
S28,0.36267858091760813,0.2526035726211597,0.3217746030000263,0.0629432434612063,1D-CNN
S29,0.2669282899068246,0.2545149872476279,0.4413259692556063,0.03723075358994128,BiLSTM
S30,0.4641756073332614,0.2876229747747376,0.2103796919050133,0.037821725986987444,1D-CNN
S31,0.24084762649555003,0.4186631618355361,0.2883268926976585,0.05216231897125525,ANN
S32,0.2691844285228145,0.2638408382261556,0.40864405416687954,0.05833067908415026,BiLSTM
S33,0.4190259052674245,0.2242981766494272,0.32005846731303805,0.03661745077010957,1D-CNN
S34,0.3570923107487241,0.29561907656044123,0.2968944550148366,0.05039415767599814,1D-CNN
S35,0.3007795442162063,0.33928422102693556,0.303482139270492,0.05645409548636674,ANN
S36,0.1544943305277465,0.6524825274594459,0.15791502881021643,0.03510811320259049,ANN
S37,0.16876124136599732,0.4738313349447841,0.2879128628521534,0.06949456083706544,ANN
S38,0.42851413936281946,0.3997295716001259,0.152021045617909,0.0197352434191455,1D-CNN
S39,0.40167016688304963,0.409841627794877,0.1708411738077836,0.017647031514289556,ANN
S40,0.29407830177396455,0.3146642588001432,0.346758973302912,0.04449846612298021,BiLSTM
S41,0.34437046820390255,0.3001264683164999,0.31865169948425204,0.036851363995345235,1D-CNN
S42,0.3745293290111073,0.3081124360408251,0.27313399708921443,0.04422423785885294,1D-CNN
S43,0.31443530559890054,0.3052889277680316,0.32798110482030735,0.05229466181276036,BiLSTM
S44,0.44189651820223114,0.28749776239588565,0.24586540699711903,0.02474031240476376,1D-CNN
S45,0.20732353581376917,0.20600622918445133,0.48142959831440224,0.10524063668737732,BiLSTM
S46,0.2407363456424275,0.6376141274986125,0.09885502814684635,0.02279449871211401,ANN
S47,0.18686419584402444,0.35778134816584356,0.37480465430612236,0.08054980168401014,BiLSTM
S48,0.27863816014590165,0.1716764488095432,0.49524816001778976,0.05443723102676524,BiLSTM
S49,0.2641283191951941,0.4573247512525183,0.25129112438849904,0.02725580516378773,ANN
S50,0.613900873578831,0.29466397467916405,0.08051698479321089,0.010918166948793167,1D-CNN
S51,0.1339051814361795,0.716380261467367,0.13583686980071716,0.013877687295736602,ANN
S52,0.3785837135779813,0.38500059294117844,0.20343651406826715,0.032979179412572675,ANN
S53,0.313463863727634,0.41243615673596834,0.2279599321028378,0.0461400474335596,ANN
S54,0.581246565133483,0.2222866281282584,0.1650125088378289,0.031454297900429744,1D-CNN
S55,0.31066935093101383,0.47788032617933895,0.1911470034445889,0.020303319445058546,ANN
S56,0.2592624938588787,0.3202735731753924,0.36759988480797845,0.05286404815775095,BiLSTM
S57,0.32959841285269637,0.34425774791019637,0.24886560604742566,0.07727823318968179,ANN
S58,0.21206376808672592,0.3969334199605642,0.30875801407064696,0.08224479788206268,ANN
S59,0.2226032351960407,0.3196404637098039,0.37686456150293024,0.08089173959122525,BiLSTM
S60,0.2641939701096302,0.3694856887562028,0.30468716739491697,0.061633173739250154,ANN
S61,0.340522174661502,0.3114319166525043,0.32631978379288484,0.021726124893108975,1D-CNN
S62,0.36356554840349337,0.4491587236845842,0.16844868314814965,0.01882704476377338,ANN
S63,0.35120371468708517,0.4083491833762812,0.21211896627217552,0.02832813566445877,ANN
S64,0.361439828296707,0.3624268104094834,0.24531935139969363,0.030814009894115812,ANN
S65,0.3313827643792804,0.26017903351449023,0.3663998344691816,0.04203836763704798,BiLSTM
S66,0.2845009952789906,0.26488833428600767,0.4045060289269088,0.046104641508093146,BiLSTM
S67,0.35970263883307335,0.3051025268324071,0.2615978087264965,0.0735970256080225,1D-CNN
S68,0.2744739495002998,0.3545037336354562,0.32156706584791944,0.04945525101632425,ANN
S69,0.285396531239113,0.4446604311143821,0.23519878391352878,0.034744253732976044,ANN
S70,0.3327499662306369,0.4022850471413495,0.22772711914910077,0.037237867478912334,ANN
S71,0.3381613270299049,0.3323379783673042,0.28294802449870077,0.04655267010408974,1D-CNN
S72,0.1201417963784779,0.8645643889865112,0.013341320938307538,0.0019524936967034692,ANN
S73,0.25257987663751064,0.36453107944088287,0.34378104629014555,0.03910799763146132,ANN
S74,0.301292054208361,0.38180725146683187,0.25103922323937555,0.06586147108543126,ANN
S75,0.21293482405573896,0.5374996631026422,0.21634175490961777,0.033223757932001274,ANN
S76,0.2043926045147957,0.34598890896271506,0.41516935861604704,0.03444912790644197,BiLSTM
S77,0.32719673793856696,0.19407140539699708,0.4385315503396917,0.0402003063247444,BiLSTM
S78,0.5417787987072299,0.29022713286773427,0.14215846222049763,0.025835606204537367,1D-CNN
S79,0.4458285206936564,0.29769930638815933,0.2160106858464377,0.04046148707174632,1D-CNN
S80,0.2581605312364992,0.2967295004816973,0.4062197867525679,0.03889018152923491,BiLSTM
S81,0.34691653561128577,0.31096826617073847,0.31181571313444145,0.03029948508353465,1D-CNN
S82,0.17981734386875647,0.6214595988992133,0.1724232855263613,0.026299771705668107,ANN
S83,0.2712169245657266,0.2921357938396286,0.37872262202200496,0.05792465957263931,BiLSTM
S84,0.09841555365573638,0.6074447158435881,0.27374545188556465,0.020394278615110593,ANN
S85,0.1943485834100391,0.15046794521281512,0.575426934995235,0.07975653638191088,BiLSTM
S86,0.2584297164522434,0.2827596993031753,0.37899072260751177,0.07981986163706953,BiLSTM
S87,0.3317369278030283,0.33964725288413766,0.292379361588496,0.036236457724337465,ANN
S88,0.6033087889392094,0.21292458497836703,0.1585626544830125,0.025203971599410593,1D-CNN
S89,0.6388327784097989,0.15517540276094008,0.17528816839594402,0.030703650433317017,1D-CNN
S90,0.34904453134059304,0.29937081504777996,0.3037746824086912,0.047809971202935175,1D-CNN
S91,0.13402845617577822,0.7716548196644211,0.08041464508592844,0.013902079073871781,ANN
S92,0.29788347302781454,0.479429791291046,0.18531086886000311,0.037375866821136895,ANN
S93,0.2905106543723702,0.35885662762092335,0.3044315446029718,0.046201173403734856,ANN
S94,0.3392293904487236,0.38301601950263015,0.2466684050201477,0.031086185028498723,ANN
S95,0.37720194382175626,0.3141442041434543,0.276356854338593,0.0322969976961971,1D-CNN
S96,0.139729956999303,0.13999889546587033,0.6000107389948552,0.12026040853997162,BiLSTM
S97,0.25191294006595544,0.2831111998780623,0.39119457506633226,0.07378128498964971,BiLSTM
S98,0.3323041439454353,0.4094973118693357,0.2232737743577203,0.03492476982750914,ANN
S99,0.3226859968909309,0.6071058039866074,0.06526923708186237,0.004938962040598628,ANN
S100,0.7612609653845849,0.1254831312586153,0.10815116444727241,0.005104738909526473,1D-CNN
S101,0.45154570210350176,0.3598567509463747,0.16840336791668026,0.020194179033444035,1D-CNN
S102,0.3007258948285503,0.38672196404858344,0.2767493396703401,0.03580280145252612,ANN
S103,0.2811405052029427,0.3011906565989553,0.3812637701527898,0.036405068045312135,BiLSTM
S104,0.21067275398436958,0.2799912341660624,0.4341447320870988,0.07519127976246967,BiLSTM
S105,0.18815586340030221,0.1932612686964094,0.5550639025900537,0.0635189653132344,BiLSTM
S106,0.21759977961165355,0.13663954046474436,0.5323681304505216,0.1133925494730809,BiLSTM
S107,0.1611978226941044,0.30988303543562745,0.4555713770100286,0.0733477648602396,BiLSTM
S108,0.20869901106851818,0.26045575458774073,0.5002103418360355,0.030634892507705475,BiLSTM
S109,0.5604398054963351,0.2307691423069342,0.17664024634340222,0.032150805853328496,1D-CNN
S110,0.20617782257276032,0.29253180314668925,0.45763086938062136,0.04365950489992901,BiLSTM
S111,0.3377697633494704,0.39072418649381463,0.2393026172110868,0.03220343294562893,ANN
S112,0.26317038504265994,0.39235093842821644,0.30123802583057857,0.043240650698544575,ANN
S113,0.31384583159797963,0.3489408167134421,0.29501935492513987,0.04219399676343879,ANN
S114,0.3211533141050807,0.3114577454367859,0.32698275309257735,0.04040618736555619,BiLSTM
S115,0.25717928822841657,0.4289726904923352,0.27328116402537783,0.04056685725386988,ANN
S116,0.22467635056380222,0.38138133277231656,0.3394045454200503,0.0545377712438307,ANN
S117,0.19176141692012708,0.34354737450689565,0.4469890937288499,0.017702114844126277,BiLSTM
S118,0.8048414469509199,0.12706900836869656,0.06273616846698286,0.005353376213400067,1D-CNN
S119,0.18752929288669187,0.5517515303122137,0.23777036075174962,0.022948816049344907,ANN
S120,0.3394131927188983,0.27692204715653346,0.28447738323225596,0.09918737689231225,1D-CNN
S121,0.4375935960229454,0.24992312664925515,0.27553133983344424,0.03695193749435505,1D-CNN
S122,0.4671084399774798,0.283341475576915,0.21729565863101014,0.0322544258145947,1D-CNN
S123,0.33125857752824545,0.4649115791455644,0.17073091475701951,0.03309892856917129,ANN
S124,0.336668752014428,0.2710968471917492,0.3354650156392618,0.05676938515456144,1D-CNN
S125,0.3401507879367729,0.3208732713775349,0.2914032251128989,0.047572715572794334,1D-CNN
S126,0.3950165416433629,0.32508745364642083,0.2274045432844839,0.05249146142573256,1D-CNN
S127,0.28891945949142744,0.3555326037251335,0.2739219423852586,0.08162599439818066,ANN
S128,0.21201339420040938,0.34182628525385766,0.39652863785210396,0.04963168269362897,BiLSTM
S129,0.2921067342014608,0.26924612199699083,0.3997715438913073,0.038875599910240935,BiLSTM
S130,0.7821135145454882,0.14572635118644034,0.06560319476360826,0.006556939504463207,1D-CNN
S131,0.8463445587764235,0.11907639512156862,0.029759073585386323,0.0048199725166215325,1D-CNN
S132,0.21622969898515618,0.36777155554786994,0.3374119700905437,0.07858677537643012,ANN
S133,0.3069763135548477,0.33032063495819664,0.3186252636032045,0.044077787883750656,ANN
S134,0.43380160956103864,0.34311933276430895,0.19330623437049302,0.029772823304160027,1D-CNN
S135,0.3054895548246624,0.35456377522329413,0.29047872114447865,0.049467948807564346,ANN
S136,0.2774097627317243,0.1649609644921776,0.5322606790907735,0.0253685936853243,BiLSTM
S137,0.2164971395972279,0.2653627100524124,0.42732200382664864,0.09081814652371098,BiLSTM
S138,0.2293547739881027,0.48366798566192165,0.25160315163958735,0.035374088710388454,ANN
S139,0.3194840769459839,0.3333097015503623,0.28378103467744814,0.063425186826206,ANN
S140,0.2886341863355293,0.257731277786757,0.3861995636561668,0.0674349722215467,BiLSTM
S141,0.24626579865994638,0.450798526415209,0.26469534893340213,0.038240325991441934,ANN
S142,0.3305111069664652,0.29127318410008524,0.3074101662924375,0.07080554264101238,1D-CNN
S143,0.17585012769831188,0.327643213265557,0.4817485929745893,0.0147580660615425,BiLSTM
S144,0.6334383094973276,0.2415274472245429,0.10914089258573205,0.015893350692397105,1D-CNN
S145,0.38628801038024685,0.32598576705384075,0.24663671981005908,0.04108950275585431,1D-CNN
S146,0.24352064817280875,0.32164645953543486,0.36652771256463834,0.06830517972711818,BiLSTM
S147,0.37454505305537805,0.12649287100105894,0.44039595347628074,0.058566122467282274,BiLSTM
S148,0.2667331211291961,0.26928789065001685,0.3319899465042173,0.13198904171656964,BiLSTM
S149,0.24642438933350086,0.29023273523514065,0.4031410815205432,0.06020179391081506,BiLSTM
S150,0.30704832607528393,0.3093873301645802,0.33656923551365875,0.04699510824647804,BiLSTM
S151,0.3511331167026715,0.31185360515742233,0.283041688236738,0.053971589903167826,1D-CNN
S152,0.16308025490104344,0.5364618805978912,0.2643039081829023,0.036153956318162636,ANN
S153,0.251331475847915,0.3397340982742404,0.3661529477541135,0.0427814781237315,BiLSTM
S154,0.2662182822858204,0.265229202497675,0.4468342160749977,0.021718299141506785,BiLSTM
S155,0.4413579609664012,0.31950225805454086,0.2184228556047071,0.020716925374350756,1D-CNN
S156,0.3611660891919212,0.2606984420006755,0.3292526213637797,0.04888284744362309,1D-CNN
S157,0.3432864935771692,0.2763019418383234,0.3230873848962543,0.05732417968825359,1D-CNN
S158,0.26437516763835983,0.4781892991184893,0.22332982552529979,0.034105707717850584,ANN
S159,0.15930912479854653,0.5987946834299319,0.20960520444950895,0.03229098732201248,ANN
S160,0.22207079856965067,0.28463853821514573,0.4361425583507918,0.0571481048644122,BiLSTM
S161,0.24478471950431496,0.28249148192531,0.44016140050484637,0.032562398065529526,BiLSTM
S162,0.5597895374517754,0.21564329871285234,0.20665480426245678,0.01791235957291592,1D-CNN
S163,0.5141973553732115,0.2291265436571014,0.21564323343450612,0.041032867535181254,1D-CNN
S164,0.2772516610464292,0.29622565610321966,0.3634938883620653,0.06302879448828615,BiLSTM
S165,0.07860354299680719,0.8359078680887271,0.06903854529547299,0.016450043618992948,ANN
S166,0.1250314525581952,0.1009962505856309,0.7574102492035312,0.01656204765264222,BiLSTM
S167,0.4178221473536474,0.2571130231916299,0.2906958220841289,0.03436900737059408,1D-CNN
S168,0.5593879175292074,0.2571076406027316,0.1485119662892811,0.03499247557877971,1D-CNN
S169,0.06466494602888351,0.04799175497648471,0.8768567716127782,0.010486527381853511,BiLSTM
S170,0.4290288659742414,0.26151282553051913,0.2827133398080223,0.02674496868721702,1D-CNN
S171,0.6906386813296136,0.17016089993710093,0.12162265986654756,0.0175777588667382,1D-CNN
S172,0.21083061868460962,0.2652705305076809,0.4199473879994159,0.1039514628082933,BiLSTM
S173,0.09759722374386263,0.6117853356193294,0.2627182059648206,0.02789923467198657,ANN
S174,0.2630493659027223,0.5249766639972825,0.18000383816269602,0.03197013193729882,ANN
S175,0.13738418727075177,0.6111377557098128,0.21491893638054038,0.0365591206388947,ANN
S176,0.1609736474244244,0.5406754897229713,0.22769578494750015,0.07065507790510406,ANN
S177,0.17292505861477311,0.21374329290312455,0.5599228094502275,0.053408839031875266,BiLSTM
S178,0.2888871063587613,0.36617087590397274,0.31209462280722444,0.03284739493004088,ANN
S179,0.6555839159895405,0.18860276699447992,0.138184059416989,0.017629257598991133,1D-CNN
S180,0.511789992822234,0.31702180462249796,0.14325576693890962,0.02793243561635831,1D-CNN
S181,0.24741779467576522,0.24693472481979853,0.45860464201945195,0.04704283848498365,BiLSTM
S182,0.30051139149229206,0.23960957088092877,0.4173996511764526,0.04247938645032659,BiLSTM
S183,0.3155957475007509,0.273546836499513,0.3542916928866606,0.05656572311307529,BiLSTM
S184,0.3250318553015914,0.30164529002914114,0.33376049476225467,0.03956235990701305,BiLSTM
S185,0.4396544494751182,0.21366976531367338,0.2833287339797982,0.06334705123141024,1D-CNN
S186,0.16341308467682567,0.15114929926044088,0.6471033062229608,0.03833430983977167,BiLSTM
S187,0.25825375559381836,0.4088890837931849,0.29680034771133024,0.036056812901666235,ANN
S188,0.4146324681550218,0.32525671888875535,0.22475484595720951,0.0353559669990137,1D-CNN
S189,0.2894028535572471,0.3070477833271747,0.3551787393638614,0.04837062375171655,BiLSTM
S190,0.31768315961855764,0.3347379635083347,0.2941168694450277,0.05346200742807962,ANN
S191,0.3696917666514513,0.2748392498910456,0.30402241085923776,0.05144657259826471,1D-CNN
S192,0.2564058014365321,0.4398305384261902,0.2624313371836365,0.041332322953639866,ANN
S193,0.1069870966057985,0.6448070979492682,0.20587873658851077,0.0423270688564228,ANN
S194,0.21637636500863566,0.3080238932552871,0.38604339541230603,0.08955634632377137,BiLSTM
S195,0.3031806342809956,0.3923373751076174,0.27265011975667053,0.03183187085471649,ANN
S196,0.31138267802202674,0.5174607670679218,0.1462693330537445,0.024887221856306836,ANN
S197,0.1654334985515545,0.37197943395581556,0.44664627965144404,0.015940787841185872,BiLSTM
S198,0.3805255282289784,0.33135434902701943,0.257222522835538,0.03089759990846384,1D-CNN
S199,0.33619207041088506,0.3081942933082178,0.3211917283718522,0.03442190790904436,1D-CNN
S200,0.3584125058420888,0.33892193621309924,0.26852228175273685,0.034143276192074544,1D-CNN
S201,0.35067626197161866,0.2884717480360545,0.31399966502384286,0.046852324968484224,1D-CNN
S202,0.25244354228844734,0.3154826673775132,0.3854339066673001,0.04663988366673888,BiLSTM
S203,0.2166247629425598,0.23615858102825701,0.45502714311053427,0.09218951291864844,BiLSTM
S204,0.23823078435580056,0.3847034546751751,0.3381602918039413,0.0389054691650834,ANN
S205,0.38643091230075705,0.3268537944632834,0.2578100771599435,0.028905216076015493,1D-CNN
S206,0.3528193845612927,0.32921521549396815,0.2791114215091433,0.03885397843559629,1D-CNN
S207,0.30200385012545106,0.34131902920963236,0.2988509962325681,0.0578261244323482,ANN
S208,0.1245500521140733,0.6071187610782521,0.22695925525077182,0.04137193155690249,ANN
S209,0.20696076569699567,0.1762053245932834,0.5660417003559427,0.05079220935377778,BiLSTM
S210,0.4082470541163481,0.4529977995934178,0.12848694514064715,0.01026820114958754,ANN
S211,0.3408083329922794,0.21225695527004834,0.38289965472539134,0.06403505701228099,BiLSTM
S212,0.17201805276305984,0.42422811734086274,0.31968011604421404,0.08407371385186338,ANN
S213,0.3096187084715629,0.2349427146399709,0.3854368372481548,0.07000173964031091,BiLSTM
S214,0.29469043787317645,0.28162493597444227,0.37617672975352534,0.04750789639885568,BiLSTM
S215,0.3350703665034502,0.34109558984625626,0.27997752783091484,0.043856515819379355,ANN
S216,0.2637340537998168,0.36525306215799214,0.3165937514731683,0.05441913256902235,ANN
S217,0.22419836390015152,0.4391095568786544,0.2933816191242167,0.043310460096977296,ANN
S218,0.2369626440617475,0.2543219643469038,0.46401756963431456,0.04469782195703411,BiLSTM
S219,0.25197558693608024,0.4702016954223282,0.24927373171986966,0.02854898592172187,ANN
S220,0.34967515558727136,0.3999132538336174,0.2385867649977235,0.011824825581387149,ANN
S221,0.4480049683345788,0.3513122635222096,0.17513517103882334,0.02554759710438796,1D-CNN
S222,0.14982453399086837,0.4892960824662315,0.34409024352496015,0.016789140017940282,ANN
S223,0.3230339465470058,0.3555546845392291,0.27839408743685057,0.043017281476914124,ANN
S224,0.2465052857879436,0.29629434498069873,0.4167317008887899,0.04046866834256763,BiLSTM
S225,0.3371763344542076,0.3797223026606007,0.2588485792822801,0.024252783602911717,ANN
S226,0.37144956146971464,0.2855977462359872,0.2944007749007374,0.04855191739356035,1D-CNN
S227,0.24804952368623026,0.3885421076747978,0.3269033493701476,0.03650501926882409,ANN
S228,0.3224857279824746,0.3490654126919897,0.28608647654496333,0.04236238278057268,ANN
S229,0.2152769015357537,0.4248484880824559,0.32947618584394756,0.030398424537842958,ANN
S230,0.2944125955309253,0.3390854205300936,0.29949465886202375,0.06700732507695725,ANN
S231,0.28279331583507505,0.23880962913198717,0.4451261191426894,0.03327093589024841,BiLSTM
S232,0.4468375224275755,0.2575285828681397,0.26643283954730634,0.0292010551569788,1D-CNN
S233,0.3543357366051843,0.28771117695546533,0.2935044886707643,0.0644485977685861,1D-CNN
S234,0.30464404278792906,0.31211936972103843,0.3268445597418526,0.05639202774918046,BiLSTM
S235,0.29178942443576394,0.47167183249648814,0.20369816041079647,0.03284058265695193,ANN
S236,0.23888649462333084,0.4121964733931426,0.2887074129900937,0.060209618993433016,ANN
S237,0.3038498603116416,0.34908756703044624,0.3002998636247312,0.046762709033181284,ANN
S238,0.3404387504006244,0.3251943902347272,0.2952138853768569,0.0391529739877926,1D-CNN
S239,0.13504428368843105,0.35344504955436257,0.5000831724933001,0.011427494263905361,BiLSTM
S240,0.7452638040028691,0.18990340663914876,0.060457670930545666,0.004375118427436389,1D-CNN
S241,0.35353074061440937,0.3886921577368841,0.23628035841941408,0.021496743229292275,ANN
S242,0.29480722289201206,0.28074420830278307,0.3797832852126573,0.04466528359254785,BiLSTM
S243,0.5128315021667459,0.2643696442641126,0.174563288451035,0.048235565118105735,1D-CNN
S244,0.1853431038946814,0.21087449550374684,0.5724971595890989,0.03128524101247289,BiLSTM
S245,0.40117393395020867,0.30386676346119823,0.25525259150271484,0.03970671108587811,1D-CNN
S246,0.3006711992055402,0.3822660648048426,0.273899254877369,0.04316348111224912,ANN
S247,0.3407084790885156,0.3178703916010466,0.29218626713814344,0.0492348621722945,1D-CNN
S248,0.2135932103624919,0.5455001159822395,0.20211860760027836,0.03878806605499049,ANN
S249,0.19565551146672588,0.39258484357676754,0.3575119388260335,0.054247706130473194,ANN
S250,0.2120582708721583,0.2521052872770875,0.49802007706755136,0.037816364783202716,BiLSTM
S251,0.565689754601381,0.30749215355748044,0.11552455649249656,0.011293535348642225,1D-CNN
S252,0.45418686328183183,0.24878204765662762,0.26017883766055094,0.03685225140098978,1D-CNN
S253,0.24082950200440112,0.2763599097950829,0.4043969105816961,0.07841367761881957,BiLSTM
S254,0.24382250089628088,0.4879221707175644,0.23158799150003143,0.03666733688612247,ANN
S255,0.15972097651579015,0.470560029456423,0.3245929891672558,0.04512600486053156,ANN
S256,0.33503668273191095,0.35906267973335443,0.24422799813675128,0.06167263939798366,ANN
S257,0.2518770150375872,0.31808822577702034,0.39360199069240764,0.0364327684929844,BiLSTM
S258,0.38592297228355643,0.2786907664048403,0.29921749625783445,0.03616876505376961,1D-CNN
S259,0.3913533730288953,0.3357056116030657,0.22901229224334935,0.04392872312468958,1D-CNN
S260,0.2785452428314853,0.3263645669308839,0.3253728486055061,0.06971734163212456,ANN
S261,0.25525444732197206,0.20436569649672412,0.5085492208787017,0.03183063530260228,BiLSTM
S262,0.43117947195801126,0.2749286348529534,0.25652502830267837,0.03736686488635745,1D-CNN
S263,0.3268510403223383,0.29792436326606375,0.32813813832534966,0.047086458086248575,BiLSTM
S264,0.18843476937874154,0.2816519462169886,0.4792891244313419,0.05062415997292794,BiLSTM
S265,0.404314329504417,0.30813567028334826,0.2502067898350961,0.03734321037713872,1D-CNN
S266,0.34060008250778717,0.39121226861340297,0.22130767434882162,0.04687997452998875,ANN
S267,0.21173124971436424,0.3367673498871784,0.3907385818770479,0.06076281852140922,BiLSTM
S268,0.24419163516863035,0.20134412833084062,0.5234404268388451,0.031023809661684026,BiLSTM
S269,0.25132012668219544,0.4002622802646462,0.30010295783206076,0.04831463522109679,ANN
S270,0.2987261601076799,0.3088890437225439,0.3261070661989232,0.06627772997085339,BiLSTM
S271,0.1931140932430097,0.5054549023815099,0.25457117477583513,0.04685982959964592,ANN
S272,0.20079039280976457,0.18027231661378618,0.5404363790487945,0.07850091152765507,BiLSTM
S273,0.3652468107618362,0.2954186883471228,0.30305956963735486,0.03627493125368626,1D-CNN
S274,0.5579515398939388,0.36516964473162605,0.06724222472438139,0.009636590650053928,1D-CNN
S275,0.29885026646872936,0.35522812207793614,0.31272494149347513,0.03319666995985912,ANN
S276,0.30207180823144547,0.3394061257197455,0.31128364541474407,0.047238420634064845,ANN
S277,0.3306875878515857,0.33901336336890087,0.2829460680841335,0.047352980695380874,ANN
S278,0.2896251976656333,0.30011652941150807,0.36542833138853315,0.04482994153432561,BiLSTM
S279,0.4269062071429569,0.3507022203972986,0.19697166339291197,0.025419909066831736,1D-CNN
S280,0.39662063468101766,0.1656667336588054,0.36446206237093964,0.073250569289237,1D-CNN
S281,0.5756292725117341,0.29999485039692725,0.110213340729132,0.01416253636220673,1D-CNN
S282,0.678193745041396,0.24356345409083766,0.07175117474579011,0.006491626121976933,1D-CNN
S283,0.29405140224527737,0.560157584967013,0.1350704151837027,0.010720597604006777,ANN
S284,0.3349285735713798,0.3437496864741107,0.2778923145523728,0.04342942540213652,ANN
S285,0.3147856164590721,0.32094389317472927,0.3102770592519122,0.053993431114286866,ANN
S286,0.34976115461243656,0.32726113533594137,0.28071053272033725,0.042267177331285086,1D-CNN
S287,0.35535402705688945,0.34534769170194873,0.2678043404652798,0.03149394077588286,1D-CNN
S288,0.21866716210018342,0.2204383414210902,0.49933245594373693,0.061562040534989315,BiLSTM
S289,0.07354027807054486,0.1215944269791557,0.7643341345404275,0.04053116040987251,BiLSTM
S290,0.5041014480698455,0.225002896315239,0.22998545311279694,0.040910202502118416,1D-CNN
S291,0.27838627347035827,0.5872932301016337,0.12326550934414904,0.011054987083858337,ANN
S292,0.1199025344304286,0.14566445615756757,0.7122976127957757,0.022135396616227553,BiLSTM
S293,0.440751320950546,0.185277820822551,0.3365313324354067,0.037439525791497154,1D-CNN
S294,0.3964625608321665,0.27637929569771796,0.2880310418856025,0.03912710158451302,1D-CNN
S295,0.33518482415685596,0.28441762291820327,0.28950649534610406,0.09089105757883689,1D-CNN
S296,0.20815774559109748,0.21993424734197858,0.5431114397692158,0.028796567297708117,BiLSTM
S297,0.30968010685208636,0.4369403028174716,0.22659164478465274,0.026787945545788824,ANN
S298,0.29339160753003335,0.422359514780045,0.24177587257807956,0.042473005111842474,ANN
S299,0.3040478197376193,0.29796406812219084,0.3490988045683119,0.04888930757187776,BiLSTM
S300,0.25836627639955373,0.39502247780150795,0.2840521127580615,0.06255913304087594,ANN
S301,0.19596031387565813,0.25401746274430825,0.4715905017434005,0.07843172163663317,BiLSTM
S302,0.2900902475733736,0.2945918937866538,0.384392146199287,0.030925712440686405,BiLSTM
S303,0.767204603650579,0.10173631995221565,0.11459466176944133,0.0164644146277638,1D-CNN
S304,0.4323807272046743,0.4933929385785686,0.0663413228989858,0.007885011317770115,ANN
S305,0.19912854269488217,0.21360846253230045,0.4777664905378232,0.10949650423499416,BiLSTM
S306,0.29773766235259974,0.2969021972449859,0.3690619813762654,0.0362981590261487,BiLSTM
S307,0.4674220112685417,0.3367049624256994,0.15916233828658294,0.036710688019175965,1D-CNN
S308,0.2493860167599231,0.41592137202008894,0.29523233129500354,0.03946027992498492,ANN
S309,0.21502246562689706,0.2950262578512813,0.45652381504754874,0.03342746147427251,BiLSTM
S310,0.21032471805485015,0.3719673596617609,0.34944417881823714,0.06826374346515138,ANN
S311,0.3236735159344778,0.2932910101268546,0.31427691277667036,0.06875856116199679,1D-CNN
S312,0.20928521755616095,0.31864703793835003,0.4016576626867979,0.07041008181869104,BiLSTM
S313,0.12499954894409081,0.2831810370708573,0.5158484762775912,0.07597093770746073,BiLSTM
S314,0.3504080178990772,0.3575868106374905,0.23988998326845018,0.05211518819498171,ANN
S315,0.27697956864081374,0.5548747352959659,0.13836783414728068,0.02977786191593993,ANN
S316,0.32331077029861427,0.3494636359825261,0.3074032234662758,0.019822370252583234,ANN
S317,0.42285740433409996,0.36416864703807356,0.16668945342816377,0.04628449519966355,1D-CNN
S318,0.10071975067464564,0.5540386244672626,0.33468080547432033,0.010560819383771103,ANN
S319,0.4137129980189764,0.3600017145839486,0.193052571399926,0.033232715997148984,1D-CNN
S320,0.3111527629807909,0.45395393737541817,0.18790501025953776,0.04698828938425256,ANN
S321,0.2295763511687391,0.33846235117765167,0.4033942604982431,0.02856703715536651,BiLSTM
S322,0.4986460177768383,0.2412303967909123,0.21403308134967358,0.04609050408257663,1D-CNN
S323,0.3510682995817538,0.2962698876067403,0.3159067998785452,0.03675501293296095,1D-CNN
S324,0.18916317432962104,0.6753841663795911,0.11550936028496017,0.019943299005827878,ANN
S325,0.37013541575449094,0.3243371610747955,0.259605668550164,0.04592175462054907,1D-CNN
S326,0.21249385700603682,0.5031205423308907,0.23567494553510657,0.048710655127965075,ANN
S327,0.3847894471534366,0.27548737046051347,0.2773940852205719,0.06232909716547773,1D-CNN
S328,0.19975634579209955,0.44873294250432083,0.3194632011082998,0.03204751059527911,ANN
S329,0.3127007676237635,0.2375506019319614,0.41897089589383635,0.030777734550438217,BiLSTM
S330,0.6090979745783286,0.17563781397031777,0.19079550047350968,0.02446871097784402,1D-CNN
S331,0.36622951915777086,0.3020640206021461,0.28095787547491646,0.05074858476516704,1D-CNN
S332,0.22846883794558487,0.3106386964344956,0.36899473093443674,0.0918977346854827,BiLSTM
S333,0.16028874094850443,0.6597297638715377,0.1681914271119262,0.011790068068030922,ANN
S334,0.3195271332590053,0.42657103003167296,0.23165575321026402,0.022246083499058,ANN
S335,0.5601286042705504,0.181633305184517,0.20289198780780876,0.055346102737123655,1D-CNN
S336,0.20101190895966295,0.21394572776750914,0.5044964505982651,0.08054591267456344,BiLSTM
S337,0.2832279756800494,0.1884462636096687,0.47993752147369156,0.04838823923659014,BiLSTM
S338,0.5931437575436996,0.2982760332737466,0.08191973011195718,0.026660479070597758,1D-CNN
S339,0.23999652206632557,0.18527268708872976,0.5244221614782161,0.05030862936672795,BiLSTM
S340,0.18991212750429967,0.32707100011378765,0.45481138014669636,0.028205492235216668,BiLSTM
S341,0.30088457983758926,0.27941659745969,0.36447101975571794,0.05522780294700302,BiLSTM
S342,0.32429738406754643,0.3092705124749851,0.32669192345184767,0.03974018000562077,BiLSTM
S343,0.32605462805299446,0.37021361448676493,0.250395816508562,0.05333594095167828,ANN
S344,0.21520309947401506,0.25343958299840486,0.4811289560510662,0.05022836147651416,BiLSTM
S345,0.1876079106783928,0.5855068939174712,0.19810098256298814,0.028784212841147662,ANN
S346,0.4556368567959385,0.2510185149711429,0.2634411094020229,0.029903518830895183,1D-CNN
S347,0.47269671524963486,0.2905507843387131,0.1974428604514299,0.039309639960221056,1D-CNN
S348,0.2438586018204148,0.3866798817188843,0.3093555003705592,0.0601060160901419,ANN
S349,0.26519071023986085,0.32206911387794573,0.37774148323244583,0.034998692649748364,BiLSTM
S350,0.35178194182309025,0.31947698246516065,0.27518510910791216,0.053555966603837137,1D-CNN
S351,0.4057414081875468,0.3545158829957575,0.20743332761210456,0.03230938120459198,1D-CNN
S352,0.21972209759309635,0.35461669442351795,0.40138702555040684,0.02427418243297904,BiLSTM
S353,0.33838990339415187,0.2948006947416234,0.32613539987263196,0.040674001991593836,1D-CNN
S354,0.39328039885485294,0.31293937309633657,0.25011209478418894,0.0436681332646214,1D-CNN
S355,0.22259386981485793,0.36526118223895515,0.3529238087224811,0.059221139223705754,ANN
S356,0.03682637848237809,0.9427031423078185,0.018082907397118198,0.0023875718126851243,ANN
S357,0.25905906273632257,0.24235171013234857,0.44669386840567915,0.051895358725649834,BiLSTM
S358,0.0862840018927665,0.4161494456408087,0.4435118363635634,0.0540547161028616,BiLSTM
S359,0.5287196671688971,0.1619346822277097,0.2166226893862697,0.09272296121712367,1D-CNN
S360,0.20446907089459998,0.4165790831628394,0.321319218557006,0.057632627385555045,ANN
S361,0.24243257074722077,0.33119186155764146,0.3924701094362657,0.03390545825887169,BiLSTM
S362,0.1989690133380389,0.36748283764912143,0.38350035043194414,0.05004779858089469,BiLSTM
S363,0.23474098159215226,0.2810235766124879,0.4264287467383688,0.05780669505699061,BiLSTM
S364,0.3100602346374559,0.24548320246636499,0.39892013499984685,0.045536427896332235,BiLSTM
S365,0.3751163787193155,0.22860404799732043,0.32272033705835995,0.07355923622500389,1D-CNN
S366,0.32194977601881225,0.2417767102741902,0.37156675154029467,0.06470676216670285,BiLSTM
S367,0.28370268939736804,0.5375910560010707,0.1508941349876276,0.027812119613933754,ANN
S368,0.3912409534788605,0.3790676543787007,0.18437727166620813,0.045314120476231214,1D-CNN
S369,0.23915105710105805,0.27907152880353564,0.4184191268282622,0.0633582872671444,BiLSTM
S370,0.3635626123321602,0.366971400400869,0.2406926464366585,0.02877334083031169,ANN
S371,0.2812501900964538,0.14507798309631495,0.5044585955554256,0.0692132312518058,BiLSTM
S372,0.23233647946309807,0.3188245078722689,0.4086815894354816,0.04015742322915134,BiLSTM
S373,0.36588702739483697,0.23933639350605912,0.32860705308125515,0.0661695260178485,1D-CNN
S374,0.25711444566081026,0.3227752710409186,0.3429979668865478,0.07711231641172274,BiLSTM
S375,0.2514098487664961,0.3370337784140991,0.3634193768588163,0.048136995960588534,BiLSTM
S376,0.2678386601287888,0.20548977175567984,0.4608958076001852,0.06577576051534614,BiLSTM
S377,0.22369487417185885,0.2892148178245673,0.46389928265543656,0.02319102534813698,BiLSTM
S378,0.4235629069307042,0.3073622265988991,0.2428872302332691,0.026187636237127776,1D-CNN
S379,0.39321318605618427,0.27936166260587647,0.2685533815534769,0.05887176978446229,1D-CNN
S380,0.26344964107673025,0.25373367848530853,0.4116610315221239,0.07115564891583734,BiLSTM
S381,0.1659121566520338,0.37215761696120764,0.4236389293972274,0.03829129698953135,BiLSTM
S382,0.3343207162110497,0.277311786673626,0.32088388361555553,0.06748361349976871,1D-CNN
S383,0.30383344731764517,0.3754610076245277,0.2779806446982406,0.04272490035958633,ANN
S384,0.3741115874140548,0.24987084022312547,0.33445094280330745,0.04156662955951242,1D-CNN
S385,0.3019040183153233,0.2865883901891118,0.3462318450874701,0.0652757464080952,BiLSTM
S386,0.19700240080485049,0.34789641627587764,0.4163035966744247,0.038797586244847325,BiLSTM
S387,0.26652622134755216,0.4872511139369884,0.2329820950342167,0.013240569681243044,ANN
S388,0.5380405164208468,0.33449323150703536,0.1172404200730433,0.010225831999074108,1D-CNN
S389,0.3666037334676051,0.2426622720799278,0.2501338055073244,0.14060018894514295,1D-CNN
S390,0.3026795119855661,0.24973829269709974,0.3884741921532391,0.05910800316409464,BiLSTM
S391,0.4097213096234107,0.31370000445659174,0.24804178158274062,0.028536904337256527,1D-CNN
S392,0.3959965394628396,0.3618987679869628,0.1905771126948439,0.05152757985535358,1D-CNN
S393,0.2412535371032721,0.31729520582418436,0.3966752896423585,0.044775967430184624,BiLSTM
S394,0.36542442110394807,0.371291859179175,0.22115076712420265,0.042132952592674446,ANN
S395,0.2742666392918745,0.33206064948308944,0.3240796258460655,0.06959308537897052,ANN
S396,0.29882419363882334,0.3269483945991723,0.31590532849864894,0.05832208326335559,ANN
S397,0.2693390160239916,0.391551232810498,0.27264952812577553,0.0664602230397347,ANN
S398,0.20891558592332116,0.4581381185871226,0.29402182861039844,0.03892446687915828,ANN
S399,0.10680878488088376,0.8014897509410203,0.08578438574483378,0.005917078433262587,ANN
S400,0.38738333631731037,0.353411471239609,0.22860088063030157,0.030604311812779332,1D-CNN
S401,0.3277618217217181,0.34465187346648385,0.2970217577925031,0.030564547019294175,ANN
S402,0.37032210849721486,0.3129574631587754,0.27865852681570663,0.03806190152830258,1D-CNN
S403,0.3409084203284742,0.31135283855027235,0.3015207776866053,0.046217963434648346,1D-CNN
S404,0.2662372013029059,0.3210091224263793,0.36163843198841583,0.05111524428229938,BiLSTM
S405,0.14068833200354536,0.4977712506303196,0.3139553867631684,0.047585030602966844,ANN
S406,0.34293546104119105,0.4200332299215946,0.2120900296158203,0.024941279421394708,ANN
S407,0.3376260742433593,0.42391720412833434,0.20747669869268223,0.03098002293562425,ANN
S408,0.2164513470833615,0.44821719358191014,0.3266506276971183,0.008680831637608947,ANN
S409,0.3489672742052366,0.5181574939964161,0.12259730273244349,0.010277929065904865,ANN
S410,0.2524226527261279,0.4536696651593761,0.2715550571153279,0.022352624999167927,ANN
S411,0.2785444928283342,0.37168509114039305,0.32085061026260436,0.028919805768668094,ANN
S412,0.29115726773490636,0.36350690903660704,0.3133584205125008,0.0319774027159857,ANN
S413,0.29473370882843497,0.3405472140088211,0.30864016279065876,0.05607891437208505,ANN
S414,0.15894281816512684,0.3950685351911522,0.40846683727953037,0.03752180936419109,BiLSTM
S415,0.22369396872995964,0.28698238436943435,0.42971804185499374,0.05960560504561254,BiLSTM
S416,0.1569684936445979,0.29478859054982237,0.5295672820768895,0.018675633728689904,BiLSTM
S417,0.41436525737718705,0.254508348125759,0.28246819234743725,0.04865820214961657,1D-CNN
S418,0.33287715148251323,0.27269248910518223,0.35607391039394254,0.03835644901836182,BiLSTM
S419,0.37139981898609875,0.30370777242040803,0.27006485926775925,0.05482754932573356,1D-CNN
S420,0.2308393344767975,0.40277747395398783,0.3052313325405904,0.06115185902862384,ANN
S421,0.21450264261557486,0.40128206571537695,0.3356388260176419,0.04857646565140621,ANN
S422,0.4620397290684731,0.24449287928221058,0.2682732768729381,0.02519411477637848,1D-CNN
S423,0.054070542141795123,0.8487898292401611,0.09350561860582518,0.003634010012217743,ANN
S424,0.3117968467149205,0.46498522415901844,0.21033189361573099,0.012886035510329514,ANN
S425,0.19742364746745264,0.3953937239705675,0.3572055769700047,0.049977051591975345,ANN
S426,0.13108875290992877,0.22740503514314014,0.6225306541776058,0.018975557769325257,BiLSTM
S427,0.7555111125882096,0.1269826047879804,0.1057257302948366,0.011780552328973175,1D-CNN
S428,0.42182435467069107,0.2538482627075484,0.25974768165324713,0.06457970096851336,1D-CNN
S429,0.3424960391832941,0.27778075207442693,0.3239049364230838,0.0558182723191946,1D-CNN
S430,0.43929207005961096,0.30468496859603433,0.2165749050201261,0.039448056324228736,1D-CNN
S431,0.3282484065159333,0.41892972439888376,0.22163356161765715,0.031188307467525392,ANN
S432,0.17209659892153156,0.6363036781016963,0.149525376449444,0.04207434652732811,ANN
S433,0.11990601421224621,0.11947117729378937,0.7452046223295303,0.015418186164434411,BiLSTM
S434,0.6452222308694382,0.18249398578486853,0.15599733752519396,0.016286445820499044,1D-CNN
S435,0.3338798265662792,0.4417671974106959,0.20626857384480318,0.018084402178221694,ANN
S436,0.22867679712082897,0.3083682388455707,0.43994942239022367,0.023005541643376665,BiLSTM
S437,0.4346161681873663,0.28149722850589604,0.2517101280408257,0.032176475265912136,1D-CNN
S438,0.34668330028085276,0.26721664049893973,0.3338284962264404,0.05227156299376676,1D-CNN
S439,0.23300207307944604,0.44297425388294426,0.2741230778431669,0.04990059519444324,ANN
S440,0.36452339321350646,0.3354597486610598,0.24119611455992834,0.058820743565505366,1D-CNN
S441,0.19152278227396854,0.20955828413410815,0.5249944878888498,0.07392444570307391,BiLSTM
S442,0.24972855568223726,0.24332970313976313,0.45608224091935595,0.05085950025864396,BiLSTM
S443,0.3799801085171098,0.41102604485074684,0.18210645219750596,0.026887394434638515,ANN
S444,0.3912218405798887,0.40177845316458466,0.1779903343810895,0.02900937187443729,ANN
S445,0.32768422933722274,0.3252342761805748,0.31143777681493806,0.03564371766726489,1D-CNN
S446,0.2886455994209795,0.4348554184614206,0.21994182242883545,0.05655715968876485,ANN
S447,0.17717778900788014,0.22253011847116644,0.5655092358997387,0.03478285662121482,BiLSTM
