Segment,1D-CNN,ANN,BiLSTM,LSTM,Selected
S1,0.29235435146408006,0.25364452488225264,0.3342990435281702,0.1197020801254969,BiLSTM
S2,0.5508840676209141,0.2421774404274161,0.13818284446044832,0.06875564749122137,1D-CNN
S3,0.27047676131263565,0.30856026700228517,0.31285987121435793,0.10810310047072096,BiLSTM
S4,0.20351191953027836,0.2855823095733983,0.42696251068689633,0.08394326020942701,BiLSTM
S5,0.2561329047754252,0.21579662365868124,0.424202523594202,0.10386794797169173,BiLSTM
S6,0.41296369627682417,0.2231433380033271,0.23375097960118776,0.1301419861186608,1D-CNN
S7,0.2831640659565773,0.25277529325752407,0.2519672010490606,0.2120934397368379,1D-CNN
S8,0.3011023491582192,0.24682647978860786,0.3323224094589091,0.11974876159426415,BiLSTM
S9,0.21952496448771658,0.2229721184437676,0.47488316762435584,0.08261974944415998,BiLSTM
S10,0.23214284663222282,0.29163342876921305,0.39108066634616073,0.08514305825240373,BiLSTM
S11,0.10449984480522458,0.36940478029783236,0.508773770287996,0.01732160460894712,BiLSTM
S12,0.1356959448524081,0.39454242906659526,0.43371584552974685,0.03604578055125011,BiLSTM
S13,0.21988931811958634,0.5140619233801464,0.18336460218786596,0.08268415631240104,ANN
S14,0.4223298869512686,0.2624792584691159,0.16090801077790534,0.1542828438017104,1D-CNN
S15,0.4724862030286994,0.2621868591319129,0.15598145106838815,0.10934548677099963,1D-CNN
S16,0.3855833163187428,0.2839633003794427,0.26324370979855266,0.0672096735032615,1D-CNN
S17,0.2685062020156986,0.2582949365332194,0.3882607865627324,0.08493807488834966,BiLSTM
S18,0.292130985632325,0.2843672756629095,0.32667559010636704,0.09682614859839826,BiLSTM
S19,0.34754639333697324,0.2827480953225218,0.27135657273850766,0.09834893860199696,1D-CNN
S20,0.4266476649267571,0.22170316157018116,0.2240853547673152,0.12756381873574618,1D-CNN
S21,0.6187156149094984,0.17254575109900766,0.11778042667346714,0.09095820731802642,1D-CNN
S22,0.47985493372177135,0.3712210000027689,0.09743826191985266,0.05148580435560698,1D-CNN
S23,0.2997624414995388,0.4700507295657014,0.1644427777327504,0.06574405120200937,ANN
S24,0.4537613567390705,0.1963681398376401,0.24235105165143694,0.1075194517718523,1D-CNN
S25,0.2828856375106233,0.3400039579711375,0.29452236518181985,0.0825880393364192,ANN
S26,0.27296556007893313,0.26330275898578026,0.3576776695894181,0.1060540113458687,BiLSTM
S27,0.21677785782870185,0.31537292174604525,0.39873605006935775,0.06911317035589501,BiLSTM
S28,0.2852957058035366,0.3717288331382174,0.2576339762168941,0.0853414848413521,ANN
S29,0.49491260564988376,0.2917643228654539,0.15641004253022703,0.05691302895443537,1D-CNN
S30,0.20396075468830993,0.5262089143562662,0.1268505852637792,0.14297974569164482,ANN
S31,0.49057804641725083,0.24712121980837704,0.10814084343225391,0.15415989034211805,1D-CNN
S32,0.42757050702011545,0.3381015962958691,0.10297045027525625,0.13135744640875896,1D-CNN
S33,0.3473685366733098,0.2757067652575913,0.17831452365138828,0.1986101744177104,1D-CNN
S34,0.5042258573577557,0.1756781077350555,0.22469425036036686,0.09540178454682212,1D-CNN
S35,0.20825663384843315,0.37345672400313773,0.3349973946352005,0.08328924751322841,ANN
S36,0.28355993871207824,0.23229734981930583,0.3352134435421484,0.14892926792646735,BiLSTM
S37,0.5224315325369121,0.18808764373642767,0.18464839266109537,0.10483243106556477,1D-CNN
S38,0.42769958858925006,0.29377710482636066,0.17106707327900028,0.10745623330538893,1D-CNN
S39,0.2904758369179036,0.23687866505568328,0.3668273878722371,0.10581811015417608,BiLSTM
S40,0.13811625933242686,0.12629566115830695,0.6853215152124863,0.050266564296779705,BiLSTM
S41,0.10833988420861361,0.11655076509843504,0.7367552915098758,0.03835405918307519,BiLSTM
S42,0.1734464026878092,0.5206974205089028,0.28517163049992617,0.020684546303362153,ANN
S43,0.36801355171188954,0.44868434242524596,0.1667709575763824,0.016531148286482146,ANN
S44,0.30974425555876983,0.3094240849332275,0.22479073049246773,0.1560409290155351,1D-CNN
S45,0.4172629354418293,0.20957169046799304,0.1887048865767702,0.18446048751340782,1D-CNN
S46,0.358582796785826,0.33953853140519275,0.19012424404209588,0.11175442776688523,1D-CNN
S47,0.2713648243688595,0.358601072308531,0.2920966574804745,0.07793744584213495,ANN
S48,0.2638510617048804,0.22525592677475673,0.40624259194308976,0.10465041957727289,BiLSTM
S49,0.2912857214025915,0.2782115375384953,0.3325760896800198,0.09792665137889325,BiLSTM
S50,0.4617930359974029,0.20461308493061198,0.26289797436196916,0.0706959047100162,1D-CNN
S51,0.21378784803972248,0.21444568058639943,0.3507220543430672,0.2210444170308108,BiLSTM
S52,0.25888811220650043,0.33520554747001535,0.315827972930908,0.09007836739257608,ANN
S53,0.14552013872052985,0.17932612086098437,0.5990600717707566,0.0760936686477294,BiLSTM
S54,0.26376042313709314,0.3011274892642984,0.32426940761965956,0.11084267997894902,BiLSTM
S55,0.295628737098533,0.28384268366954746,0.2164238368476959,0.20410474238422363,1D-CNN
S56,0.45152573277212327,0.2134451751332702,0.15887610054996373,0.1761529915446429,1D-CNN
S57,0.7543149630189071,0.08851611717442633,0.08800994252097602,0.06915897728569045,1D-CNN
S58,0.6290521202438742,0.12926568385490317,0.15719630438873985,0.08448589151248262,1D-CNN
S59,0.28072534244921565,0.1298670311822673,0.49417485356768964,0.09523277280082734,BiLSTM
S60,0.3075774388085635,0.3721679611468212,0.21980701340762485,0.10044758663699023,ANN
S61,0.3432330852609977,0.2404029385172348,0.346639173336972,0.0697248028847954,BiLSTM
S62,0.12709628005245713,0.11213999790863192,0.7255496848417725,0.03521403719713835,BiLSTM
S63,0.07490962067488023,0.5457453541750067,0.36882809232016456,0.01051693282994817,ANN
S64,0.10647421933723812,0.2803763551012478,0.6028322186009686,0.01031720696054556,BiLSTM
S65,0.21807858140566408,0.5019659819967189,0.2285684712531913,0.0513869653444254,ANN
S66,0.30228221340739586,0.37183264753925155,0.2277333392663161,0.09815179978703652,ANN
S67,0.4436365936064728,0.2596242111331932,0.1755920638516893,0.12114713140864476,1D-CNN
S68,0.30423151302158563,0.38972211754019526,0.2476876529160968,0.058358716522122586,ANN
S69,0.19049794767691905,0.3377184384915281,0.4236937352171539,0.04808987861439906,BiLSTM
S70,0.2956246243637927,0.28753038413174065,0.3374727135789923,0.0793722779254746,BiLSTM
S71,0.31083884634167647,0.28244063359660415,0.3227984032403131,0.0839221168214061,BiLSTM
S72,0.3040607967363909,0.33424253630562756,0.26442605479839487,0.09727061215958704,ANN
S73,0.5827521969461963,0.18036380755410425,0.1429712415333625,0.09391275396633705,1D-CNN
S74,0.3425002908458384,0.45620423562067086,0.1378141788395814,0.06348129469390967,ANN
S75,0.2998594605970384,0.3321676400169495,0.2672309242646816,0.10074197512133046,ANN
S76,0.26314226534903024,0.22776103780515158,0.416299931933157,0.09279676491266112,BiLSTM
S77,0.27662994848121886,0.26015704950378743,0.3632624024933456,0.09995059952164798,BiLSTM
S78,0.9821762952040578,0.008831403781055167,0.007310209762275162,0.0016820912526118678,1D-CNN
S79,0.40638047459562576,0.14003990352893628,0.428230340637138,0.025349281238300075,BiLSTM
S80,0.1679346050901583,0.40723722460399286,0.3863884365117428,0.03843973379410579,ANN
S81,0.3003308844686931,0.2943909320788205,0.2809134924684417,0.12436469098404478,1D-CNN
S82,0.3253832040143411,0.2643572285847758,0.2928370133512412,0.11742255404964204,1D-CNN
S83,0.4160153983834749,0.22107933504793978,0.2732977639406648,0.08960750262792049,1D-CNN
S84,0.3787578670362468,0.27847065551233685,0.2641814197335161,0.07859005771790037,1D-CNN
S85,0.3702060453723675,0.28507296697109363,0.22239802165667616,0.12232296599986225,1D-CNN
S86,0.44715118182214647,0.17309517445999137,0.21316030951088366,0.16659333420697864,1D-CNN
S87,0.26939402924013567,0.2980645613091516,0.33598936075220687,0.09655204869850598,BiLSTM
S88,0.22326978111010862,0.28733923732641586,0.41759449699056983,0.07179648457290592,BiLSTM
S89,0.151059829498318,0.15443009572243901,0.635720761886016,0.05878931289322683,BiLSTM
S90,0.1341796289122636,0.14871021654069486,0.6720744262859,0.04503572826114132,BiLSTM
S91,0.3142429359757936,0.34165080783714424,0.26851736353006656,0.07558889265699562,ANN
S92,0.25855578544854085,0.26206377053640795,0.39864371739484494,0.08073672662020628,BiLSTM
S93,0.19469261864031565,0.19033766291161938,0.5147830624635973,0.10018665598446763,BiLSTM
S94,0.3701305868731024,0.34667539019018945,0.2021643932643771,0.08102962967233118,1D-CNN
S95,0.4933715156222581,0.2066246297037736,0.17184783149722843,0.12815602317673971,1D-CNN
S96,0.4774926724790704,0.27932668605757616,0.13159881442490945,0.11158182703844421,1D-CNN
S97,0.45625777592451994,0.42629620491787007,0.07522996310303819,0.04221605605457198,1D-CNN
S98,0.3812309029755587,0.3093784511189839,0.2185679473411643,0.09082269856429304,1D-CNN
S99,0.24455499749924428,0.3671782199574867,0.29881618014859396,0.0894506023946752,ANN
S100,0.2017330858198094,0.478080891925836,0.25614008924154935,0.06404593301280515,ANN
S101,0.4092677819063985,0.16134195803248103,0.40454844682562835,0.024841813235491873,1D-CNN
S102,0.19605575512262546,0.20574468517203232,0.5553931765872732,0.042806383118068836,BiLSTM
S103,0.3309654733663861,0.3526351074057071,0.25328041208434715,0.06311900714355977,ANN
S104,0.3082872013725832,0.2943387148132733,0.2628638723879352,0.1345102114262086,1D-CNN
S105,0.5119080172046854,0.27629577502903463,0.1391136995252958,0.07268250824098427,1D-CNN
S106,0.48838905073173516,0.41919346979175204,0.06644524075717693,0.025972238719335815,1D-CNN
S107,0.3268223078412893,0.3386089141039741,0.2550583999877595,0.07951037806697668,ANN
S108,0.3084718021802764,0.25974887101311,0.35547503525881546,0.07630429154779818,BiLSTM
S109,0.30228451588031224,0.29684571984506486,0.3114135896130412,0.08945617466158191,BiLSTM
S110,0.22300007605252198,0.4215758610338951,0.2627841186783202,0.09263994423526256,ANN
S111,0.27612835809937,0.3917379948561008,0.2570004165591422,0.07513323048538735,ANN
S112,0.35605471214051115,0.25170943479269026,0.21308561821293873,0.17915023485385986,1D-CNN
S113,0.3369336434398023,0.2954434025973478,0.2612972629907973,0.10632569097205274,1D-CNN
S114,0.27784072924106673,0.32045731693256957,0.2947558229248329,0.10694613090153075,ANN
S115,0.2905422834245498,0.17003332482181824,0.4205539215248521,0.11887047022878007,BiLSTM
S116,0.3076653642139917,0.3675206217332342,0.24071468682489744,0.08409932722787655,ANN
S117,0.34848798781571455,0.32363482380292385,0.20966105492139075,0.11821613345997099,1D-CNN
S118,0.18286793498455017,0.28590666938318077,0.47347746280414243,0.05774793282812686,BiLSTM
S119,0.27859148170158315,0.38884118581205995,0.25516544613032716,0.07740188635602983,ANN
S120,0.24725579384182592,0.30931775593522626,0.363582800167016,0.07984365005593182,BiLSTM
S121,0.2938516627335043,0.3257711634736484,0.2731309581987921,0.10724621559405503,ANN
S122,0.3815667232765601,0.38880830723136506,0.13486708469453706,0.09475788479753816,ANN
S123,0.35644412653184754,0.48608160038851417,0.08089175554729894,0.07658251753233927,ANN
S124,0.3406158446709522,0.2742009586231641,0.20165353621911244,0.18352966048677113,1D-CNN
S125,0.26779249228483115,0.1651914659774499,0.45203727464484467,0.1149787670928742,BiLSTM
S126,0.35043974476812273,0.21278484629910635,0.28352177502648185,0.1532536339062889,1D-CNN
S127,0.2454529324661742,0.30689269590897117,0.37096175818941407,0.07669261343544033,BiLSTM
S128,0.21409153208907378,0.22927720894245496,0.46199849992133774,0.09463275904713352,BiLSTM
S129,0.3507696556754151,0.2865814319729396,0.25961239086604265,0.10303652148560281,1D-CNN
S130,0.4604962216782696,0.18212442441296736,0.27917413602377195,0.07820521788499125,1D-CNN
S131,0.2268172365910515,0.1901239598528646,0.5247026627674752,0.058356140788608665,BiLSTM
S132,0.14232448047637453,0.17661356437540787,0.6346006589282674,0.04646129621995003,BiLSTM
S133,0.17734197167395513,0.20673789976903945,0.5508199741222266,0.0651001544347787,BiLSTM
S134,0.3087126389623681,0.3846798217769017,0.22039471889243384,0.08621282036829625,ANN
S135,0.31292859780036614,0.28016966054318804,0.22138731379933177,0.18551442785711408,1D-CNN
S136,0.3371488526153289,0.26070246967997823,0.20833177132339226,0.19381690638130045,1D-CNN
S137,0.4976997528404767,0.17766122053282019,0.16574697335030705,0.15889205327639608,1D-CNN
S138,0.28569179773409553,0.2995379739099174,0.2916214586271314,0.1231487697288557,ANN
S139,0.2381458113242815,0.30243840653829923,0.36489655421496653,0.09451922792245297,BiLSTM
S140,0.11297411240881106,0.09937995067590587,0.7469482259144894,0.040697711000793724,BiLSTM
S141,0.24664026606185113,0.2335047240207311,0.4495288869871637,0.07032612293025409,BiLSTM
S142,0.3598925379473829,0.28867942559374393,0.26620265061187687,0.08522538584699646,1D-CNN
S143,0.2600150871552827,0.25230445157253,0.328041896664942,0.1596385646072456,BiLSTM
S144,0.19260443080013612,0.22165364129430482,0.5204346159228409,0.06530731198271825,BiLSTM
S145,0.131327574161343,0.12445309058301261,0.6998534058478786,0.04436592940776592,BiLSTM
S146,0.03222970320581651,0.03500599672788218,0.9220679446399902,0.010696355426310934,BiLSTM
S147,0.23474461074637956,0.43359390669423764,0.252184289683034,0.07947719287634844,ANN
S148,0.45452623091861466,0.2147375432334135,0.1693512114272795,0.1613850144206923,1D-CNN
S149,0.3531399422416668,0.3793639376460974,0.1581045034697948,0.10939161664244053,ANN
S150,0.40590170342011117,0.3257926594873864,0.16322917610280238,0.10507646098969999,1D-CNN
S151,0.27690186095141334,0.20647002200737963,0.4476123449688642,0.06901577207234293,BiLSTM
S152,0.23972706253096993,0.2605789568426533,0.36809724333173527,0.13159673729464158,BiLSTM
S153,0.22046324468783837,0.31569984319232264,0.36171526789902453,0.10212164422081413,BiLSTM
S154,0.4573045665615037,0.2654440305811972,0.14904184980081767,0.12820955305648127,1D-CNN
S155,0.30181646465955964,0.30699624280265797,0.2931319053649952,0.09805538717278701,ANN
S156,0.16347652439730828,0.36054540338043883,0.41524751259789977,0.06073055962435321,BiLSTM
S157,0.1439453650312196,0.14506785618109602,0.655167855852664,0.055818922935020505,BiLSTM
S158,0.265157684990781,0.38183506233932574,0.25440599936002084,0.09860125330987245,ANN
S159,0.2481433463809967,0.5352879128532672,0.11404535199869906,0.10252338876703677,ANN
S160,0.2965998357339612,0.3286332554264913,0.18356249745859402,0.19120441138095357,ANN
S161,0.4291199095138691,0.2945895484169801,0.15508145725002787,0.12120908481912296,1D-CNN
S162,0.21938645157806297,0.3163820066845355,0.37570669422590425,0.08852484751149728,BiLSTM
S163,0.21423719925158274,0.26235455692521664,0.43666683873154694,0.08674140509165347,BiLSTM
S164,0.21508036365688224,0.19885391884082068,0.5235428508992955,0.06252286660300184,BiLSTM
S165,0.23521131283010907,0.47700718672171905,0.2427223838337637,0.04505911661440806,ANN
S166,0.2767637988077443,0.38620516964437085,0.19541497992989865,0.14161605161798632,ANN
S167,0.36224191898138525,0.22575392952177487,0.2039996153226183,0.20800453617422165,1D-CNN
S168,0.35278428535232403,0.3416199163538418,0.18900376501083432,0.11659203328299977,1D-CNN
S169,0.34078801481810317,0.21346263317463807,0.34921710964011177,0.0965322423671466,BiLSTM
S170,0.07395832501561156,0.07455216814496668,0.8193859054586496,0.032103601380772166,BiLSTM
S171,0.3536044644256515,0.24610829081655272,0.29523156118808336,0.10505568356971239,1D-CNN
S172,0.3589980534405159,0.21814171850216585,0.349564471289311,0.07329575676800755,1D-CNN
S173,0.26107871126931775,0.30816717587423514,0.31052736216962434,0.1202267506868228,BiLSTM
S174,0.3584291742432298,0.22385705774131526,0.2551473090658709,0.16256645894958435,1D-CNN
S175,0.33720961807488975,0.3002734456340719,0.25450954514907786,0.10800739114196059,1D-CNN
S176,0.35582012059581386,0.3185616873359581,0.21054365090271387,0.11507454116551392,1D-CNN
S177,0.44926776703136595,0.20285970402303333,0.2447127396411455,0.10315978930445527,1D-CNN
S178,0.14141504816848244,0.11689471875493854,0.681658468388661,0.060031764687918154,BiLSTM
S179,0.02466093908473252,0.0353549654900046,0.9327894945179868,0.0071946009072759495,BiLSTM
S180,0.1207032098163628,0.2532523396327346,0.6115318624147829,0.014512588136119617,BiLSTM
S181,0.12091621307877892,0.2794612190433725,0.5790296034689387,0.020592964408909984,BiLSTM
S182,0.20078773684424223,0.4024434726750904,0.32284404445160886,0.07392474602905826,ANN
S183,0.296135729996326,0.41348328901667764,0.17284739841517177,0.11753358257182442,ANN
S184,0.36162956022805415,0.37182931487016696,0.16467417309781096,0.10186695180396761,ANN
S185,0.38232947783857407,0.37078476651967257,0.1823755557808316,0.06451019986092152,1D-CNN
S186,0.40010722845879065,0.24671307871652876,0.262796156601895,0.09038353622278587,1D-CNN
S187,0.22893711929667612,0.25581379294244966,0.4486751156810146,0.06657397207985954,BiLSTM
S188,0.3248864518762396,0.33890371505774913,0.2258535886630064,0.11035624440300515,ANN
S189,0.23589391388754682,0.3063547570266629,0.37599661924082367,0.08175470984496623,BiLSTM
S190,0.19713695624593336,0.29265958231845673,0.44412272177836704,0.066080739657243,BiLSTM
S191,0.3265875570582039,0.26455499785319114,0.2926900956798134,0.11616734940879145,1D-CNN
S192,0.355116143538028,0.3912293214246949,0.17934490131422973,0.07430963372304737,ANN
S193,0.3341643382001348,0.4102770181224899,0.1257966563674282,0.12976198730994723,ANN
S194,0.573822197532114,0.22800499696702756,0.10706697165002788,0.09110583385083046,1D-CNN
S195,0.3188468911197349,0.3158968401230943,0.2585181474653854,0.10673812129178527,1D-CNN
S196,0.21244128352227676,0.2328750541788517,0.46600798607853006,0.08867567622034166,BiLSTM
S197,0.18385059395601103,0.27408061949638307,0.4771011770265449,0.06496760952106113,BiLSTM
S198,0.22938513113330236,0.2684218854131945,0.4350901060367891,0.06710287741671404,BiLSTM
S199,0.2502904971453874,0.2788812748487884,0.40966972426707743,0.06115850373874678,BiLSTM
S200,0.23628469372297872,0.16813718616568235,0.5397515090910121,0.055826611020326995,BiLSTM
S201,0.12974537921003415,0.6844609138596034,0.14363002499049984,0.042163681939862606,ANN
S202,0.42852980229316584,0.27559313810051,0.16801956371162682,0.1278574958946971,1D-CNN
S203,0.2885622785094345,0.5375554299867958,0.10179456152794923,0.07208772997582069,ANN
S204,0.4598352605550875,0.3383466047571744,0.11652099830460047,0.08529713638313782,1D-CNN
S205,0.27933010144044385,0.3452740991623736,0.30248686900389143,0.0729089303932913,ANN
S206,0.26599566579575573,0.300259757198242,0.3490896418731264,0.08465493513287592,BiLSTM
S207,0.2949558058794307,0.2866199401911815,0.3295134926788782,0.08891076125050973,BiLSTM
S208,0.3593504919737941,0.2958358538263231,0.24608019676411996,0.09873345743576296,1D-CNN
S209,0.5490639591634656,0.23834438692143306,0.10828460679767532,0.10430704711742604,1D-CNN
S210,0.37237279413518,0.36219648957321443,0.16993484620946675,0.09549587008213906,1D-CNN
S211,0.2965106461607211,0.310071509281309,0.3007219197069714,0.0926959248509983,ANN
S212,0.24159244453567552,0.24472722550156892,0.42395913731282986,0.08972119264992551,BiLSTM
S213,0.26922272279319204,0.2741693593503031,0.35190787165771975,0.10470004619878544,BiLSTM
S214,0.4043491549253113,0.4081452284564679,0.12492040443715138,0.06258521218106937,ANN
S215,0.36657730208205014,0.23909914081756375,0.21547390798884697,0.17884964911153908,1D-CNN
S216,0.28389290828445385,0.3687256591180563,0.22211209671191826,0.12526933588557138,ANN
S217,0.1822697131603759,0.10978255592424808,0.6020189373980765,0.1059287935172996,BiLSTM
S218,0.23856153981869987,0.41931957096905687,0.22397261209851133,0.11814627711373202,ANN
S219,0.3737124913285399,0.2696202289217386,0.24369854849531822,0.11296873125440325,1D-CNN
S220,0.22571351850056756,0.23550646862127855,0.45884969148124105,0.07993032139691272,BiLSTM
S221,0.18258456748689894,0.22136229479428965,0.5317085018219985,0.0643446358968128,BiLSTM
S222,0.2163186995678577,0.289125591544545,0.42154599436465856,0.0730097145229389,BiLSTM
S223,0.31084614446089925,0.42437214606991436,0.18753274121707478,0.07724896825211171,ANN
S224,0.541960160087837,0.20053794400414268,0.12401893764753241,0.1334829582604879,1D-CNN
S225,0.385612372605792,0.330348311547977,0.1879356674684092,0.09610364837782197,1D-CNN
S226,0.23755275893805225,0.4537377026100893,0.25456103359828497,0.05414850485357367,ANN
S227,0.382789422071862,0.2545859115412604,0.26374218860469256,0.09888247778218501,1D-CNN
S228,0.22806603628483144,0.5430490017342169,0.17483529616220697,0.054049665818744826,ANN
S229,0.3914577361961832,0.2797799266764013,0.19277651856639388,0.13598581856102174,1D-CNN
S230,0.30433876911819413,0.3888082986680576,0.24342541488003167,0.06342751733371686,ANN
S231,0.30154692788013315,0.37246574121964515,0.22539754156156552,0.10058978933865613,ANN
S232,0.316141576019205,0.27232461863709556,0.3143878067930471,0.09714599855065206,1D-CNN
S233,0.2869035694085559,0.34752524671367097,0.27796297237004547,0.08760821150772725,ANN
S234,0.29822078166294824,0.27441304757683277,0.3141613969681431,0.11320477379207611,BiLSTM
S235,0.2912636775334153,0.3843422986312334,0.21894732334480332,0.1054467004905481,ANN
S236,0.4776599279571667,0.21817758199313889,0.17247489307421118,0.13168759697548318,1D-CNN
S237,0.3278169715032758,0.3969904831002896,0.18753812479004647,0.08765442060638837,ANN
S238,0.2407125140782387,0.2538840764234748,0.4051198645273022,0.1002835449709841,BiLSTM
S239,0.25532839124122503,0.21137745830349916,0.42844425299010397,0.10484989746517204,BiLSTM
S240,0.30674405911991903,0.2930048952958313,0.3024977236094968,0.09775332197475285,1D-CNN
S241,0.3660131074741122,0.19589571258473729,0.3695936427958249,0.06849753714532554,BiLSTM
S242,0.09309202039830981,0.43935025048487464,0.440318748825399,0.027238980291416335,BiLSTM
S243,0.30863180161130693,0.36068428280146936,0.237466893247198,0.09321702234002617,ANN
S244,0.563415675054769,0.1687676185240971,0.14931320425219102,0.11850350216894291,1D-CNN
S245,0.2414942120175615,0.5056294598501955,0.14507962520040843,0.10779670293183453,ANN
S246,0.44027500208442766,0.2441812635695202,0.22870025752321274,0.08684347682283904,1D-CNN
S247,0.25745087634411395,0.28133945520096965,0.39668559320802427,0.0645240752468921,BiLSTM
S248,0.24266560798866413,0.2949054696766616,0.3530830862682966,0.10934583606637792,BiLSTM
S249,0.43711069879256725,0.18062464529750621,0.21943905244393627,0.16282560346599043,1D-CNN
S250,0.720814215418918,0.11580177748086608,0.10722689621257193,0.05615711088764464,1D-CNN
S251,0.3267095437778943,0.2536577886696144,0.30126777285436473,0.11836489469812646,1D-CNN
S252,0.2592254882687912,0.2720308331695565,0.37912879701190844,0.08961488154974384,BiLSTM
S253,0.25709629525389127,0.2814763151504794,0.3683973038768124,0.09303008571881705,BiLSTM
S254,0.1607757790792265,0.5509379045263016,0.2402635183445336,0.048022798049938434,ANN
S255,0.15200687381868405,0.6880977543223472,0.11014548866879939,0.049749883190169285,ANN
S256,0.3436234921991379,0.2640189017490307,0.2188802364511767,0.1734773696006548,1D-CNN
S257,0.29583820772801345,0.3502287239678214,0.21846102276356316,0.13547204554060222,ANN
S258,0.36351046096685374,0.2284981346316495,0.314889520550812,0.09310188385068455,1D-CNN
S259,0.20855359793018138,0.25322295804635636,0.44598776239923876,0.09223568162422396,BiLSTM
S260,0.259691399513767,0.2711559144704392,0.37723918263250655,0.09191350338328748,BiLSTM
S261,0.23823310487907876,0.43648623645898366,0.21076464828902045,0.11451601037291738,ANN
S262,0.7156522134794905,0.10306859033228172,0.09279297072889309,0.08848622545933454,1D-CNN
S263,0.3752744593353252,0.25375819021146967,0.23992279485955964,0.13104455559364556,1D-CNN
S264,0.19674548615844964,0.45689951043665195,0.27540685440432805,0.07094814900057003,ANN
S265,0.16786957182623394,0.11934700967868564,0.6475844117604661,0.06519900673461415,BiLSTM
S266,0.2719319674981362,0.3329120151503496,0.2956510529464382,0.0995049644050763,ANN
S267,0.39507563261618794,0.27111093225491145,0.24701761970960961,0.08679581541929099,1D-CNN
S268,0.23948754032060673,0.2996806765074756,0.24653099041693058,0.21430079275498726,ANN
S269,0.35733832187805814,0.17562539823097364,0.2684197636855914,0.1986165162053769,1D-CNN
S270,0.1896697645663416,0.387568438021466,0.34510118064374423,0.07766061676844825,ANN
S271,0.18648538474124313,0.2605329381126131,0.47921429229956114,0.0737673848465826,BiLSTM
S272,0.3212426596826589,0.23794513196928638,0.33328999867573805,0.10752220967231675,BiLSTM
S273,0.30768948240546334,0.39430183545725245,0.20024336698829,0.09776531514899352,ANN
S274,0.3265079864747494,0.2195774613055138,0.3251125224712411,0.12880202974849553,1D-CNN
S275,0.21945659656046848,0.3135909667193076,0.399804388128939,0.06714804859128512,BiLSTM
S276,0.07317645917641831,0.12337380726669418,0.7766727927415696,0.026776940815318014,BiLSTM
S277,0.14953858931957786,0.2499758741093564,0.5417945056118245,0.058691030959241344,BiLSTM
S278,0.36584331397481223,0.36783733841746585,0.19553099337091684,0.07078835423680514,ANN
S279,0.28696465397066645,0.3345925643320742,0.21131787725348708,0.1671249044437721,ANN
S280,0.705952578149195,0.1052982825112013,0.09589948897969836,0.09284965035990536,1D-CNN
S281,0.28329144763247527,0.44533802211230616,0.19030582724724276,0.0810647030079759,ANN
S282,0.23109553073178676,0.33370481774988997,0.34334218890994767,0.09185746260837561,BiLSTM
S283,0.2147950438794057,0.20257007446977726,0.5037366896951294,0.07889819195568774,BiLSTM
S284,0.2325932870517196,0.28472003266978085,0.40302089953184955,0.07966578074664951,BiLSTM
S285,0.47961891692965236,0.1446723710104424,0.34686307032656033,0.0288456417333451,1D-CNN
S286,0.31372959907175396,0.37217984213300953,0.23973133935395688,0.0743592194412801,ANN
S287,0.6022183259159019,0.16807396913759498,0.13543022259723395,0.09427748234926926,1D-CNN
S288,0.6561546949410669,0.13142201406900117,0.10872707535902565,0.10369621563090607,1D-CNN
S289,0.08555336795305435,0.8864761479715189,0.015571763247886184,0.012398720827540385,ANN
S290,0.38840382805815604,0.33807026145103,0.19277500984181653,0.08075090064899762,1D-CNN
S291,0.2715887323616331,0.29275661232933053,0.3406258350193633,0.09502882028967305,BiLSTM
S292,0.2643084247449767,0.2945821084296983,0.3484134127249654,0.09269605410035991,BiLSTM
S293,0.2889235386507671,0.3511620794810849,0.30434314783885197,0.05557123402929644,ANN
S294,0.6429106556360652,0.19314994278359016,0.13642191091574563,0.027517490664599027,1D-CNN
S295,0.30192578344990983,0.31489002784865355,0.2947663700672691,0.08841781863416774,ANN
S296,0.3261607158594875,0.3169943278270675,0.18384921858090736,0.17299573773253757,1D-CNN
S297,0.39674567926027926,0.25911440488056675,0.1669633212688002,0.17717659459035376,1D-CNN
S298,0.24103482015463473,0.45460337652387867,0.1821056860249504,0.12225611729653628,ANN
S299,0.4142029857104829,0.23381494079833653,0.2588627825941818,0.09311929089699862,1D-CNN
S300,0.24658713612819044,0.31824876168428595,0.3223715799861973,0.11279252220132632,BiLSTM
S301,0.35775554724596104,0.19972483089014936,0.2552626886691386,0.18725693319475076,1D-CNN
S302,0.4185493982797232,0.21111157297816788,0.24295271667667326,0.1273863120654353,1D-CNN
S303,0.340409687333116,0.24009419664707116,0.2748545991643783,0.14464151685543455,1D-CNN
S304,0.19838417994995944,0.16527419659032494,0.565227547358334,0.0711140761013813,BiLSTM
S305,0.1704448914922481,0.17115456866261947,0.5976893570032727,0.06071118284185992,BiLSTM
S306,0.18447974064565043,0.30698292640748515,0.4499243459646962,0.05861298698216837,BiLSTM
S307,0.2873418420930227,0.3575913070029029,0.25649790771935405,0.09856894318472004,ANN
S308,0.38249748567974756,0.35336690655652075,0.1724900243014922,0.0916455834622394,1D-CNN
S309,0.45910145664667473,0.23492331566706412,0.2032450386607648,0.10273018902549626,1D-CNN
S310,0.2937331283545475,0.4721742399789127,0.13829728303024164,0.09579534863629813,ANN
S311,0.23871590498806544,0.3164116639741999,0.3003578415735903,0.14451458946414414,ANN
S312,0.15332947853315781,0.18735593059024486,0.6025608554816357,0.05675373539496138,BiLSTM
S313,0.3348649678993581,0.20059694972430664,0.33928619192495074,0.12525189045138463,BiLSTM
S314,0.49720149036267036,0.19319800071660154,0.22632564991833867,0.08327485900238936,1D-CNN
S315,0.29094133590245724,0.2575074805073602,0.3362643198426588,0.11528686374752353,BiLSTM
S316,0.1771160894370669,0.26016149693969487,0.46336709464675646,0.09935531897648171,BiLSTM
S317,0.10478400182278394,0.10266918758338055,0.7497696385907499,0.04277717200308547,BiLSTM
S318,0.19112469015699476,0.2503170582003032,0.48130753933241166,0.07725071231029054,BiLSTM
S319,0.1462154187282885,0.1783048484653641,0.6112051995481752,0.06427453325817219,BiLSTM
S320,0.2167157589306241,0.380877953624496,0.3187890936590475,0.08361719378583235,ANN
S321,0.25143950251144676,0.2921409100920879,0.40425683121303374,0.05216275618343123,BiLSTM
S322,0.28188123008293625,0.460002609062622,0.19310025121746247,0.06501590963697917,ANN
S323,0.47898331654363396,0.23660464877941254,0.1510253813706802,0.13338665330627336,1D-CNN
S324,0.32292123124653616,0.4891500170111009,0.13311030506453794,0.05481844667782473,ANN
S325,0.3736413478429295,0.2563338247854956,0.18426319937475485,0.18576162799682006,1D-CNN
S326,0.6576058186884599,0.18283813356119527,0.09565267005986897,0.06390337769047585,1D-CNN
S327,0.1601247286621373,0.7099175832198484,0.08591219246831598,0.044045495649698084,ANN
S328,0.31197381756016307,0.21496915741668637,0.31873535132299624,0.15432167370015434,BiLSTM
S329,0.18889204215339658,0.22842125002537117,0.5282768488002559,0.05440985902097631,BiLSTM
S330,0.2451481803720946,0.21363748081367778,0.4557976395634008,0.0854166992508268,BiLSTM
S331,0.10088496152325638,0.05928485208108214,0.8227694682285871,0.01706071816707471,BiLSTM
S332,0.12595750913290396,0.19962022952904493,0.6417903430963601,0.03263191824169082,BiLSTM
S333,0.2781524522640726,0.42029036762905825,0.21822860220304463,0.08332857790382438,ANN
S334,0.32117386909969386,0.27011938468940916,0.21859891705508216,0.19010782915581492,1D-CNN
S335,0.4637506650318637,0.25244939549731343,0.16694192986670145,0.11685800960412124,1D-CNN
S336,0.35048301198286475,0.2862550028459262,0.24743555183670027,0.11582643333450857,1D-CNN
S337,0.24174289177325786,0.20865535924177828,0.45435261403573257,0.09524913494923119,BiLSTM
S338,0.23512458806539238,0.2140929265229812,0.4218607486093758,0.12892173680225072,BiLSTM
S339,0.3005271224677798,0.2219658280570332,0.4284511380344373,0.04905591144075001,BiLSTM
S340,0.23982171434542568,0.24029546837063917,0.46099119332036115,0.058891623963574107,BiLSTM
S341,0.21256924044623696,0.5181946873810757,0.20166325756890466,0.06757281460378299,ANN
S342,0.22684650931214356,0.17696437048298522,0.5119426932108917,0.08424642699397963,BiLSTM
S343,0.11818156029762851,0.6300764130685733,0.21008062756790793,0.041661399065890135,ANN
S344,0.35668731977075124,0.27597313005031415,0.23097180619573485,0.13636774398319984,1D-CNN
S345,0.23889614331370065,0.4771117542454411,0.17309309524533875,0.11089900719551965,ANN
S346,0.37606027755030114,0.2570543818643385,0.24367036135568357,0.1232149792296767,1D-CNN
S347,0.2659890736251497,0.2410878579743399,0.4213604512001643,0.07156261720034622,BiLSTM
S348,0.05753867783941579,0.20599080169685854,0.7180328875004655,0.01843763296326043,BiLSTM
S349,0.28674142221096943,0.26557127657327456,0.3445867276459219,0.10310057356983426,BiLSTM
S350,0.3786528641612495,0.4254581279045241,0.12494310403606705,0.0709459038981592,ANN
S351,0.44127102530983053,0.2762000671421203,0.15255891315991724,0.12996999438813178,1D-CNN
S352,0.30144570260465336,0.3694581798592216,0.22114673940796992,0.10794937812815518,ANN
S353,0.3142359876367251,0.22828394172478086,0.3221728719360638,0.1353071987024302,BiLSTM
S354,0.2922726760964242,0.25972080215128573,0.3370733397474143,0.11093318200487581,BiLSTM
S355,0.21836112826844184,0.25963041868072567,0.4548311941833551,0.06717725886747712,BiLSTM
S356,0.28292757974244814,0.31022281324999385,0.2741034127625542,0.13274619424500375,ANN
S357,0.375550907931033,0.365227778659853,0.15738980096953406,0.10183151243958029,1D-CNN
S358,0.45069067301352106,0.2392825637518525,0.1854597996006584,0.12456696363396827,1D-CNN
S359,0.27982830317639973,0.27594677529732603,0.28525610625748543,0.15896881526878895,BiLSTM
S360,0.3040909499278458,0.25632046820146426,0.3298113210803943,0.10977726079029589,BiLSTM
S361,0.09529021153076388,0.10237823218532308,0.7637867949269821,0.03854476135693106,BiLSTM
S362,0.14424697404631856,0.1521138027833688,0.6874242978628241,0.01621492530748822,BiLSTM
S363,0.4354245608082918,0.2835225665163198,0.27512833827949146,0.005924534395896578,1D-CNN
S364,0.07424150001155623,0.5070982775178333,0.39422843220566234,0.0244317902649483,ANN
S365,0.27463783104226214,0.43119471370951595,0.20388513133197814,0.09028232391624351,ANN
S366,0.44296675217073483,0.19104089930673734,0.2264190368646468,0.13957331165788062,1D-CNN
S367,0.23495299271961345,0.3107934216050135,0.32917985858124055,0.12507372709413267,BiLSTM
S368,0.16780336755366507,0.23989521284202284,0.5128669065985106,0.07943451300580151,BiLSTM
S369,0.1090335909807213,0.1269507955850823,0.7084570206917843,0.055558592742412025,BiLSTM
S370,0.20832785290879763,0.25123974462944526,0.4483611776435342,0.09207122481822279,BiLSTM
S371,0.40680431253952865,0.21001802844249104,0.21170130716263325,0.17147635185534743,1D-CNN
S372,0.33988985124457705,0.2671985519572815,0.2354131204905223,0.15749847630761907,1D-CNN
S373,0.33096842297116186,0.3925352799979261,0.1892176045603535,0.08727869247055899,ANN
S374,0.34217187058872395,0.25313719584603706,0.30771854061460924,0.09697239295062962,1D-CNN
S375,0.22797292376621578,0.23007200863268934,0.44580616762388947,0.09614889997720542,BiLSTM
S376,0.32734254798939455,0.3055631125620394,0.24903116273775197,0.11806317671081412,1D-CNN
S377,0.35454027828992685,0.32102868020152514,0.2392797366896051,0.0851513048189431,1D-CNN
S378,0.21563873306066514,0.23541671876643616,0.46121589530840096,0.08772865286449787,BiLSTM
S379,0.10731334206182849,0.17507993513722817,0.6754428978084275,0.042163824992515836,BiLSTM
S380,0.05070756568515812,0.060719540662444366,0.8708432650383847,0.0177296286140128,BiLSTM
S381,0.2073467505499383,0.502111899561568,0.21453958261214057,0.0760017672763533,ANN
S382,0.25509899594150437,0.49055569777603,0.12066252105289464,0.13368278522957103,ANN
S383,0.431518037086782,0.28580526268772266,0.18114698860574632,0.10152971161974934,1D-CNN
S384,0.27245844269100705,0.44334600196924023,0.21665391256802916,0.06754164277172382,ANN
S385,0.2064251998128218,0.2183193428616646,0.48416047953818503,0.09109497778732886,BiLSTM
S386,0.23834753630311165,0.35855029639360775,0.30717142573831563,0.09593074156496446,ANN
S387,0.27036174986225364,0.3025525280224365,0.3295485070472184,0.09753721506809172,BiLSTM
S388,0.15707463439535832,0.1740379333353634,0.5903501442806168,0.07853728798866111,BiLSTM
S389,0.11636219754116862,0.1379964086411939,0.7111937588198314,0.03444763499780599,BiLSTM
S390,0.2940671577107794,0.29794503333129413,0.3307751627088624,0.07721264624906407,BiLSTM
S391,0.3856186537918625,0.3304907649655675,0.17587181650334296,0.10801876473922718,1D-CNN
S392,0.22475511214056434,0.6640510473173495,0.06125748906585496,0.04993635147623118,ANN
S393,0.32789812904542104,0.5660177729042102,0.05764660183616732,0.04843749621420186,ANN
S394,0.2819027781084343,0.513692108730369,0.12450541496958374,0.07989969819161298,ANN
S395,0.4417535066378583,0.1446690393290038,0.22547263061372966,0.1881048234194083,1D-CNN
S396,0.21695454349015647,0.518546067264002,0.19260404878418622,0.07189534046165529,ANN
S397,0.2723232390685626,0.22023543721570582,0.41571049896360485,0.09173082475212668,BiLSTM
S398,0.3233947834163366,0.2040524152176194,0.36759234453234857,0.10496045683369506,BiLSTM
S399,0.28528443738559167,0.33551872443825176,0.3000058392660492,0.07919099891010795,ANN
S400,0.2818222967127222,0.22221709680786947,0.4051064842360144,0.09085412224339359,BiLSTM
S401,0.05397249195958441,0.04825817783177108,0.8803670520935165,0.017402278115128268,BiLSTM
S402,0.18917981769717213,0.23507691078205079,0.5128134806511332,0.06292979086964384,BiLSTM
S403,0.18596287578924744,0.4677975083448211,0.3005568301632473,0.04568278570268406,ANN
S404,0.30833913816323183,0.4231240647084427,0.1761361459123274,0.09240065121599829,ANN
S405,0.3877805910761424,0.34996341700116546,0.13593419864097359,0.12632179328171844,1D-CNN
S406,0.5989850716881703,0.18971756110076946,0.1071517784324624,0.1041455887785979,1D-CNN
S407,0.2843694257755904,0.37843193878215353,0.25675920781961364,0.08043942762264242,ANN
S408,0.2630611591312216,0.28729368860014365,0.3559898216128258,0.09365533065580897,BiLSTM
S409,0.27095758970391465,0.28875193951272865,0.34770339293180286,0.09258707785155391,BiLSTM
S410,0.2935713315825998,0.32159250926379085,0.28644907819284604,0.09838708096076317,ANN
S411,0.4666150424219837,0.21985242208301708,0.22817577418318657,0.08535676131181276,1D-CNN
S412,0.30770770420839627,0.42202018118049545,0.14280977753604715,0.12746233707506138,ANN
S413,0.566838350663319,0.22320293645219624,0.11254163561721937,0.09741707726726569,1D-CNN
S414,0.36795329244148917,0.42736283536012126,0.1466592770706937,0.05802459512769569,ANN
S415,0.3817896404072544,0.2890978566372645,0.16530700383364733,0.1638054991218337,1D-CNN
S416,0.3536994173113904,0.45538897492158104,0.13676772449360508,0.05414388327342356,ANN
S417,0.3046570599604589,0.3647391205930016,0.24507255328586147,0.08553126616067794,ANN
S418,0.22312369208645783,0.3565201834519764,0.3416930537646981,0.0786630706968675,ANN
S419,0.3265296606080073,0.2861354678951843,0.2808710724918928,0.10646379900491569,1D-CNN
S420,0.2784560699881314,0.4651990812745152,0.18262872660599727,0.07371612213135621,ANN
S421,0.32452499225143966,0.23445276940968443,0.2211359247675372,0.21988631357133875,1D-CNN
S422,0.38386520202517044,0.4406315471425357,0.12980343077500403,0.04569982005728925,ANN
S423,0.3367205753955577,0.28491057155431987,0.27110307246723375,0.10726578058288848,1D-CNN
S424,0.2466042683315124,0.3284725031483175,0.35083297568318844,0.07409025283698198,BiLSTM
S425,0.27808836313605884,0.2532715797701748,0.3649778757675749,0.1036621813261917,BiLSTM
S426,0.3000113542440179,0.3425553973270902,0.2772829246524486,0.08015032377644345,ANN
S427,0.3235786838548893,0.3251855485999808,0.23819385189703446,0.11304191564809567,ANN
S428,0.31994518039196407,0.25861729587287485,0.23693362087581638,0.18450390285934487,1D-CNN
S429,0.3193525455449591,0.3848597298313584,0.2176861655454708,0.07810155907821194,ANN
S430,0.37149513228303227,0.29496941908177626,0.20244653039577526,0.13108891823941604,1D-CNN
S431,0.5436836382783053,0.1955856802820698,0.13481043059055595,0.12592025084906885,1D-CNN
S432,0.2903630709480011,0.5589181082812623,0.09228097455666379,0.05843784621407325,ANN
S433,0.27351468733412954,0.23491820312174327,0.3038268432533134,0.1877402662908139,BiLSTM
S434,0.3271609112094295,0.23183438952194027,0.3468205113569912,0.0941841879116389,BiLSTM
S435,0.22919751120579224,0.3803199921310933,0.3096609903503095,0.0808215063128049,ANN
S436,0.18152576591120262,0.28464172605781757,0.4752630710442575,0.0585694369867222,BiLSTM
S437,0.22790272621544286,0.4078266196907788,0.28909907103791876,0.0751715830558592,ANN
S438,0.43997625706363885,0.26638720914625574,0.20563609544682912,0.08800043834327638,1D-CNN
S439,0.32882306253505134,0.3106365649347659,0.21047435309325047,0.15006601943693193,1D-CNN
S440,0.29265815709017867,0.24622902266073254,0.2595420999552009,0.2015707202938877,1D-CNN
S441,0.31902153594941257,0.2058241802260966,0.24412818053951948,0.23102610328497147,1D-CNN
S442,0.38474793560137444,0.34113290890623404,0.15958625831750822,0.1145328971748834,1D-CNN
S443,0.2920294792145606,0.2310333147750633,0.3607630897496549,0.1161741162607214,BiLSTM
S444,0.12368989091266046,0.170245522536609,0.6716706616227344,0.03439392492799628,BiLSTM
S445,0.02564111012671888,0.0903981160150177,0.8772432801014022,0.006717493756861491,BiLSTM
S446,0.13835615654932085,0.7656917760000095,0.08834568263401017,0.007606384816659624,ANN
S447,0.32631249129552653,0.3814452754520305,0.20962256033269505,0.08261967291974795,ANN
