Segment,LSTM,1D-CNN,ANN,BiLSTM,Selected
S1,0.3816368674808987,0.27975508358201806,0.2860340087873306,0.052574040149753004,LSTM
S2,0.3018989143671825,0.34592661687124704,0.3195301498516395,0.03264431890993029,1D-CNN
S3,0.36205449933231515,0.25018868557853735,0.35362839141441876,0.03412842367472832,LSTM
S4,0.24908300850108336,0.2919491934286219,0.43064478966833436,0.028323008401960652,ANN
S5,0.3680583648557409,0.3120792889781649,0.2674551236409873,0.05240722252510688,LSTM
S6,0.3775652905506763,0.3323414022521576,0.24438167200266325,0.045711635194502595,LSTM
S7,0.40758217975328936,0.289888653608282,0.2614105862818182,0.041118580356610486,LSTM
S8,0.33461793172686816,0.36252462122759327,0.2546808984075943,0.048176548637945196,1D-CNN
S9,0.4521104034696287,0.23474902538499517,0.21708449659275153,0.09605607455262473,LSTM
S10,0.3508516948874526,0.27433237913325814,0.30532167550173595,0.06949425047755382,LSTM
S11,0.29953146994866503,0.27069283591239107,0.3831737838721904,0.046601910266753144,ANN
S12,0.3756101947062509,0.25667750283687174,0.32966134774769995,0.038050954709177506,LSTM
S13,0.4400416139612779,0.23088932335329132,0.3004104606236343,0.028658602061796497,LSTM
S14,0.34148455393589117,0.2565386658317215,0.37717141055413916,0.024805369678248167,ANN
S15,0.20701412104144637,0.43059700660566425,0.34284442735303905,0.019544444999849666,1D-CNN
S16,0.20449539924471177,0.3888778746321617,0.3788531570432684,0.02777356907985814,1D-CNN
S17,0.26745981098034777,0.35019938262996225,0.33897453253871596,0.043366273850974614,1D-CNN
S18,0.3020415121854374,0.3364008479483558,0.3150471671985049,0.04651047266770204,1D-CNN
S19,0.29973757368644627,0.32362805789286203,0.3400701309485797,0.036564237472111676,ANN
S20,0.39664879124292185,0.2855101755570144,0.28257273110849157,0.03526830209157251,LSTM
S21,0.21043797333633876,0.4159816380283869,0.35346828792232377,0.020112100712949534,1D-CNN
S22,0.10138545468872365,0.5977714098654074,0.2897385900906472,0.01110454535522132,1D-CNN
S23,0.17250746003084713,0.3789120383654358,0.4254146186245672,0.02316588297914898,ANN
S24,0.367160106706453,0.33728295998681446,0.24782821790109458,0.047728715405637924,LSTM
S25,0.44050566978873784,0.2718770131508832,0.21248797579613596,0.07512934126424273,LSTM
S26,0.35308944663056596,0.32773005622301804,0.2462657204766573,0.07291477666975905,LSTM
S27,0.26893267338700044,0.3165395735348582,0.35525864918098793,0.05926910389715419,ANN
S28,0.26952089184030875,0.27961975053635446,0.4147687065733174,0.03609065105001965,ANN
S29,0.7912624900438302,0.10632624395957592,0.08608784970517443,0.016323416291419875,LSTM
S30,0.6592494632679784,0.09166589230201615,0.23628965945398075,0.012794984976024139,LSTM
S31,0.1161923912144731,0.727991619187604,0.15323250141354375,0.0025834881843801198,1D-CNN
S32,0.2725178480887892,0.43619801595619284,0.2842550180156118,0.007029117939405826,1D-CNN
S33,0.5229121948673426,0.2255156801396278,0.22400928603396827,0.027562838959060938,LSTM
S34,0.39347714483682844,0.38640185068277877,0.1842770038548695,0.03584400062552284,LSTM
S35,0.4631871941717437,0.2014335374112653,0.2593320185878886,0.07604724982910219,LSTM
S36,0.40651328629025,0.2692586872372226,0.2707350368833995,0.05349298958912796,LSTM
S37,0.3600819971821025,0.3284123264962191,0.25624143076888367,0.05526424555279516,LSTM
S38,0.333574011270522,0.2897486730625581,0.3258319292512139,0.05084538641570585,LSTM
S39,0.31817936967080657,0.33161826643300896,0.2994919564175169,0.050710407478667334,1D-CNN
S40,0.3592618808258663,0.30968996204575944,0.26557350506296734,0.06547465206540687,LSTM
S41,0.33382988078957054,0.2942868109121198,0.31355503215827957,0.05832827614003019,LSTM
S42,0.310254289265794,0.31764416631914033,0.32868768784803803,0.04341385656702787,ANN
S43,0.45791566256721616,0.22815496891285314,0.2739312353272769,0.03999813319265344,LSTM
S44,0.32978128422173114,0.3184774106130942,0.318909990807431,0.03283131435774405,LSTM
S45,0.3171814841636143,0.3350352775504981,0.30771717622265937,0.040066062063229504,1D-CNN
S46,0.31485962283591495,0.32241596822604646,0.319959746031416,0.042764662906622446,1D-CNN
S47,0.31717399243247596,0.3106704225353592,0.3256723706819899,0.046483214350174794,ANN
S48,0.3510119716267046,0.31416584630267397,0.282870030393664,0.051952151676957964,LSTM
S49,0.35321474575115236,0.31250616206566917,0.28297118660134424,0.05130790558183458,LSTM
S50,0.36558407997536563,0.2643614175232515,0.31648344326664146,0.05357105923474109,LSTM
S51,0.8403543895319516,0.04566694502150398,0.08174249324158149,0.032236172204962686,LSTM
S52,0.40790392904135747,0.22185733991394957,0.3386133660324013,0.031625365012292635,LSTM
S53,0.39053468766514005,0.18123918602479094,0.3799146428095275,0.04831148350054147,LSTM
S54,0.40389937486735245,0.2802483560789443,0.26755058543008103,0.048301683623621486,LSTM
S55,0.4868071607231448,0.19669456910209088,0.27854659972736723,0.03795167044739714,LSTM
S56,0.235136693883835,0.479359962940398,0.26255910319437625,0.022944239981390738,1D-CNN
S57,0.34423820393417487,0.3955531803229807,0.21953232884485013,0.04067628689799357,1D-CNN
S58,0.303865729258273,0.5137263225033672,0.14157113935552473,0.04083680888283446,1D-CNN
S59,0.4057561320339912,0.27244861622187594,0.25947264965517736,0.06232260208895566,LSTM
S60,0.20030043558141097,0.3014120798305325,0.4641539328132666,0.034133551774790924,ANN
S61,0.1144700871021875,0.6106196112153226,0.24676968453189393,0.028140617150595706,1D-CNN
S62,0.23745577436576348,0.41012017664735595,0.27452023185679447,0.07790381713008616,1D-CNN
S63,0.20095560134636187,0.26309480189945833,0.470398545801462,0.06555105095271768,ANN
S64,0.27164757052927746,0.3161712540582154,0.3618837055005537,0.05029746991195354,ANN
S65,0.4708078195642483,0.22899457380782573,0.2577331424609302,0.042464464166996056,LSTM
S66,0.44529321310821335,0.24839620012175298,0.2795880959002969,0.026722490869736912,LSTM
S67,0.17847068012867837,0.36047595105956814,0.4459206708414425,0.015132697970311628,ANN
S68,0.10027287149709081,0.5636262479867344,0.3240681698910781,0.012032710625096027,1D-CNN
S69,0.13466199255381872,0.35741663715422195,0.48838569846614294,0.019535671825816295,ANN
S70,0.14921524595433558,0.4292470289985414,0.3954537905247888,0.02608393452233388,1D-CNN
S71,0.19063307139098007,0.42685758488222875,0.35278431168161645,0.02972503204517436,1D-CNN
S72,0.27800256209345064,0.2878874481356052,0.3966072663996978,0.03750272337124589,ANN
S73,0.2820434255781341,0.3710331927332043,0.31209048445362564,0.03483289723503588,1D-CNN
S74,0.2940365023476653,0.3286654293572856,0.33754355710281503,0.039754511192234165,ANN
S75,0.33263421807806753,0.29957689072042476,0.3220673103470363,0.04572158085447146,LSTM
S76,0.3494332896818791,0.3248234015848375,0.27266796840122365,0.05307534033205991,LSTM
S77,0.3613585229889613,0.3098710115186519,0.2731216476782506,0.05564881781413675,LSTM
S78,0.08747229508634129,0.6718672890393186,0.21976774858235543,0.020892667291984048,1D-CNN
S79,0.18319606825054638,0.28295835951784154,0.4329598946640536,0.10088567756755873,ANN
S80,0.16497276820480855,0.27285313592886234,0.4971114332252836,0.0650626626410452,ANN
S81,0.2817324815113924,0.29878364306702476,0.36744236865247054,0.0520415067691118,ANN
S82,0.3098576751783484,0.3091055591346901,0.3340381664762642,0.046998599210696275,ANN
S83,0.3833019212872093,0.32407286487709014,0.25319836918366717,0.03942684465203347,LSTM
S84,0.324545790078942,0.37039256948395144,0.26474095025630673,0.04032069018079987,1D-CNN
S85,0.40435027359018993,0.2771970077321038,0.2640727695198867,0.054379949157819615,LSTM
S86,0.39962511007717016,0.29135618736556496,0.25276617787244493,0.056252524684820164,LSTM
S87,0.3165410909096622,0.31913952444700383,0.31535527888333215,0.0489641057600019,1D-CNN
S88,0.31234753518645025,0.3144344717650774,0.32023380419671704,0.052984188851756694,ANN
S89,0.39435416988002064,0.2519012516525664,0.28735697242555536,0.0663876060418573,LSTM
S90,0.33807550378970985,0.30150823278910427,0.30264203573931014,0.05777422768187563,LSTM
S91,0.6716437161408918,0.09250014538312125,0.1841442529294878,0.051711885546498956,LSTM
S92,0.5083853541414194,0.19918641011885094,0.2571764616717121,0.035251774068018236,LSTM
S93,0.21647738488920354,0.4109732183118547,0.3500565762320637,0.022492820566877635,1D-CNN
S94,0.15039769808775558,0.4638285019225199,0.367504650267175,0.01826914972255031,1D-CNN
S95,0.2509241723029475,0.4411196483603423,0.27760435952325174,0.030351819813458823,1D-CNN
S96,0.2792218756318579,0.3784344073152329,0.3077006311028431,0.03464308595006624,1D-CNN
S97,0.30786718128092433,0.35119415592315145,0.3009483390902044,0.03999032370571975,1D-CNN
S98,0.3471923666738956,0.3918053506726577,0.21657498366403072,0.044427298989416227,1D-CNN
S99,0.40769197467246454,0.24618528280226987,0.2896883126572624,0.05643442986800316,LSTM
S100,0.252738754698915,0.30891926891231597,0.39462494130839837,0.04371703508037044,ANN
S101,0.3534618734272962,0.2193282446577101,0.3616608621479732,0.0655490197670211,ANN
S102,0.46445834816280596,0.1827956771932041,0.29238354874247413,0.060362425901515034,LSTM
S103,0.6036983724283119,0.14944053428277201,0.20987101383481604,0.036990079454100225,LSTM
S104,0.48876931383259625,0.22352233215542502,0.25733354341286185,0.030374810599117515,LSTM
S105,0.12127512847172076,0.5020949935308674,0.36446564425258404,0.012164233744828426,1D-CNN
S106,0.03536599418096602,0.7936170104406806,0.16622903617378665,0.0047879592045664545,1D-CNN
S107,0.13983187541388498,0.288534810314912,0.548226221269583,0.02340709300162062,ANN
S108,0.2015097377526337,0.47365676787909483,0.2827616198896596,0.04207187447861148,1D-CNN
S109,0.21373617097965464,0.3815883145662015,0.3682594146598403,0.036416099794304185,1D-CNN
S110,0.4149190577560144,0.2573230660283471,0.2811418312251472,0.046616044990490935,LSTM
S111,0.35307151052214236,0.23332335821877379,0.3770863088062569,0.03651882245282742,ANN
S112,0.425136353704097,0.32019733672526235,0.22230042108791814,0.03236588848272223,LSTM
S113,0.4664515519340704,0.28326238302120116,0.21307129799416633,0.0372147670505626,LSTM
S114,0.38532063473279116,0.2323760632866801,0.3529225363476338,0.029380765632895194,LSTM
S115,0.3855799482942147,0.41410203161560233,0.1770259524162864,0.023292067673896813,1D-CNN
S116,0.29754718579540573,0.32139105262140183,0.35072795207184976,0.0303338095113431,ANN
S117,0.29547769903979226,0.38397222961584715,0.30438709725136687,0.01616297409299386,1D-CNN
S118,0.1521207365775791,0.2942836821653688,0.5457323642061775,0.00786321705087503,ANN
S119,0.20063108943555027,0.3173124617105342,0.4621301915134775,0.019926257340438812,ANN
S120,0.26522792157909675,0.3990880268647677,0.3138329576763945,0.02185109387974144,1D-CNN
S121,0.29197124430076465,0.2879077749329123,0.39847738508045677,0.021643595685866275,ANN
S122,0.22453748044783192,0.3954865931176623,0.36522498744375614,0.014750938990750253,1D-CNN
S123,0.23297871492263875,0.386235378874408,0.36458930262836725,0.01619660357458552,1D-CNN
S124,0.35708716398814866,0.3119660512355966,0.2984071338089964,0.032539650967257465,LSTM
S125,0.5259362132570647,0.21170266870626417,0.16763755918323664,0.09472355885343457,LSTM
S126,0.5289624121859535,0.161202978243603,0.203063144870253,0.10677146470019011,LSTM
S127,0.2757395056807428,0.3100366670818829,0.3220186554689427,0.09220517176843117,ANN
S128,0.3084461824142389,0.3171801894469199,0.2666279275274011,0.10774570061144038,1D-CNN
S129,0.2690762367266134,0.3424995205073765,0.3081996206241982,0.08022462214181184,1D-CNN
S130,0.25462313092324745,0.364760756701698,0.30697233653836786,0.07364377583668709,1D-CNN
S131,0.3159645635917061,0.32129072946637754,0.31007655912272103,0.05266814781919504,1D-CNN
S132,0.3204638085923532,0.31922009381051286,0.3135501055333751,0.0467659920637592,LSTM
S133,0.3270363032431624,0.3034648681237059,0.3226126147308924,0.046886213902239696,LSTM
S134,0.3005068752699232,0.324200223000797,0.3453793488672947,0.029913552861984615,ANN
S135,0.4201659705745753,0.272124286348957,0.28306826610893,0.024641476967537393,LSTM
S136,0.3252882130442034,0.3645993485535574,0.2850946776671945,0.025017760735044327,1D-CNN
S137,0.5219443898871239,0.22687527665771023,0.19428257676628477,0.05689775668888131,LSTM
S138,0.6045376000555955,0.1259827578551887,0.18566709812044999,0.08381254396876575,LSTM
S139,0.3993690448347694,0.26260147791208,0.25864056929555296,0.07938890795759773,LSTM
S140,0.2937615717930174,0.35203808740270154,0.2759744268494076,0.07822591395487338,1D-CNN
S141,0.30419700591658966,0.33834396319314064,0.290404988922185,0.06705404196808519,1D-CNN
S142,0.29966340366790056,0.3006578075236501,0.3553584439147067,0.04432034489374322,ANN
S143,0.6326129580547802,0.16317242528152465,0.17754038854131277,0.026674228122382515,LSTM
S144,0.3379875110810908,0.33355831495581534,0.29809115136086795,0.030363022602226262,LSTM
S145,0.3410678816608341,0.3175618268399374,0.297120202491542,0.044250089007687156,LSTM
S146,0.3098201177119277,0.33680809910793574,0.31548273886082645,0.03788904431930956,1D-CNN
S147,0.24937212842535017,0.27851680835745835,0.44441437578365306,0.02769668743353869,ANN
S148,0.29686779360539733,0.3597468889817507,0.31918454343919767,0.024200773973654142,1D-CNN
S149,0.20501594299763182,0.359844219857179,0.41396687656723313,0.021172960577955664,ANN
S150,0.16826317384731673,0.4425069913645052,0.37003393911236043,0.01919589567581765,1D-CNN
S151,0.2898381131803333,0.3928010091668894,0.2620777378751439,0.055283139777632766,1D-CNN
S152,0.5933162490697381,0.14666310502840882,0.17640694584782413,0.08361370005402925,LSTM
S153,0.43310437112001404,0.18285360579527757,0.3199318220986579,0.06411020098605091,LSTM
S154,0.5276474736062271,0.23889645466284673,0.21096602677481605,0.022490044956109883,LSTM
S155,0.31295060740045866,0.3132274024590483,0.34757934230449844,0.026242647835995225,ANN
S156,0.27267530991751854,0.23967657180511653,0.4597615368878155,0.02788658138954935,ANN
S157,0.37889499383504727,0.30840949319745226,0.2711876563285291,0.041507856638971614,LSTM
S158,0.32153519505806877,0.27548683381865047,0.3682746451177075,0.03470332600557414,ANN
S159,0.297609553955228,0.2939091250349719,0.38340788864178643,0.025073432368013442,ANN
S160,0.33429756729988486,0.3132612968072456,0.31973385411143196,0.03270728178143771,LSTM
S161,0.419328468978309,0.28564990565177195,0.23978330458787186,0.055238320782046886,LSTM
S162,0.4569536558933861,0.2070828734024837,0.25498171480119697,0.08098175590293344,LSTM
S163,0.3976510904019612,0.24300293126629155,0.27941534282128394,0.07993063551046356,LSTM
S164,0.2939830612215539,0.34469043744120836,0.29828863522905574,0.06303786610818156,1D-CNN
S165,0.2685333971473541,0.29121217366790253,0.39399029353619114,0.04626413564855292,ANN
S166,0.35645020598299293,0.2694774640917259,0.34203731567742834,0.0320350142478529,LSTM
S167,0.36369912283881667,0.3527108686564036,0.25475208519995357,0.028837923304826856,LSTM
S168,0.3415523061032045,0.3030029791162599,0.31720264799254216,0.038242066787994064,LSTM
S169,0.40003375426962573,0.26907999294853563,0.26367667817225543,0.06720957460958304,LSTM
S170,0.47159971265753964,0.2117502702750497,0.22085155444866736,0.09579846261874331,LSTM
S171,0.3499904040096438,0.33071650401509967,0.251217511366534,0.06807558060872228,LSTM
S172,0.2780490207240413,0.3396066346676306,0.31548058459250033,0.0668637600158273,1D-CNN
S173,0.34077735692992894,0.2919403842735173,0.31538795270640524,0.051894306090148126,LSTM
S174,0.39330353350926833,0.27305653539407615,0.27796832936042026,0.055671601736235254,LSTM
S175,0.34791138234298363,0.30258568025739624,0.2792333130528844,0.07026962434673578,LSTM
S176,0.22417879310205982,0.2644580372491567,0.46744008384388214,0.043923085804901375,ANN
S177,0.21465459171178217,0.5229742111926468,0.21698240702907431,0.0453887900664964,1D-CNN
S178,0.4376319555550546,0.2182111746303489,0.20484864082124207,0.13930822899335424,LSTM
S179,0.3085309198855689,0.2387807811292509,0.28985690437112005,0.1628313946140603,LSTM
S180,0.24127895538822158,0.29773384852419654,0.40532257565710117,0.0556646204304801,ANN
S181,0.2870967808048762,0.3213307513920693,0.351195725698746,0.040376742104308735,ANN
S182,0.34483819745332156,0.3053998287422303,0.31630792802646646,0.033454045777981715,LSTM
S183,0.3579593994548194,0.358324466564578,0.25956717139009144,0.02414896259051093,1D-CNN
S184,0.24211808649172425,0.28566626718057664,0.4523773698874675,0.01983827644023239,ANN
S185,0.12656523691834165,0.5053983621706079,0.35551003228960754,0.012526368621443405,1D-CNN
S186,0.12580802471366387,0.5856886911278376,0.27069182707438844,0.017811457084109555,1D-CNN
S187,0.2501328917115156,0.31845071387446144,0.38687729480521377,0.04453909960880939,ANN
S188,0.2047445758539932,0.34699240688599586,0.42600023580774093,0.022262781452270296,ANN
S189,0.29528812199071924,0.29895965714559164,0.37500068935788333,0.030751531505806028,ANN
S190,0.22211078589393082,0.30599053302954726,0.4455985387685761,0.02630014230794648,ANN
S191,0.27463558274131916,0.3835755315522473,0.31614964511113863,0.02563924059529507,1D-CNN
S192,0.2603684835985331,0.3262444945161304,0.3901575844075942,0.02322943747774191,ANN
S193,0.2631511342165602,0.3511194966186212,0.3669247844800895,0.018804584684729647,ANN
S194,0.24834513790729312,0.3637464371397548,0.365042155568993,0.02286626938395953,ANN
S195,0.5469497440371903,0.22440586379174438,0.15233806981649353,0.07630632235457185,LSTM
S196,0.4537526095781344,0.208252523552838,0.24043424362708174,0.09756062324194557,LSTM
S197,0.3073518917827866,0.2941581754488019,0.32542931268548825,0.07306062008292319,ANN
S198,0.28449449476958805,0.34042011005386996,0.3243996818338622,0.05068571334267998,1D-CNN
S199,0.44168365347421057,0.20468631800187023,0.31534277936809846,0.03828724915582007,LSTM
S200,0.3997708099229809,0.2857693986797263,0.2862486119432665,0.028211179454026812,LSTM
S201,0.2626120714724848,0.3966978541739887,0.3220271401679962,0.018662934185529854,1D-CNN
S202,0.1687488570361319,0.42511723318159933,0.39239544569093426,0.013738464091334557,1D-CNN
S203,0.0934447297981008,0.4090165866053701,0.488785790106759,0.00875289348977025,ANN
S204,0.1117386016390996,0.49112353982899565,0.38687751174559093,0.010260346786313337,1D-CNN
S205,0.194187980613947,0.3480348765069801,0.43316477278292415,0.02461237009614853,ANN
S206,0.26202358928908354,0.33929246826413023,0.35979343547840775,0.03889050696837807,ANN
S207,0.25209880804498075,0.3755026902097145,0.33614093433628567,0.03625756740901903,1D-CNN
S208,0.3039509749210432,0.34002891352651277,0.32202788054758386,0.03399223100486051,1D-CNN
S209,0.4205381442853807,0.25221377391789174,0.29661294955339323,0.030635132243334036,LSTM
S210,0.27358573683463444,0.3246808572496169,0.37606324011939274,0.025670165796356385,ANN
S211,0.2769392996445559,0.33862029472113403,0.34831861019096416,0.036121795443346635,ANN
S212,0.34118298169270317,0.3003960255358894,0.3044917379051303,0.053929254866277136,LSTM
S213,0.364146658707951,0.28770224896746843,0.29190383468337405,0.05624725764120627,LSTM
S214,0.3252694347876696,0.2867061760720893,0.35628342925933915,0.03174095988090187,ANN
S215,0.5428753907967512,0.16826049120432243,0.26358624520493934,0.02527787279398688,LSTM
S216,0.23102155770597765,0.30554338395861425,0.44962733886625145,0.013807719469157386,ANN
S217,0.6607647922136756,0.15822670023011717,0.12063557457298893,0.06037293298321835,LSTM
S218,0.5013607550016215,0.09826245728443302,0.35032374710345177,0.05005304061049377,LSTM
S219,0.38680194113310906,0.3452653463747126,0.24050463961887192,0.027428072873307157,LSTM
S220,0.3582496783752691,0.27656346327890335,0.32539551831595365,0.03979134002987344,LSTM
S221,0.3162060480299407,0.29976001597591007,0.3429472774563403,0.04108665853780937,ANN
S222,0.2700117536949509,0.3020897241126107,0.39739412469724683,0.03050439749519154,ANN
S223,0.268251472478892,0.3380396130763815,0.3715573948004362,0.02215151964429118,ANN
S224,0.38011279351543986,0.3515384614103837,0.2450760797852054,0.02327266528897116,LSTM
S225,0.19947111234579257,0.35174238417381715,0.4319932956565964,0.01679320782379487,ANN
S226,0.05801897053520249,0.2748964622346507,0.6612758286185226,0.005808738611623365,ANN
S227,0.11241376048176538,0.5974264132017336,0.27911433459437307,0.011045491722128223,1D-CNN
S228,0.08437339817627111,0.25507560380390143,0.6522981282494291,0.008252869770397735,ANN
S229,0.21142341399480583,0.4351895460120855,0.33949845659908723,0.013888583394021702,1D-CNN
S230,0.15839717118895152,0.3154827175520033,0.514176475207127,0.01194363605191933,ANN
S231,0.21129460213431556,0.3673992765537398,0.4070909278788462,0.014215193433098013,ANN
S232,0.24517815311199337,0.4238418333555165,0.30958217130461335,0.02139784222787699,1D-CNN
S233,0.2654144079634035,0.3287279771089223,0.3792607480649593,0.026596866862714907,ANN
S234,0.3245429962341394,0.349080976142263,0.3015207658565642,0.024855261767034044,1D-CNN
S235,0.29137409381142126,0.30557355043736867,0.3746149271317609,0.028437428619449968,ANN
S236,0.3334255534556123,0.34968131531762014,0.28315098867396954,0.03374214255279766,1D-CNN
S237,0.28956033231895767,0.3379022749138656,0.3400325744783415,0.032504818288835155,ANN
S238,0.37175321068356865,0.292449388868114,0.2789272758909605,0.0568701245573565,LSTM
S239,0.4214920122615851,0.2559932723934971,0.25235712526590026,0.07015759007901777,LSTM
S240,0.3385834863834778,0.31174404364613034,0.2961602062219076,0.05351226374848441,LSTM
S241,0.4519650593480929,0.23136442460118967,0.2676932981863554,0.04897721786436222,LSTM
S242,0.39017174189358766,0.23360507933378333,0.34290255765183,0.033320621120800364,LSTM
S243,0.24238690582326938,0.35043431620389875,0.38420703536179335,0.022971742611037998,ANN
S244,0.22685624340670535,0.6031586582096642,0.15377488297284253,0.016210215410788164,1D-CNN
S245,0.2752661009986759,0.21928864027981984,0.4817695945754018,0.023675664146102508,ANN
S246,0.10928153752885815,0.5710213660437335,0.30758204948200624,0.01211504694540205,1D-CNN
S247,0.14487329389812548,0.35328402280445115,0.48031365256377917,0.021529030733644462,ANN
S248,0.40538296134185997,0.30293549808736464,0.2338371787449191,0.05784436182585634,LSTM
S249,0.37384944936966813,0.33544267517612897,0.24916334413956182,0.04154453131464105,LSTM
S250,0.3273668120464685,0.35104051079510534,0.2755178726401514,0.04607480451827487,1D-CNN
S251,0.3336835362311678,0.3202541131775524,0.29356884528990734,0.05249350530137214,LSTM
S252,0.3377841361343091,0.3086728589905505,0.29192140610123746,0.06162159877390299,LSTM
S253,0.3368621392699787,0.2923483402865433,0.31121252068556077,0.059576999757916194,LSTM
S254,0.28609566618203885,0.2857869256270156,0.3823226077665583,0.04579480042438776,ANN
S255,0.35116359215670906,0.24265414542907734,0.3692000962636514,0.03698216615056116,ANN
S256,0.4296361487447163,0.2785161119769782,0.2644629498396509,0.027384789438654973,LSTM
S257,0.3257255860143269,0.31816506920385434,0.32887102832167225,0.027238316460146964,ANN
S258,0.3663217482555521,0.32795008875393356,0.2555655157641215,0.05016264722639307,LSTM
S259,0.4877260166533683,0.17604780662074657,0.24179638246308865,0.09442979426279663,LSTM
S260,0.3330593573841989,0.29671424989678735,0.31889817453208114,0.051328218186933415,LSTM
S261,0.356915848806505,0.22439219811130257,0.38527584825701877,0.03341610482517357,ANN
S262,0.33890467614052133,0.40238521347572154,0.22780954108944237,0.030900569294314156,1D-CNN
S263,0.34023031037734697,0.3518145686901658,0.27173723666615407,0.03621788426633298,1D-CNN
S264,0.2967667099940457,0.28140683487326373,0.379613731888264,0.0422127232444268,ANN
S265,0.3812793200960337,0.2849283089780076,0.26710664065114775,0.0666857302748108,LSTM
S266,0.3578343568221359,0.2667306173659922,0.3157000553197409,0.05973497049213148,LSTM
S267,0.3080987402935723,0.31240837091168605,0.3296236622772966,0.049869226517444715,ANN
S268,0.38153499957118275,0.24655964495943478,0.33428250330087794,0.037622852168504764,LSTM
S269,0.47922514595176813,0.2243187684965422,0.21811335729715248,0.07834272825453788,LSTM
S270,0.4056881399533674,0.1614949336631895,0.3491560222946292,0.08366090408881349,LSTM
S271,0.31244328710338426,0.27887078054264713,0.3437262034528737,0.06495972890109566,ANN
S272,0.33656613000001934,0.3175060203656978,0.2809985381127821,0.06492931152150067,LSTM
S273,0.3307740842316397,0.3160799991234608,0.2961864354169459,0.056959481227953364,LSTM
S274,0.33213667518649326,0.37394688517665725,0.2434474885716781,0.05046895106517136,1D-CNN
S275,0.32833371156036284,0.2785373787488922,0.34911337162581846,0.044015538064926876,ANN
S276,0.3309706607610072,0.25815218726073685,0.3559625585005439,0.054914593477712374,ANN
S277,0.3273899363347033,0.2598580543745213,0.3607658620735684,0.051986147217206964,ANN
S278,0.43848478283710857,0.21844457469747558,0.29978374385742446,0.043286898607990995,LSTM
S279,0.3502063519660761,0.2831044425844839,0.33374402962798855,0.0329451758214499,LSTM
S280,0.323235040664275,0.34883732542269996,0.29295799115703486,0.034969642755990134,1D-CNN
S281,0.35977704956484036,0.30477997463335266,0.28657446063300135,0.04886851516880572,LSTM
S282,0.42710575095492154,0.2347207775685965,0.2747069397741089,0.06346653170237282,LSTM
S283,0.34345556143867934,0.29679820686487,0.3033850010420442,0.056361230654406604,LSTM
S284,0.32480534402564765,0.2999606577984792,0.32292466817735127,0.05230932999852217,LSTM
S285,0.5428641902425884,0.13431469905061638,0.26265997328712326,0.060161137419671606,LSTM
S286,0.5961444317898287,0.12077419564749926,0.24490930961758497,0.03817206294508705,LSTM
S287,0.24089439510854468,0.5108094772668472,0.2284760852975053,0.019820042327101984,1D-CNN
S288,0.2222128404130609,0.546190405169555,0.2085785476754844,0.023018206741900537,1D-CNN
S289,0.2423122401301973,0.35784359203312993,0.3689126721953978,0.030931495641274752,ANN
S290,0.3534485428797984,0.33236616513790634,0.2684420829992411,0.045743208983054125,LSTM
S291,0.44617546505171807,0.28259017400773717,0.2113861741555403,0.059848186785004635,LSTM
S292,0.34464399028827175,0.29332567478429716,0.3067819759252408,0.05524835900219067,LSTM
S293,0.25329069827605316,0.32396274691289156,0.37317775047941404,0.04956880433164122,ANN
S294,0.4479527634418632,0.2101521638249143,0.28235848028081506,0.05953659245240742,LSTM
S295,0.6851271346095199,0.1362049457686337,0.14029644387739656,0.03837147574445009,LSTM
S296,0.5434029708116939,0.20531771971098636,0.22276143994565836,0.028517869531660522,LSTM
S297,0.2580026856919477,0.453053331631521,0.26884950816159014,0.02009447451494078,1D-CNN
S298,0.4726427071667453,0.2067802225129331,0.2721111292670914,0.04846594105323081,LSTM
S299,0.30603727460718066,0.388758305367276,0.27084906632841343,0.03435535369712966,1D-CNN
S300,0.38527936647961747,0.3271856287945868,0.22570606761737474,0.06182893710842149,LSTM
S301,0.46592936894698544,0.25469241129161474,0.21319036634524288,0.06618785341615709,LSTM
S302,0.3551507517148409,0.32316535924710144,0.26425481828990705,0.05742907074815093,LSTM
S303,0.2912470506978434,0.3746545104645689,0.285367948936511,0.04873048990107636,1D-CNN
S304,0.32266199393649375,0.3159913866755364,0.3034598935337968,0.05788672585417267,LSTM
S305,0.3647244004942278,0.291364485166831,0.27722979338264775,0.066681320956294,LSTM
S306,0.32938591146981866,0.29312867814297794,0.323077887131521,0.05440752325568179,LSTM
S307,0.4413465530550761,0.1801065296671842,0.3344141221621366,0.044132795115602634,LSTM
S308,0.31131860825878316,0.33576169931205724,0.3277912970342718,0.025128395394887128,1D-CNN
S309,0.30700000003106875,0.44209153035826976,0.23067429085870153,0.02023417875196089,1D-CNN
S310,0.2658791774664451,0.3975368992261826,0.3107273424856244,0.025856580821746862,1D-CNN
S311,0.6980958107749127,0.08588639874763497,0.13740458973542224,0.0786132007420302,LSTM
S312,0.4099135798889955,0.17619872079652593,0.3160917545789366,0.09779594473554157,LSTM
S313,0.3935669357995859,0.35606148528822285,0.18727785407571929,0.06309372483647177,LSTM
S314,0.2730013376462361,0.5077174636864156,0.16723391168102675,0.05204728698632103,1D-CNN
S315,0.3635159514045145,0.3249875152529646,0.2559011771790578,0.05559535616346289,LSTM
S316,0.4739090286231606,0.20835819605407063,0.2653916586355294,0.052341116687239016,LSTM
S317,0.41190532346911113,0.22521143846330843,0.2811640619214283,0.0817191761461525,LSTM
S318,0.4067019311769313,0.26270823173943936,0.2762628418604839,0.054326995223145796,LSTM
S319,0.6210891187459365,0.1275799272821313,0.21878026961718341,0.0325506843547493,LSTM
S320,0.17269089538763657,0.17259394333899936,0.646965824551703,0.007749336721661365,ANN
S321,0.06574974873732571,0.49357693882256604,0.4358373080715099,0.004836004368598512,1D-CNN
S322,0.09572983077977179,0.4664124084198298,0.4298838181994682,0.007973942600929282,1D-CNN
S323,0.12854914122980926,0.5823656663080029,0.27903510423854994,0.010050088223637047,1D-CNN
S324,0.10236396915026828,0.3655755894269739,0.5226833885636776,0.009377052859081423,ANN
S325,0.3895946655084861,0.30580222719690225,0.27393417874404863,0.030668928550563197,LSTM
S326,0.30325456023642094,0.3984899938212883,0.26358447612734615,0.034670969814944726,1D-CNN
S327,0.45997478096599226,0.2575194138713154,0.21276822738308873,0.06973757777960378,LSTM
S328,0.37567974414481137,0.25730068426829955,0.2947463999702212,0.0722731716166676,LSTM
S329,0.3176767724183192,0.3312308595802791,0.27059751117951536,0.08049485682188615,1D-CNN
S330,0.27930769550034,0.3578145471765156,0.27897005944062275,0.08390769788252166,1D-CNN
S331,0.24717430357560205,0.36620298624409664,0.3171258563559472,0.06949685382435423,1D-CNN
S332,0.29050551314421874,0.30671137431769363,0.34722978177173336,0.05555333076635459,ANN
S333,0.3321318797136778,0.31018290828697914,0.3238979624812175,0.03378724951812462,LSTM
S334,0.32704362877226856,0.3316435184345488,0.308039860003035,0.03327299279014786,1D-CNN
S335,0.3325523167604459,0.3121653781234509,0.3221674986492958,0.03311480646680813,LSTM
S336,0.32899434444451486,0.33013171977854294,0.30261156993029337,0.03826236584664992,1D-CNN
S337,0.49649622114005715,0.22805693405429897,0.19467608756339425,0.0807707572422496,LSTM
S338,0.5853084908774798,0.14578800701464747,0.18489801128494693,0.08400549082292551,LSTM
S339,0.21847704270589105,0.3925428041741142,0.332773616697621,0.056206536422373665,1D-CNN
S340,0.3034058865163052,0.2879354149968402,0.3315181054441974,0.07714059304265766,ANN
S341,0.2712402242654536,0.2444946315780578,0.4580286569398581,0.02623648721663119,ANN
S342,0.39057698218459574,0.31128923196912023,0.246712160135171,0.05142162571111244,LSTM
S343,0.42635796261707787,0.2779489465574022,0.2683446666074989,0.027348424218021663,LSTM
S344,0.44153765829951847,0.25940476284218916,0.2775506107156073,0.021506968142685556,LSTM
S345,0.297404036925526,0.18613407219206088,0.4963317477595492,0.02013014312286407,ANN
S346,0.4107451431921043,0.33993560693263236,0.2146529074756896,0.0346663423995744,LSTM
S347,0.3041619587696216,0.2828815888446241,0.3795925522745059,0.03336390011124916,ANN
S348,0.23948659654839416,0.25144384672117365,0.47063470121651324,0.038434855513918995,ANN
S349,0.3190981487981839,0.30124689460137877,0.3376678673396687,0.04198708926076876,ANN
S350,0.29149849685780344,0.3343517370680675,0.34266354379514047,0.03148622227898794,ANN
S351,0.312671529584061,0.3345240562131206,0.3246755403223688,0.028128873880450486,1D-CNN
S352,0.3140065761812781,0.30381949508467365,0.3448635085259272,0.03731042020812172,ANN
S353,0.4639567626329509,0.25652462286642796,0.2120837802457892,0.06743483425483238,LSTM
S354,0.4188545991746581,0.23773120896219552,0.2782576343715266,0.06515655749162044,LSTM
S355,0.3006817088905526,0.3199238397328554,0.32565013087377553,0.05374432050281642,ANN
S356,0.33924705996997284,0.2934061690064972,0.32094987910175027,0.04639689192177964,LSTM
S357,0.3037027639295918,0.35803284901543175,0.29364422177658944,0.04462016527838777,1D-CNN
S358,0.32231012287502614,0.31329480327259157,0.3172026719655815,0.047192401886800975,LSTM
S359,0.30621033361448985,0.3435952654406279,0.30566337058490056,0.044531030359981884,1D-CNN
S360,0.37319788513508634,0.3103061402716197,0.2577705000199285,0.05872547457336637,LSTM
S361,0.42675714055387975,0.20613989378127015,0.2994619997082831,0.06764096595656649,LSTM
S362,0.1485381003768902,0.4514085704859193,0.3647385393791222,0.03531478975806798,1D-CNN
S363,0.0940346949076693,0.14732733078626545,0.7008849417821078,0.057753032523957186,ANN
S364,0.1723264810484283,0.15907175790519654,0.6085996336307293,0.06000212741564541,ANN
S365,0.7638704463324725,0.14317602565981039,0.07825805700456881,0.014695471003148452,LSTM
S366,0.7569678489418402,0.07267170399242853,0.1526701456384234,0.017690301427306897,LSTM
S367,0.24153738455327473,0.4328881492360632,0.3076702643241698,0.017904201886492922,1D-CNN
S368,0.2816520189111043,0.352278643972428,0.3323333907084444,0.03373594640802323,1D-CNN
S369,0.27961062933058534,0.28053183767053647,0.40035779616865,0.03949973683022772,ANN
S370,0.2419283499887399,0.32342866553874117,0.39935165411458884,0.0352913303579295,ANN
S371,0.2654352028601276,0.4595151037749011,0.24438162241700218,0.030668070947969042,1D-CNN
S372,0.29739510346107295,0.3897191125881607,0.27980926969721165,0.03307651425355469,1D-CNN
S373,0.20805927191873802,0.36448924116725495,0.39808542990594026,0.029366057008067006,ANN
S374,0.31453972071340314,0.36193649627792723,0.27420157989098043,0.04932220311768905,1D-CNN
S375,0.5619133480559304,0.16530147339972326,0.17481293939938922,0.0979722391449568,LSTM
S376,0.324718787656229,0.3678623910164729,0.264971684539956,0.042447136787341765,1D-CNN
S377,0.3228277860640618,0.1590359301646523,0.45624708422200627,0.061889199549279475,ANN
S378,0.3821373400592642,0.24518617573013812,0.29742926674758696,0.0752472174630107,LSTM
S379,0.3369328183468226,0.2621026778214762,0.35546293167538306,0.04550157215631713,ANN
S380,0.3392131069329324,0.27628253987478957,0.3338595950501621,0.05064475814211556,LSTM
S381,0.3172660863832074,0.2917912382070863,0.3578001288954755,0.03314254651423078,ANN
S382,0.4219347794959081,0.239299136263367,0.31430626139111356,0.02445982284961163,LSTM
S383,0.2839122231273908,0.3408561083317735,0.3508647819539969,0.024366886586839397,ANN
S384,0.2429186963455784,0.3281816837072879,0.39975375483508085,0.02914586511205345,ANN
S385,0.3913535791553072,0.27536717382492343,0.2734304452286796,0.05984880179108981,LSTM
S386,0.3866656533265981,0.23792488887234015,0.31624043771421445,0.05916902008684772,LSTM
S387,0.402565237560626,0.22266934916890307,0.33102660306865495,0.04373881020181482,LSTM
S388,0.4885990794417854,0.19160116731609791,0.28573915226696006,0.034060600975156674,LSTM
S389,0.21917489842980095,0.3083675319283205,0.44900754955080013,0.023450020091078733,ANN
S390,0.18940396122141143,0.48659605719046745,0.3040900548271672,0.01990992676095368,1D-CNN
S391,0.34005337712252387,0.36693111049689753,0.2666515091861571,0.02636400319442141,1D-CNN
S392,0.1742256860871997,0.3918012240061948,0.41959983747927276,0.014373252427332903,ANN
S393,0.04670108132071479,0.31216875552601187,0.6372386385725608,0.0038915245807117716,ANN
S394,0.1425486444497679,0.3459341828731173,0.498881527654012,0.012635645023102477,ANN
S395,0.6192136368307489,0.24476743473527132,0.09084388787538328,0.04517504055859589,LSTM
S396,0.4561813703352779,0.19884906660531484,0.2842232273451711,0.060746335714236044,LSTM
S397,0.3198355455090424,0.31448273849496444,0.3048239785614586,0.06085773743453465,LSTM
S398,0.35224820677380947,0.3680062649008024,0.21060062404281735,0.06914490428257053,1D-CNN
S399,0.30392352997744804,0.3200933266529368,0.3080851291117758,0.06789801425783909,1D-CNN
S400,0.3451756050587135,0.34035365024902775,0.2703063024398016,0.04416444225245777,LSTM
S401,0.358780708794306,0.3034721769864645,0.2985308071788693,0.0392163070403604,LSTM
S402,0.3015668655106904,0.31145754701570816,0.3507822667691797,0.036193320704422216,ANN
S403,0.3317513050568947,0.41486374213894955,0.22917587337919643,0.02420907942495962,1D-CNN
S404,0.26111950475779677,0.2076240302502246,0.511339019763704,0.019917445228274714,ANN
S405,0.20738946619514526,0.41160042706938965,0.3633033110031947,0.01770679573227023,1D-CNN
S406,0.22478463030735316,0.4158385148052599,0.3386995829506066,0.020677271936781594,1D-CNN
S407,0.23829500299549858,0.3463808670404017,0.38175349485467264,0.03357063510942637,ANN
S408,0.3241739608925767,0.30130596833544526,0.3238292475549522,0.050690823217026316,LSTM
S409,0.31054336553743467,0.3101869790324099,0.33133404366049446,0.047935611769661074,ANN
S410,0.3158264855094458,0.29749942997549556,0.3457913513812462,0.04088273313381214,ANN
S411,0.47818417952884634,0.1781429616895057,0.3030352507055932,0.04063760807605508,LSTM
S412,0.3454619418208042,0.29121596683920675,0.3335918564462685,0.02973023489372039,LSTM
S413,0.15635330783945386,0.47270924141650555,0.3542264096569589,0.016711041087082462,1D-CNN
S414,0.08310700940713318,0.6256759464388528,0.28111584307680254,0.010101201077211444,1D-CNN
S415,0.10757744238626393,0.4557205034435871,0.4236372931790718,0.013064760991077031,1D-CNN
S416,0.06555209472508139,0.2348296010862732,0.6915855334073506,0.008032770781294779,ANN
S417,0.19280621938985337,0.3223879592169308,0.4617087430116553,0.02309707838155984,ANN
S418,0.23076542459337193,0.2752015662708607,0.4663449413539796,0.027688067781787902,ANN
S419,0.29378539795706,0.34196847444018486,0.33333912185280007,0.030907005749955505,1D-CNN
S420,0.3375245967376149,0.3129887838976851,0.319416567726463,0.030070051638237286,LSTM
S421,0.4499260171806594,0.2794959289325213,0.24210617222597916,0.028471881660840873,LSTM
S422,0.18159225329616838,0.40622551193476264,0.39122473861757256,0.020957496151496568,1D-CNN
S423,0.36993093434950447,0.30662817280546306,0.27469090610688074,0.04874998673815152,LSTM
S424,0.3019736307592004,0.30196462723430434,0.35081123044855866,0.04525051155793568,ANN
S425,0.3689650230144671,0.30436858675320827,0.26796054924497903,0.05870584098734613,LSTM
S426,0.3064116903101697,0.30819475572047245,0.35204066599338735,0.03335288797597039,ANN
S427,0.380404406826244,0.27913030765250724,0.31461572352903644,0.025849561992212715,LSTM
S428,0.38968826696800657,0.26770830443027793,0.32272185287393945,0.019881575727776293,LSTM
S429,0.057408561827717954,0.32624647402325724,0.6123230747776238,0.004021889371402271,ANN
S430,0.19643263969850316,0.4210833141047004,0.36772603377992225,0.014758012416875077,1D-CNN
S431,0.261047919356284,0.42277274414864324,0.2979706581692526,0.018208678325820307,1D-CNN
S432,0.398868261594822,0.3128740452370191,0.2487020992013256,0.039555593966833544,LSTM
S433,0.43623998602907327,0.2519282457371753,0.24678904538666183,0.06504272284708985,LSTM
S434,0.4265409096982298,0.2770255742862681,0.1965845753829773,0.09984894063252418,LSTM
S435,0.3788725014917177,0.2566016244783235,0.2610383973162357,0.103487476713723,LSTM
S436,0.21542165111028933,0.2982783492667467,0.4139436649779858,0.07235633464497811,ANN
S437,0.24361004253412474,0.2968571213121448,0.4042163906092798,0.05531644554445114,ANN
S438,0.24941802881654887,0.41000680572760007,0.29900162710295203,0.041573538352898676,1D-CNN
S439,0.30322692384307565,0.34678368531500364,0.31836237876752455,0.031627012074396055,1D-CNN
S440,0.36036690314166847,0.3096344402244182,0.28046961240004403,0.04952904423386955,LSTM
S441,0.3846636206872656,0.28279537395182425,0.2710684472200818,0.06147255814082802,LSTM
S442,0.40058550575260643,0.2720822154117255,0.2597908430523494,0.06754143578331881,LSTM
S443,0.3081389387315837,0.3103013283901068,0.3182177148348266,0.06334201804348324,ANN
S444,0.3061073613396477,0.3338969729466865,0.2927704595014858,0.06722520621217998,1D-CNN
S445,0.2912823936566996,0.30122607605437746,0.34480742439312567,0.0626841058957984,ANN
S446,0.2756560215281903,0.29167153668702767,0.382322765429293,0.05034967635548857,ANN
S447,0.5117479448921614,0.18220904385458025,0.2639411054223027,0.04210190583095536,LSTM
S448,0.5214144098034161,0.2622644050275793,0.19180074925281443,0.02452043591618951,LSTM
S449,0.2818733527961714,0.36176969712847423,0.3338726932672465,0.02248425680810784,1D-CNN
S450,0.16077045409658483,0.400853808075618,0.41736652988252876,0.021009207945268237,ANN
