Segment,1D-CNN,ANN,BiLSTM,LSTM,Selected
S1,0.26579277744470575,0.2707353047161738,0.3423074827626653,0.12116443507645494,BiLSTM
S2,0.34121075381759297,0.3165635539362521,0.24049857322659307,0.10172711901956201,1D-CNN
S3,0.26790862283807826,0.35294705958893946,0.2588557091341508,0.12028860843883149,ANN
S4,0.295442764108272,0.3759629130972877,0.23494019613217285,0.09365412666226725,ANN
S5,0.2757984977479695,0.2528491944683358,0.3539219377528174,0.11743037003087728,BiLSTM
S6,0.31194580754832585,0.24248037716338003,0.3235494612344424,0.1220243540538516,BiLSTM
S7,0.29608361070417066,0.2648732717146007,0.3044227707513428,0.13462034682988555,BiLSTM
S8,0.33619394083045273,0.23597885154612766,0.3245583185754156,0.10326888904800376,1D-CNN
S9,0.18666662545727833,0.17560695125558662,0.5217253347571363,0.11600108852999888,BiLSTM
S10,0.23728327104809782,0.256443889626591,0.40612053000005044,0.10015230932526072,BiLSTM
S11,0.25405906293757197,0.34086731665377784,0.3105609477203724,0.09451267268827751,ANN
S12,0.26932830597416535,0.3242241746455251,0.2838900830162807,0.12255743636402894,ANN
S13,0.27296909183051543,0.3373372901633694,0.24564276901502613,0.14405084899108908,ANN
S14,0.28609764688169237,0.3874354638365567,0.209169067162194,0.11729782211955718,ANN
S15,0.4211938757892742,0.3482355242663166,0.15641448409890926,0.07415611584549986,1D-CNN
S16,0.37145342747530813,0.3643210936216228,0.1950009918842034,0.06922448701886545,1D-CNN
S17,0.32314619127506206,0.3142617263058814,0.27907327245183616,0.08351880996722082,1D-CNN
S18,0.3147373001214193,0.2891649278609851,0.3019093146880562,0.09418845732954002,1D-CNN
S19,0.3135852729254751,0.3313367896851164,0.2571698325654398,0.09790810482396858,ANN
S20,0.3033745219651632,0.2971244192425174,0.2686034596539382,0.13089759913838103,1D-CNN
S21,0.4090222956271242,0.342807985448752,0.1695102631252362,0.07865945579888757,1D-CNN
S22,0.5321095120864645,0.3213678870562275,0.10353728315241999,0.04298531770488744,1D-CNN
S23,0.37007678154285806,0.3937646948095643,0.1732366588958408,0.06292186475173701,ANN
S24,0.33209890896414057,0.24738290649064343,0.31108126859829527,0.10943691594692068,1D-CNN
S25,0.24910720947630863,0.20183220795936863,0.42952936887064697,0.11953121369367556,BiLSTM
S26,0.27923596198991396,0.2075143146395508,0.41112674335840815,0.10212298001212701,BiLSTM
S27,0.27004014753519306,0.2918189271328318,0.3633477484729304,0.07479317685904494,BiLSTM
S28,0.2785357155367035,0.3514973937936879,0.28224250467377027,0.08772438599583866,ANN
S29,0.24147165070199222,0.20828106038092564,0.2517680691827334,0.2984792197343486,LSTM
S30,0.19840668298006559,0.37282502595241007,0.1932266350672553,0.2355416560002689,ANN
S31,0.6281234284571166,0.24145581111665268,0.060655038265535886,0.06976572216069471,1D-CNN
S32,0.45095510020792445,0.3427502860991876,0.09833770056973229,0.10795691312315574,1D-CNN
S33,0.28633958230058304,0.2803270151533584,0.2567294029915082,0.17660399955455028,1D-CNN
S34,0.3911494640729371,0.20837904414896186,0.27167925728754494,0.12879223449055655,1D-CNN
S35,0.1898145089077197,0.24014843902194802,0.4445065905755042,0.1255304614948276,BiLSTM
S36,0.2565321912297305,0.25817263943369556,0.36033718721763836,0.12495798211893527,BiLSTM
S37,0.30032624561777493,0.241667324841654,0.34845310377394706,0.1095533257666243,BiLSTM
S38,0.2702003732980131,0.29533211145523103,0.332183645035072,0.1022838702116838,BiLSTM
S39,0.2980125689394716,0.27986947153427544,0.3291071879742856,0.093010771551967,BiLSTM
S40,0.2737489600933502,0.233367357154615,0.3894985727666276,0.1033851099854073,BiLSTM
S41,0.26201149782084576,0.2822935709529544,0.35624637367629924,0.09944855754990059,BiLSTM
S42,0.30226412147002646,0.3101865689658939,0.2881038207845096,0.09944548877957035,ANN
S43,0.2552438061075553,0.2962940684362299,0.2992431460594782,0.14921897939673637,BiLSTM
S44,0.3197876362386188,0.32067742453788844,0.24985407547772054,0.1096808637457722,ANN
S45,0.31261585868054104,0.2947712986026709,0.2878331706351268,0.10477967208166161,1D-CNN
S46,0.30104365637844777,0.2929331179371845,0.30128240966489905,0.1047408160194687,BiLSTM
S47,0.2828566262163432,0.29568767686819664,0.31750923127886727,0.10394646563659254,BiLSTM
S48,0.28704380902692245,0.2609186625250537,0.34069206153363923,0.11134546691438442,BiLSTM
S49,0.28984473026753993,0.26660718423082014,0.33323565136657174,0.11031243413506829,BiLSTM
S50,0.26756926081896154,0.2979039515301967,0.33303530393372693,0.10149148371711482,BiLSTM
S51,0.11505004546269727,0.176610171013855,0.3766108819190432,0.33172890160440455,BiLSTM
S52,0.2537579762991341,0.3582208212874228,0.2501164905868306,0.13790471182661243,ANN
S53,0.1663191032883376,0.3655485858830604,0.33961067303746234,0.1285216377911397,ANN
S54,0.2785959259817985,0.2657700834444339,0.3273757050993493,0.12825828547441853,BiLSTM
S55,0.23465877390676654,0.3102925852952051,0.29612691480440373,0.1589217259936244,ANN
S56,0.47101609849367415,0.2542039456820422,0.18962109864415191,0.08515885718013178,1D-CNN
S57,0.36574502578005413,0.22060541265985237,0.29851109017895233,0.11513847138114106,1D-CNN
S58,0.46512113589046206,0.15050174889503734,0.28560160209602486,0.09877551311847539,1D-CNN
S59,0.2567436742808964,0.23886097226992728,0.383954793484724,0.12044055996445231,BiLSTM
S60,0.2883035338176057,0.4092816771215285,0.23531422667497998,0.0671005623858856,ANN
S61,0.46610851533664704,0.2696616051854191,0.22080760986080733,0.04342226961712628,1D-CNN
S62,0.29125228106533246,0.2203107085999824,0.42928332377454825,0.059153686560136996,BiLSTM
S63,0.20604219518849198,0.36045667479813015,0.383854086572309,0.0496470434410689,BiLSTM
S64,0.2835757146130917,0.3186521820090081,0.31893580898599994,0.0788362943919005,BiLSTM
S65,0.2546936875880549,0.28015305579033184,0.3138238273965207,0.15132942922509246,BiLSTM
S66,0.29378911858166773,0.32244234684542505,0.23514100364136226,0.14862753093154493,ANN
S67,0.3657631716953821,0.4182036165225097,0.14339457899530159,0.07263863278680645,ANN
S68,0.4875371944930464,0.3443743939498659,0.12155045436384411,0.04653795719324351,1D-CNN
S69,0.3376306081045765,0.44702994375466415,0.16253964581335084,0.05279980232740842,ANN
S70,0.3855404969012286,0.37592433481881876,0.186553389705762,0.05198177857419072,1D-CNN
S71,0.3894716296996839,0.33126529836805463,0.2137345922030944,0.06552847972916684,1D-CNN
S72,0.28150771168134553,0.3640417409018168,0.26230368021414174,0.0921468672026961,ANN
S73,0.353363689091775,0.30280204941570565,0.2499485476783689,0.09388571381415031,1D-CNN
S74,0.3115275546278496,0.3124151530648177,0.2780876172622423,0.09796967504509031,ANN
S75,0.2801523866285676,0.30222683236734016,0.3108787005077751,0.10674208049631714,BiLSTM
S76,0.2944683735080329,0.25268924150674066,0.3437732601976022,0.1090691247876242,BiLSTM
S77,0.28446589800853334,0.25383317071811423,0.3521733288203609,0.10952760245299158,BiLSTM
S78,0.5808410329168497,0.22818456227049383,0.15803702310733256,0.03293738170532412,1D-CNN
S79,0.18609602497450498,0.30086350697304143,0.47579155137393836,0.03724891667851563,BiLSTM
S80,0.21328368648043283,0.3808565209397483,0.36439470027085785,0.04146509230896061,ANN
S81,0.26746024199342755,0.32230928485743876,0.32321308160828555,0.08701739154084792,BiLSTM
S82,0.27526562533379945,0.31138028504228754,0.3226962750792607,0.09065781454465201,BiLSTM
S83,0.32643369810252104,0.268626968586885,0.28994069018046903,0.11499864313012524,1D-CNN
S84,0.34777648411455814,0.25950667047902715,0.2885821171559576,0.10413472825045761,1D-CNN
S85,0.26962749376271433,0.25640251619828164,0.35123544337599344,0.12273454666301037,BiLSTM
S86,0.2793615318060347,0.24262571902820998,0.3569422340919386,0.12107051507381679,BiLSTM
S87,0.298697431628248,0.2927927176268062,0.314487430799033,0.09402241994591275,BiLSTM
S88,0.2901371363382476,0.2839352964406704,0.3312828264502053,0.09464474077087699,BiLSTM
S89,0.22211101178649073,0.25519933452846444,0.4070379630948067,0.11565169059023786,BiLSTM
S90,0.27259929144896144,0.2756834918301486,0.3540802558860354,0.09763696083485414,BiLSTM
S91,0.13366594728162903,0.23692537822839788,0.4037346942118525,0.22567398027812063,BiLSTM
S92,0.24429496104622087,0.29851532881480036,0.2901713592680448,0.16701835087093392,ANN
S93,0.3786393227016072,0.35097836865099513,0.18918985570773086,0.08119245293966695,1D-CNN
S94,0.42468496140176587,0.35700791160198586,0.1583727521272116,0.05993437486903638,1D-CNN
S95,0.40146734062194045,0.2811701494150244,0.23039451176652703,0.08696799819650815,1D-CNN
S96,0.35851570812214245,0.2927566823551268,0.2526453439199188,0.09608226560281231,1D-CNN
S97,0.33493345775694394,0.29008961565922387,0.2758439347736126,0.09913299181021945,1D-CNN
S98,0.3672732588621996,0.21835602022096007,0.3020294670722846,0.11234125384455573,1D-CNN
S99,0.23856070551936398,0.27598707999803407,0.36318400311922455,0.12226821136337744,BiLSTM
S100,0.2855376225150985,0.3531524727269907,0.2820270110933441,0.07928289366456681,ANN
S101,0.18748604904122937,0.3062790217806515,0.40171570102087123,0.10451922815724778,BiLSTM
S102,0.18514852351393263,0.28187392724286164,0.3904781270126412,0.14249942223056444,BiLSTM
S103,0.20839313338117674,0.2714449739775632,0.3166388894913132,0.20352300314994676,BiLSTM
S104,0.2744363751175597,0.30113107485642904,0.2602769908141132,0.1641555592118981,ANN
S105,0.4739087186873378,0.3646260623382302,0.11137892648204945,0.050086292492382535,1D-CNN
S106,0.7068947317846747,0.21796368698375382,0.0554274958178227,0.019714085413748573,1D-CNN
S107,0.3019079047823483,0.47246670497671506,0.17470271828901487,0.05092267195192175,ANN
S108,0.40532566079718363,0.24527755127296832,0.2825077039423692,0.06688908398747892,1D-CNN
S109,0.34367692122407073,0.3185945351091723,0.26482390845818427,0.07290463520857318,1D-CNN
S110,0.262641996081541,0.28637661441251205,0.3222174159329758,0.12876397357297106,BiLSTM
S111,0.2468616311352574,0.3700960701159023,0.26893506499579384,0.11410723375304667,ANN
S112,0.3394550165097186,0.2554409865762918,0.26063297481548253,0.14447102209850715,1D-CNN
S113,0.3097880576224991,0.2462276616630814,0.29234308940545733,0.1516411913089623,1D-CNN
S114,0.2581872248954267,0.35616477760833526,0.25222923775096495,0.13341875974527312,ANN
S115,0.42005556831502944,0.23655058759610723,0.21200793145778948,0.13138591263107396,1D-CNN
S116,0.332916019855416,0.34613854112540793,0.217162675653909,0.10378276336526715,ANN
S117,0.4042860301684128,0.3282892660639955,0.15562347519605757,0.11180122857153427,1D-CNN
S118,0.3199588037303747,0.5166656325195121,0.09623062707458352,0.0671449366755294,ANN
S119,0.3361066441528823,0.419373000609302,0.17132682297233962,0.07319353226547608,ANN
S120,0.3690093877733277,0.333718383146679,0.20148771140699306,0.09578451767300014,1D-CNN
S121,0.31173474716224486,0.3821309406220917,0.20053743616419475,0.10559687605146867,ANN
S122,0.40845793459211915,0.373997169604813,0.13783926276231354,0.07970563304075455,1D-CNN
S123,0.39064228697731773,0.3810407728431318,0.14259606843728617,0.08572087174226448,1D-CNN
S124,0.3356216625562745,0.31955049778859496,0.22825087036304165,0.11657696929208893,1D-CNN
S125,0.1866906801509549,0.15013072260574226,0.5167814705487171,0.14639712669458546,BiLSTM
S126,0.13890555218550846,0.17220951390440256,0.5469825044064962,0.14190242950359264,BiLSTM
S127,0.22814528631618758,0.24262732822281713,0.46140693555716233,0.06782044990383326,BiLSTM
S128,0.22237182162835548,0.18327271489619065,0.5225483785917093,0.07180708488374431,BiLSTM
S129,0.2668691894450109,0.2441077493359301,0.4179255038466692,0.0710975573723898,BiLSTM
S130,0.28669708223921503,0.23404762042539856,0.4124489055269728,0.06680639180841347,BiLSTM
S131,0.29488872663259846,0.27509595060027064,0.3356990618379652,0.09431626092916558,BiLSTM
S132,0.2974433103345899,0.29981756473148663,0.30440516852713295,0.09833395640679071,BiLSTM
S133,0.29005036141416574,0.3085988145564676,0.29952332263695225,0.10182750139241459,ANN
S134,0.33282022174630416,0.3337077025109243,0.23068739196286278,0.10278468377990886,ANN
S135,0.31326251723855325,0.32478161378638226,0.2213933114316148,0.1405625575434498,ANN
S136,0.3766800887065066,0.3092399600756024,0.20216860232250697,0.111911348895384,1D-CNN
S137,0.2447320605990513,0.20927262614561318,0.3841277737433279,0.16186753951200775,BiLSTM
S138,0.13440322966621096,0.18946431055901597,0.4994891953255379,0.17664326444923492,BiLSTM
S139,0.2241253516021377,0.22574954747680445,0.4373069730781104,0.11281812784294756,BiLSTM
S140,0.27401112692272456,0.21355480134616564,0.4339417389072261,0.0784923328238838,BiLSTM
S141,0.27411769042023565,0.24290602447975554,0.4020437139939266,0.08093257110608255,BiLSTM
S142,0.29213005799813474,0.3096268699917559,0.3049282548487575,0.0933148171613522,ANN
S143,0.24128143019071385,0.26995120180328214,0.2753722422853526,0.21339512572065128,BiLSTM
S144,0.34262065828264643,0.30425843756556614,0.23836021848783553,0.11476068566395184,1D-CNN
S145,0.315883969362499,0.2864089119974976,0.29239488307550204,0.10531223556450131,1D-CNN
S146,0.32636596035448834,0.3053377515759607,0.26753331115683937,0.10076297691271131,1D-CNN
S147,0.28751460071920504,0.41763783803525284,0.20834626266746334,0.0865012985780786,ANN
S148,0.36273914580933536,0.3327057211041314,0.20039731622463977,0.1041578168618936,1D-CNN
S149,0.35299459287784585,0.39953287516159497,0.1707895347955781,0.07668299716498098,ANN
S150,0.4218373647855599,0.36433071984307563,0.15158093683760518,0.06225097853375904,1D-CNN
S151,0.3553365478299035,0.22889956313598378,0.329345225100116,0.08641866393399739,1D-CNN
S152,0.14938299003616137,0.17227209306605057,0.49911367786984107,0.17923123902794702,BiLSTM
S153,0.1644542227148412,0.2948257436301337,0.40698283092184034,0.13373720273318487,BiLSTM
S154,0.3237479894298273,0.26179356409413346,0.22756460440397483,0.1868938420720642,1D-CNN
S155,0.3106103331363458,0.3540305426752104,0.22618510292596564,0.10917402126247823,ANN
S156,0.2558236619003748,0.43050679657048363,0.2196923242166594,0.09397721731248186,ANN
S157,0.3118327942892799,0.28416975967418484,0.2834896568420069,0.12050778919452877,1D-CNN
S158,0.28758600881817387,0.36134490673265957,0.24299428964316772,0.10807479480599898,ANN
S159,0.30927173142208264,0.3849477133358505,0.201096768634415,0.10468378660765183,ANN
S160,0.3196097844910492,0.31993289222766813,0.2476580948028665,0.11279922847841634,ANN
S161,0.2721199678155145,0.2267197948816646,0.3691892962517241,0.13197094105109664,BiLSTM
S162,0.1801278665592227,0.2224090919614519,0.46973932227814225,0.12772371920118306,BiLSTM
S163,0.20258899746582915,0.23338690708741372,0.4532611412442898,0.11076295420246746,BiLSTM
S164,0.2922729576958392,0.2546757631150641,0.37154809884333034,0.0815031803457662,BiLSTM
S165,0.2632803124620462,0.35080086541008926,0.30243035901314197,0.08348846311472294,ANN
S166,0.28513475641215613,0.3493055023679151,0.2448602861029702,0.12069945511695894,ANN
S167,0.36905034766648015,0.27757077018767035,0.23035935553021117,0.12301952661563847,1D-CNN
S168,0.3029562741124059,0.322303101910863,0.263203872800391,0.11153675117634029,ANN
S169,0.24255678214928064,0.2412110902317003,0.39798923244377904,0.11824289517524003,BiLSTM
S170,0.17511478443073905,0.17994437831440552,0.5182634795512554,0.12667735770360017,BiLSTM
S171,0.28619505898712666,0.2193976265882319,0.39498496465221367,0.09942234977242781,BiLSTM
S172,0.2805075308568724,0.2637063985553454,0.3762723053465278,0.07951376524125459,BiLSTM
S173,0.2757310331069973,0.28806245487356386,0.32999352425543454,0.1062129877640044,BiLSTM
S174,0.2525829723853526,0.2697318278928979,0.3558444074357233,0.12184079228602643,BiLSTM
S175,0.2591946816464223,0.23802852302948385,0.4034263468811271,0.09935044844296684,BiLSTM
S176,0.2496209530090693,0.3984692907683232,0.2800403057663192,0.07186945045628823,ANN
S177,0.44605137501865644,0.201945793155995,0.28482902527365583,0.06717380655169257,1D-CNN
S178,0.1373896551397715,0.1269823236227242,0.6401871394568419,0.09544088178066258,BiLSTM
S179,0.10785687119843575,0.14627127532290038,0.6942570143779455,0.051614839100718346,BiLSTM
S180,0.2594055383216808,0.33693342307947227,0.3290075006183813,0.07465353798046559,ANN
S181,0.30277793144817106,0.3317965521728573,0.2720557538167992,0.09336976256217241,ANN
S182,0.3134531350299157,0.3223614925097174,0.24905640600852,0.11512896645184696,ANN
S183,0.3683157803875815,0.29914393980781917,0.21100335535269493,0.12153692445190425,1D-CNN
S184,0.30130552305678837,0.43788534648111294,0.1722185149620562,0.08859061550004284,ANN
S185,0.4807017428108279,0.3443595983333148,0.12102732670545899,0.05391133215039831,1D-CNN
S186,0.540082258522566,0.26600652561364346,0.1450113476880094,0.048899868175781215,1D-CNN
S187,0.27628088370480786,0.3483082636490638,0.29345034333121783,0.0819605093149107,ANN
S188,0.3492765843126462,0.3922700089401087,0.18069574651918938,0.07775766022805583,ANN
S189,0.29888304683194944,0.36049369393239405,0.24135449980346815,0.09926875943218857,ANN
S190,0.27822543503826047,0.4210130673552264,0.22056974229937482,0.08019175530713821,ANN
S191,0.3767221623283004,0.3047264213657125,0.2188208868493182,0.09973052945666887,1D-CNN
S192,0.336234493385399,0.377924404086518,0.19630953295608145,0.08953156957200165,ANN
S193,0.3518774990877577,0.37408194362187064,0.17547333226306727,0.09856722502730428,ANN
S194,0.37145934457803387,0.3427353287912383,0.19303995640105012,0.0927653702296776,1D-CNN
S195,0.21939463732737738,0.15723526948408684,0.4729570187345241,0.15041307445401159,BiLSTM
S196,0.16746527329625474,0.19722583977961292,0.5188406243009909,0.11646826262314167,BiLSTM
S197,0.24574362632812102,0.2675540627737967,0.40123468562813647,0.08546762526994586,BiLSTM
S198,0.30396617654492203,0.29791967092125443,0.31293142820958997,0.0851827243242335,BiLSTM
S199,0.228178381561659,0.3329453236582418,0.2909005548902335,0.14797573988986557,ANN
S200,0.3149486570741432,0.30872811836350156,0.24169990870430186,0.13462331585805357,1D-CNN
S201,0.3865844396976895,0.34585282773033005,0.17092234369733428,0.09664038887464625,1D-CNN
S202,0.4175244194613971,0.3774976287219778,0.13473674633320712,0.07024120548341764,1D-CNN
S203,0.37773109720079684,0.47791451182472855,0.09829261662715515,0.046061774347319395,ANN
S204,0.46625113030514453,0.3785288552062457,0.10554755075369389,0.04967246373491606,1D-CNN
S205,0.3374995572963786,0.40291311277563036,0.19010783013152704,0.06947949979646398,ANN
S206,0.3187163519128935,0.3471062533835306,0.25481160334981445,0.079365791353761,ANN
S207,0.35345750884173777,0.32179358016855875,0.24248412201835096,0.08226478897135261,1D-CNN
S208,0.33314957003568063,0.32124950424116194,0.24503912522228083,0.10056180050087662,1D-CNN
S209,0.2795175512073982,0.3255824756162379,0.2510734349478642,0.1438265382285001,ANN
S210,0.3304128432542763,0.3736367808998958,0.19962668893102695,0.09632368691480088,ANN
S211,0.3208553532539104,0.32472936533002117,0.25984936123179087,0.09456592018427729,ANN
S212,0.2642517645576523,0.2728703172410406,0.3553278133368149,0.10755010486449162,BiLSTM
S213,0.26480396653705696,0.2624600604334247,0.3597793512769665,0.11295662175255188,BiLSTM
S214,0.2942719581996866,0.35959655504523547,0.23927401290951536,0.10685747384556253,ANN
S215,0.2413541535767323,0.3259129777011788,0.24448806072219642,0.1882448079998926,ANN
S216,0.34133510572598946,0.42288747992088094,0.14385564782060187,0.09192176653252794,ANN
S217,0.19351596301478,0.1587331853619149,0.4313626086476325,0.21638824297567238,BiLSTM
S218,0.12161115026778456,0.3619127256015364,0.3590830304856947,0.15739309364498452,ANN
S219,0.3391697525566546,0.2866523383804007,0.2392587836891864,0.13491912537375825,1D-CNN
S220,0.2763244103732147,0.32845074813926267,0.2804078131737238,0.11481702831379868,ANN
S221,0.298590023870087,0.3411661999982233,0.2608739728566592,0.09936980327503038,ANN
S222,0.30818783540846373,0.38536018927108523,0.21362470208053552,0.09282727323991592,ANN
S223,0.3517478516652557,0.36606296683931167,0.18426244058331695,0.09792674091211574,ANN
S224,0.375780684358284,0.28432706214460796,0.20714419383036903,0.132748059666739,1D-CNN
S225,0.35926600189821134,0.41022810463084325,0.15297206777752567,0.07753382569341975,ANN
S226,0.28043889604674677,0.6121840737029879,0.07468315049287075,0.032693879757394656,ANN
S227,0.5413150209731473,0.2989586012221033,0.1104233868476311,0.04930299095711847,1D-CNN
S228,0.2933560515196384,0.5839822152992359,0.08578788916370093,0.036873844017424835,ANN
S229,0.4270918677117227,0.353073127364629,0.13702770600787395,0.08280729891577422,1D-CNN
S230,0.33436696003235145,0.4746987529097583,0.12537771635916528,0.06555657069872468,ANN
S231,0.37151140597727667,0.4091547079588299,0.1393276786636383,0.08000620740025491,ANN
S232,0.3959411684315625,0.316788599934974,0.19538620023068579,0.09188403140277736,1D-CNN
S233,0.32576868721289387,0.3668020257293201,0.21556821964757314,0.09186106741021292,ANN
S234,0.35109285246938815,0.3168960479928809,0.21818545668592923,0.11382564285180195,1D-CNN
S235,0.30943252679385674,0.36142282345324345,0.22925633391642772,0.09988831583647226,ANN
S236,0.3465123638856347,0.2866057550355866,0.25587704204714684,0.1110048390316318,1D-CNN
S237,0.31879557368072575,0.3344006826551546,0.24746723461012402,0.09933650905399574,ANN
S238,0.26370264022011874,0.2412980608498327,0.3781827542367964,0.1168165446932519,BiLSTM
S239,0.21818997242690422,0.22144260920926326,0.43805606452566626,0.12231135383816633,BiLSTM
S240,0.28500188037900803,0.26542444662079867,0.3438051798455079,0.10576849315468513,BiLSTM
S241,0.2406495635992074,0.27370529343770106,0.3394717550449884,0.14617338791810314,BiLSTM
S242,0.25744286889760093,0.35433482872744876,0.25760823069224764,0.13061407168270286,ANN
S243,0.3516886604686824,0.37608459475690936,0.1853404562082588,0.08688628856614947,ANN
S244,0.5511031855693187,0.20068667447577196,0.15861723575389713,0.089592904201012,1D-CNN
S245,0.24653702832097427,0.4579224195423564,0.19704522368802257,0.09849532844864643,ANN
S246,0.5301345882414604,0.3154013584251988,0.1094009968335724,0.04506305649976858,1D-CNN
S247,0.3507969119453377,0.4229025234264391,0.17049203238496793,0.0558085322432552,ANN
S248,0.27204046855469927,0.21842040784205102,0.3847433061314136,0.12479581747183642,BiLSTM
S249,0.3373322652293768,0.23800309028504418,0.30670160768355187,0.11796303680202726,1D-CNN
S250,0.31690040898995525,0.25951929781616906,0.32110927279266893,0.10247102040120712,BiLSTM
S251,0.2829251313954119,0.2692022108592354,0.34831642031995147,0.09955623742540105,BiLSTM
S252,0.2708985610551667,0.2568043607063846,0.3743252490173728,0.09797182922107601,BiLSTM
S253,0.2623140370469959,0.2754644518989135,0.3624778300952754,0.09974368095881526,BiLSTM
S254,0.26442083835554003,0.3407568504011919,0.3039917655082496,0.09083054573501842,ANN
S255,0.24983706461829108,0.36073961447259045,0.270969257963164,0.11845406294595408,ANN
S256,0.3137307508692655,0.3095949424222936,0.23068150915795635,0.14599279755048472,1D-CNN
S257,0.3328845562159818,0.3529594710167006,0.20454215936694847,0.10961381340036921,ANN
S258,0.3281098316810632,0.2567523575720393,0.30557199451252387,0.10956581623437332,1D-CNN
S259,0.14554531387111225,0.19477880131186914,0.5263498993525934,0.13332598546442542,BiLSTM
S260,0.2773955336162892,0.29769143544469767,0.32458042220969396,0.10033260872931961,BiLSTM
S261,0.25293013989416946,0.36831976656807214,0.25960909518629144,0.11914099835146702,ANN
S262,0.391235903567824,0.24771410038406713,0.24525343933746346,0.11579655671064522,1D-CNN
S263,0.33395428830697094,0.2793781323996316,0.272933910577315,0.1137336687160823,1D-CNN
S264,0.27437453763639497,0.3342170141957763,0.2952448854627242,0.09616356270510443,ANN
S265,0.23832687595790814,0.23711341743184675,0.4130702590781257,0.1114894475321192,BiLSTM
S266,0.23386398354567012,0.27558894904075043,0.3834854972892064,0.10706157012437333,BiLSTM
S267,0.28727519978661575,0.3010508848192269,0.32203812378264,0.0896357916115173,BiLSTM
S268,0.2661079133755444,0.3379475165495741,0.2746808007213817,0.12126376935349983,ANN
S269,0.20925587145913857,0.19502585543288964,0.46143856026052904,0.13427971284744306,BiLSTM
S270,0.13693899962114875,0.288677198032372,0.4652132868066996,0.10917051553977945,BiLSTM
S271,0.23644362433069818,0.2982005640129821,0.3804336999227965,0.08492211173352335,BiLSTM
S272,0.28049152896123125,0.24083559020852185,0.38102009964404393,0.09765278118620299,BiLSTM
S273,0.2816635254681284,0.26415123913017124,0.35567584493512433,0.09850939046657611,BiLSTM
S274,0.3428176244073913,0.23918563421497038,0.31758345282931966,0.10041328854831882,1D-CNN
S275,0.2732979937726353,0.32454663399672806,0.30016734601117434,0.10198802621946258,ANN
S276,0.240472409535498,0.30996376724452546,0.3504461601906044,0.09911766302937215,BiLSTM
S277,0.2415993895305425,0.3253335536663009,0.3317336995499614,0.10133335725319516,BiLSTM
S278,0.2408812597459566,0.3148761327081216,0.30551177442177696,0.1387308331241447,ANN
S279,0.3020767638709615,0.3326059153388899,0.25287101543151064,0.11244630535863777,ANN
S280,0.336858688040866,0.28903908974571435,0.26587226228802546,0.10822995992539405,1D-CNN
S281,0.28510404751779594,0.2702047321539786,0.33163097304613914,0.11306024728208597,BiLSTM
S282,0.22717848692928452,0.26302592702074534,0.38405715683280844,0.1257384292171615,BiLSTM
S283,0.27156269188162585,0.2725241796405941,0.35240955811380753,0.10350357036397242,BiLSTM
S284,0.27677100301437874,0.2920324882983212,0.3330780886253418,0.09811842006195796,BiLSTM
S285,0.14917354905515331,0.27308054134520443,0.41262295821241984,0.16512295138722236,BiLSTM
S286,0.17385610260472797,0.3052651366460492,0.32434685259781504,0.1965319081514078,BiLSTM
S287,0.4808702397877533,0.2564505650257282,0.17310263420003438,0.08957656098648423,1D-CNN
S288,0.4955460432735631,0.2350516691519125,0.18763043371698887,0.08177185385753519,1D-CNN
S289,0.3466312209631901,0.34697052123912375,0.22385891625201146,0.08253934154567456,ANN
S290,0.30501506826257313,0.2684983869537538,0.3135708636735967,0.11291568111007644,BiLSTM
S291,0.2699340122049875,0.208705173213646,0.38594905796931883,0.13541175661204782,BiLSTM
S292,0.2708206381332382,0.27792215424779865,0.34626473344426345,0.10499247417469948,BiLSTM
S293,0.29067615979795575,0.3269392378005322,0.30659569888432253,0.07578890351719002,ANN
S294,0.2099801256159526,0.27553233401452654,0.37754379077177724,0.13694374959774344,BiLSTM
S295,0.20869429990619218,0.21317430874897275,0.34369917972063035,0.23443221162420486,BiLSTM
S296,0.2704814080262548,0.2857470106855089,0.25923196378801805,0.18453961750021824,ANN
S297,0.4485189346070697,0.29015156193327224,0.16833960421246755,0.09298989924719057,1D-CNN
S298,0.21944683630567507,0.2810475337812679,0.3437210957528545,0.15578453416020277,BiLSTM
S299,0.37416164950676384,0.28049731682258305,0.24311471233586537,0.10222632133478748,1D-CNN
S300,0.30188781766308515,0.2085987812703723,0.37228995436738876,0.11722344669915367,BiLSTM
S301,0.24819952153226985,0.2108727476930537,0.4015912651465345,0.13933646562814184,BiLSTM
S302,0.29453591034523535,0.24494005336222274,0.35305068703990683,0.10747334925263503,BiLSTM
S303,0.3308842337223253,0.2677072031687439,0.3125331701494869,0.08887539295944392,1D-CNN
S304,0.27698247665099074,0.2706080750534366,0.35553391268587575,0.09687553560969688,BiLSTM
S305,0.25749933669344416,0.24634980582622995,0.3907210896664458,0.1054297678138803,BiLSTM
S306,0.26873255615510916,0.29843545530649906,0.330382597570393,0.10244939096799885,BiLSTM
S307,0.21066113571812092,0.3380777805434051,0.30413215760202683,0.1471289261364471,ANN
S308,0.3527315690593694,0.33112746759468936,0.20540413668115698,0.11073682666478434,1D-CNN
S309,0.4343776942776091,0.266004533045672,0.1890812653989846,0.11053650727773405,1D-CNN
S310,0.34701719336867176,0.3628572493493614,0.20321632907889295,0.08690922820307401,ANN
S311,0.10747111738248463,0.1640366077694776,0.5184299863678096,0.21006228848022815,BiLSTM
S312,0.14227646210719788,0.25421720850796925,0.5060456358902775,0.09746069349455493,BiLSTM
S313,0.3294003710170965,0.1823193211907288,0.3706059064145249,0.11767440137764973,BiLSTM
S314,0.44479111639287383,0.16101458064598564,0.3095035556898507,0.08469074727128986,1D-CNN
S315,0.2994542070100966,0.24651526599402523,0.34545690989256606,0.10857361710331197,BiLSTM
S316,0.21774246231236752,0.2729403276666502,0.3593407646054552,0.14997644541552702,BiLSTM
S317,0.19581089072658928,0.23630823557677091,0.45624461334431754,0.11163626035232228,BiLSTM
S318,0.24411812013783904,0.26663437963722497,0.36381703493920353,0.12543046528573293,BiLSTM
S319,0.19454332165794821,0.28484141666423823,0.30813501605559757,0.21248024562221596,BiLSTM
S320,0.2329821534562422,0.5837900141796031,0.10371665619909712,0.07951117616505776,ANN
S321,0.46228494219266736,0.43815085169796486,0.06446208434629155,0.035102121763076144,1D-CNN
S322,0.4305478296770468,0.43675839224015567,0.08852124383131754,0.04417253425148009,ANN
S323,0.5269492896596625,0.30281421248892254,0.11039859021335015,0.05983790763806499,1D-CNN
S324,0.3661607130812179,0.5004427499181199,0.0912920719885743,0.04210446501208774,ANN
S325,0.3237662648241553,0.305889805191759,0.2446977667637463,0.12564616322033925,1D-CNN
S326,0.3893027144918409,0.25687905756894036,0.25036146988087876,0.10345675805833994,1D-CNN
S327,0.24012213325812837,0.20808828811929958,0.4210274296170229,0.13076214900554942,BiLSTM
S328,0.22504874270117053,0.2527998002582212,0.4145631433706831,0.10758831366992526,BiLSTM
S329,0.2617022364016624,0.2179696263349937,0.43700285702823866,0.08332528023510495,BiLSTM
S330,0.27128494420501975,0.21176150106108685,0.44421019068456624,0.07274336404932732,BiLSTM
S331,0.2892154081461972,0.25892351516963097,0.3763498488796052,0.07551122780456693,BiLSTM
S332,0.2793961295541098,0.3057914454889452,0.3246187651361226,0.09019365982082232,BiLSTM
S333,0.30719544171627783,0.325603460418918,0.252949068260454,0.11425202960434985,ANN
S334,0.32691567070064126,0.3136836533153695,0.24875021459124305,0.11065046139274634,1D-CNN
S335,0.32097784228674214,0.32464505817219824,0.24485120517130363,0.10952589436975595,ANN
S336,0.32426269885113457,0.3027914251325302,0.2643974806022551,0.10854839541408011,1D-CNN
S337,0.20431994996124106,0.1748941878948868,0.47697706571740484,0.14380879642646743,BiLSTM
S338,0.14761930665163966,0.18216897681638802,0.5047561627508298,0.16545555378114263,BiLSTM
S339,0.3304967154094128,0.27668286518005025,0.33304792173618686,0.059772497674350326,BiLSTM
S340,0.2255202507033219,0.25867820033318445,0.43844471454598316,0.07735683441751079,BiLSTM
S341,0.2532298855119747,0.4460487129492076,0.21033386192635126,0.0903875396124666,ANN
S342,0.28399161377879034,0.24156086002312255,0.354288227036625,0.12015929916146224,BiLSTM
S343,0.29960919432332195,0.31890529138859125,0.23746951489786608,0.1440159993902208,ANN
S344,0.3168557874003866,0.3224375464565518,0.20648168732426914,0.15422497881879263,ANN
S345,0.2375787590262545,0.4660477953328026,0.18556012448991008,0.11081332115103303,ANN
S346,0.35329102809411983,0.25327117414114225,0.25418693460786673,0.13925086315687144,1D-CNN
S347,0.2901206633457015,0.3595106598746335,0.24904654431031653,0.10132213246934835,ANN
S348,0.25637366592617045,0.4222321602683658,0.24832046125988494,0.0730737125455791,ANN
S349,0.3166335797550014,0.319494851207684,0.26298281855865446,0.10088875047866011,ANN
S350,0.33097523267744594,0.33964049001637336,0.23348349300600463,0.09590078430017596,ANN
S351,0.342460065298349,0.32734374238634323,0.22244322983710915,0.10775296247819847,1D-CNN
S352,0.3040404314280119,0.329815678532414,0.26267312101682866,0.10347076902274517,ANN
S353,0.24649133532125075,0.20812303977394134,0.4120285376578251,0.13335708724698314,BiLSTM
S354,0.23101149115606998,0.2588842319557387,0.3887514865515155,0.12135279033667642,BiLSTM
S355,0.2851090079596541,0.29311745566484704,0.3317375810386342,0.0900359553368644,BiLSTM
S356,0.28634112008906226,0.30877572115695223,0.30150625995499,0.10337689879899553,ANN
S357,0.3313000848678534,0.2795779643594148,0.2928393825881214,0.09628256818461042,1D-CNN
S358,0.29249119533618495,0.29594167915355757,0.3108130009569085,0.10075412455334924,BiLSTM
S359,0.32017498287099383,0.2889229549387398,0.29560658469818635,0.09529547749208032,1D-CNN
S360,0.28230381603064103,0.23657977122162918,0.36931301531886157,0.11180339742886836,BiLSTM
S361,0.19308232952845683,0.2704708787772082,0.41220364716189273,0.12424314453244246,BiLSTM
S362,0.3907468678719319,0.33048010423752805,0.231299325470479,0.04747370242006108,1D-CNN
S363,0.10639400057441423,0.5883174690240178,0.2858643147791499,0.01942421562241759,ANN
S364,0.11700314218351132,0.4916915923419771,0.3517857044240928,0.039519561050418796,ANN
S365,0.2902819733748431,0.19866786457223157,0.2368472679421532,0.27420289411077203,1D-CNN
S366,0.18132999718037668,0.29175880478334504,0.25379008113782026,0.27312111689845775,ANN
S367,0.3930287912009849,0.33826903771058114,0.17536087868733058,0.09334129240110349,1D-CNN
S368,0.323252755294755,0.32791370705767625,0.25534153695381706,0.09349200069375146,ANN
S369,0.26405966651039764,0.36614196165221957,0.27927349227867404,0.09052487955870851,ANN
S370,0.30023085595265697,0.3829838929473791,0.239745089129918,0.07704016197004576,ANN
S371,0.4369009611203507,0.25361182188739817,0.2216918005956491,0.08779541639660206,1D-CNN
S372,0.3756528869745806,0.2838306351562395,0.24251486394310814,0.09800161392607169,1D-CNN
S373,0.35874870735343367,0.37209695743865495,0.19897650371224498,0.07017783149566638,ANN
S374,0.335702426429118,0.2615673910498071,0.3093197496055118,0.093410432915563,1D-CNN
S375,0.15018325575352476,0.15513265105677312,0.5350510067735823,0.15963308641611973,BiLSTM
S376,0.3473370022159018,0.25998189062578375,0.29419108639264124,0.09849002076567308,1D-CNN
S377,0.14902851638191764,0.3830902641236731,0.3697658428548723,0.09811537663953684,ANN
S378,0.21450546457841327,0.2533216856343014,0.4265706185711448,0.10560223121614062,BiLSTM
S379,0.25070879495143533,0.33081256528111125,0.31374617300463775,0.10473246676281579,ANN
S380,0.25981374946309155,0.31032410847097125,0.32414347749254263,0.10571866457339474,BiLSTM
S381,0.29502788173579814,0.3462513328569206,0.2522039336105516,0.10651685179672968,ANN
S382,0.27620497130379396,0.3495952364068987,0.22613235253781092,0.14806743975149655,ANN
S383,0.3481604706033299,0.35341988829378085,0.19734333353174266,0.10107630757114687,ANN
S384,0.32990979620025396,0.34798935200389813,0.23028392444566112,0.0918169273501868,ANN
S385,0.24087461472449911,0.25972314931663104,0.37780315824504596,0.121599077713824,BiLSTM
S386,0.214819073255248,0.27874812866403637,0.3876182091020934,0.11881458897862207,BiLSTM
S387,0.2330176440732377,0.3241273479337551,0.31104384191960766,0.13181116607339968,ANN
S388,0.23587189624527805,0.3195952506081854,0.2851824219603577,0.1593504311861787,ANN
S389,0.31093724882590207,0.4199149460838218,0.19044923684573048,0.07869856824454532,ANN
S390,0.44241610143053567,0.3194404997821597,0.16627278928632272,0.07187060950098176,1D-CNN
S391,0.373543914745366,0.29199661657747983,0.2173623059112162,0.11709716276593779,1D-CNN
S392,0.3842598226539244,0.4144373735351748,0.13248644608671484,0.06881635772418584,ANN
S393,0.340269695082038,0.5794407183936537,0.052953277458137715,0.027336309066170687,ANN
S394,0.344788117441304,0.4707210830801085,0.12407398191815493,0.060416817560432316,ANN
S395,0.2935722540958069,0.1312077138398592,0.37341893998267606,0.20180109208165775,BiLSTM
S396,0.20376400228166178,0.2807382946985151,0.3883801736554458,0.12711752936437715,BiLSTM
S397,0.2738387682650589,0.2583093969988258,0.3744357301699023,0.09341610456621292,BiLSTM
S398,0.3191862551147256,0.18762238676537935,0.3953020938582454,0.09788926426164973,BiLSTM
S399,0.2657262582373505,0.25335339206826946,0.39532585488899236,0.0855944948053879,BiLSTM
S400,0.32611670954498845,0.2650033320162537,0.3017008981023142,0.1071790603364436,1D-CNN
S401,0.30399743829884646,0.2946624828701269,0.2884957217643783,0.11284435706664833,1D-CNN
S402,0.2975022764095716,0.337800651691491,0.2667419190802383,0.09795515281869899,ANN
S403,0.404919487771146,0.2683033382361157,0.212883586005459,0.11389358798727924,1D-CNN
S404,0.24869382995028244,0.47163488429326345,0.18202473683520762,0.09764654892124659,ANN
S405,0.3878361675338803,0.3703147472517145,0.16086837132498485,0.08098071388942059,1D-CNN
S406,0.40279313403378336,0.3313937877282397,0.18022346131736772,0.08558961692060921,1D-CNN
S407,0.3175348120701281,0.3573134483882559,0.2431724299549494,0.08197930958666688,ANN
S408,0.28695261695426166,0.2951679250097627,0.3201821263695383,0.09769733166643757,BiLSTM
S409,0.29146372787057784,0.3112608672651614,0.30311772298346945,0.0941576818807913,ANN
S410,0.2883168089360509,0.3267640629413579,0.2831872205382092,0.10173190758438212,ANN
S411,0.2127488340047212,0.3241652078457435,0.3091524358907142,0.15393352225882106,ANN
S412,0.3069011712089737,0.3422542461711047,0.23356852765661285,0.11727605496330878,ANN
S413,0.44346440993127995,0.35278983869429326,0.14291781602305906,0.06082793535136757,1D-CNN
S414,0.5597104389971714,0.3056127991395115,0.09743329620245829,0.03724346566085899,1D-CNN
S415,0.43732844048216984,0.3974178662462297,0.11930350028886812,0.04595019298273203,1D-CNN
S416,0.2918453097285008,0.5789607548183672,0.09361877318205537,0.03557516227107623,ANN
S417,0.3162827501724592,0.4335010243839095,0.18054457691501644,0.0696716485286152,ANN
S418,0.2733422026004937,0.439752308982685,0.2077447067746582,0.0791607816421632,ANN
S419,0.34193428140208115,0.33518771822409676,0.2232277205790108,0.09965027979481145,1D-CNN
S420,0.3245432354397377,0.3308383025869539,0.2307515856945596,0.11386687627874871,ANN
S421,0.31201584158094925,0.2796586747482603,0.24889592123803692,0.15942956243275372,1D-CNN
S422,0.39075995176175554,0.3799761505752666,0.16332322923609582,0.06594066842688154,1D-CNN
S423,0.30276749706281625,0.26712863726535807,0.31392072092631046,0.11618314474551504,BiLSTM
S424,0.2826000879192544,0.33101358584506957,0.2904383782920107,0.09594794794366557,ANN
S425,0.2773932517809783,0.2439502786349105,0.3655360490220445,0.11312042056206703,BiLSTM
S426,0.31106365142931486,0.34815644593039374,0.23698466164890508,0.10379524099138601,ANN
S427,0.3087393514568791,0.33926823283502644,0.21917297883291686,0.13281943687517764,ANN
S428,0.3135792113948069,0.3545663944100326,0.19389679300462223,0.13795760119053838,ANN
S429,0.3352850359425904,0.5746430472470009,0.057197199730026065,0.03287471708038278,ANN
S430,0.395280047933828,0.36522939015544886,0.1538129392673325,0.08567762264339063,1D-CNN
S431,0.4284272227809363,0.3088626375799399,0.16541510644872448,0.09729503319039945,1D-CNN
S432,0.30942343218839347,0.26126985654541435,0.2956357820506503,0.1336709292155421,1D-CNN
S433,0.22917336751164372,0.2261092374057515,0.41382525977106016,0.13089213531154467,BiLSTM
S434,0.2182170118561012,0.15622469463732058,0.5165070008380084,0.1090512926685697,BiLSTM
S435,0.1867354836117744,0.1958405391404861,0.5242262070188661,0.09319777022887346,BiLSTM
S436,0.2342154195708301,0.3185775484334967,0.3896819426141167,0.057525089381556184,BiLSTM
S437,0.254576554046388,0.3515829721632706,0.325181168756368,0.06865930503397351,ANN
S438,0.36767542512066254,0.27043199420743474,0.2836559095899644,0.07823667108193855,1D-CNN
S439,0.3399307217599036,0.32162977225289346,0.23758785896606413,0.10085164702113857,1D-CNN
S440,0.29289289977009814,0.2726035693936423,0.32321511795847346,0.11128841287778607,BiLSTM
S441,0.2618817865357791,0.25454420337880845,0.36852006597825177,0.11505394410716105,BiLSTM
S442,0.25107127759391434,0.24107572643264152,0.39137721557752836,0.11647578039591566,BiLSTM
S443,0.2709109433554504,0.2741751622860593,0.3644843283340106,0.09042956602448006,BiLSTM
S444,0.27907950296342,0.24952411434993002,0.38451751029043707,0.086878872396213,BiLSTM
S445,0.257407125562518,0.2916267854694359,0.36804600165184587,0.08292008731620036,BiLSTM
S446,0.2655168596802337,0.34422926364274736,0.31010011547381894,0.08015376120319949,ANN
S447,0.21876212305835208,0.29848294572562917,0.3194942141192183,0.16326071709680037,BiLSTM
S448,0.3276614695358472,0.2607349557899915,0.23741072363685053,0.1741928510373105,1D-CNN
S449,0.3633034186013368,0.3435891650688026,0.1924623445524359,0.10064507177742478,1D-CNN
