Segment,1D-CNN,ANN,BiLSTM,LSTM,CNN-LSTM,GRU,Selected
S1,0.12697989793267783,0.11312808939843717,0.1733149744119698,0.18850695126704917,0.390513107404267,0.007556979585593948,CNN-LSTM
S2,0.40280884718563453,0.18971580012330488,0.09721759858332649,0.16008740152159293,0.14189497894597683,0.008275373640165085,1D-CNN
S3,0.1501156747489131,0.21780759154308268,0.1578606200302824,0.2289649224535414,0.23529058975706213,0.009960601467118437,CNN-LSTM
S4,0.15583477809272217,0.27526880281812655,0.2045529441427745,0.1584589246491089,0.19746092769291626,0.00842362260435044,ANN
S5,0.1424400953704446,0.10842314469016912,0.24694357635084632,0.18566392491988948,0.3078854359751991,0.008643822693452775,CNN-LSTM
S6,0.25812801197379825,0.12166533038705307,0.14726825262708343,0.26197644335109205,0.1977124362114675,0.013249525449505334,LSTM
S7,0.15134946560460816,0.13165385556942114,0.13863414902427199,0.34356703023851914,0.2156139916952135,0.019181507867964163,LSTM
S8,0.22621246518899757,0.1602775301296248,0.22110674490174587,0.2285591184258617,0.13221432620245377,0.03162981515131712,LSTM
S9,0.11328499386745157,0.10835786380660949,0.43774588719567376,0.199382029252703,0.12353500097325493,0.01769422490430899,BiLSTM
S10,0.14352908075345813,0.18674610110703727,0.3333830746880425,0.18502974347319434,0.1379704122283369,0.013341587749932705,BiLSTM
S11,0.08785365217466747,0.3628209863605165,0.4281444512327404,0.0554040586664296,0.06304067622028335,0.002736175345366571,BiLSTM
S12,0.09820361304635206,0.2929401680309031,0.2647870208278385,0.11649816182510173,0.2237776383209102,0.0037933979488930726,ANN
S13,0.053041229892737136,0.14506508409767713,0.04025141201076323,0.1007446823526156,0.6593774145858083,0.0015201770604021654,CNN-LSTM
S14,0.22863744893158972,0.1636097815702096,0.056617042950352005,0.3093157781276173,0.23717310672231665,0.004646841697919466,LSTM
S15,0.36386377142695814,0.23064407597306996,0.08773683521206603,0.16625963893127907,0.13980752167694008,0.01168815677968678,1D-CNN
S16,0.30564241016690247,0.24858575568482588,0.14608910966481178,0.12971473460610233,0.1557252756823651,0.014242714194991951,1D-CNN
S17,0.19537045937110414,0.18560302611368582,0.23662681640079208,0.15679245989475601,0.211035591416563,0.014571646803098729,BiLSTM
S18,0.19063877907064983,0.1795727014639001,0.20527586552219498,0.1767602973913017,0.23590775398824362,0.011844602563710494,CNN-LSTM
S19,0.21253541431004397,0.1847754043856314,0.145743516320467,0.17514925360157774,0.273133333679932,0.008663077702344701,CNN-LSTM
S20,0.14590825152957096,0.07713778380007633,0.0706876422251027,0.16708597920218946,0.5352138459588863,0.003966497284174566,CNN-LSTM
S21,0.4303252412184446,0.08866045415461886,0.03249755033327778,0.11059459883735044,0.3353115584950951,0.0026105969612151623,1D-CNN
S22,0.5457300666910413,0.2533671798832453,0.03469844937167972,0.059452224568188924,0.10271076762769994,0.0040413118581435125,1D-CNN
S23,0.24466120132182564,0.38364640083377166,0.09083774826716332,0.10642634054106838,0.1637971213049359,0.010631187731236008,ANN
S24,0.2973599403413391,0.1373260170849582,0.1926608376861502,0.25007836849943593,0.09729163371518336,0.025283202672931375,1D-CNN
S25,0.17582019661612897,0.16950685111261765,0.3045965123999128,0.23490621721820368,0.09919343019348528,0.015976792459654308,BiLSTM
S26,0.1847436391969771,0.14828114590622998,0.31543943942170116,0.21735397572048962,0.1159035146746759,0.018278285079926196,BiLSTM
S27,0.16323272703559538,0.24621925038795292,0.3383890950215634,0.13797563749555586,0.10707046053847565,0.007112829520860744,BiLSTM
S28,0.1748117387663849,0.3120461373598359,0.14451620048184388,0.1559260479018013,0.20752426929077153,0.005175606199360243,ANN
S29,0.07595772679853932,0.03964481098755737,0.033099711984244634,0.2354452154386866,0.6150223064868823,0.0008302283040875151,CNN-LSTM
S30,0.024373888124964535,0.13380745969087834,0.016085278685164107,0.26850115029684113,0.556447656767695,0.0007845664344567809,CNN-LSTM
S31,0.6809748707592646,0.09404697980785989,0.008310802830548022,0.1458168718562519,0.07023923449423068,0.0006112402518469993,1D-CNN
S32,0.3569685994231135,0.2029736791918474,0.020017736030776886,0.22828193784408365,0.18992564058312,0.001832406927065298,1D-CNN
S33,0.12578821087255204,0.10449764055191178,0.06750151772352359,0.3493919208751219,0.34198148343174756,0.01083922654514227,LSTM
S34,0.36956816828019273,0.10522590252633823,0.15326211421028443,0.2520161212280303,0.10512093676326269,0.014806756991892775,1D-CNN
S35,0.10376230471716359,0.1949154092529479,0.31043400093219675,0.2257809265877723,0.15045636044197744,0.014650998067938101,BiLSTM
S36,0.12869901487633476,0.10531788387771923,0.18351758874036458,0.2629273252948215,0.309485754729862,0.010052432480898545,CNN-LSTM
S37,0.31066382282429317,0.09579835104050308,0.11734818030915739,0.19493561226329914,0.2705080899717628,0.010745943590987869,1D-CNN
S38,0.25037145452271964,0.20783300523420192,0.1584298944039533,0.22343345987029745,0.13297377752188674,0.026958408446942573,1D-CNN
S39,0.2076279726694002,0.17293626969961104,0.2459510253179576,0.21147185552938005,0.13789538323443784,0.024117493549212526,BiLSTM
S40,0.10967737486139092,0.09235947940430345,0.5449333506882046,0.1306710376516132,0.11154744886008515,0.010811308534396786,BiLSTM
S41,0.08627402288271624,0.09547819210597507,0.6053741896082324,0.0990982779918486,0.10753896542681925,0.006236351984409104,BiLSTM
S42,0.1558083627987431,0.44374924058625576,0.2369233380399157,0.06586299126688583,0.09432225305128175,0.0033338142569190204,ANN
S43,0.20084354799303267,0.27348628941204506,0.14518358785064284,0.14737690005746035,0.22682927646634857,0.006280398220472946,ANN
S44,0.16826921281922033,0.16802908771907082,0.0912575628438864,0.28726186041146157,0.27976667343173445,0.005415602774629439,LSTM
S45,0.3122769202694182,0.07152095965327171,0.04673473397407125,0.4473128667086193,0.11673243980477636,0.0054220795898447,LSTM
S46,0.23389095518643335,0.22449065463641588,0.14133610123821458,0.21548984002593552,0.1684996095982532,0.016292839314746406,1D-CNN
S47,0.19037144097481584,0.23671534997619384,0.2038549696364636,0.17430636138366237,0.1787154482525861,0.016036429776279258,ANN
S48,0.173643596196197,0.1441764392547674,0.2638071147525549,0.21108192627383368,0.19206196580506535,0.015228957717582883,BiLSTM
S49,0.1899824494734781,0.17021320335092494,0.23368277638588608,0.20765448049822044,0.18686643903579622,0.011600651255697366,BiLSTM
S50,0.23984111148445042,0.16164922625068204,0.21545663304442733,0.18891327617714473,0.17717154278356925,0.01696821025972881,1D-CNN
S51,0.017558578974908173,0.02898856688821964,0.11139116023824847,0.665952754041283,0.17367147641324715,0.0024374634440917677,LSTM
S52,0.15348445114524023,0.26275223248314783,0.1753927991363245,0.2683498321471709,0.13218911343161424,0.007831571656500173,LSTM
S53,0.07591340179072537,0.14283362336915617,0.4149799753314228,0.1807599918878004,0.17801626865659542,0.007496738964300418,BiLSTM
S54,0.13625503495283453,0.14945940804650854,0.18549953290178775,0.21278224957602884,0.30578418782635547,0.010219586696485547,CNN-LSTM
S55,0.0277017674789513,0.030692973076774117,0.02004775167142724,0.11501160354706262,0.8048692988902775,0.0016766053355072336,CNN-LSTM
S56,0.38945430104958245,0.08996723253196823,0.03904908430920627,0.3576364639806073,0.11710446534195337,0.006788452786682923,1D-CNN
S57,0.44942911980151135,0.08587492163945568,0.10457024373864379,0.17287925039888088,0.1694963605470225,0.0177501038744847,1D-CNN
S58,0.41100159226703137,0.08118617631101192,0.1617244214112209,0.18968401343893532,0.13584814414938495,0.020555652422414066,1D-CNN
S59,0.14682312502926345,0.08828739850584198,0.31980942610165,0.2019379600033332,0.22890142667231017,0.014240663687600163,BiLSTM
S60,0.22001446176861766,0.3520521882962918,0.14761663103033504,0.15995051521153072,0.10650510888481009,0.013861094808412975,ANN
S61,0.44567755967888845,0.18228132834316454,0.17904589863797185,0.09720316047054613,0.07099888872788304,0.02479316414154525,1D-CNN
S62,0.14780673262850544,0.10174356065571709,0.5271632016128995,0.0905741566965619,0.1070526055346936,0.025659742871621375,BiLSTM
S63,0.08550821522978705,0.4430629484544938,0.32110705253593996,0.051771655920709994,0.08794797455411468,0.01060215330495228,ANN
S64,0.18986508350700784,0.22961680820964983,0.2390892884836598,0.1562781318740275,0.16959551054944108,0.015555177376213368,BiLSTM
S65,0.10264766148282155,0.19348157379517145,0.13535122935206056,0.1770493804453496,0.3857683804890235,0.005701774435570175,CNN-LSTM
S66,0.1766233760240994,0.22787267639180106,0.11334819838624784,0.2923495601120858,0.18442512584745444,0.005381063238309678,LSTM
S67,0.395815618657614,0.23863047981214544,0.059088779677177586,0.1909647586354678,0.11216344360926618,0.0033369196083308846,1D-CNN
S68,0.466658465243859,0.27785499738699143,0.07313579205369451,0.08433726312402554,0.08753567764725952,0.010477804544170528,1D-CNN
S69,0.2054171863301161,0.38585546015691485,0.18530156720671895,0.08231927075461125,0.13259914620263755,0.008507369349003018,ANN
S70,0.27246787132406436,0.24921832761080934,0.18293298579596864,0.11977135395998599,0.16274219620563232,0.012867265103537792,1D-CNN
S71,0.25792372646325246,0.20949130414937797,0.16986392063099506,0.12927975010852294,0.22244103701463175,0.011000261633221963,1D-CNN
S72,0.16654563917340404,0.22485786149143736,0.13632019799505538,0.15575215022058098,0.30900308971811197,0.007521061401413765,CNN-LSTM
S73,0.41177363814213186,0.10702134976189687,0.07166277726638444,0.16209358253766612,0.24094551189420868,0.0065031403977099745,1D-CNN
S74,0.24945814261544422,0.32166444258790455,0.11634594120227884,0.148695525762448,0.1521633725567898,0.011672575275134836,ANN
S75,0.19703677477334358,0.21931235182385772,0.19668227120909337,0.21467474303459266,0.1526249782519555,0.019668880907154386,ANN
S76,0.19219429258832216,0.1531232690306526,0.28531348121663525,0.20952938193643506,0.14427327834712644,0.015566296880826823,BiLSTM
S77,0.18245021222984031,0.15869831308981489,0.26908477715293994,0.21733477592692882,0.15956425872056124,0.0128676628799113,BiLSTM
S78,0.9856349394417085,0.005875872789586551,0.003956098410273185,0.0022223970359204004,0.0018948047182949842,0.00041588760421541087,1D-CNN
S79,0.22745842062891178,0.1566304603322695,0.45203854401242594,0.06028127539026569,0.08361930122503033,0.019971998411095933,BiLSTM
S80,0.10615714210916853,0.3448690396143075,0.30211527839037006,0.05132874288410341,0.19112021858638661,0.004409578415660816,ANN
S81,0.16203591207523615,0.17812338590053706,0.16807618876712097,0.19306248871757223,0.2861802265051617,0.01252179803436806,CNN-LSTM
S82,0.1923591743411548,0.16600913324635233,0.1765359560240653,0.20753558663493402,0.24380220866080524,0.013757941092691066,CNN-LSTM
S83,0.28194858977310006,0.13805594185876668,0.17440887702641453,0.23116018144832673,0.16729105769798408,0.007135352195414336,1D-CNN
S84,0.2708077157690331,0.16774774442150203,0.16538358973650172,0.16832590245696788,0.21621277712780956,0.01152227048818097,1D-CNN
S85,0.18643507442929058,0.13905368390071515,0.13113880802529934,0.23051026563890617,0.3021237568774595,0.010738411128329552,CNN-LSTM
S86,0.2603184644943527,0.08220836137035256,0.1296238842824738,0.352129898840131,0.16139379311754015,0.014325597895148808,LSTM
S87,0.1798797691242592,0.19394306783987744,0.22629862535124107,0.19222816159008843,0.1929447008823831,0.014705675212151288,BiLSTM
S88,0.16681944136633997,0.20044558373615817,0.2894178201879322,0.16292217363413689,0.16460372346841498,0.015791257607013838,BiLSTM
S89,0.09558917663309179,0.10610083805059149,0.5070696583481517,0.14700561619539665,0.13427073922400276,0.00996397154876659,BiLSTM
S90,0.15937360895521138,0.16192163775666496,0.30282618865892147,0.17849504462741117,0.17166799729333768,0.02571552270845315,BiLSTM
S91,0.04880258138216488,0.0948690339358732,0.1558920097615219,0.2600017258837519,0.43471558494514484,0.0057190640915412766,CNN-LSTM
S92,0.12980445016802158,0.16477310951250315,0.2129059923565091,0.29236618395466835,0.1935786692887133,0.00657159471959139,LSTM
S93,0.23897941605714487,0.2040670905408175,0.19984984468102604,0.17647609778930184,0.17126236290185143,0.00936518802985905,1D-CNN
S94,0.35979973582125674,0.28760186196255194,0.0879572791775357,0.11458459534920301,0.14258917680217645,0.007467350887274311,1D-CNN
S95,0.34835422202083544,0.09445711961863702,0.06519545805508167,0.18833807716678952,0.296358284555889,0.007296838582764618,1D-CNN
S96,0.35314183426745366,0.18357442750494996,0.0744409862098028,0.2023279518720746,0.17668242228021058,0.009832377865509397,1D-CNN
S97,0.29844582821305793,0.2536703263110821,0.11287752219752786,0.14286327375077848,0.17762638577915985,0.014516663748392571,1D-CNN
S98,0.2835156140879856,0.15289597820860396,0.18280534131450896,0.21920880355391095,0.14532666350578355,0.01624759932920611,1D-CNN
S99,0.1442965331411974,0.22001401014634817,0.2389261221236324,0.22779690698232868,0.15496805310438777,0.01399837450210469,BiLSTM
S100,0.1596734085560734,0.402247529153098,0.1938727915416401,0.1334798117077463,0.1008486849792545,0.00987777406218747,ANN
S101,0.18965458737304625,0.1757371610006181,0.32988950358035984,0.13726231706931702,0.14717137767050167,0.020285053306157288,BiLSTM
S102,0.07679655727950625,0.1262548558512512,0.22148599975640407,0.19712276989909694,0.3631411502756905,0.015198666938050628,CNN-LSTM
S103,0.08645889767384106,0.12395100789097113,0.12405575198158429,0.2453213557049986,0.41550224573105937,0.004710741017545189,CNN-LSTM
S104,0.15563183062033242,0.1686943723895547,0.13201756380133883,0.37012573263124987,0.16705072990164918,0.006479770655874182,LSTM
S105,0.5238245935916785,0.254671501719555,0.05425792410716224,0.09471134843928472,0.06659891378657863,0.00593571835573752,1D-CNN
S106,0.7077466610936944,0.1878546377187964,0.023262735839834063,0.025479577529089827,0.05142400890768756,0.004232378910900084,1D-CNN
S107,0.19888511316722257,0.32464312671149387,0.12369081877263258,0.1081120117043032,0.21867894683746253,0.025989982806886094,ANN
S108,0.2521447972772421,0.16154502000093407,0.2075412683362358,0.11606645434993412,0.246616760563076,0.0160856994725782,1D-CNN
S109,0.24288841779967735,0.23633564675826318,0.18711503452295944,0.14863991209370678,0.17213150464975518,0.012889484175640963,1D-CNN
S110,0.09873486825608703,0.18157429354424337,0.1327927040645153,0.16518590214417397,0.4132557660561886,0.00845646593479182,CNN-LSTM
S111,0.08590921829578035,0.16347497918912315,0.08552234112263149,0.09604845061755601,0.5646497225447581,0.004395288230156329,CNN-LSTM
S112,0.07411171776249856,0.040432927187999734,0.03343082353386386,0.13910725280240901,0.7098749314451265,0.0030423472681017335,CNN-LSTM
S113,0.12941175830691132,0.09639447147614517,0.10606014270565144,0.1888745209014857,0.46810836206557854,0.011150744544227353,CNN-LSTM
S114,0.08876223410088266,0.1328905891884331,0.08327442493296967,0.1402340571092324,0.5475154342401582,0.007323260428327255,CNN-LSTM
S115,0.24546800040307293,0.08490037058934895,0.16293723518178088,0.27400348098991306,0.22526648178432152,0.00742443105156744,LSTM
S116,0.2311345234910035,0.29008947368464133,0.1379172161256591,0.18548645206848435,0.1498137094840035,0.0055586251462122005,ANN
S117,0.2619838741104275,0.20551455192687415,0.06499820284521143,0.21265807326011185,0.2512595192071931,0.003585778650176124,1D-CNN
S118,0.19184617820309266,0.4489978256494075,0.09018843250914545,0.10215475639004694,0.16512291930238895,0.0016898879459233838,ANN
S119,0.2132006890958715,0.38167403593767285,0.10269743801521503,0.1298775074175455,0.16734278638868674,0.0052075431450043785,ANN
S120,0.19795905287809712,0.19028053702668493,0.12005270562578986,0.13569193695057702,0.3521472096678052,0.0038685578510415683,CNN-LSTM
S121,0.09633956830336492,0.13805195100090042,0.054576115427932746,0.10581553294119048,0.6029530629407491,0.0022637693858613126,CNN-LSTM
S122,0.2749017860666195,0.26587182741357446,0.04062794924393544,0.14067345484571614,0.27479621880692506,0.0031287636232304704,1D-CNN
S123,0.29541368015069724,0.36921340438023037,0.039923973123295195,0.14167280723467576,0.1488372017201421,0.004938933390950694,ANN
S124,0.2034599318622051,0.1870677410142207,0.14191098752656878,0.26243660901461013,0.17714964187150345,0.027975088710892677,LSTM
S125,0.12119097076630073,0.07144636722959916,0.38043948513046516,0.2555424925198345,0.15041860084787065,0.02096208350593017,BiLSTM
S126,0.13117210332927384,0.10166166901599004,0.30682497539547415,0.3351242769667354,0.09498567844586736,0.030231296846661256,LSTM
S127,0.17021987018274587,0.20247640178746448,0.3604472564748897,0.1517775937190334,0.08060571277742119,0.034473165058446414,BiLSTM
S128,0.12451013499167737,0.12367638053595935,0.4156970507275831,0.16191544458208074,0.1521217411435539,0.02207924801914529,BiLSTM
S129,0.21404028126228833,0.16374973317635352,0.19074340322264477,0.16928507266902965,0.24263651036841086,0.019544999301272386,CNN-LSTM
S130,0.29568554462426605,0.14531403704253126,0.2546590298568403,0.15035346452578333,0.11853147524091617,0.03545644870966369,1D-CNN
S131,0.18387330562443105,0.16457031159175936,0.33678738031645256,0.1615514161450043,0.14052230316863093,0.012695283153724615,BiLSTM
S132,0.12690870739838123,0.14594793717119223,0.44982689058955744,0.12570223354501092,0.14563259278447052,0.005981638511385887,BiLSTM
S133,0.11870000620280015,0.14173159674788685,0.35581122948668825,0.1371265544669325,0.24115784099068324,0.005472772105006738,BiLSTM
S134,0.17078836937423636,0.22346414136847167,0.09075783805121908,0.13729112771472143,0.3735634583943188,0.004135065097029612,CNN-LSTM
S135,0.13656404055926755,0.12360660637744969,0.06874593704729343,0.3554161692851755,0.3115895118135946,0.004077734917220107,LSTM
S136,0.2064794931871598,0.13340273529337504,0.08056804857589075,0.3529383725586525,0.21839437141288953,0.008216978972028409,LSTM
S137,0.20709982595275758,0.08961086638339147,0.13652221834021747,0.32886939747505184,0.21036801565180654,0.027529676196776202,LSTM
S138,0.08740534495108401,0.11810454947631142,0.292637474517365,0.34313996917897316,0.13736719624327534,0.02134546563299137,LSTM
S139,0.14277501717643346,0.1663185661514283,0.3451130546749159,0.22034233091717922,0.10750476233539183,0.01794626874465157,BiLSTM
S140,0.08805123244459288,0.06649147129035782,0.7010868911143568,0.0822494220846068,0.05580385479451009,0.006317128271578048,BiLSTM
S141,0.1815374764459757,0.15460957283146023,0.3800333250778534,0.14861341356253854,0.1236604862911143,0.011545725791056562,BiLSTM
S142,0.2125642182500886,0.20531526805439387,0.1689887039259647,0.16135188003202963,0.24346564616606245,0.00831428357146174,CNN-LSTM
S143,0.08546520407339224,0.090463477331222,0.11139362295321742,0.4542097177354111,0.2541302584711398,0.004337719435623526,LSTM
S144,0.19334067434083418,0.1886496508330444,0.24559199571977103,0.19758629771495514,0.16776071736140485,0.0070706640299913045,BiLSTM
S145,0.12117019841868537,0.11166911792197622,0.48451534158807413,0.13090081533440848,0.14407941607284164,0.007665110664009215,BiLSTM
S146,0.044076132506263146,0.044723708391447826,0.8115811060571725,0.04118279043101606,0.056522391723825095,0.0019138708902745219,BiLSTM
S147,0.13583110405222232,0.3449456381092306,0.11320516091377728,0.12782749305984717,0.27356010343922327,0.00463050042569953,ANN
S148,0.30725999274853144,0.10892482013589022,0.05756638023817805,0.2909612868878603,0.23030084116453337,0.004986678825009144,1D-CNN
S149,0.24745460606355263,0.2884784092215168,0.07712278901454409,0.15331979623893172,0.22379379891958906,0.009830600541867967,ANN
S150,0.3185901011093861,0.256197456304125,0.0925827202447063,0.13282600349926013,0.1827612309664769,0.017042487876044107,1D-CNN
S151,0.20593189824732824,0.1298936201218518,0.29934652420075414,0.1380388907161885,0.2096815589656724,0.017107507748210446,BiLSTM
S152,0.07896180740016903,0.09728456812725274,0.34630962984870095,0.36594762014771276,0.0999419160146086,0.011554458461556054,LSTM
S153,0.10259337953165584,0.21572332868297694,0.31975852753550277,0.26540100024526975,0.08848104141120804,0.008042722593386021,BiLSTM
S154,0.2639352808287112,0.1531078253970893,0.07507507013584357,0.4342839918720415,0.06858930978620813,0.005008521980104963,LSTM
S155,0.23590320202170545,0.25971967255578354,0.14069503184037913,0.2304303554427595,0.12544271043143196,0.007809027707935595,ANN
S156,0.12078628960783397,0.3808104070101625,0.20516697398978107,0.1456784483533462,0.1426910883486306,0.00486679269025101,ANN
S157,0.1127834480080783,0.10169626168769368,0.4042162034657443,0.1513259388847657,0.22518140797362524,0.004796739980085121,BiLSTM
S158,0.10606124455920754,0.18523402191803445,0.09452942084033977,0.13182311361846694,0.4782028293916071,0.004149369672342909,CNN-LSTM
S159,0.12573031263689763,0.33822375764281964,0.039978561228573795,0.1592895972907922,0.3325536920306207,0.004224079170298717,ANN
S160,0.17306584491429097,0.19944864275040808,0.08209971234275379,0.38390639092573453,0.14813634037786616,0.013343068688947413,LSTM
S161,0.17913339381599866,0.14656172223903666,0.20758705425626225,0.24088805340928326,0.18060818071669302,0.045221595562725696,LSTM
S162,0.11461476535851112,0.16483502758003424,0.32540357464366665,0.22635543080236264,0.14169737948336467,0.027093822132060116,BiLSTM
S163,0.12085401607737246,0.1550922600570657,0.3868851607235566,0.19940046489684324,0.12224556734675822,0.015522530898404208,BiLSTM
S164,0.1682586089296144,0.14206331930032548,0.4342188704824589,0.1349890839646327,0.11008127505058418,0.010388842272385046,BiLSTM
S165,0.16033542740600096,0.38501981498481624,0.1774634704433499,0.09338720430744757,0.17859582008730104,0.005198262771080915,ANN
S166,0.0908617221739124,0.15501678518504125,0.05403800604034778,0.17732827214916547,0.5197015537405624,0.003053660710973934,CNN-LSTM
S167,0.22268199756387053,0.08243724680666083,0.06408035336017444,0.5105329334735756,0.11543769617763404,0.0048297726180850055,LSTM
S168,0.21574643384976783,0.21816629297009515,0.14339309390824398,0.2346361948087329,0.16673279877751448,0.021325185685649197,LSTM
S169,0.1815326226880241,0.13726854208495426,0.2785987601079318,0.2204082905624093,0.1564894611081631,0.0257023234485164,BiLSTM
S170,0.036075459442506404,0.03749592169601292,0.7675290076784833,0.08096483146440867,0.0733965597435894,0.004538219974998487,BiLSTM
S171,0.23722692043783256,0.14445119948624227,0.25105137085352297,0.22082758478332257,0.12992263413905072,0.01652029030002939,BiLSTM
S172,0.2266783027716783,0.1751983211184395,0.296848096247297,0.15673085523305982,0.11961332416098117,0.024931100468544392,BiLSTM
S173,0.14377357619948453,0.1787990705488586,0.19661634372695028,0.21736060345607183,0.2528442252856108,0.010606180783021106,CNN-LSTM
S174,0.19530417745381598,0.10274696979872482,0.141021223392952,0.329854637913983,0.21969154945646333,0.011381441984062832,LSTM
S175,0.1915699642847888,0.1648514301028524,0.19340670276961647,0.19835657828658973,0.2351857612597628,0.016629563296390124,CNN-LSTM
S176,0.23832602448916415,0.27124319884320813,0.1369369387876422,0.21559435899996973,0.11986936590646696,0.01803011297354582,ANN
S177,0.4105790771769932,0.1131550040905102,0.16425986215137345,0.1801783358305186,0.1156506399225038,0.016177080828100956,1D-CNN
S178,0.07766897358996197,0.06737463845973744,0.5753016577621525,0.14073910779553656,0.10753670956193495,0.03137891283067691,BiLSTM
S179,0.0237246555984618,0.031901638028594706,0.8837467844135215,0.028349321037262534,0.023701945929848617,0.008575654992311683,BiLSTM
S180,0.14335998469383998,0.25876590660723164,0.41156764307834304,0.09204707377242839,0.08339518902712688,0.010864202821030285,BiLSTM
S181,0.1604470296756157,0.2548309819607415,0.3337930120328667,0.1180889704069861,0.1250457664528478,0.007794239470943089,BiLSTM
S182,0.1671245623639732,0.25152693603268705,0.16948843541362657,0.19559166326509808,0.20720306790556065,0.009065335019052285,ANN
S183,0.14337335514134852,0.15656454760687005,0.04792741600580053,0.17214809723412858,0.4773305201100314,0.0026560639018145993,CNN-LSTM
S184,0.24418922359180129,0.3519423288640522,0.07299061901248885,0.1854717726841983,0.13975212861991207,0.005653927227545255,ANN
S185,0.39180604028699,0.2942015150817,0.05952144885476256,0.08189677191616683,0.1677022533058933,0.004871970554484304,1D-CNN
S186,0.39913108811861364,0.17359356806016604,0.11531172432086728,0.11864898271700694,0.1777547346841148,0.015559902099234852,1D-CNN
S187,0.14991215106722872,0.18257749054112501,0.262838889226564,0.11166245357612196,0.28206739756703253,0.010941618021931776,CNN-LSTM
S188,0.23171568929109557,0.2805387633112536,0.10195049303224205,0.16608592698687352,0.20969546742387982,0.010013659954656381,ANN
S189,0.1512903413905957,0.21115107265696897,0.15191119924239982,0.15274757023380567,0.3232626779400471,0.009637138536186177,CNN-LSTM
S190,0.14794728347428468,0.2646766654016418,0.19836376537973488,0.1143710675309077,0.2683749602645887,0.006266257948845279,CNN-LSTM
S191,0.20427148362654574,0.14955211856082393,0.10705442695499753,0.16975182756690607,0.3632666965144996,0.006103446776233877,CNN-LSTM
S192,0.18998427012379326,0.23819676767355782,0.06334035652349669,0.10836929853701673,0.3958969377797654,0.00421236936237558,CNN-LSTM
S193,0.21873847392371837,0.2805260202488434,0.03878966489384892,0.21217522928413257,0.245059543150923,0.004711068498535779,ANN
S194,0.37806563636397605,0.22188754475865097,0.08256869337942309,0.17737582540387872,0.12615914631511055,0.01394315377895876,1D-CNN
S195,0.15566026306271102,0.12150353890247449,0.2605897415512557,0.2938806566292796,0.12706598457234736,0.041299815281931336,LSTM
S196,0.10659333405312611,0.1241493568485584,0.43051082045215944,0.21420852936343565,0.10151361687981048,0.02302434240290957,BiLSTM
S197,0.1281935722740339,0.19021195243550748,0.43314861043326836,0.138600587341235,0.09904491227661337,0.010800365239343464,BiLSTM
S198,0.18067818895655136,0.19720810859749127,0.32473333127678916,0.141226689662188,0.1487120655869171,0.0074416159200632395,BiLSTM
S199,0.10553776125634921,0.1673936990222948,0.19978978028115263,0.16395781099793436,0.3595432560901945,0.0037776923520786896,CNN-LSTM
S200,0.17343697100447045,0.1471507342340767,0.21010365203480255,0.20203644991752742,0.26140579476532344,0.0058663980437980495,CNN-LSTM
S201,0.13816100907153833,0.5202935619160267,0.060349800337857945,0.095799444346757,0.18324972510441953,0.0021464592233922226,ANN
S202,0.3565455041029132,0.2066613402081001,0.04744896615690008,0.16489299488523723,0.22079533119799644,0.003655863448853518,1D-CNN
S203,0.21912091861950952,0.4626322324703987,0.021270468335588714,0.05851739052178121,0.23622906053858458,0.0022299295141380896,ANN
S204,0.4309793013939765,0.29124872101069815,0.04453629047503933,0.09805359643072077,0.12747448143441037,0.0077076092551552925,1D-CNN
S205,0.22839994797515395,0.310353131151203,0.14131117395506046,0.12558268851818608,0.18338814420029909,0.010964914200098555,ANN
S206,0.19550975449980215,0.22185624978341875,0.20828851459128497,0.1594629257927431,0.2023795035941697,0.012503051738581366,ANN
S207,0.21964986463279307,0.1975559104796222,0.1834109190989296,0.1516479851111691,0.23922504474380019,0.008510275933687275,CNN-LSTM
S208,0.20734099819198554,0.16661225654485629,0.11462580399636958,0.16071286917791866,0.34429577902118214,0.006412293067688642,CNN-LSTM
S209,0.2724270460104043,0.12879147165783728,0.04604786393700067,0.21679987968684009,0.3315713188120976,0.004362419895817903,CNN-LSTM
S210,0.24779378798797105,0.2764155091304516,0.10990545265838773,0.190593724939926,0.16102359298476143,0.014267932298503275,ANN
S211,0.22043475062096418,0.23197194548379546,0.17814105635236502,0.18088141498449964,0.17114291150209537,0.01742792105627801,ANN
S212,0.15602822388375245,0.1583866602062778,0.2788122858072762,0.18208334461433,0.2115649101695265,0.013124575318834555,BiLSTM
S213,0.15480980266890199,0.15978007435678868,0.24539157902410846,0.20898772524218878,0.2215554357873596,0.009475382920651152,BiLSTM
S214,0.2676903215000536,0.317078832758746,0.08179660087381543,0.152332292941078,0.17581728060313306,0.005284671323176809,ANN
S215,0.09947294903633744,0.12130877842719703,0.07961205349123307,0.3650163555508377,0.3291426278499795,0.005447235644414931,LSTM
S216,0.21430759316364065,0.3577676832590309,0.06885092070878304,0.2009900569751203,0.1531210639803349,0.004962681913093034,ANN
S217,0.06275054975937923,0.03408979212510705,0.3791079797044959,0.2904113383474332,0.22652909401351615,0.007111246050068169,BiLSTM
S218,0.0767084300219574,0.28914651096716315,0.16523068933581658,0.32297293975690167,0.13475573566341387,0.011185694254742131,LSTM
S219,0.28495282865117927,0.169543242288166,0.13262312191879475,0.2910516260983915,0.11145552639220781,0.01037365465126329,LSTM
S220,0.1573156503502617,0.18451863654587528,0.26561296321101185,0.20365154917993722,0.18002524125291847,0.008875959459994549,BiLSTM
S221,0.1367430992070746,0.176438248628723,0.3292804757429853,0.15036691210382266,0.20089714701531763,0.00627411730207926,BiLSTM
S222,0.15276142677651783,0.24407255374756767,0.2087385757255664,0.1410974812254181,0.24886053568673733,0.004469426838191484,CNN-LSTM
S223,0.1977358981133169,0.28397948991454064,0.0698334165674499,0.1276323153560878,0.31752907022255805,0.0032898098260484214,CNN-LSTM
S224,0.2773244701190268,0.0799803383325653,0.03836746254325948,0.2179949924946843,0.38303566693979196,0.0032970695706753712,CNN-LSTM
S225,0.270007410493527,0.30166065074092596,0.07629255400993212,0.14397366021425695,0.1998323340660236,0.00823339047533302,ANN
S226,0.17859549180815162,0.56242148508986,0.043252146186287865,0.040279192098276795,0.1727216639394959,0.002730020877933624,ANN
S227,0.4069826672395011,0.16593539476633062,0.06906044703994069,0.09828183404451055,0.25455161106286084,0.005188045846860079,1D-CNN
S228,0.12600553889508437,0.566853255937559,0.0338899926214369,0.04233200054662763,0.22895874266886937,0.0019604693304243314,ANN
S229,0.2670147111674505,0.16479033703349424,0.049807259386852334,0.1642351099191966,0.3495566055385764,0.004595976954427404,CNN-LSTM
S230,0.21382595620342548,0.38397815321463563,0.06084776156139967,0.08867132109327548,0.24917924559262625,0.003497562334634294,ANN
S231,0.179719265816889,0.2290722606929175,0.05250187360155716,0.11731835350447205,0.4176797332996296,0.00370851308453714,CNN-LSTM
S232,0.27404826454711784,0.18984473397166465,0.11489553921387208,0.1629097873510545,0.25197332143932916,0.006328353476962227,1D-CNN
S233,0.18855474760584787,0.24503825018187897,0.11657010718687233,0.1487148941059218,0.2949219113223582,0.006200089597115674,CNN-LSTM
S234,0.1437147255720786,0.1191401747828296,0.08546629581273109,0.15014954706308425,0.4977144644287894,0.003814792340488642,CNN-LSTM
S235,0.11500895436386802,0.17490693744315503,0.06402755670632798,0.12032205358588098,0.5220291927479238,0.003705305152844981,CNN-LSTM
S236,0.319869718525295,0.13292360275946566,0.09440243648408476,0.25806001173084864,0.1834719761220252,0.011272254378279964,1D-CNN
S237,0.24489685544011525,0.2745236646659699,0.13139462896340115,0.18933158451310422,0.14401266387973716,0.015840602537671344,ANN
S238,0.15771382727519548,0.15889326050943045,0.26708031659740455,0.210816642058223,0.18234304549474217,0.023152908065002434,BiLSTM
S239,0.1410747678894539,0.1201580351365746,0.3344856410427184,0.2341679232084708,0.15435090305860533,0.015762729664176557,BiLSTM
S240,0.20039891464803963,0.18725310645713253,0.2257830649389802,0.20385522359024752,0.17008892759768562,0.012620762767914254,BiLSTM
S241,0.17715727133368173,0.11951108800515814,0.2465444145019665,0.1921636626881716,0.258781262074397,0.005842301396627739,CNN-LSTM
S242,0.07279076916426837,0.3948266951735699,0.286476433901937,0.10237731927169384,0.1411377620818878,0.002391020406644851,ANN
S243,0.16026688492885638,0.19852238186198407,0.07030960740186866,0.11054966902667344,0.45707172819186886,0.0032797285887505617,CNN-LSTM
S244,0.5295322218694956,0.06390958964949621,0.046140818938535694,0.16034498825035412,0.19636280297126468,0.0037095783208493534,1D-CNN
S245,0.13376873674965647,0.39774530755305265,0.08318331651194713,0.1898225587678081,0.18595177282051487,0.00952830759701963,ANN
S246,0.45074262611870985,0.2183400102328793,0.07452776606255544,0.09554948338062036,0.14950296801804414,0.011337146187191853,1D-CNN
S247,0.20660234361675045,0.28163321291344806,0.16706936742719875,0.08984167396814022,0.2467320663776027,0.008121335696864412,ANN
S248,0.13178143988649765,0.13078668628434173,0.22228195136667678,0.20939105782953465,0.2965465327108831,0.009212331922065848,CNN-LSTM
S249,0.2699564720670249,0.08466478290698415,0.10784073186841861,0.3305634000043627,0.19550865995983577,0.01146595319337117,LSTM
S250,0.514895853573301,0.10565475879985337,0.1104178298850947,0.1507758002346349,0.10294938836978418,0.015306369137329428,1D-CNN
S251,0.2134394051448836,0.17678480843703342,0.22362269151287323,0.2285381745200684,0.12594579986842652,0.03166912051671257,LSTM
S252,0.17799691472464466,0.177009459687397,0.29681888579933075,0.19486751952776243,0.13487638693401438,0.018430833326850235,BiLSTM
S253,0.1606390864599514,0.18071762738054378,0.2771440723750011,0.18970363856638953,0.17836828140300412,0.013427293815110802,BiLSTM
S254,0.10775853152354115,0.4188234022242905,0.166921994601974,0.0974043098920371,0.20411386538171591,0.0049778963764431135,ANN
S255,0.08148397121138369,0.44319158225253735,0.06555252105797597,0.10600766756931124,0.3000912295076177,0.0036730284011712556,ANN
S256,0.1908526285523972,0.1384612690438711,0.09247716385933097,0.40837871752486965,0.16501152841640498,0.0048186926031259765,LSTM
S257,0.21429166225353297,0.2352751096641795,0.12330595343323202,0.2529944697234492,0.16131075232181197,0.012822052603795793,LSTM
S258,0.2339086225067541,0.14582141062147605,0.23200782041274257,0.21899499543144074,0.15014421176719484,0.019122939260390093,1D-CNN
S259,0.07812068927478552,0.1166355978155258,0.42727770427808803,0.22409461735153635,0.1435764627581938,0.010294928521871454,BiLSTM
S260,0.173209900943206,0.1893412155481539,0.2754811117870795,0.19962258389325135,0.15235404851074053,0.009991139317566216,BiLSTM
S261,0.07540066667314389,0.20791690088176615,0.06884782031539416,0.15278726457721548,0.4914493986411957,0.0035979489112812654,CNN-LSTM
S262,0.5750437644176363,0.048266407509313644,0.040584406575388046,0.17770674256481048,0.1532948160136602,0.0051038629191897545,1D-CNN
S263,0.23527151707043673,0.16712001196486448,0.15444655335004426,0.2306880778917827,0.1906884743757007,0.02178536534717185,1D-CNN
S264,0.14981196512046005,0.3379262238331004,0.1912926380673474,0.16346297997429443,0.14292745315028396,0.01457873985451662,ANN
S265,0.10863146111254735,0.07734389351414057,0.5106402943462094,0.14904955298909472,0.14530282742888062,0.009031970609127426,BiLSTM
S266,0.16380997691368193,0.21850970297506633,0.23574699896994386,0.21484361538184607,0.15415127198036346,0.012938433779094184,BiLSTM
S267,0.2564079387460098,0.19468037876627542,0.1874250189822726,0.1823964773349654,0.1654043409578905,0.013685845212587625,1D-CNN
S268,0.07961997003347247,0.1365003486946123,0.0875444731848183,0.4946710136745368,0.19635762943751203,0.005306564975053983,LSTM
S269,0.17218932295579906,0.07203715844499359,0.16124662904211542,0.4194703972837332,0.15053927890869467,0.024517213364663927,LSTM
S270,0.09033591118824813,0.2416907374287367,0.3170241814300049,0.18928838133264558,0.13623782058737766,0.02542296803298732,BiLSTM
S271,0.12535392459595882,0.18840434489646696,0.3889564737328984,0.1566658374139268,0.12862308159536504,0.011996337765386113,BiLSTM
S272,0.17444365329158887,0.12128857378812946,0.22579163205105582,0.18185136450376213,0.2860767088043176,0.010548067561144904,CNN-LSTM
S273,0.19883175992714208,0.24650321368089403,0.14507885584035585,0.19371098259238673,0.20227674666414194,0.013598441295078543,ANN
S274,0.2239565154657479,0.12184326767658514,0.21614239223418066,0.23794188020272541,0.1842292376324694,0.015886706788292945,LSTM
S275,0.1613645832402221,0.2423201400417549,0.25435272637612927,0.17867508756308828,0.1518355594481598,0.011451903330643389,BiLSTM
S276,0.06352879009601205,0.12039244727555433,0.6425958818618273,0.08255048875434723,0.08524961051397398,0.005682781498283256,BiLSTM
S277,0.09975659971354378,0.1991108310160176,0.4132118958023907,0.1347386001996446,0.14626558616627738,0.006916487102124096,BiLSTM
S278,0.16685673507471804,0.21477134316789162,0.14110587501636018,0.20237682900451473,0.2659943656565517,0.008894852079960276,CNN-LSTM
S279,0.10702385166507028,0.14794480214760797,0.06158847409078124,0.2621118833633713,0.4172906653879689,0.004040323345197689,CNN-LSTM
S280,0.6818204506931329,0.032353021865187216,0.022918339967873527,0.20707095264927844,0.053707725731738876,0.0021295090927902693,1D-CNN
S281,0.18757587261896683,0.2381954846150509,0.16589272612993075,0.19544592213801848,0.19379984135862793,0.019090153139404948,ANN
S282,0.1282034903010941,0.18295571988060863,0.2740601034082577,0.2303670112830147,0.16739379729464487,0.017019877832374602,BiLSTM
S283,0.14916137898036114,0.14566197600197953,0.3666073785873904,0.17854456965410492,0.14755529403833478,0.012469402737827272,BiLSTM
S284,0.15962162341977834,0.19898230768015643,0.2908752698045713,0.17304950368594227,0.16580987668130798,0.011661418728240355,BiLSTM
S285,0.12484623765900385,0.11941420201083727,0.275154832231393,0.21419294793401128,0.2539804556158326,0.012411324548917552,BiLSTM
S286,0.07432421902189239,0.1575181668305191,0.13409276045171387,0.2825721711029454,0.34492007683130427,0.006572605761626216,CNN-LSTM
S287,0.6123189542411624,0.08344300091534236,0.04775504656975955,0.15626944590962427,0.09731124154282005,0.002902310821292088,1D-CNN
S288,0.6764809495569097,0.04148505012293251,0.027548467865885665,0.15848258261357656,0.09297521387281421,0.003027735967876972,1D-CNN
S289,0.09044778913521742,0.8119772859140331,0.020062000843023807,0.03663782340881077,0.03769197509957137,0.003183125599341561,ANN
S290,0.24196137056642947,0.18827922190472735,0.1747682177655412,0.20657228781825485,0.16848566620197938,0.019933235743067577,1D-CNN
S291,0.1687778843384836,0.1406207986721585,0.26986611575043024,0.2538955278629128,0.1521599707031635,0.014679702672852618,BiLSTM
S292,0.17636919978803864,0.19911686327486533,0.2703521546857777,0.20688662504166916,0.13469377369811417,0.012581383511535586,BiLSTM
S293,0.22605443900169858,0.2989900609298698,0.24913455611552865,0.11807244968378884,0.0990232678592186,0.008725226409890487,ANN
S294,0.2717164592400382,0.1552754950510832,0.1906980269666382,0.17144480798403056,0.19978034457068639,0.011084866187527754,1D-CNN
S295,0.07806209643897931,0.0823713826041594,0.14830586698167966,0.3503299347203358,0.33535792741505815,0.0055727918397900904,LSTM
S296,0.13974187426250403,0.14301937787959157,0.06625004013759436,0.4900628310763217,0.1578165424090479,0.003109334234937662,LSTM
S297,0.3430687596250145,0.13291026457905813,0.04882260258344956,0.3963334463348541,0.07423906909948397,0.004625857778143859,LSTM
S298,0.11891106759016831,0.23887041288407787,0.12602651807950815,0.27103877427216816,0.22841324099366975,0.016739986180408305,LSTM
S299,0.2872885262288238,0.1665802808761901,0.1586341885762368,0.19799432988250054,0.169945837053339,0.01955683738291145,1D-CNN
S300,0.13438827078911608,0.13262241057534085,0.20617662380533855,0.1958110933352911,0.31851883385304625,0.012482767641869372,CNN-LSTM
S301,0.16837903043682023,0.07664337547633558,0.1497902611061678,0.39308745306743753,0.19938187385290848,0.012718006060329764,LSTM
S302,0.22948489309688955,0.13660561961179554,0.19946644130910987,0.23135841373685814,0.1734142579806327,0.029670374264715672,LSTM
S303,0.23766921796892704,0.14523888318077574,0.18239599535418485,0.25878660199575804,0.15581285835881073,0.02009644314154543,LSTM
S304,0.16185329705228016,0.14333779917568393,0.37075995342517054,0.17001955094025936,0.13405577110394024,0.01997362830266434,BiLSTM
S305,0.11638973017451221,0.11265243360738822,0.46826115584277556,0.14401886845585346,0.14751808894435559,0.011159722975114392,BiLSTM
S306,0.13111451593572515,0.2032106480412061,0.3151159350367483,0.13878197939521597,0.2016501577123197,0.010126763878784105,BiLSTM
