Segment,1D-CNN,ANN,BiLSTM,LSTM,Selected
S1,0.29522788949616285,0.2645290839462744,0.38045482889491217,0.0597881976626501,BiLSTM
S2,0.5709932165134471,0.25939718412164897,0.1380248219119465,0.03158477745295694,1D-CNN
S3,0.27669619314872934,0.36065900655565236,0.30819663039034695,0.054448169905271064,ANN
S4,0.22786236412852104,0.34997416066569287,0.38434107103043,0.03782240417535598,BiLSTM
S5,0.26323698952418695,0.21736699654044822,0.46843305750651,0.05096295642885515,BiLSTM
S6,0.43444653047492005,0.2252989744217634,0.275619433529082,0.06463506157423415,1D-CNN
S7,0.32040060152108474,0.2753958999629031,0.29855162256572165,0.10565187595029023,1D-CNN
S8,0.3431889261388311,0.237497793722436,0.36506397919978595,0.05424930093894749,BiLSTM
S9,0.17654110098262374,0.17405421592758083,0.6106011514372716,0.03880353165252389,BiLSTM
S10,0.21794220180244656,0.2772439552741556,0.46627614563457503,0.0385376972888233,BiLSTM
S11,0.0993905680934096,0.3877302141656377,0.5048171649291664,0.008062052811785982,BiLSTM
S12,0.1396777067907553,0.41497340207973815,0.42601668925334024,0.019332201876166903,BiLSTM
S13,0.22662622342597774,0.5436840812312321,0.18369643096370414,0.045993264379085644,ANN
S14,0.42184019422184876,0.3419622492021483,0.16302160397117454,0.07317595260482884,1D-CNN
S15,0.5453504173402565,0.2954448284166572,0.12050586627425519,0.038698887968831204,1D-CNN
S16,0.4350157049872586,0.3278050454982054,0.2122966699308631,0.024882579583672192,1D-CNN
S17,0.29973596333897984,0.2852181962660121,0.37978395068097776,0.03526188971403008,BiLSTM
S18,0.31863070403501015,0.2964287350561887,0.3423841073648725,0.042556453543928584,BiLSTM
S19,0.36950128357299467,0.3195623379910656,0.2668035243042449,0.04413285413169412,1D-CNN
S20,0.44262380996267525,0.25144078082224375,0.23969020556025578,0.06624520365482461,1D-CNN
S21,0.6671501840881623,0.20195474234491184,0.09756774776496006,0.03332732580196568,1D-CNN
S22,0.5952382218579243,0.3382741556079753,0.05371443491777517,0.012773187616324953,1D-CNN
S23,0.33330638472922874,0.5184974980552778,0.12611841654425374,0.02207770067123959,ANN
S24,0.48035834122905097,0.1992659408855925,0.2698155135645973,0.050560204320758986,1D-CNN
S25,0.2762685296856797,0.2953957323002252,0.38559276301634876,0.042742974997745896,BiLSTM
S26,0.27970505001523516,0.23082007961310533,0.44148806676300606,0.04798680360865365,BiLSTM
S27,0.2166266510286798,0.31442825822586096,0.4422047702610272,0.02674032048443155,BiLSTM
S28,0.28630054465211474,0.4133725835005227,0.26426104416324026,0.03606582768412261,ANN
S29,0.4995120035489762,0.28750384413077523,0.1671061624580066,0.045877989862242,1D-CNN
S30,0.19302506122540797,0.583400545519468,0.12727101282823572,0.09630338042688817,ANN
S31,0.6864515481091855,0.21453770009442621,0.05238231272756368,0.046628439068823926,1D-CNN
S32,0.5146687827453992,0.3582984780524078,0.0706534473731259,0.056379291829066716,1D-CNN
S33,0.37183379965206664,0.30427581493290734,0.20709749652069537,0.1167928888943302,1D-CNN
S34,0.563861294547542,0.16075843676460566,0.22697240776032115,0.048407860927531604,1D-CNN
S35,0.18179046522061823,0.3436024492250783,0.4312112323276917,0.0433958532266111,BiLSTM
S36,0.28547785306786777,0.243760913354492,0.3969183820241241,0.07384285155351596,BiLSTM
S37,0.5232224625251051,0.19190271388033525,0.23479317509060982,0.05008164850394963,1D-CNN
S38,0.4162450841595353,0.31505008171683396,0.2189121033146285,0.049792730809002164,1D-CNN
S39,0.30717038874212144,0.2499303869992368,0.39734805520882915,0.04555116904981248,BiLSTM
S40,0.13714209951221817,0.11642094575761633,0.7237728168500763,0.022664137880089086,BiLSTM
S41,0.10780022174241366,0.11967256275868027,0.7550805505825767,0.01744666491632858,BiLSTM
S42,0.18012657272610208,0.5272992131642004,0.28250793152653414,0.010066282583164235,ANN
S43,0.3549241621211173,0.4593318028712431,0.1756459885183709,0.010098046489268701,ANN
S44,0.3475659646570021,0.34785455744949667,0.23344267981006406,0.07113679808343729,ANN
S45,0.43982939695963014,0.2507051324135746,0.2295873179887363,0.07987815263805964,1D-CNN
S46,0.3745099906443988,0.3518098112325373,0.22195371462850907,0.051726483494554595,1D-CNN
S47,0.27902301951426495,0.3665736090743203,0.3174164772794639,0.03698689413195074,ANN
S48,0.27700530205142027,0.23004719831970782,0.4429574538498278,0.04999004577904384,BiLSTM
S49,0.30431655597809987,0.2794344919037724,0.36907051596628876,0.047178436151838934,BiLSTM
S50,0.4421460757335611,0.22556218027647806,0.2986476010971691,0.03364414289279238,1D-CNN
S51,0.18974054090995698,0.21072038575139565,0.42722451310122,0.17231456023742717,BiLSTM
S52,0.25778127478187296,0.3868108888212681,0.3058295076595019,0.04957832873735645,ANN
S53,0.12198814967828078,0.2188876017323351,0.6196015875888766,0.03952266100050812,BiLSTM
S54,0.2774597396798119,0.3033727533062762,0.3614145642184445,0.0577529427954675,BiLSTM
S55,0.29412251247039667,0.33069038136819273,0.2619801479468045,0.11320695821460597,ANN
S56,0.5713422700225613,0.21783194990807572,0.14699008752652384,0.06383569254283927,1D-CNN
S57,0.772021108040117,0.08898404106773983,0.10615872034724794,0.03283613054489516,1D-CNN
S58,0.7098223018517852,0.09562930896813901,0.159915187029377,0.03463320215069846,1D-CNN
S59,0.2676028754410311,0.13569178155267367,0.5499560184185837,0.046749324587711645,BiLSTM
S60,0.3078924687273985,0.4509946409328696,0.2062088750789628,0.03490401526076852,ANN
S61,0.458956519026647,0.236172431766222,0.285673343103162,0.019197706103968676,1D-CNN
S62,0.12204428510364904,0.09247689377842151,0.7744169196950222,0.01106190142290724,BiLSTM
S63,0.05809355440708754,0.549855270307697,0.38887085626971496,0.003180319015500313,ANN
S64,0.10475777044665072,0.28485321997195695,0.6059979007922923,0.004391108789100359,BiLSTM
S65,0.2180943700904146,0.5001442647155149,0.2510307022193194,0.030730662974750775,ANN
S66,0.31899051870497397,0.40214825190294445,0.22315592782938506,0.055705301562696465,ANN
S67,0.48513305047535243,0.3420145468614591,0.13002654305633318,0.04282585960685529,1D-CNN
S68,0.41856372501375233,0.4154748210502891,0.1490308988005459,0.016930555135413042,1D-CNN
S69,0.22745456060979127,0.45190602536881014,0.30450805826123856,0.016131355760160386,ANN
S70,0.3646441261083892,0.35037322566856166,0.260240338800069,0.02474230942298042,1D-CNN
S71,0.38051927970225585,0.31659554173568066,0.27293378548092145,0.029951393081141718,1D-CNN
S72,0.3076606430622816,0.3880976116590426,0.2622538524555708,0.04198789282310561,ANN
S73,0.6077045870131783,0.20215987219852707,0.15017504742837548,0.03996049335991903,1D-CNN
S74,0.35561570133849796,0.4641110996277813,0.15105746892935812,0.02921573010436296,ANN
S75,0.30714431511285384,0.3500794737449733,0.29515763987111115,0.04761857127106133,ANN
S76,0.27757811014461264,0.22556016689490696,0.4526918601639573,0.04416986279652288,BiLSTM
S77,0.2869338578747317,0.25579645738146,0.40963543751299625,0.04763424723081179,BiLSTM
S78,0.9904901553471803,0.005512975559886273,0.0037062271030809187,0.00029064198985251225,1D-CNN
S79,0.2922596797980585,0.14609217989561593,0.554980821654009,0.006667318652317104,BiLSTM
S80,0.1372548245935824,0.4427772686393906,0.40970373048604625,0.010264176280980407,ANN
S81,0.3001490299630788,0.3304052100850021,0.3186891572207684,0.05075660273115077,ANN
S82,0.32635850470123035,0.29566893226637014,0.328431920061295,0.04954064297110478,BiLSTM
S83,0.4420500916893753,0.228204364919314,0.28545332026398096,0.04429222312732969,1D-CNN
S84,0.4184232117635956,0.27073960240831485,0.2737811513354836,0.03705603449260676,1D-CNN
S85,0.370048531040029,0.28752105106350545,0.28023673122087916,0.062193686675585585,1D-CNN
S86,0.443540799172629,0.19202643152916818,0.2837997455201632,0.0806330237780399,1D-CNN
S87,0.28822896914463914,0.3105340305534201,0.3588669553811396,0.04237004492080141,BiLSTM
S88,0.2352664192759217,0.2898298958065962,0.4427157035966669,0.0321879813208157,BiLSTM
S89,0.13473434459380515,0.14756245861460035,0.689716240912207,0.027986955879387206,BiLSTM
S90,0.13594470968341082,0.14954838304009213,0.6941597033812575,0.0203472038952388,BiLSTM
S91,0.26797797969889414,0.3401715740705448,0.33744193292768515,0.05440851330287571,ANN
S92,0.2557724283395486,0.28356207028396085,0.4110452223046699,0.049620279071820504,BiLSTM
S93,0.27606823993339163,0.2582889488792554,0.42284283262870836,0.04279997855864445,BiLSTM
S94,0.4482538632136232,0.3788842463830716,0.14654755795975,0.026314332443555435,1D-CNN
S95,0.5592407404991706,0.2208987644777989,0.16995337031604654,0.04990712470698387,1D-CNN
S96,0.5160320221430048,0.28906907781056435,0.1472088399779905,0.0476900600684407,1D-CNN
S97,0.47822772926261037,0.4153449310534664,0.0865758474900124,0.019851492193911,1D-CNN
S98,0.43759638519060207,0.27581468469866477,0.24219951446797547,0.04438941564275766,1D-CNN
S99,0.23628572340005194,0.36526074605698716,0.3523269563923697,0.04612657415059144,ANN
S100,0.20863081360983107,0.5109085552666407,0.2547616472808152,0.02569898384271278,ANN
S101,0.3342332416886764,0.173096131630027,0.4801412586570083,0.012529368024287536,BiLSTM
S102,0.16229853706674563,0.20348217956252385,0.6104924735143454,0.023726809856384687,BiLSTM
S103,0.3107097184648931,0.3626368261359865,0.2831593526065152,0.04349410279260546,ANN
S104,0.3224011880640668,0.324447457113657,0.2739320828387897,0.07921927198348666,ANN
S105,0.603181554213766,0.2958184706603654,0.08102799331723129,0.01997198180863734,1D-CNN
S106,0.7008561492410657,0.27316428735848736,0.02221001344590575,0.003769549954540861,1D-CNN
S107,0.32995001562638676,0.45559897481429207,0.1906570788006235,0.023793930758696614,ANN
S108,0.3830901089457305,0.24237190597050998,0.34690107185301555,0.02763691323074423,1D-CNN
S109,0.3431864828442143,0.32246322339038214,0.30054716952936605,0.033803124236037964,1D-CNN
S110,0.2305758729015893,0.42415522246746323,0.2961400598782062,0.049128844752741076,ANN
S111,0.26156434070459633,0.4447706990064425,0.2563789698015509,0.03728599048741058,ANN
S112,0.4079560733976459,0.26347021038282514,0.23403424902822856,0.09453946719130035,1D-CNN
S113,0.36483788748735096,0.29048873053841145,0.28356936598369276,0.06110401599054522,1D-CNN
S114,0.27871772850068627,0.3740764248733591,0.2900820318634288,0.057123814762525524,ANN
S115,0.3854156371908977,0.17998481243647166,0.3715557393491979,0.06304381102343301,1D-CNN
S116,0.33875864539442974,0.4053200544895573,0.21670207870176528,0.03921922141424734,ANN
S117,0.42551414259928083,0.3537605999237162,0.165414603191734,0.05531065428526939,1D-CNN
S118,0.22860639308527686,0.4554426244462306,0.29232611381090834,0.02362486865758497,ANN
S119,0.30691084295688237,0.47089901263922607,0.1930740459416088,0.02911609846228291,ANN
S120,0.3056238492995615,0.3493805033614525,0.308312328022713,0.036683319316272896,ANN
S121,0.3199767311464153,0.39343952820619643,0.23674449655129082,0.04983924409609716,ANN
S122,0.44113675717927164,0.4246163689869986,0.09875077257671831,0.03549610125701204,1D-CNN
S123,0.393148317776038,0.5121977832148165,0.06470596353315103,0.029947935475994475,ANN
S124,0.38905314079860526,0.31922511507318363,0.20707555868486485,0.08464618544334618,1D-CNN
S125,0.22044323930310883,0.1317074063850356,0.5874255195963275,0.060423834715527674,BiLSTM
S126,0.2692328807796041,0.18997370675146824,0.4575124248567693,0.08328098761215794,BiLSTM
S127,0.21778249608003344,0.2741333286324371,0.48053598173798884,0.027548193549540082,BiLSTM
S128,0.18565281626063332,0.1757150508035549,0.6056545027889204,0.03297763014689119,BiLSTM
S129,0.33964503299638893,0.27127198190622154,0.3508896716391856,0.03819331345820415,BiLSTM
S130,0.4410224506031729,0.17503453959409077,0.35575053983973753,0.028192469962999317,1D-CNN
S131,0.23509025453654583,0.19368310901946384,0.5450445363912644,0.026182100052725844,BiLSTM
S132,0.15693741311283452,0.19026809126716915,0.6308764353814571,0.021918060238539077,BiLSTM
S133,0.19324549848854441,0.2282738620619482,0.5476075414591958,0.03087309799031147,BiLSTM
S134,0.3396827778090719,0.41330850629775934,0.2071526276898868,0.039856088203281764,ANN
S135,0.3526009675540836,0.32998271354662745,0.22127197020410544,0.09614434869518355,1D-CNN
S136,0.41431002353692525,0.3018195304089846,0.19773227227097662,0.0861381737831134,1D-CNN
S137,0.4768736668042622,0.1833868749796192,0.24670241415793584,0.0930370440581829,1D-CNN
S138,0.23011278895194784,0.27023550805307006,0.4232719768492311,0.07637972614575085,BiLSTM
S139,0.2200361940831946,0.2723688673832768,0.4618981449056114,0.04569679362791762,BiLSTM
S140,0.10728715761359926,0.08330684361218411,0.7944250589855939,0.014980939788623023,BiLSTM
S141,0.24108666604923099,0.21450886232517907,0.5163367736298231,0.028067697995767235,BiLSTM
S142,0.36471080214640605,0.3105424314420441,0.2870396057410355,0.03770716067051492,1D-CNN
S143,0.2691002899068567,0.27567991216039195,0.34892054647260345,0.10629925146014822,BiLSTM
S144,0.23514124066380643,0.24856831435998644,0.48210964995892297,0.03418079501728409,BiLSTM
S145,0.1522024459723975,0.13751604591098168,0.6882854675855521,0.02199604053106879,BiLSTM
S146,0.040977611807162695,0.042342541085782295,0.9110999903553773,0.005579856751677283,BiLSTM
S147,0.24029423687077864,0.5135342141797942,0.2133901518885773,0.03278139706084935,ANN
S148,0.503017448536752,0.26484471618863853,0.16264814564954808,0.06948968962506126,1D-CNN
S149,0.3861999854469215,0.44339463643639054,0.13027852188901115,0.04012685622767569,ANN
S150,0.48107155452314915,0.3638763443792594,0.12147791709681968,0.03357418400077153,1D-CNN
S151,0.3157709200138403,0.18988295173429393,0.4651837984588378,0.02916232979302865,BiLSTM
S152,0.19681846551258725,0.22329474716838,0.5006697002349564,0.07921708708407613,BiLSTM
S153,0.18073033015474868,0.3268519665197596,0.43859723275950024,0.05382047056599107,BiLSTM
S154,0.489259258375048,0.27346930007197845,0.15748669434690285,0.07978474720607023,1D-CNN
S155,0.32680808381963616,0.3573613336050346,0.26877097768570857,0.047059604889620535,ANN
S156,0.16621151284711078,0.45089685342031327,0.3553691133302019,0.027522520402374386,ANN
S157,0.16771236914495427,0.1604125218190653,0.642243568321414,0.029631540714567074,BiLSTM
S158,0.2771048532019187,0.43246858654088605,0.2439129119971004,0.04651364826009489,ANN
S159,0.26250996615796357,0.5814376777505698,0.11070284527341762,0.04534951081804844,ANN
S160,0.34048417180795687,0.3687146095382982,0.20482322668103042,0.08597799197271473,ANN
S161,0.4309630121594923,0.2824254893820639,0.22153424644202366,0.06507725201642009,1D-CNN
S162,0.18444403208912422,0.2820004051928873,0.487762636096729,0.04579292662125966,BiLSTM
S163,0.1847991144269192,0.2369643307984254,0.5375227434673019,0.04071381130735321,BiLSTM
S164,0.22003290477513623,0.1898129187454683,0.5649607263806284,0.025193450098767504,BiLSTM
S165,0.22393069765545798,0.5079607882490328,0.24906196429650834,0.019046549799000934,ANN
S166,0.2932380963786866,0.4342493270189405,0.20382602313104003,0.06868655347133322,ANN
S167,0.43447163867079913,0.25611458593529496,0.21249749530670617,0.0969162800871999,1D-CNN
S168,0.3692934005839576,0.37191760496065296,0.20340368818645443,0.05538530626893513,ANN
S169,0.3175573321260432,0.21044769196994453,0.42379668774055,0.048198288163461625,BiLSTM
S170,0.053475165616626984,0.0545129350940442,0.8777212662475171,0.014290633041811572,BiLSTM
S171,0.35701452597594074,0.22595197422819263,0.3697746603613221,0.04725883943454467,BiLSTM
S172,0.34851568929742144,0.21727708133187743,0.4047188142644264,0.029488415106275104,BiLSTM
S173,0.2730550714469492,0.32145996552831524,0.34988569736311964,0.05559926566161605,BiLSTM
S174,0.34917141593566564,0.24776076035960265,0.3235799230739048,0.07948790063082738,1D-CNN
S175,0.3292272539528398,0.2842694972205952,0.3373710146752789,0.04913223415128648,BiLSTM
S176,0.32802649810386714,0.40000220731298136,0.23003190272703314,0.04193939185611811,ANN
S177,0.5459952795640776,0.1720577314653871,0.24711162061544914,0.03483536835508635,1D-CNN
S178,0.08491676067388841,0.06936537514933147,0.8238672892075718,0.02185057496920867,BiLSTM
S179,0.009913906240999967,0.016072118831313393,0.9724831838962279,0.0015307910314585676,BiLSTM
S180,0.11247834655935726,0.2642569005968439,0.6173727245164184,0.005892028327380038,BiLSTM
S181,0.1310164686449656,0.3034028201019295,0.5557267842682503,0.009853926984855123,BiLSTM
S182,0.2275709601989049,0.4283694859474731,0.3066667051953012,0.037392848658319995,ANN
S183,0.3542403352827818,0.4205644322803968,0.16688312632837804,0.058312106108442625,ANN
S184,0.36028992250070424,0.4623451140785378,0.1359606542224186,0.04140430919833884,ANN
S185,0.4871353963210786,0.3822685934587072,0.11101625543569765,0.019579754784516335,1D-CNN
S186,0.5656069525127033,0.23682429921838055,0.17214202034220738,0.0254267279267093,1D-CNN
S187,0.23384251642561557,0.29538775560026986,0.4430005328313992,0.027769195142715024,BiLSTM
S188,0.3664581134381339,0.4083082961014418,0.1834707528715347,0.04176283758889029,ANN
S189,0.25718353965494717,0.35922761894162086,0.3456830940680477,0.0379057473353834,ANN
S190,0.21012504964349615,0.3798448944086596,0.3823164518443771,0.027713604103467775,BiLSTM
S191,0.3937343659041099,0.29129507084942097,0.2630949270823919,0.05187563616407714,1D-CNN
S192,0.37602243530364377,0.4392615131161979,0.15333846094303202,0.031377590637126106,ANN
S193,0.3719804065372802,0.4583960349352466,0.11507467702042812,0.05454888150704518,ANN
S194,0.604152133959982,0.25720236286782827,0.10082871896932932,0.037816784202860124,1D-CNN
S195,0.30139080658027123,0.26162246815015805,0.37463142591355414,0.06235529935601654,BiLSTM
S196,0.16436568204420593,0.19230069264203517,0.6016428934034611,0.041690731910298,BiLSTM
S197,0.17396868394544038,0.258641127642575,0.5406257321894639,0.026764456222520872,BiLSTM
S198,0.24677442624371074,0.27974150543404386,0.44499202575009184,0.028492042572153754,BiLSTM
S199,0.23614425225402638,0.3110707478339622,0.4170293110646288,0.03575568884738269,BiLSTM
S200,0.2652933392832708,0.19388142812562348,0.5088276359775418,0.03199759661356424,BiLSTM
S201,0.16254947814827786,0.7044067800681182,0.11387089993140811,0.01917284185219617,ANN
S202,0.5053388727238708,0.331647652180723,0.11974441072025964,0.04326906437514587,1D-CNN
S203,0.30627965439437216,0.6184962416320576,0.05692305014143862,0.018301053832131937,ANN
S204,0.5438884277882484,0.36362678151945704,0.06950386537151827,0.02298092532077664,1D-CNN
S205,0.3126991581002062,0.4200545241855571,0.24009126253556723,0.02715505517866974,ANN
S206,0.294634204201843,0.3441187667061954,0.3271830383693974,0.03406399072256428,ANN
S207,0.3436125075456484,0.31672901837540446,0.30325317216540026,0.03640530191354678,1D-CNN
S208,0.3922898373808609,0.32472513597839264,0.2381977548468534,0.04478727179389333,1D-CNN
S209,0.5382211042566137,0.27607789038751457,0.1275390434759595,0.0581619618799124,1D-CNN
S210,0.3934675675072,0.4127034547651237,0.15238146099224237,0.04144751673543423,ANN
S211,0.32571766473617597,0.34087504797575496,0.292392947631767,0.04101433965630164,ANN
S212,0.24175795386806545,0.2487869617429076,0.4670909736393625,0.04236411074966369,BiLSTM
S213,0.2708558066015897,0.27379203209057157,0.4047008425691781,0.05065131873866123,BiLSTM
S214,0.39752515971316643,0.44664823229495026,0.1259492159621097,0.029877392029773412,ANN
S215,0.36238302023121727,0.293918881033461,0.23273547634584094,0.11096262238948092,1D-CNN
S216,0.32505749015197044,0.45990631433326257,0.1633937305235686,0.05164246499119816,ANN
S217,0.16219715773800955,0.09660916967284044,0.6741688789513006,0.06702479363784941,BiLSTM
S218,0.18035811632464208,0.4752346096515295,0.276657391861328,0.0677498821625007,ANN
S219,0.41502828776281164,0.28596457693519806,0.23893165882054238,0.0600754764814478,1D-CNN
S220,0.23708501707181057,0.27056535242571267,0.4520194863295206,0.04033014417295579,BiLSTM
S221,0.2052450000805897,0.2615501586302931,0.5024859490983811,0.030718892190735876,BiLSTM
S222,0.24441855517668107,0.3582987472034706,0.3640048661281005,0.03327783149174832,BiLSTM
S223,0.34429866346043403,0.46555094126385443,0.15580110109438594,0.034349294181325915,ANN
S224,0.5889746503940555,0.21810185546576616,0.126248463963899,0.0666750301762794,1D-CNN
S225,0.4220274458512049,0.4014662582253069,0.14025550721290653,0.036250788710582176,1D-CNN
S226,0.22045489815511207,0.6611234447472665,0.10659631159549783,0.011825345502124074,ANN
S227,0.5540639823947578,0.26713836365776067,0.15079340596125776,0.02800424798622396,1D-CNN
S228,0.20525738770555293,0.7050147164555628,0.07776476593229577,0.011963129906588505,ANN
S229,0.48279773499722395,0.3267194012030272,0.1391184687503875,0.05136439504936103,1D-CNN
S230,0.3230726895763689,0.5010072389648552,0.15355652984730048,0.022363541611475822,ANN
S231,0.35368965026470844,0.449069682909305,0.15835184179282358,0.038888825033163,ANN
S232,0.39288539537599937,0.30270132985831305,0.2621789876733755,0.042234287092311425,1D-CNN
S233,0.3165697204806193,0.40100073196954544,0.24436531428563193,0.03806423326420258,ANN
S234,0.3516837170943886,0.30913978068169057,0.2839740578782163,0.05520244434570519,1D-CNN
S235,0.31215095019088535,0.4335288961344911,0.20735667616393447,0.046963477510689446,ANN
S236,0.5130270820316107,0.2393893061066308,0.1868082300527676,0.06077538180899071,1D-CNN
S237,0.3485210694607481,0.42441229829162364,0.18750002409143546,0.03956660815619343,ANN
S238,0.2427960165032264,0.24243079171855939,0.46563353241530747,0.04913965936290647,BiLSTM
S239,0.22866620903187787,0.19594064671222897,0.5237558855456561,0.05163725871023733,BiLSTM
S240,0.3155441396284838,0.29164316944958313,0.34675444040523484,0.046058250516698075,BiLSTM
S241,0.3449792651269841,0.20677557176418823,0.40864299893160694,0.03960216417722066,BiLSTM
S242,0.09484768988431001,0.47776104732386293,0.4122751165206787,0.015116146271148283,ANN
S243,0.350118485041556,0.41697929697053426,0.19436861723131516,0.038533600756595655,ANN
S244,0.7037871467101783,0.14068766259040386,0.11184310156917734,0.04368208913024031,1D-CNN
S245,0.22232094806844993,0.6025903717813841,0.1300495541642646,0.04503912598590129,ANN
S246,0.59415653466509,0.2563554807804769,0.126708849882577,0.022779134671855408,1D-CNN
S247,0.3080443897121819,0.3752474374639891,0.2947548805454046,0.0219532922784242,ANN
S248,0.25335543165474533,0.26787033319913484,0.4229392607186884,0.05583497442743199,BiLSTM
S249,0.47359326810604285,0.1917125791996893,0.25825890600336127,0.07643524669090677,1D-CNN
S250,0.7190267507612366,0.12314373503452204,0.13129446424212074,0.026535049962122078,1D-CNN
S251,0.333286708130609,0.2622173114997213,0.351771518182184,0.05272446218748542,BiLSTM
S252,0.26022391653086363,0.2633418034515538,0.4362667704659291,0.04016750955165371,BiLSTM
S253,0.25520245189985885,0.28348809460706037,0.41918273582676263,0.0421267176663179,BiLSTM
S254,0.16008327370248307,0.5713670001825724,0.24739347483478027,0.021156251280164646,ANN
S255,0.1453932432802071,0.7148168673466726,0.11504412433960678,0.024745765033513386,ANN
S256,0.3795547268494012,0.30453683142232785,0.2232245955534148,0.09268384617485638,1D-CNN
S257,0.336999143000194,0.4009029960807525,0.19976703722611833,0.06233082369293547,ANN
S258,0.3929915701924534,0.22946106548441803,0.3328897662799723,0.04465759804315563,1D-CNN
S259,0.15665173071516952,0.2106037633091471,0.5857642842745004,0.0469802217011836,BiLSTM
S260,0.2666282571840984,0.2879615899990298,0.40341371656709335,0.04199643624977908,BiLSTM
S261,0.2368259053715592,0.4901360346656117,0.21714686436703445,0.05589119559579531,ANN
S262,0.7478852865695882,0.10999246628005382,0.10127799275997092,0.040844254390386574,1D-CNN
S263,0.4136893508171598,0.2697158261529057,0.2543412102242588,0.06225361280567567,1D-CNN
S264,0.20333484625339734,0.4809064797117958,0.28379179055583476,0.031966883478971586,ANN
S265,0.15304856584790633,0.1146089453555481,0.7023108844389626,0.030031604357582637,BiLSTM
S266,0.2560517759040476,0.3334331893984812,0.36333319858917745,0.047181836108294385,BiLSTM
S267,0.39318811291060607,0.29019053020133884,0.27910572320434607,0.03751563368370939,1D-CNN
S268,0.2642255032694825,0.361041592823548,0.27514673068099155,0.09958617322597786,ANN
S269,0.31996536581818186,0.17542730214964788,0.40450482518759023,0.10010250684458025,BiLSTM
S270,0.1392548794043348,0.37809676730520775,0.44580975945373147,0.03683859383672612,BiLSTM
S271,0.17484213443659152,0.2660139615463701,0.5290026905449052,0.030141213472133253,BiLSTM
S272,0.3232321381206493,0.230160111993924,0.39910903661338515,0.04749871327204206,BiLSTM
S273,0.3178777047627898,0.38181864980846997,0.25552657501696213,0.04477707041177696,ANN
S274,0.37158641462477526,0.21790945956466182,0.35379365002413293,0.056710475786430035,1D-CNN
S275,0.22440141273446595,0.33875575932683333,0.40513283252689825,0.03170999541180308,BiLSTM
S276,0.07044278375231751,0.1282717290487779,0.7890129213847362,0.01227256581416843,BiLSTM
S277,0.14618680257155073,0.26987653742978746,0.5566358724652453,0.027300787533416596,BiLSTM
S278,0.34574541387456514,0.39417263941893066,0.2200743787394268,0.040007567967077245,ANN
S279,0.3176021353931152,0.37995940166737113,0.2258635788706966,0.07657488406881656,ANN
S280,0.7108372659052666,0.13038676851876294,0.11576735830243101,0.04300860727353949,1D-CNN
S281,0.29611892155280883,0.43395383929866294,0.22915585338635092,0.040771385762177044,ANN
S282,0.218596522527472,0.32549542921082253,0.40822563562151926,0.04768241264018613,BiLSTM
S283,0.21781874567399978,0.2076455009610266,0.5380683675084295,0.03646738585654416,BiLSTM
S284,0.23908157422653828,0.29367028896782976,0.43104504385813097,0.03620309294749993,BiLSTM
S285,0.39817002056663564,0.15436288525356281,0.42869975379002123,0.018767340389780545,BiLSTM
S286,0.27701927721446196,0.39945697230419996,0.27353965892886206,0.04998409155247665,ANN
S287,0.6960309692911856,0.16027041356119634,0.1075843989420736,0.03611421820554426,1D-CNN
S288,0.7451293717110048,0.12443266823179369,0.09426095538905425,0.0361770046681471,1D-CNN
S289,0.0919110401079009,0.8859946129646503,0.016948490870093993,0.005145856057354049,ANN
S290,0.4041060578035599,0.33332217889500315,0.22230764192017818,0.04026412138125867,1D-CNN
S291,0.2772888276227064,0.26229469720922616,0.4089099941308026,0.05150648103726488,BiLSTM
S292,0.26764345890292907,0.29821185388252713,0.3906700935243793,0.04347459369016491,BiLSTM
S293,0.291000428988849,0.3721424577291347,0.3146200554211422,0.02223705786087492,ANN
S294,0.5978237003020663,0.20864231290928834,0.17660079590332334,0.016933190885321907,1D-CNN
S295,0.29020779549218906,0.3039959075847099,0.34191446171343914,0.06388183520966224,BiLSTM
S296,0.3419519274642854,0.3427142953972539,0.20942884607871362,0.10590493105974697,ANN
S297,0.5085236363789404,0.2780721738661898,0.14428879424823007,0.0691153955066398,1D-CNN
S298,0.2337677963514242,0.46064950216666,0.23460626571966242,0.07097643576225363,ANN
S299,0.4701033396391363,0.2428214140799384,0.24462352125128525,0.042451725029639543,1D-CNN
S300,0.2747847510554807,0.2813208827319373,0.3879974666057045,0.0558968996068774,BiLSTM
S301,0.34937081991727514,0.20055318547592016,0.3529347577358145,0.0971412368709896,BiLSTM
S302,0.42468154146777864,0.21609893728710533,0.30021950169994244,0.05900001954517272,1D-CNN
S303,0.37957930491560754,0.25291167493749284,0.30910839038966587,0.058400629757233806,1D-CNN
S304,0.2020579347348213,0.17103104440991332,0.595342954249733,0.03156806660553163,BiLSTM
S305,0.16438230999591993,0.16108585434308098,0.6466512828009374,0.027880552860062066,BiLSTM
S306,0.18769035837589337,0.3131855504193908,0.4713928343587922,0.027731256845923657,BiLSTM
S307,0.2620879813258979,0.3995984090412187,0.2824304303463606,0.055883179286522235,ANN
S308,0.42044135422311857,0.37826736380878423,0.1577910884147771,0.04350019355331984,1D-CNN
S309,0.548521486516349,0.23245632065563313,0.17170083002993322,0.047321362798084576,1D-CNN
S310,0.3261076788078146,0.5063403665190465,0.12892838739013107,0.03862356728300772,ANN
S311,0.1887624524748926,0.2753123293754589,0.4402681572079121,0.09565706094173612,BiLSTM
S312,0.10340082606110719,0.16466859769323677,0.7085226662878015,0.023407909957853818,BiLSTM
S313,0.3676126036204954,0.17426997144984863,0.39785169313606517,0.06026573179359095,BiLSTM
S314,0.5863643816016615,0.14375213044905866,0.23710099511364996,0.0327824928356296,1D-CNN
S315,0.31149500218907833,0.25219469167810565,0.3822423260721839,0.054067980060631717,BiLSTM
S316,0.17027557242668734,0.26474962033995353,0.5094075448806177,0.05556726235274121,BiLSTM
S317,0.08365743518756588,0.0904688339740141,0.8069215783281101,0.01895215251030936,BiLSTM
S318,0.18668599824817989,0.24731303312419123,0.526199374665655,0.03980159396197439,BiLSTM
S319,0.1375337204372201,0.19083546194629455,0.627857597410336,0.04377322020614929,BiLSTM
S320,0.2015786960819951,0.5746660092204519,0.1907083494077107,0.0330469452898422,ANN
S321,0.3820402173192977,0.41966735281499706,0.18411926989776833,0.014173159967935991,ANN
S322,0.34706872122992644,0.5392075140824432,0.09645056949484204,0.017273195192787947,ANN
S323,0.6211057251375891,0.24645023352263326,0.0936705200555688,0.03877352128420919,1D-CNN
S324,0.3298563463468488,0.5904275982882348,0.06616590923749603,0.013550146127419808,ANN
S325,0.41153236738925747,0.2960422140061784,0.20282354120539825,0.08960187739916596,1D-CNN
S326,0.6980929649080332,0.17304799011719432,0.10024213552516413,0.028616909449608232,1D-CNN
S327,0.1714632455036502,0.6649830617951318,0.13681146660497936,0.02674222609623817,ANN
S328,0.28611615939449836,0.2270908185807717,0.4170814582306399,0.06971156379408983,BiLSTM
S329,0.17773246514634736,0.1901868274608311,0.6102790728780253,0.021801634514796282,BiLSTM
S330,0.23708249998294906,0.18249093981566802,0.5494864882097894,0.03094007199159364,BiLSTM
S331,0.09625776638392138,0.056207644829271305,0.8409853014396916,0.006549287347116115,BiLSTM
S332,0.12974478264911374,0.20681024597661066,0.6488304499154116,0.014614521458863732,BiLSTM
S333,0.2975219075721049,0.44425587005469575,0.21702571161781278,0.041196510755386245,ANN
S334,0.3677799793527468,0.31435951750124325,0.23307968935863735,0.08478081378737272,1D-CNN
S335,0.48129800194612216,0.2882137870441408,0.1759307374711067,0.05455747353862966,1D-CNN
S336,0.3822067342164655,0.30956571674182953,0.2538964424661394,0.05433110657556518,1D-CNN
S337,0.20997269223458423,0.17225113047946805,0.5669063512918718,0.0508698259940758,BiLSTM
S338,0.18581347306502438,0.1856724994813464,0.5555714081873926,0.0729426192662369,BiLSTM
S339,0.31961351048293035,0.21863524719727892,0.44483671371204825,0.016914528607742983,BiLSTM
S340,0.2057567896707593,0.22259518115796287,0.548788718962981,0.02285931020829692,BiLSTM
S341,0.1963394966049051,0.6061506962997918,0.169524720231476,0.027985086863827682,ANN
S342,0.23508358140545613,0.17455483249520867,0.5482883795824217,0.04207320651691363,BiLSTM
S343,0.13123096919994912,0.6465404262199218,0.1982197863637459,0.02400881821638306,ANN
S344,0.3895356602892646,0.316128147548249,0.21735957360994596,0.07697661855254037,1D-CNN
S345,0.21928748679386162,0.5834093228508198,0.14730611841095295,0.04999707194436575,ANN
S346,0.4275181450899922,0.2586902113476151,0.2477211610982449,0.06607048246414775,1D-CNN
S347,0.28091486355342044,0.29138516864849284,0.39351737348587434,0.0341825943122122,BiLSTM
S348,0.062472924505205446,0.2668671689100028,0.6627820749154835,0.007877831669309493,BiLSTM
S349,0.317825852186227,0.2995859259211268,0.3354063798144908,0.047181842078155546,BiLSTM
S350,0.3961299224434027,0.4470798992048497,0.12539101167160077,0.03139916668014653,ANN
S351,0.4737874843240932,0.31132069611612645,0.15603726205546561,0.05885455750431444,1D-CNN
S352,0.32134377842737144,0.40100520871437983,0.22826641368303205,0.049384599175216676,ANN
S353,0.3042508394992258,0.21312915692433823,0.4122969303759674,0.07032307320046854,BiLSTM
S354,0.27303717990569437,0.2615787863707567,0.40964570457717264,0.055738329146376546,BiLSTM
S355,0.2264705672838884,0.2676077565175853,0.4766468766743543,0.02927479952417143,BiLSTM
S356,0.30021268843044857,0.3383846104137553,0.30161045543184234,0.05979224572395389,ANN
S357,0.4078012258601876,0.3613729708793599,0.18579820686242757,0.04502759639802568,1D-CNN
S358,0.4513778738678914,0.26685166840536456,0.22595126158522394,0.05581919614152073,1D-CNN
S359,0.32252150835432575,0.29939725222090885,0.3115594933932733,0.06652174603149236,1D-CNN
S360,0.3122562455306238,0.24527441408305106,0.38985793878960195,0.0526114015967238,BiLSTM
S361,0.07879700448866164,0.09915702719876712,0.8032848812715685,0.018761087041002995,BiLSTM
S362,0.19081678145048242,0.18020835991917808,0.6233892732471404,0.005585585383198303,BiLSTM
S363,0.23915003784345548,0.47603805299453367,0.283650087976656,0.001161821185353378,ANN
S364,0.041160655406240004,0.5840800191880613,0.3688996592314628,0.005859666174236043,ANN
S365,0.30256950995147824,0.4133305792830659,0.2141172873833094,0.0699826233821461,ANN
S366,0.4167871368410883,0.22741015822639535,0.2489410433394729,0.10686166159304288,1D-CNN
S367,0.31922611881841745,0.36265437181132765,0.26385024322820383,0.054269266142051374,ANN
S368,0.20596659713161164,0.27892662441664134,0.47893274780617673,0.03617403064557023,BiLSTM
S369,0.12285999559231321,0.16953493722637575,0.6822355887281996,0.02536947845311109,BiLSTM
S370,0.23795100028952546,0.32280621456551184,0.4025100504763329,0.036732734668629606,BiLSTM
S371,0.5124008396753241,0.21954366793406205,0.2028453090695917,0.0652101833210228,1D-CNN
S372,0.41106019054006754,0.2862637745206226,0.23609447371154507,0.06658156122776464,1D-CNN
S373,0.3691141520013184,0.4378750673800581,0.16168414563125577,0.031326634987368436,ANN
S374,0.3772739216617659,0.252339717232576,0.32818203257047207,0.04220432853518566,1D-CNN
S375,0.17728932678704207,0.1808528859893155,0.5880459558447916,0.053811831378850594,BiLSTM
S376,0.3759932858477979,0.2998784967363595,0.2718928171224662,0.052235400293376005,1D-CNN
S377,0.26470996703672506,0.3947940687801147,0.3007945082512344,0.03970145593192611,ANN
S378,0.19065958865565566,0.22457442672160985,0.5447782657518397,0.039987718870895174,BiLSTM
S379,0.10952563761269096,0.1956203889541916,0.6744258227171978,0.020428150715919687,BiLSTM
S380,0.052225838317697885,0.06736558850770194,0.8717207386985927,0.00868783447600746,BiLSTM
S381,0.22158112501311183,0.5332389260814582,0.20925802298741916,0.035921925918010855,ANN
S382,0.265956849820316,0.5294594245735244,0.13231573695738494,0.0722679886487746,ANN
S383,0.46490174696651065,0.3283620742359018,0.1614634706878882,0.04527270810969998,1D-CNN
S384,0.2968935147014434,0.4751075160740912,0.198449297816654,0.0295496714078122,ANN
S385,0.19922009715099873,0.21740587255594881,0.537990361113753,0.045383669179300125,BiLSTM
S386,0.21884932970558071,0.3581133989592957,0.3747943168718993,0.04824295446322333,BiLSTM
S387,0.2572618956291509,0.3361287820864965,0.3545183907129015,0.052090931571451504,BiLSTM
S388,0.16079365611085458,0.2042602909291266,0.5878289901061884,0.04711706285382987,BiLSTM
S389,0.1497338329775483,0.20857685750355898,0.6252512807635464,0.01643802875534566,BiLSTM
S390,0.39585697161492706,0.32640990281848825,0.24798096394697094,0.02975216161961381,1D-CNN
S391,0.44187826860012963,0.3368174795225152,0.16887330414488963,0.052430947732465705,1D-CNN
S392,0.24460422149651875,0.6939224510754857,0.044541699184458855,0.016931628243536653,ANN
S393,0.2884657218421168,0.6819973279014773,0.021286980318426258,0.008249969937980526,ANN
S394,0.2920330833501205,0.6025701606326047,0.08081349291331422,0.0245832631039603,ANN
S395,0.4587289084878548,0.1258592237159344,0.29761527143951727,0.11779659635669355,1D-CNN
S396,0.19779863915122906,0.5135164366829121,0.24980790376294607,0.038877020402912695,ANN
S397,0.2711050143277878,0.21912452863411316,0.47017285154164107,0.03959760549645767,BiLSTM
S398,0.34428275860800533,0.1737128370426694,0.4361875274092788,0.04581687694004613,BiLSTM
S399,0.28048162275305705,0.3153148830231382,0.3706722955191588,0.03353119870464704,BiLSTM
S400,0.3141338126715546,0.22825109453759623,0.41435904828063747,0.04325604451021136,BiLSTM
S401,0.06261805745907323,0.05588565658666278,0.872261801465426,0.009234484488838703,BiLSTM
S402,0.20968156260032084,0.27228818843218466,0.4883384607686962,0.02969178819879824,BiLSTM
S403,0.24375857292029396,0.46063281927614486,0.2713924909800326,0.0242161168235284,ANN
S404,0.27938603498188364,0.5342794346020262,0.14648176378766475,0.03985276662842571,ANN
S405,0.44348047015192876,0.3956853824893894,0.11394545064438207,0.046888696714299724,1D-CNN
S406,0.645572911731475,0.21726386268475878,0.09725796385660608,0.03990526172716027,1D-CNN
S407,0.3058960164486077,0.4216561436644834,0.2397674305297904,0.03268040935711853,ANN
S408,0.27534018526434006,0.3017129479481414,0.3808312464986368,0.04211562028888158,BiLSTM
S409,0.2849469098864253,0.3125520144404938,0.3616641499429308,0.040836925730150124,BiLSTM
S410,0.3049511763864192,0.3542614804659262,0.2955848053778202,0.04520253776983393,ANN
S411,0.4260633537356831,0.26023612640131616,0.26225060897102975,0.05144991089197131,1D-CNN
S412,0.3285271497043,0.4576078729720918,0.15288559090127662,0.06097938642233204,ANN
S413,0.6361009850331575,0.25031806142205365,0.08396002347150723,0.029620930073281853,1D-CNN
S414,0.5151274420731369,0.39414522342213887,0.07697821469152853,0.013749119813195184,1D-CNN
S415,0.4816946701893041,0.3675922282282078,0.1104683511811905,0.04024475040129716,1D-CNN
S416,0.3085989243915748,0.6120060398147118,0.06739180105576618,0.012003234737947163,ANN
S417,0.3208297656727981,0.45655348394468437,0.19168911438713312,0.03092763599538469,ANN
S418,0.22823296370904947,0.4563958717904591,0.2838694485013409,0.03150171599915035,ANN
S419,0.3696245227478542,0.32676727868490396,0.25567986667865217,0.04792833188859029,1D-CNN
S420,0.3023705960241555,0.4869203512001367,0.17434574560539132,0.036363307170316474,ANN
S421,0.36851334112716094,0.26970599079908825,0.24154343970856768,0.12023722836518334,1D-CNN
S422,0.4195190114922133,0.46896498542670023,0.09558734249645721,0.01592866058462796,ANN
S423,0.3565553054487953,0.2883256970039261,0.30212717877939194,0.05299181876788618,1D-CNN
S424,0.2545329041479844,0.3584532130779978,0.35342498797320426,0.03358889480081391,ANN
S425,0.28460945873675025,0.24516543566070004,0.42013805256921843,0.05008705303333178,BiLSTM
S426,0.3203220656807975,0.3838964959054658,0.25801344703043727,0.037767991383299664,ANN
S427,0.34815316823729736,0.3679414089136338,0.22427333580479744,0.05963208704427187,ANN
S428,0.3595937769214854,0.3276606489623668,0.21790954547633062,0.09483602863981712,1D-CNN
S429,0.33417149893048165,0.5653688256301046,0.08350434578738775,0.016955329652026695,ANN
S430,0.4433616899183303,0.34992992060042094,0.15542787124862542,0.05128051823262309,1D-CNN
S431,0.617177189585886,0.21819389497991953,0.1133410445660325,0.05128787086816182,1D-CNN
S432,0.3146016017142675,0.5382667420947399,0.11418013230110344,0.03295152388988992,ANN
S433,0.2656153343328152,0.23384314685425628,0.40745325877515104,0.09308826003777772,BiLSTM
S434,0.2863197907706257,0.17996164447204646,0.4890809570565912,0.044637607700736305,BiLSTM
S435,0.19392486557413752,0.31318677389738336,0.45671386088688093,0.03617449964159791,BiLSTM
S436,0.16353512901718625,0.2916362647034261,0.5258611766988036,0.018967429580583586,BiLSTM
S437,0.21893095547134384,0.4423071609181098,0.3113846931021977,0.027377190508348262,ANN
S438,0.48694437598827606,0.2616842842118071,0.21720694964844198,0.0341643901514752,1D-CNN
S439,0.37521552436581473,0.34661060138150296,0.2131747583742287,0.06499911587845282,1D-CNN
S440,0.3234029148426338,0.27213196829736874,0.3146244735002342,0.0898406433597628,1D-CNN
S441,0.32731200456109993,0.23441244573703007,0.3351963624098511,0.10307918729201906,BiLSTM
S442,0.3751741609683559,0.3303752386494603,0.236387842474396,0.05806275790778792,1D-CNN
S443,0.2921483668331343,0.24298841850591646,0.41635414621391986,0.048509068447029714,BiLSTM
S444,0.12231905632808635,0.15290315819116007,0.7104141502030922,0.014363635277661312,BiLSTM
S445,0.024236375051661783,0.08363480964811444,0.8893750222713598,0.0027537930288643138,BiLSTM
S446,0.12579636907087707,0.7821646726924357,0.08884302597045103,0.003195932266236171,ANN
