Segment,1D-CNN,ANN,BiLSTM,LSTM,CNN-LSTM,GRU,Selected
S1,0.1533894707679628,0.15698755654461735,0.20424770011121068,0.21212415518003136,0.25019545037675084,0.02305566701942605,CNN-LSTM
S2,0.2260890591231523,0.20876822255879998,0.14908844319321893,0.19720325593105295,0.19802599972559784,0.02082501946817792,1D-CNN
S3,0.1508914730168895,0.2165021072696485,0.1438000875158335,0.2219046077409553,0.25045733207411464,0.016444392382558896,CNN-LSTM
S4,0.193251479836776,0.2859801403211697,0.13083394619247038,0.16476714403672643,0.20743187608597133,0.017735413526886283,ANN
S5,0.17287345047420466,0.14763014443009026,0.20492320941007175,0.20557776979742068,0.24384129470179045,0.025154131186422672,CNN-LSTM
S6,0.2055179329701958,0.15188205269286795,0.1978931155251936,0.2329108472772758,0.18111293355833333,0.030683117976133253,LSTM
S7,0.17857671573074418,0.16139720968956908,0.1774660795222679,0.24901542944384397,0.2040064386219286,0.029538126991645326,LSTM
S8,0.22726686844328794,0.1633563495557367,0.21215217386042062,0.2108617020155782,0.14556081792377343,0.040802088201203415,1D-CNN
S9,0.11720295907832669,0.10801301449431502,0.356368739095617,0.2340814975034768,0.14525349964382292,0.03908029018444246,BiLSTM
S10,0.1563904301009057,0.17508271312959292,0.2868536299929899,0.20298176071834353,0.1483232173631411,0.030368248695027435,BiLSTM
S11,0.16368215681179055,0.23997939811036603,0.20168824208804134,0.18335386042061488,0.19411043651049723,0.017185906058691042,ANN
S12,0.14523127951614453,0.19089059633749025,0.151511053919461,0.22048149689794108,0.27877005538852045,0.013115517940442575,CNN-LSTM
S13,0.1360148769851099,0.18078328158656626,0.11681819047532781,0.27229301930895167,0.28333345879942534,0.01075717284462,CNN-LSTM
S14,0.17043289629346772,0.25260577430938413,0.1143451143666745,0.22822052712063648,0.2198693360553138,0.014526351854524647,ANN
S15,0.31743178383269666,0.2534278661273843,0.10241933660264493,0.154052709153092,0.15693473835076482,0.015733565933416918,1D-CNN
S16,0.26284135241968515,0.25632938493278196,0.1358040922536711,0.1423974295297129,0.17834102258251497,0.024286718281633344,1D-CNN
S17,0.20796235727360626,0.20146987783159997,0.1811241317518843,0.16012295529141007,0.22008087485475897,0.029239802996740387,CNN-LSTM
S18,0.19480853462877334,0.1824932232320094,0.18856218973340452,0.17488376712471834,0.23319790794225248,0.026054377338842437,CNN-LSTM
S19,0.18705845787300962,0.19677353295108485,0.14729168822340025,0.1730021053130112,0.27669942585143276,0.019174789788060618,CNN-LSTM
S20,0.1412433603288182,0.1396830723145706,0.12132695766743963,0.19899475924455798,0.38495659999820825,0.013795250446404965,CNN-LSTM
S21,0.2730364181059263,0.23210912051780383,0.09251016221082778,0.13821252409124735,0.2508988343705686,0.01323294070362652,1D-CNN
S22,0.4444913331501422,0.22270928343426163,0.06463039334507752,0.08288201301635408,0.17262557234355488,0.012661404710607742,1D-CNN
S23,0.26461677221968427,0.2953582091767685,0.12100505334066002,0.12774345522365485,0.166544829341282,0.024731680697951366,ANN
S24,0.21787223315700066,0.1638516606412755,0.21632220384232867,0.23630042909467397,0.12107860904411595,0.04457486422060446,LSTM
S25,0.15832026661947987,0.12198444106346683,0.31815710425812593,0.2635376268726307,0.10438638427534948,0.03361417691094815,BiLSTM
S26,0.19446408629675255,0.14490572920741454,0.30746799302109706,0.20986156447893758,0.10716207318926117,0.03613855380653699,BiLSTM
S27,0.20043233111118922,0.22846753334392683,0.2743125247524958,0.1656367189408541,0.11318262384897516,0.01796826800256004,BiLSTM
S28,0.18195270966555835,0.28074609863828465,0.1634049573959388,0.17430139334650457,0.18708568686071617,0.012509154092996957,ANN
S29,0.02850140516773068,0.02221074668583654,0.03099176191132574,0.2781401797827453,0.6384029725299688,0.001752933922392118,CNN-LSTM
S30,0.03631953409889936,0.10334056288022352,0.035370356830683354,0.31277517160440677,0.5094568942115467,0.0027374803742402838,CNN-LSTM
S31,0.6540819726927598,0.13061436423959774,0.01365085364499475,0.09779745583805374,0.10251658150239867,0.0013387720821974268,1D-CNN
S32,0.3180387041336812,0.2053663432082529,0.03419303484955928,0.19699289856477997,0.24129250565415125,0.0041165135895788645,1D-CNN
S33,0.14302381171774234,0.14242351930331926,0.12362826578516646,0.3136105650102442,0.2532300106252033,0.024083827558324264,LSTM
S34,0.264249167507367,0.12788134952214533,0.17304796604836686,0.26885977825157575,0.13810529709028346,0.027856441580262677,LSTM
S35,0.10829349413224645,0.14170020438084893,0.30377263886529804,0.2613695546951113,0.1526775365141098,0.03218657141238361,BiLSTM
S36,0.16317109847520186,0.1640868443104549,0.2284401524405127,0.24819994609880563,0.1659169771664098,0.03018498150861494,LSTM
S37,0.1976704497047602,0.15530597249050704,0.2317358888584432,0.21609841175316233,0.16170796255606465,0.03748131463706425,BiLSTM
S38,0.18071649775275817,0.2015313108288543,0.21806594886635688,0.20570479223741234,0.14867719463038487,0.045304255684234095,BiLSTM
S39,0.20712117679881958,0.18744295190389235,0.22150906625233974,0.19883471920821333,0.15008890524019677,0.03500318059653825,BiLSTM
S40,0.17405548828302286,0.14843012626220312,0.26085585332783584,0.20283955273672416,0.1819013121105718,0.03191766727964101,BiLSTM
S41,0.16882902162535157,0.18068491437629697,0.23884613538290755,0.19306168765047613,0.19287690944255093,0.02570133152241721,BiLSTM
S42,0.19276049291240077,0.1998902186434569,0.1837766001128744,0.18803972324399224,0.2168727873110641,0.018660177776211487,CNN-LSTM
S43,0.12586997165450609,0.15385695356913826,0.1575285376230519,0.26965467778427443,0.27941399445483667,0.013675864914193595,CNN-LSTM
S44,0.2064406580989837,0.20672466012132962,0.14825696649695255,0.213874989241975,0.2051552340612758,0.01954749197948421,LSTM
S45,0.20880563816186087,0.19208601513755708,0.1752762965425375,0.19776072716544676,0.19832034296674342,0.02775098002585461,1D-CNN
S46,0.20020215148750614,0.1986843669484594,0.18616621872533076,0.1956505237284983,0.19023050945599776,0.029066229654208044,1D-CNN
S47,0.18954208443522272,0.19868784312521007,0.19887215516150114,0.19389004761072562,0.1897239532737409,0.029283916393599452,BiLSTM
S48,0.18598929642373116,0.16719841840336777,0.2160442956658101,0.20850989184211088,0.1928922401220619,0.02936585754291856,BiLSTM
S49,0.18879409001872802,0.17043802691414486,0.21799998283598548,0.21432262709476296,0.1816095056134173,0.026835767522961934,BiLSTM
S50,0.15331940697484767,0.18383348516879264,0.21804670745755472,0.2129711220831371,0.20117148235287918,0.030657795962790134,BiLSTM
S51,0.01834922842323229,0.03681731697913815,0.12538888567199713,0.5775739009367771,0.23559677101716467,0.00627389697169034,LSTM
S52,0.1548794617029503,0.24394268975137423,0.15441229551009808,0.2976090122047705,0.1341511371836876,0.015005403647118722,LSTM
S53,0.10920162715878119,0.23288919458255505,0.20689607222840822,0.23960446497760057,0.18459724741586708,0.02681139363678816,LSTM
S54,0.15322877443572316,0.1463498782839854,0.1846013098178425,0.22020675718420818,0.26834904149968225,0.02726423877855864,CNN-LSTM
S55,0.10431199928781199,0.14732105551373748,0.14058559226068393,0.2565071922055491,0.33063935473283984,0.020634805999378274,CNN-LSTM
S56,0.32498812089946216,0.18616769361935814,0.11723540582641415,0.16719707097220785,0.1807741523319437,0.02363755635061491,1D-CNN
S57,0.24145854255400778,0.1380386838303719,0.17659818619201068,0.21151843260889158,0.19961915731033197,0.032766997504385525,1D-CNN
S58,0.34569771170237007,0.09423316959543168,0.1915417961863197,0.20363735007644201,0.13833063210879237,0.02655934033064336,1D-CNN
S59,0.16074982971063975,0.1527728249153326,0.2615226216863671,0.24265270682521764,0.1508822998924114,0.0314197169700313,BiLSTM
S60,0.22030529147400646,0.3401771445549775,0.17437322011588005,0.14600518448192085,0.09508859920849974,0.024050560164715445,ANN
S61,0.44930775522387634,0.19231020332001578,0.15632146585598966,0.09515103495558323,0.07359546403869208,0.03331407660584282,1D-CNN
S62,0.22399956171016647,0.15247687128388215,0.29136036719094016,0.13346286933281645,0.14403222321554746,0.054668107266646566,BiLSTM
S63,0.15059845300989033,0.2813638695545311,0.2748999625248868,0.11235344851945338,0.1538883411085015,0.02689592528273587,ANN
S64,0.19538169473147415,0.2274741686249225,0.2211003254746228,0.16367759974066584,0.1759874099780462,0.016378801450268245,ANN
S65,0.13106397953821425,0.1497866486556648,0.17590172427784426,0.2944914293148481,0.2357770689393548,0.012979149274072508,LSTM
S66,0.17151629570473106,0.19507987422334525,0.12584290662098638,0.3226638077195814,0.17388247226144918,0.011014643469906386,LSTM
S67,0.29556502577514093,0.3676408846811592,0.08368297350866445,0.14340506070419579,0.09967740356319199,0.010028651767648814,ANN
S68,0.4705762429070912,0.2720747402512041,0.07197145374294876,0.085467171742408,0.08885346117214933,0.011056930184198897,1D-CNN
S69,0.26713927701183426,0.3609962119847979,0.10611372077133575,0.10456953124918976,0.14237988091616327,0.018801378066679718,ANN
S70,0.2912515453705536,0.2699598453991952,0.13225266036356276,0.10983110538919305,0.16812609587843325,0.028578747599061587,1D-CNN
S71,0.266264907193544,0.22229217713613542,0.13498888754924043,0.12429074666870131,0.22621193993339864,0.025951341518981094,1D-CNN
S72,0.1623047519333715,0.2221793264031307,0.1482722470750498,0.15682331639158853,0.28692938361697695,0.02349097457988408,CNN-LSTM
S73,0.23150865915299454,0.19532263001101752,0.1532614023408481,0.17682364765707015,0.2190648539601283,0.024018806877940804,1D-CNN
S74,0.2101752892116895,0.21579649768426573,0.17822775267580257,0.18822785551496896,0.1808403079523291,0.026732296960943883,ANN
S75,0.19163880548290907,0.20623246519922045,0.20505587547570703,0.21318702302801956,0.15582647748890985,0.02805935332523283,LSTM
S76,0.20412408853352573,0.17005585369456622,0.2350585575225865,0.22053293380607436,0.14302348018709773,0.02720508625614935,BiLSTM
S77,0.19089497505241082,0.16750134085850663,0.24195817118912905,0.22385660380710296,0.14656745952067457,0.02922144957217538,BiLSTM
S78,0.5167311185013662,0.18435108151752566,0.12702459820461673,0.0794210764807622,0.0639512215713284,0.02852090372440041,1D-CNN
S79,0.14605541768299593,0.2265432178745011,0.37623283415774356,0.09334870800737333,0.11372567895054851,0.04409414332683743,BiLSTM
S80,0.1427892099770925,0.30340015827404165,0.27268855922322366,0.07499757626163549,0.19661966013920887,0.009504836124796464,ANN
S81,0.16436138470788703,0.20076081891898093,0.1988653731511166,0.15476757764096147,0.2501532083106102,0.031091637270442216,CNN-LSTM
S82,0.1798579064822054,0.19380499665546896,0.19064576414694134,0.1803652020407957,0.22626323850028562,0.029062892174304373,CNN-LSTM
S83,0.20624358081164487,0.15791545253963532,0.1733806218336855,0.2469147628053511,0.1996214721081735,0.01592410990151135,LSTM
S84,0.22526725072298387,0.1625725923306615,0.1726831295742328,0.1980724509874921,0.21344742093737112,0.027957155447257506,1D-CNN
S85,0.15548357975792218,0.1483159875461458,0.21186181941497048,0.22472337679531051,0.22532512524863058,0.03429011123702018,CNN-LSTM
S86,0.16684243614537114,0.145143214229946,0.2244086608088761,0.22767182286692644,0.201270165547068,0.03466370040181197,LSTM
S87,0.1949055192497495,0.19265974636204958,0.20916511189454984,0.19352269242744327,0.17799835265853284,0.03174857740767492,BiLSTM
S88,0.18777395050982104,0.1913378090908326,0.2217927219043068,0.1865491358852201,0.18228938654437518,0.030256996065443596,BiLSTM
S89,0.13752675716110127,0.1576864499993374,0.25937412404030097,0.21884724549936357,0.1947748569649337,0.03179056633496299,BiLSTM
S90,0.17429479344583218,0.1749581295963937,0.2349906140215895,0.19584140215463988,0.18937788568909925,0.030537175092445402,BiLSTM
S91,0.03831680939477117,0.08479211869405823,0.18451400754033792,0.3726921793767046,0.30739384246943513,0.012291042524692266,LSTM
S92,0.12491089994392908,0.16568062322920743,0.15833171971199608,0.34963084348707335,0.18821098482147913,0.013234928806316708,LSTM
S93,0.3141328748512102,0.2668925222111643,0.1180311569470853,0.16343174890742823,0.12246102951342122,0.015050667569691735,1D-CNN
S94,0.34820634515003673,0.27854369155568376,0.10171895668710021,0.11869904927133207,0.1342107431285663,0.018621214207280978,1D-CNN
S95,0.2766881585301165,0.17796195638039725,0.13797724714147439,0.16164302192119032,0.22022388544357815,0.025505730583243055,1D-CNN
S96,0.23960546250192277,0.1959914983013069,0.15544136624230132,0.1782456310527496,0.20499642923183053,0.02571961266988943,1D-CNN
S97,0.2246893388973928,0.19256965794776498,0.1791544824948004,0.1969976860647257,0.1806913139645864,0.025897520630729174,1D-CNN
S98,0.25851418543881677,0.13912358970464075,0.20312657588675578,0.22792132965241013,0.14828482026310957,0.023029499054266742,1D-CNN
S99,0.14763447006215338,0.1748730207771415,0.24142784665846762,0.24933259001773564,0.15819101201189864,0.028541060472603096,LSTM
S100,0.2068261912530526,0.26500779893142584,0.20485293680693653,0.16877244495587732,0.12704736624482063,0.02749326180788697,ANN
S101,0.11913311385459723,0.19847967271245678,0.25330882372251284,0.19415467474472364,0.20142893035668008,0.03349478460902954,BiLSTM
S102,0.08720088260882682,0.14595171123957706,0.21835790366647526,0.24217571553524017,0.28671302505483337,0.019600761895047638,CNN-LSTM
S103,0.0829972569677994,0.12220476323741844,0.15501899845041583,0.4005391810681144,0.2282456695902279,0.010994130686024148,LSTM
S104,0.15154693257721252,0.17613859346982577,0.1436061093665016,0.34873705635933205,0.16583408861337248,0.01413721961375563,LSTM
S105,0.4183752930202876,0.30625394568878195,0.07503232582536272,0.10547182796502563,0.08217995293361052,0.012686654566930498,1D-CNN
S106,0.6968354082317691,0.16025993299855176,0.03742267882817217,0.03920071885592211,0.05775995723781814,0.008521303847767232,1D-CNN
S107,0.19279724075792434,0.3369784817977341,0.12032546873239426,0.10519987131873224,0.20857456861858797,0.03612436877462767,ANN
S108,0.2639354916722055,0.16391266685380726,0.16962765216047834,0.11937237688142867,0.24789038694604293,0.035261425486037126,1D-CNN
S109,0.24803208004404068,0.23936418630656478,0.16815721717524346,0.1416072411262821,0.17410497904845115,0.02873429629941894,1D-CNN
S110,0.1024588802244905,0.11185792831515311,0.12965422021251374,0.16450150915470665,0.47206976478682355,0.019457697306312298,CNN-LSTM
S111,0.08024438479304884,0.12933316516048937,0.08787647077676707,0.12111834083711168,0.5684080632842621,0.01301957514832221,CNN-LSTM
S112,0.07753842113336175,0.05427397746134914,0.05528378891694726,0.10228618494165803,0.7018087184990683,0.008808909047614956,CNN-LSTM
S113,0.11011957010537818,0.08330546659813752,0.1014153780378,0.17967963270344886,0.5096339351003267,0.015846017454908098,CNN-LSTM
S114,0.08961119729492419,0.13373931034338896,0.07959494307453543,0.14537587560607634,0.5375840351859428,0.014094638495133762,CNN-LSTM
S115,0.2638215911912141,0.1124292632370704,0.103403061975697,0.24552778234878314,0.2603523338238252,0.014465967423411483,1D-CNN
S116,0.22633821413946803,0.24883590588646612,0.14453067886316784,0.20827700254131631,0.15913023909544724,0.012887959474135374,ANN
S117,0.269925957008648,0.21150453016624637,0.07392118537546413,0.2047744898744851,0.2325745449938367,0.007299292581317433,1D-CNN
S118,0.2222281377739076,0.42626630923493974,0.036569944599783466,0.10996586673863475,0.20171777499263835,0.0032519666600977024,ANN
S119,0.22718918980176195,0.3355065348209137,0.09628093261890593,0.14070800509046014,0.18953583515308906,0.010779502514867905,ANN
S120,0.22985540257412784,0.17910675676040236,0.08397933220856955,0.14982649177850899,0.34838943757257945,0.008842579105811127,CNN-LSTM
S121,0.14342373466029762,0.20094891280867191,0.0734516288767694,0.14555991982317146,0.42833353794099205,0.008282265890096842,CNN-LSTM
S122,0.26537089142179554,0.24487911494428782,0.06771028723146727,0.14949794736789523,0.26389813172186455,0.008643627312689873,1D-CNN
S123,0.2734623632354593,0.2581416268111582,0.08199954469440297,0.16627779150165042,0.20763308905711145,0.012485584700214927,1D-CNN
S124,0.20324571661988633,0.1950307378230976,0.15213352173711453,0.23064863104301722,0.1874808383758317,0.03146055440105282,LSTM
S125,0.11026512766861041,0.08756998921294498,0.3401510743665129,0.2704480833864326,0.13990161381656932,0.05166411154892989,BiLSTM
S126,0.08231898773795822,0.10383979805280195,0.3860372864227167,0.2716913675903779,0.10459269855815023,0.051519861637996045,BiLSTM
S127,0.17350991326433612,0.1795600947238289,0.346413337020366,0.1553129718032418,0.08026963567196163,0.06493404751626555,BiLSTM
S128,0.16275376061437818,0.13760949837231015,0.3769213619144006,0.15842610626838483,0.10241442454718676,0.0618748482833396,BiLSTM
S129,0.19065836718734494,0.17290748178301335,0.3002537020404007,0.15270306209262643,0.11934771738891656,0.0641296695076984,BiLSTM
S130,0.20597334519119262,0.1771374582219541,0.2801071136223592,0.14909830413753636,0.12529633650628666,0.06238744232067147,BiLSTM
S131,0.19617224260392976,0.1881920776311778,0.2279977539212977,0.19225875234883918,0.1744554639258762,0.02092370956887987,BiLSTM
S132,0.19595344268616205,0.1924254922863657,0.20144724306658607,0.19664491988083976,0.1957379885757392,0.017790913504307292,BiLSTM
S133,0.17884341054372893,0.19110288286919946,0.19446026346839282,0.19383115323750316,0.22350589072373242,0.018256399157442694,CNN-LSTM
S134,0.20580827480956845,0.21941619947066862,0.1304347337187778,0.19006773454061,0.23919678543415543,0.015076272026218454,CNN-LSTM
S135,0.17081064712548047,0.17800941394825157,0.10571644437146277,0.2695215519070089,0.2647544224533873,0.011187520194409517,LSTM
S136,0.2426256916861361,0.19014750964454671,0.11748356493363081,0.21681348536546266,0.21550810396335138,0.017421644406870752,1D-CNN
S137,0.1251561184831154,0.10876351077234248,0.20943341789389877,0.26799786334190023,0.24259418680756126,0.04605490270118286,LSTM
S138,0.06498819340838716,0.09761912824701052,0.3277858832703284,0.33862454218529625,0.1351517144390665,0.035830538449911006,LSTM
S139,0.14914611210245377,0.14671946468030794,0.32860682362650184,0.23184986824812195,0.1087427561911613,0.03493497515145299,BiLSTM
S140,0.20627927754364808,0.15816145389239308,0.33392436208320403,0.16966374147627863,0.10077217830445746,0.031198986700019762,BiLSTM
S141,0.2009247627955821,0.17105879609044533,0.2843587725167378,0.1794528696115159,0.13367006395679693,0.030534735028921952,BiLSTM
S142,0.18646316239048968,0.2218618079992144,0.19286475634796788,0.18554015451438066,0.1927841607005823,0.020485958047366044,ANN
S143,0.08986911361755151,0.09934865329509251,0.10507958609401406,0.41149552091027997,0.28694575148196655,0.00726137460109695,LSTM
S144,0.22445266682291848,0.1983388264624871,0.13753424800620107,0.22760438091735963,0.19958803989657334,0.01248183789446078,LSTM
S145,0.18964970188522806,0.17671351339323643,0.18437577622296925,0.2036662852908287,0.22326355034068474,0.022331172867051934,CNN-LSTM
S146,0.20556273379752527,0.1918717319399183,0.16000302738328945,0.1882915656745192,0.23645828176484743,0.017812659439900114,CNN-LSTM
S147,0.1822948700315859,0.29409166325637137,0.12561142404847286,0.16270474181998743,0.21948625452061388,0.01581104632296833,ANN
S148,0.23377284011122124,0.20697433647225127,0.1085442094443256,0.1922529315447448,0.24448575577441753,0.013969926653040884,CNN-LSTM
S149,0.24749266382806015,0.28360897713966665,0.10456984441810768,0.14307311660276545,0.20413534688260923,0.017120051128791437,ANN
S150,0.3059323601773688,0.25872316675751755,0.1012166773771812,0.12441878405903378,0.18918392938923212,0.02052508223966542,1D-CNN
S151,0.2180776597733475,0.14807149118186635,0.2153020610155349,0.16296312529138932,0.2185313560900316,0.037054306647832255,CNN-LSTM
S152,0.07310665199153159,0.08997762504134545,0.3553224344594526,0.36237900813626855,0.09438554880409045,0.02482873156731114,LSTM
S153,0.10895903848772898,0.20821131478641747,0.3060544494912149,0.29457060472280394,0.059007344847591736,0.023197247664243015,BiLSTM
S154,0.19175909935660393,0.167454703698683,0.12300000772642518,0.4416953806700132,0.06342487436368338,0.012665934184590963,LSTM
S155,0.23068191477727562,0.25813775608197387,0.13008773961298511,0.23066970090233643,0.1382425941431382,0.012180294482288618,ANN
S156,0.160957594045067,0.32611435486593804,0.1287480522940114,0.18517443885042364,0.18763095203353194,0.011374607911029252,ANN
S157,0.17038354324483115,0.14819007612681803,0.1593442121210794,0.21294711552785056,0.2948932374899997,0.014241815489419978,CNN-LSTM
S158,0.15449124752506613,0.20956388049486818,0.13473976050958558,0.18172090217507447,0.30475452807653325,0.014729681218872151,CNN-LSTM
S159,0.19481817452076808,0.253433629764451,0.11698753777902378,0.197270962692591,0.21941335599232636,0.018076339250840907,ANN
S160,0.20324340651951903,0.20725387175682078,0.1511702115696486,0.21610801678217115,0.19337053070838664,0.028853962663454275,LSTM
S161,0.1667850079018386,0.14256442752352005,0.21900790788556904,0.23577572555011203,0.18742884961296552,0.04843808152599478,LSTM
S162,0.11133627916592785,0.13669416111762475,0.3006384649799327,0.2430553050282449,0.16252649588947884,0.045749293818790955,BiLSTM
S163,0.1325166206863947,0.15368064355658803,0.32072068278237065,0.22348349565395412,0.13543100830843974,0.03416754901225291,BiLSTM
S164,0.20893549269070819,0.17922696520457404,0.271503358278288,0.17630880224329926,0.1351741344978329,0.028851247085298213,BiLSTM
S165,0.17804528798837957,0.24685158019633233,0.20047494433069576,0.1635364814936653,0.1909523719061062,0.020139334084820278,ANN
S166,0.16414332051392883,0.21067488612206237,0.13537934188708106,0.21996266906139011,0.2549920819036178,0.014847700511920962,CNN-LSTM
S167,0.2351764465300857,0.16926159240630442,0.13382768629573355,0.242419429013508,0.20084684591768365,0.018467999836684883,LSTM
S168,0.1915239192815682,0.20016914679241213,0.17009664498121888,0.21467308914024347,0.19188081838335536,0.03165638142120376,LSTM
S169,0.15123108952649666,0.14819307636314458,0.26160650124744583,0.22294911136651496,0.17541960431648881,0.040600617179908725,BiLSTM
S170,0.10054782466082281,0.10522613203612922,0.3595111021379204,0.243980132752076,0.16026776450430089,0.030467043908750373,BiLSTM
S171,0.19481136550222322,0.14829597512838635,0.2799593469339245,0.2060896653193452,0.1293868768959853,0.04145677022013565,BiLSTM
S172,0.20256715169734466,0.1877165150404332,0.2826248623778393,0.16482108952627939,0.12827526651246413,0.03399511484564026,BiLSTM
S173,0.16954258141035436,0.1831639484467754,0.21168797720641966,0.1985927958357339,0.20870581293382665,0.02830688416688944,BiLSTM
S174,0.15509026821938732,0.1578877160886918,0.21829494974601668,0.22030692113530248,0.20942729597738086,0.038992848833221856,LSTM
S175,0.16893705898927744,0.15638514211679838,0.27031570725872683,0.19326316046267922,0.16641782588115034,0.044681105291368116,BiLSTM
S176,0.1775359123568583,0.29515626676531115,0.20313311819809582,0.15324417221089004,0.11990343011876853,0.05102710035007503,ANN
S177,0.3259550811159743,0.14645699563721598,0.20710222724031147,0.14502782637539144,0.12742161702752977,0.04803625260357682,1D-CNN
S178,0.09484009506326302,0.08918535598768414,0.4093444044741713,0.18724099213496367,0.15483926254536354,0.06454988979455432,BiLSTM
S179,0.09397127227902649,0.11622596859439693,0.5174352932902793,0.12428775107867093,0.10131422351088323,0.04676549124674287,BiLSTM
S180,0.1857853275182265,0.26222570979825316,0.2510954497691087,0.14718213845748984,0.1344692325036281,0.019242141953293962,ANN
S181,0.20795637306763395,0.22972530570098434,0.18031063891041632,0.18365723361940597,0.18412028940220543,0.014230159299354436,ANN
S182,0.19425398357948412,0.20162336046912435,0.1464394981065394,0.22095789481855502,0.22173426430068235,0.014990998725614215,CNN-LSTM
S183,0.23495416284184661,0.16761110304890076,0.10682005210937681,0.23470788303823328,0.24434886666716443,0.011557932294476374,CNN-LSTM
S184,0.20586612395825532,0.32780192496378674,0.09907943806705079,0.17409297581608357,0.180145735344905,0.013013801849918086,ANN
S185,0.39634025689156,0.2799721814659501,0.07022403124686057,0.10085726081882436,0.14189904685803287,0.010707222718770877,1D-CNN
S186,0.38782829832959054,0.19767467129105293,0.10088506501148306,0.10163862693479322,0.1832872950095404,0.028686043423540433,1D-CNN
S187,0.16934696253718642,0.20304972972600008,0.16533159440988343,0.13406038586788463,0.29798777666758564,0.030223550791460867,CNN-LSTM
S188,0.2298959494426516,0.2799001175893986,0.1083095571982908,0.13961271675650666,0.22180082198003143,0.020480837033121584,ANN
S189,0.15965847131902045,0.20067745068967627,0.11463295556086303,0.15768353626331294,0.35174082609998936,0.015606760067139132,CNN-LSTM
S190,0.18280350612778704,0.26756266565339765,0.1106522495536774,0.13316830770137955,0.28990791674221056,0.01590535422154853,CNN-LSTM
S191,0.20962730700335636,0.1726702068291741,0.09827410038064242,0.15023130927508133,0.35494147155858524,0.014255604953162743,CNN-LSTM
S192,0.17747064814497865,0.2121655193300455,0.08850611757743163,0.14158881151757857,0.3675169970696345,0.012751906360332063,CNN-LSTM
S193,0.23593271055839,0.2460509099564823,0.0908103361708301,0.17794631413338233,0.2343314357446768,0.01492829343623813,ANN
S194,0.25806308842128733,0.25905112383731865,0.11845927808581691,0.17956988723717332,0.1625103835874458,0.02234623883095676,ANN
S195,0.1287023541209373,0.08952569813903995,0.289713132651337,0.29495824699577106,0.13642823220324926,0.06067233588966535,LSTM
S196,0.10831715093514063,0.12542591420293495,0.36429953337995524,0.23992315835236241,0.11559052713346815,0.04644371599613838,BiLSTM
S197,0.17009371539666765,0.18979342022429363,0.31011956914476135,0.1784249352295458,0.1231792253901905,0.028389134614541556,BiLSTM
S198,0.2127751825255852,0.20210532396919495,0.22251490054795064,0.17475288739381425,0.16794835815934714,0.019903347404107895,BiLSTM
S199,0.09555202086334715,0.1556261386988759,0.12968415328444083,0.22666780336574607,0.38249978111613936,0.009970102671452069,CNN-LSTM
S200,0.1708461430053836,0.1709839910435563,0.11427159375703709,0.24584916294113376,0.2880023192503241,0.010046790002564643,CNN-LSTM
S201,0.2846466695562684,0.22881625048533716,0.08807611532335669,0.18448704463349452,0.20484741259675027,0.00912650740479133,1D-CNN
S202,0.3195577358830491,0.29478949193395537,0.0712667061229194,0.12578445750084677,0.1789870779498992,0.009614530609330265,1D-CNN
S203,0.3115950858078079,0.3703447150960383,0.050004806897259134,0.0749390662470976,0.1842625720191333,0.008853753932664535,ANN
S204,0.37196465388732936,0.2975311546851075,0.0627703156807408,0.0941352916570946,0.1599080183199635,0.013690565769764466,1D-CNN
S205,0.23466543117582522,0.2905777168927418,0.11822815267018164,0.13284875030184293,0.20432462844530735,0.019355320514101472,ANN
S206,0.21034261536068602,0.22313621729850855,0.1689496563751554,0.1625323767285308,0.20943311418230676,0.02560602005481215,ANN
S207,0.2305741064008802,0.20588423251375948,0.15450564223552896,0.15340770836635556,0.23631202432074294,0.019316286162733395,CNN-LSTM
S208,0.19323609295163946,0.18282418228280192,0.13417134311996554,0.17231066336565148,0.3002295936898282,0.017228124590114254,CNN-LSTM
S209,0.13709865828536963,0.16174816374742418,0.11632659395766115,0.23055797582715065,0.33880007596048556,0.015468532221908584,CNN-LSTM
S210,0.2223143658832176,0.2568905019155478,0.12427692300479733,0.18787791141375446,0.18901598278260068,0.019624315000082507,ANN
S211,0.2166414026337258,0.22264268601822693,0.1636340860585785,0.17849172096908295,0.1897287577477468,0.02886134657263897,ANN
S212,0.17075581777816473,0.17324221352912486,0.21633002667000276,0.19501327836336313,0.2169572684065455,0.027701395252798303,CNN-LSTM
S213,0.16593967199985993,0.16838484649985833,0.23276000890058968,0.21410634141748291,0.19594865919723617,0.022860471984973034,BiLSTM
S214,0.18247246570369585,0.22872970607708462,0.13990618887220668,0.20809149921459735,0.22489888364560776,0.015901256486808322,ANN
S215,0.08803738160673291,0.14354953206587928,0.09300661582279532,0.3128468194041036,0.3544892937467202,0.00807035735376914,CNN-LSTM
S216,0.2304991954339701,0.3445750560955333,0.06940627150213867,0.17239879270319214,0.17549321049307698,0.007627473772089697,ANN
S217,0.07712850694070618,0.057818039511447816,0.2191796296758306,0.3514890554968013,0.27227596772294677,0.022108800652266333,LSTM
S218,0.06344296442621541,0.23463458754884856,0.2345643629239703,0.3385026960779137,0.09902011619119123,0.029835272831859595,LSTM
S219,0.2550808638534866,0.17570895182528948,0.13925464054182188,0.28674519244162516,0.1265089032562503,0.01670144808152784,LSTM
S220,0.17043637655608504,0.20327124103614308,0.17184351113793206,0.22478098428695462,0.21216151913665596,0.017506367846228443,LSTM
S221,0.1801424572246571,0.2085426771931598,0.17100676982001206,0.19023124670994768,0.23391089469084353,0.016165954361380776,CNN-LSTM
S222,0.1878698351110783,0.2524670245606575,0.12871435801413206,0.16637057557532384,0.25293350020278393,0.01164470653602339,CNN-LSTM
S223,0.20508436556148704,0.22641066727213432,0.08990415873013104,0.1607438390338686,0.30847865686497217,0.009378312537407238,CNN-LSTM
S224,0.18931955961211228,0.12979461676945794,0.08453269832247928,0.20541123715998674,0.38169511729460087,0.009246770841363505,CNN-LSTM
S225,0.24237554754226504,0.29794696567746404,0.08064707341467812,0.137143246598202,0.23066650360815943,0.011220663159230902,ANN
S226,0.21823941494815727,0.5141358609185599,0.03433957574077027,0.04836357038627321,0.17897122892256098,0.005950349083679356,ANN
S227,0.4028744409187906,0.1919092053394734,0.05535652753509441,0.07947955825887747,0.2608824962315089,0.009497771716257153,1D-CNN
S228,0.18122515394562433,0.46159312567054234,0.041003220916510236,0.0597139391404172,0.2504501654818711,0.006014394845035281,ANN
S229,0.25311166509264327,0.1980263838770153,0.057689886776583724,0.1240512594337046,0.3582782160459304,0.008842588774122008,CNN-LSTM
S230,0.20384036284961374,0.33505007481201976,0.052497239059587274,0.10089814999446056,0.30108318033605813,0.006630992948260557,ANN
S231,0.20343483856921718,0.22551946657392283,0.05483366309231473,0.11675263516729964,0.39175855333484966,0.007700843262396981,CNN-LSTM
S232,0.2723060675470205,0.19721571759817574,0.09349624552815662,0.15525291139070402,0.27035496472698023,0.01137409320896295,1D-CNN
S233,0.19740287188590894,0.2288054154425359,0.109840963297136,0.1582885945471288,0.29242890365484975,0.013233251172439618,CNN-LSTM
S234,0.16891580189773056,0.14499992710777382,0.08169325706448916,0.1566871543222274,0.4385602521019376,0.009143607505842376,CNN-LSTM
S235,0.18728072141220425,0.230430191020883,0.12110054216299286,0.17843711419981975,0.2670275113988476,0.015723919805251924,CNN-LSTM
S236,0.22085635327180106,0.18028723704736813,0.15131341486009306,0.21095741326527653,0.21048246046661773,0.026103121088842763,1D-CNN
S237,0.22524695748918486,0.22653618426932895,0.15335927732017868,0.1937923199153042,0.17550234553090982,0.025562915475092964,ANN
S238,0.1696860107788843,0.16221839254457274,0.22817426007615232,0.21363725450049717,0.1867252941613166,0.03955878793857554,BiLSTM
S239,0.1418938202777173,0.14011473501658586,0.28151912073387686,0.23952894878231323,0.16254591932296425,0.034397455866542595,BiLSTM
S240,0.18966048301372507,0.1797352684894873,0.22961177276691416,0.20676154154296406,0.1673132845763275,0.02691764961058134,BiLSTM
S241,0.11622424649108055,0.13672488415447823,0.17993697218048302,0.24444322780291325,0.30750870885853376,0.01516196051251211,CNN-LSTM
S242,0.13640709190814082,0.20831657026803058,0.13618978160135445,0.2399645600758181,0.26783086369068004,0.01129113245597584,CNN-LSTM
S243,0.23577664044742044,0.2594901341825822,0.10431036770662853,0.16040922755391043,0.22846348726538737,0.011550142844070964,ANN
S244,0.4409933715335215,0.10721982328861458,0.07814690867496012,0.1605609175414978,0.20413247320967756,0.008946505751726532,1D-CNN
S245,0.14540581518827267,0.3206630753507939,0.10974255623563876,0.18272249868419035,0.22637658043715142,0.015089474103952416,ANN
S246,0.427008999769692,0.23798509918813704,0.0715619900470949,0.09052762710989949,0.1585036222439796,0.014412661641197705,1D-CNN
S247,0.22137853762417586,0.2982255733158061,0.09844697852704137,0.09470186439988348,0.26972635627681985,0.017520689856274595,ANN
S248,0.16919835955158252,0.12884787856253638,0.23114699754170523,0.23100668251967618,0.2138208521841875,0.025979229640312098,BiLSTM
S249,0.2125131148668443,0.16051135754015736,0.18531042545329515,0.23595895999227323,0.17257286415088732,0.03313327799654207,LSTM
S250,0.2209561665194351,0.17585213533387464,0.20329769590783878,0.20664281647824073,0.1546534915438388,0.03859769421677108,1D-CNN
S251,0.2004509498519116,0.1845251497321037,0.2273139858847197,0.20817636636044673,0.13578091506647855,0.04375263310433867,BiLSTM
S252,0.1837223340205523,0.17369341145905245,0.2572494219351102,0.20116338901742578,0.1487432092232918,0.03542823434456755,BiLSTM
S253,0.17070711456003398,0.18213232941734125,0.2468458513798961,0.1977850613602501,0.17338582021645058,0.029143823066027995,BiLSTM
S254,0.17299290954371987,0.23559461323077469,0.19602121668843756,0.17359567455029107,0.20080272388642503,0.02099286210035242,ANN
S255,0.14184214419596802,0.22153616147741606,0.15222004846019943,0.21045353010251336,0.2576015999877028,0.01634651577619935,CNN-LSTM
S256,0.18720873259617668,0.17702543796955802,0.1251433944213589,0.2979251532011659,0.20114055468492878,0.011556727126811344,LSTM
S257,0.22173477164964764,0.22894453952326316,0.1323290531127926,0.22741596776367526,0.1726589093292957,0.016916758621326942,ANN
S258,0.1964605370229394,0.1546709169472042,0.21270894821615682,0.22083248113773987,0.18204459092359998,0.03328252575235861,LSTM
S259,0.07935685402046949,0.11437062047736102,0.3688085592605808,0.2599007682326794,0.15337972215626594,0.0241834758526438,BiLSTM
S260,0.1847604350338052,0.19965348333025798,0.2264951122195482,0.2087528107116493,0.15700993974300714,0.023328218961731245,BiLSTM
S261,0.13004272087962812,0.22843091300853222,0.13579304570999634,0.21106084656570676,0.27932597564573936,0.015346498190395984,CNN-LSTM
S262,0.25711819185175244,0.14833970583348674,0.14098976325402096,0.2176777358865215,0.21205483885308385,0.023819764321134123,1D-CNN
S263,0.22429220699609587,0.17426295588881852,0.16278614201101613,0.21694557973867162,0.19539385631850328,0.026319259046895076,1D-CNN
S264,0.1790762717478759,0.2407873226537343,0.18787493629958762,0.18871781342923566,0.17499766200382852,0.028545993865739108,ANN
S265,0.15806141890330178,0.14807595782100175,0.26594749993307715,0.2150360088260421,0.18228198870000187,0.030597125816575525,BiLSTM
S266,0.15983021573784165,0.19048757444875544,0.2556946354900446,0.21727036356711407,0.14601438793119442,0.030702822825048295,BiLSTM
S267,0.19591087432843862,0.2067333096930262,0.21897674625297828,0.1931788923716526,0.15428045930934303,0.03091971804456149,BiLSTM
S268,0.15336533943795988,0.20871320981959296,0.16404091709079846,0.23877978630520968,0.21340394058540774,0.021696806761033003,LSTM
S269,0.1170574655796356,0.11459810424923952,0.2647123883972544,0.23448040694517483,0.21184617734805664,0.057305457480639116,BiLSTM
S270,0.08657123423141479,0.18444754516869016,0.3061417680172911,0.2136253317553799,0.16013143986487488,0.04908268096234925,BiLSTM
S271,0.16267863304008479,0.20320898418638123,0.2730012830303231,0.18326137966221545,0.14849298305002814,0.029356737030967334,BiLSTM
S272,0.1787653974462692,0.15826412514847674,0.2564454732786041,0.18959074074062385,0.18171416137559832,0.03522010201042716,BiLSTM
S273,0.1851499251636661,0.17408590756436915,0.23071719170773528,0.1932668369472482,0.1759769771328603,0.04080316148412083,BiLSTM
S274,0.22532151723702196,0.14643401495893738,0.21293454614219393,0.20014501884501074,0.1856101243947395,0.02955477842209741,1D-CNN
S275,0.17352011741197598,0.22037077784209455,0.19324939127744464,0.20638657540092295,0.18628201389634982,0.020191124171210786,ANN
S276,0.15003980632789804,0.2103149062077673,0.22866136540949428,0.19497507522456012,0.19100480741889397,0.02500403941138638,BiLSTM
S277,0.15228193891179106,0.21480447939490388,0.21680695038459036,0.1941007874940066,0.19769839350379745,0.0243074503109105,BiLSTM
S278,0.11681509511183834,0.16278936867279886,0.16460828358410418,0.24236206121961212,0.29522292002126116,0.01820227139038501,CNN-LSTM
S279,0.177998433938443,0.21022953454118062,0.1449028388596136,0.22080056971227052,0.22624169462266963,0.01982692832582198,CNN-LSTM
S280,0.22120877820232301,0.18693493046711568,0.15682326129375299,0.2053337488632529,0.2033455604778583,0.02635372069569803,1D-CNN
S281,0.1803407480091644,0.1697181564378317,0.20238714636012214,0.2125645208657406,0.20316963580195213,0.03181979252518889,LSTM
S282,0.13255536373353524,0.15595540888785728,0.2564301023971563,0.24616697300473525,0.17841487037168208,0.030477281605032176,BiLSTM
S283,0.17780564284819744,0.18183038418691283,0.23835270337299863,0.20665356206665753,0.1659874971897565,0.029370210335476873,BiLSTM
S284,0.1797930910711795,0.19383636543072622,0.220441937042131,0.19499689447351745,0.18261739188900383,0.02831432009344119,BiLSTM
S285,0.059865335531996036,0.12536448975099493,0.2106317206913302,0.27744328456814815,0.30799398126211863,0.018701188195410272,CNN-LSTM
S286,0.06471107422390816,0.14256586850744313,0.15700865850608822,0.3802247895426618,0.24296345843863038,0.012526150781268845,LSTM
S287,0.393665719334854,0.17283414593090837,0.10356778396307222,0.1824945648537597,0.13448526693795723,0.012952518979448853,1D-CNN
S288,0.38519438375781684,0.15140388913259809,0.1179956755113054,0.16098853865292356,0.16445961264046155,0.01995790030489311,1D-CNN
S289,0.23685109428816048,0.2440315891133993,0.14685606583873728,0.16341453067875464,0.18232877703755926,0.02651794304338811,ANN
S290,0.20713170378001378,0.16739849066289034,0.19987019874107745,0.22067717560893457,0.17657632771304635,0.028346103494037458,LSTM
S291,0.1681829197302618,0.1234479076874592,0.2558394317754808,0.27349233037357773,0.1520990100680886,0.026938400365132783,LSTM
S292,0.18297396479032108,0.19171114275433024,0.244685135891161,0.21683641302524947,0.13658486352527474,0.027208480013663477,BiLSTM
S293,0.21088687066319978,0.24381775105935047,0.22625908304172868,0.16368309549319973,0.1271160180839537,0.02823718165856562,ANN
S294,0.10489932069485042,0.1451764736893556,0.2223247494317004,0.24071622796171788,0.26758038999355344,0.019302838228823796,CNN-LSTM
S295,0.06391475726692628,0.0661130032314232,0.13877247086447414,0.39782727379660054,0.32390539905910454,0.009467095781471707,LSTM
S296,0.12802187411435226,0.1396708245538972,0.12416801427470636,0.3605034900127196,0.23538103657379053,0.012254760470533374,LSTM
S297,0.3343094859305938,0.19991408033416158,0.10568676900396123,0.19194056418499092,0.15123401311001702,0.0169150874362766,1D-CNN
S298,0.12110109852714725,0.15598636954561498,0.19113381867072954,0.259531321374399,0.23457871934366734,0.037668672538442326,LSTM
S299,0.2534618952633305,0.17892138341395053,0.159833546030539,0.20131057706942942,0.1789934207867418,0.02747917743600925,1D-CNN
S300,0.18356963834385062,0.12621169731956114,0.2436526913167777,0.21650666014313216,0.19739203508897768,0.03266727778770174,BiLSTM
S301,0.14377128281992468,0.12034434362696898,0.2621459337699188,0.2633012990708321,0.17412229379688574,0.03631484691546923,LSTM
S302,0.1932810979096972,0.15993426619256876,0.2375243379627257,0.211201232798466,0.15311205669575914,0.04494700844078389,BiLSTM
S303,0.23635076647435124,0.18242438588881063,0.21612031377304183,0.18606166041266442,0.13913274357708819,0.039910129874044006,1D-CNN
S304,0.18760183408304215,0.18019443964821397,0.2410043516617322,0.19173421916021513,0.16525822919795793,0.034206926248838136,BiLSTM
S305,0.16011476994915189,0.15209104640125984,0.2606043417665413,0.20199047405023904,0.19363351190534325,0.03156585592746437,BiLSTM
S306,0.1686408876610546,0.18698871208914913,0.2219352960571446,0.19093288265621142,0.2069857497130659,0.024516471823374065,BiLSTM
