Segment,1D-CNN,ANN,BiLSTM,LSTM,CNN-LSTM,Selected
S1,0.20441860122746336,0.20882861870281522,0.2658798302106136,0.2750882391533872,0.045784710705720176,LSTM
S2,0.2773092562180826,0.2571303909520555,0.1869888163788247,0.24363249408160803,0.03493904236942944,1D-CNN
S3,0.2021427491696149,0.276580335890644,0.19385062363296743,0.2825254427486968,0.04490084855807717,LSTM
S4,0.24113709489266588,0.34552707616480494,0.16864196817975133,0.2080254150124243,0.03666844575035209,ANN
S5,0.22619233625106783,0.19508552748799632,0.2666088121481269,0.2673395375312279,0.044773786581581695,LSTM
S6,0.2522262340357835,0.18411950148535838,0.24366001865516768,0.28837229491802374,0.0316219509056666,LSTM
S7,0.224411539907147,0.20277642241601898,0.2230054561375749,0.3131706348329642,0.036635946706294255,LSTM
S8,0.2776028989136012,0.18766270342466587,0.2572322842677996,0.254028919238077,0.023473194155856792,1D-CNN
S9,0.1269253616696994,0.11574006151676383,0.4535230822595349,0.2805944144659937,0.023217080088008834,BiLSTM
S10,0.18128714162422876,0.2045075592693209,0.349252178566114,0.24051497090430352,0.024438149636033385,BiLSTM
S11,0.20396027087135493,0.2895679770573618,0.2464338803588948,0.22601492752034671,0.03402294419204168,ANN
S12,0.20242005562438942,0.25376334369823395,0.20909137113666065,0.28523114512912184,0.04949408441159367,LSTM
S13,0.19444355135388952,0.24363459024708609,0.17230789998153384,0.3395910619105706,0.05002289650691979,LSTM
S14,0.21807575485349434,0.3070856419319638,0.15453916603961643,0.2814273426125495,0.03887209456237584,ANN
S15,0.36445579558715296,0.29511963268866137,0.12747345352686976,0.18596613855738175,0.02698497963993433,1D-CNN
S16,0.31825076317494627,0.31043152383443684,0.16624628725600152,0.17405715492823715,0.031014270806377257,1D-CNN
S17,0.26548677878110716,0.25732045733675335,0.23179669474811154,0.20530074181166966,0.04009532732235841,1D-CNN
S18,0.2511464111201111,0.2360981729716177,0.24351476852638085,0.22664341467376073,0.042597232708130796,1D-CNN
S19,0.250521420779653,0.26159763542761727,0.20340563820009325,0.23403092444436027,0.050444381148275715,ANN
S20,0.22195164479731766,0.22045271757885612,0.1973083570974826,0.29033548715354723,0.06995179337279567,LSTM
S21,0.3359546881162115,0.2937362837366502,0.13586818566660216,0.18969472596075893,0.044746116519776676,1D-CNN
S22,0.49940657468597666,0.2676605973482794,0.09017045468452008,0.11218502533185917,0.030577347949363877,1D-CNN
S23,0.31801635971670633,0.35539257174139455,0.14503683043833693,0.1530360443373604,0.028518193766202307,ANN
S24,0.25906065781485066,0.18255217981810104,0.255910546012221,0.2844760956318497,0.01800052072297688,LSTM
S25,0.16934687698266143,0.12444039020245244,0.3836952579809574,0.30775053909694866,0.014766935736981178,BiLSTM
S26,0.21773168912777202,0.1517995593310597,0.3759557319677573,0.23939576409308908,0.015117255480321855,BiLSTM
S27,0.22598416213059372,0.25785927651690715,0.3132324090767138,0.1851131555088765,0.017810996766908185,BiLSTM
S28,0.22308010369200104,0.3252301860876846,0.20532101487341495,0.2140936528882164,0.032275042458682957,ANN
S29,0.13109754510645025,0.11391395463321592,0.1376696237971631,0.4961167723403971,0.12120210412277406,LSTM
S30,0.11826348319185696,0.22281055264118838,0.11676074985091868,0.452374159291968,0.08979105502406819,LSTM
S31,0.6201395854991231,0.17800511312174713,0.03714144419067068,0.1435463950991425,0.02116746208931664,1D-CNN
S32,0.3649385036223909,0.2628713547431169,0.0742254397436064,0.25546811190821894,0.04249658998266624,1D-CNN
S33,0.19298842683455358,0.19237593677247952,0.16860922818670904,0.39932987854290525,0.04669652966335257,LSTM
S34,0.3136870795476601,0.1445448051001356,0.19974469620476426,0.31960293819982283,0.022420480947618743,LSTM
S35,0.12234144457513167,0.16360231113211135,0.3721856520415913,0.31654463714931175,0.02532595510185266,BiLSTM
S36,0.19481323016025925,0.19597437882979057,0.277906461286429,0.3029414787379656,0.028364450985554422,LSTM
S37,0.23939645701615625,0.18323365510166179,0.28556017772816,0.2643852249519774,0.027424485202045275,BiLSTM
S38,0.21406014040985502,0.24314105698597258,0.2687704874064569,0.24987460507264828,0.02415371012506672,BiLSTM
S39,0.24808439866582002,0.22257914393022415,0.2682374158692106,0.23640592899633892,0.024693112538406326,BiLSTM
S40,0.2130504253994763,0.18027553214963454,0.32494264288190544,0.24988337465409002,0.031848024914892976,BiLSTM
S41,0.20918021031386325,0.22360545801207243,0.2944427287848266,0.2387009672721718,0.034070635617065845,BiLSTM
S42,0.2422299394747145,0.2504076279057294,0.23215702498209792,0.23671433602286984,0.03849107161458895,ANN
S43,0.18062364802940742,0.21301856458582233,0.21737499177286113,0.33904747243184097,0.049935323180067444,LSTM
S44,0.2556264964572245,0.255941832220812,0.18797870711902526,0.2641574002196458,0.03629556398329335,LSTM
S45,0.26011051950419284,0.23936782409774096,0.21863766703308352,0.2465610270328959,0.03532296233208706,1D-CNN
S46,0.24780094703773556,0.24580907411887884,0.23042315359724228,0.24233350624834177,0.033633318997802204,1D-CNN
S47,0.2342829374219116,0.24579887026392516,0.24632531282716552,0.24006975658365562,0.033523122903341564,BiLSTM
S48,0.23062695061119878,0.20695837429816966,0.26883405276438893,0.25939790102149846,0.03418272130474439,BiLSTM
S49,0.23081407856178723,0.20821076016489123,0.26688797606899917,0.26237742521568086,0.03170975998864177,BiLSTM
S50,0.19311037447578644,0.23117992308586738,0.2742377569095913,0.2657114189238215,0.035760526604934235,BiLSTM
S51,0.0457940545313188,0.07812993026532494,0.19432869588976046,0.6370390618692654,0.04470825744433035,LSTM
S52,0.1806886679242337,0.2789615278341146,0.18022996405477548,0.33760151974034175,0.022518320446534637,LSTM
S53,0.13392365519461794,0.2858480490615555,0.25383257303853646,0.29405262794111886,0.032343094764172145,LSTM
S54,0.20870651250445227,0.2000293739455741,0.24831765673071043,0.29264217820398514,0.05030427861527811,LSTM
S55,0.1615722044220821,0.21722550264695764,0.20881536213263138,0.3500625574640422,0.06232437333428679,LSTM
S56,0.3939637983315202,0.22647856059090873,0.1438822260343546,0.20418319407445584,0.03149222096876084,1D-CNN
S57,0.30494994641401635,0.17109172498312378,0.22147883531615775,0.266653510131137,0.03582598315556527,1D-CNN
S58,0.4146675016673927,0.10419331486159036,0.22198037516134822,0.23675243774453078,0.022406370565137394,1D-CNN
S59,0.1877116407887312,0.1774855923350113,0.31714781523209556,0.2926057148731274,0.02504923677103487,BiLSTM
S60,0.24542450275114644,0.39743840715663703,0.18886757389280048,0.15466959632885713,0.013599919870559559,ANN
S61,0.5593573289831935,0.1994725887504479,0.15304142951903316,0.07998177768576008,0.008146875061563294,1D-CNN
S62,0.27335245066606506,0.172809096581865,0.38709241669680455,0.1441096408803365,0.022636395174929252,BiLSTM
S63,0.17586395021070936,0.33799425891968193,0.33162157759418975,0.1288321217857603,0.02568809148965792,ANN
S64,0.23516440735409921,0.2707221126874766,0.2634002028675184,0.2001900090257074,0.030523268065198377,ANN
S65,0.1780764161878425,0.19920238161901513,0.2280751285163225,0.35295908999721776,0.04168698367960185,LSTM
S66,0.20977850325898575,0.23454486500455435,0.16058957869873353,0.3647632711019216,0.030323781935804605,LSTM
S67,0.32337943689742243,0.39796250622472784,0.09868165412818881,0.16338192571679372,0.016594477032866792,ANN
S68,0.5099689150412836,0.2981449802606511,0.08138357799222519,0.09622536263083052,0.014277164075010023,1D-CNN
S69,0.3103457446615416,0.4178229549362666,0.12489532195122045,0.12309824617253581,0.023837732278436757,ANN
S70,0.35569137866198264,0.3291615504893064,0.1569791499990223,0.12944545867839824,0.028722462171290597,1D-CNN
S71,0.336833341311372,0.2834421816793304,0.17591794442610567,0.16265688791645988,0.04114964466673165,1D-CNN
S72,0.22440413981118149,0.29781678841088516,0.20680248114177258,0.21743829028857992,0.05353830034758224,ANN
S73,0.29110087156323633,0.24762877214570891,0.19657861509375438,0.22523091296996559,0.0394608282273343,1D-CNN
S74,0.25693225078508986,0.2636953747060427,0.21771815159902344,0.230136295602073,0.03151792730777079,ANN
S75,0.22764382518955043,0.24606066108075259,0.24497685580914585,0.2551434899458753,0.026175167974674753,LSTM
S76,0.23969096200250506,0.19746558955528884,0.27875818668708274,0.2605912012989684,0.023494060456155617,BiLSTM
S77,0.2246430876066688,0.19530772309948036,0.2894630502002694,0.2663878386077522,0.0241983004858294,BiLSTM
S78,0.6374234873952274,0.1808600340042419,0.11298724481725113,0.06201521116129726,0.006714022621981776,1D-CNN
S79,0.15118381595995967,0.26172273324889916,0.4852445956113261,0.08607193785608569,0.015776917323729173,BiLSTM
S80,0.18586861089166623,0.35034721856343737,0.3201315211172602,0.10894910979032778,0.03470353963730839,ANN
S81,0.21792251220594472,0.2656020633521141,0.2634030627049061,0.2059644753240703,0.04710788641296434,ANN
S82,0.23076652549184698,0.2497777381289534,0.2468864092367954,0.2311202088082991,0.041449118334105146,ANN
S83,0.25277514539108564,0.1986038002045504,0.21608750484097333,0.29747601820468705,0.03505753135870438,LSTM
S84,0.2848516546265957,0.206290106022245,0.2193785089021438,0.2508745229513304,0.03860520749768544,1D-CNN
S85,0.20076831847174653,0.19140036383627937,0.2746005343478971,0.29147803806748873,0.041752745276587636,LSTM
S86,0.20921375170635323,0.18088393415586287,0.28462375854329197,0.2889650284887433,0.03631352710574865,LSTM
S87,0.2390813369600447,0.2360519399819675,0.2573165535526516,0.23657009918037036,0.030980070324965928,BiLSTM
S88,0.2306273991654954,0.23475857033037334,0.27378773169730697,0.2289112115503338,0.03191508725648998,BiLSTM
S89,0.16968241361412498,0.19542668898549279,0.32626563243261825,0.27391942816365655,0.034705836804108,BiLSTM
S90,0.21523522832384007,0.216227621195243,0.293039221922695,0.2421652921535595,0.03333263640466313,BiLSTM
S91,0.07558055011753187,0.14215125684033036,0.2634356337073939,0.4623796579866059,0.056452901348138004,LSTM
S92,0.1612953425280428,0.20663786677951232,0.19850638525870345,0.4005366538456354,0.03302375158810554,LSTM
S93,0.35410015675159734,0.3019225848568255,0.13649289876718546,0.18727349824307302,0.020210861381319088,1D-CNN
S94,0.40120756552758197,0.321265233761394,0.11788153257744509,0.13745640103947837,0.022189267094100545,1D-CNN
S95,0.34745311934487005,0.2273819028207242,0.17804004725793238,0.20730007891857238,0.039824851657900374,1D-CNN
S96,0.2986010111073913,0.24537907406236079,0.1956988311519411,0.22369335094914897,0.03662773272915846,1D-CNN
S97,0.2743063956293554,0.23505210706258026,0.2186697770017323,0.24046592163964514,0.03150579866668623,1D-CNN
S98,0.30535641254052437,0.16230157382399196,0.23886058113130337,0.2687344529556996,0.024746979548479837,1D-CNN
S99,0.173798330961128,0.2075803039115742,0.2910194862719693,0.3009058690131108,0.026696009842217087,LSTM
S100,0.23906444939547475,0.31293818356619935,0.23652181868404512,0.19146701590334908,0.02000853245093047,ANN
S101,0.147585252867189,0.24998452136269175,0.3216441208305616,0.2445081615531078,0.036277943386448915,BiLSTM
S102,0.1316053956954838,0.20551587127498577,0.2914172427677469,0.3186977229699808,0.052763767291802315,LSTM
S103,0.12397525457090612,0.17022519882316456,0.2071980507660499,0.4578312157400388,0.04077028009983935,LSTM
S104,0.18522116918804601,0.21251265813751502,0.1765031191077429,0.3970361345614948,0.02872691900520095,LSTM
S105,0.4589265888941734,0.33467837145227164,0.080295194409781,0.1135146696284926,0.012585175615281073,1D-CNN
S106,0.7417368558296878,0.16945314911272472,0.039130705097024675,0.04101748795076731,0.008661802009794693,1D-CNN
S107,0.24497792749278444,0.43695808982553874,0.14980367582413348,0.13028494754968975,0.037975359307854575,ANN
S108,0.35158854877523543,0.21662873616600684,0.22613981395186825,0.15864927189994396,0.04699362920694544,1D-CNN
S109,0.303531790466932,0.29180360530036437,0.204150271484493,0.1704850422266614,0.030029290521550015,1D-CNN
S110,0.19103591282193622,0.20478546089967295,0.23069145837571953,0.2796224836438076,0.09386468425886388,LSTM
S111,0.1838752261159166,0.25982164539560965,0.19610928015693652,0.24881362337913876,0.11138022495239887,ANN
S112,0.22555918780703393,0.17707464290216243,0.17913635818906176,0.27065906603527096,0.14757074506647092,LSTM
S113,0.2142167739726949,0.17298824570823773,0.20088317704856143,0.3118298339236092,0.10008196934689685,LSTM
S114,0.1925090211754114,0.2588692253123633,0.1732481625648062,0.2723060587520012,0.10306753219541799,LSTM
S115,0.33089344675379145,0.16013845431758578,0.1508543710017496,0.31201420703261473,0.046099520894259456,1D-CNN
S116,0.26320356995176747,0.28756881655187316,0.17758681410477592,0.2442583316504128,0.027382467741170324,ANN
S117,0.32017556597321467,0.2645269360827008,0.11747974518519208,0.25706360706849185,0.040754145690399625,1D-CNN
S118,0.2741598226726727,0.4508952318716655,0.07491298769172929,0.16350565306003886,0.03652630470389404,ANN
S119,0.2730724168904262,0.38229742055604277,0.1306912054732281,0.18063399634102673,0.03330496073927611,ANN
S120,0.3119743066373227,0.25702770397320635,0.14494173633259416,0.2248434094663636,0.061212843590513585,1D-CNN
S121,0.2367147451314148,0.3036018432161027,0.1454367696564771,0.23905316400051205,0.0751934779954931,ANN
S122,0.3253459218153028,0.30578130309775464,0.11300245514865634,0.20942573960951505,0.046444580328770475,1D-CNN
S123,0.3243766549593767,0.30791290018522405,0.11823760724287101,0.21305331088487273,0.03641952672765535,1D-CNN
S124,0.24977490843577538,0.2400495269811122,0.19014103025235415,0.287127438411722,0.03290709591903677,LSTM
S125,0.11194870839524054,0.08445508935206393,0.44462429198888515,0.3374882351067477,0.021483675157063745,BiLSTM
S126,0.0667421197384851,0.09063461023134974,0.5056079162485556,0.32395587972807616,0.013059474053533492,BiLSTM
S127,0.1753105399912136,0.18555190528777057,0.4826530997760376,0.1485974377396387,0.007887017205338572,BiLSTM
S128,0.16683735292370278,0.13153169671846604,0.5285593672606343,0.16056904687929827,0.012502536217898545,BiLSTM
S129,0.22075043117112153,0.19390057466944596,0.4046382361946373,0.1638719836144362,0.016838774350359607,BiLSTM
S130,0.24702045707810447,0.19926604957743568,0.3765202842158265,0.15920053874099016,0.017992670387642563,BiLSTM
S131,0.23664856264796744,0.2273276257436589,0.2737678006188679,0.23207872954496567,0.030177281444538732,BiLSTM
S132,0.24073806932152936,0.2363429913008144,0.24689124642290544,0.24173136881342572,0.034296324141325274,BiLSTM
S133,0.22766811633204528,0.24150561194261488,0.24608896426541751,0.24497491860960027,0.03976238885032193,BiLSTM
S134,0.26082676027480173,0.2766004895810768,0.1762821788830356,0.24376468686356983,0.04252588439751565,ANN
S135,0.2288398136071393,0.23652442597832002,0.1553776053449241,0.33251759128136954,0.0467405637882469,LSTM
S136,0.29775532370690916,0.239054366085819,0.15557891194714937,0.2693286131539949,0.03828278510612715,1D-CNN
S137,0.16372410826308012,0.14117991432614949,0.28204766682435506,0.3659871897756959,0.0470611208107198,LSTM
S138,0.06391644976000595,0.10131899264329089,0.3993551745345641,0.4144647650919626,0.020944617970176316,LSTM
S139,0.15815320264845753,0.15552467476095103,0.40264543682036924,0.26817139727241457,0.015505288497807966,BiLSTM
S140,0.23019833154280941,0.16823527849959904,0.4040798477278873,0.18333842960229454,0.014148112627410094,BiLSTM
S141,0.23302529734940708,0.19540207703964252,0.34559971347935803,0.20487552540474452,0.021097386726846988,BiLSTM
S142,0.22983119844551653,0.27043141390856335,0.23747097686997673,0.22844003637703214,0.03382637439891166,ANN
S143,0.1492016828084838,0.15949359957567819,0.1667112067968639,0.4735609634728258,0.05103254734614881,LSTM
S144,0.27043034288354956,0.24353859138478082,0.17726639590594723,0.2738354552027612,0.0349292146229614,LSTM
S145,0.24079906729939787,0.22584262663409596,0.23512395687103582,0.2580490212780103,0.04018532791745964,LSTM
S146,0.261181297849757,0.24581323359156207,0.20904964081522737,0.24166592778470947,0.04228989995874379,1D-CNN
S147,0.23125531574812364,0.353048324124635,0.16724999963968454,0.20952096951536445,0.038925390972191755,ANN
S148,0.29246052124976707,0.26353806162267246,0.15296811155050954,0.24768977550182975,0.043343530075221806,1D-CNN
S149,0.3013140321550942,0.3408388975577672,0.13849103288033673,0.18324747204378236,0.03610856536301965,ANN
S150,0.36751095634942943,0.31337761295405353,0.12909376321001853,0.15674587618625108,0.03327179130024581,1D-CNN
S151,0.28150665216241155,0.19007256121150723,0.2788942102424719,0.20929085939009157,0.0402357169935184,1D-CNN
S152,0.06938545522481568,0.08772625222339822,0.4105951507605099,0.419048351237017,0.013244790554258585,LSTM
S153,0.09783487014717118,0.21820733320422467,0.3463600945123048,0.3310292067528273,0.006568495383470997,BiLSTM
S154,0.20237978249480543,0.1754842911830059,0.1264635950075495,0.4867542695453301,0.008918061769310582,LSTM
S155,0.26443083024730013,0.292618290835496,0.15568303511754877,0.263782596608676,0.023485247190978588,ANN
S156,0.20180821931601536,0.3712497254934479,0.16649019207619828,0.22773081923319166,0.03272104388114673,ANN
S157,0.23401933202884737,0.2083020184301492,0.22330055116946212,0.2819408712619428,0.05243722710959937,LSTM
S158,0.21808312010208894,0.28020013006160766,0.19818263083492763,0.24927363080759782,0.05426048819377858,ANN
S159,0.2456497581408932,0.3109853288312051,0.15601816374990557,0.2482835934975275,0.03906315578046857,ANN
S160,0.25240810727206675,0.25746444257978757,0.1873429238074782,0.268488763824068,0.034295762516600214,LSTM
S161,0.20568960822999144,0.17118810427790673,0.28232588226243643,0.30712457388195685,0.033671831347708805,LSTM
S162,0.12227358204968179,0.15569855846256603,0.39014487202130044,0.30471808998631333,0.027164897480138943,BiLSTM
S163,0.14584277279124963,0.17266702945499662,0.39598314441587124,0.2641056502736526,0.02140140306423013,BiLSTM
S164,0.2442767562478719,0.20662863885654298,0.32497975432616416,0.2024941483180306,0.02162070225139103,BiLSTM
S165,0.21982896107127073,0.2987574298311272,0.2452104043987734,0.20267624567556314,0.033526959023265974,ANN
S166,0.2186732081622253,0.2700194195473008,0.18586207929387316,0.28006338777919776,0.045381905217403685,LSTM
S167,0.2862252317641636,0.21222015176253564,0.17125678543507905,0.29489290032158366,0.035404930716637674,LSTM
S168,0.23813780817869948,0.2486835644961617,0.21154341435824753,0.26754043681527095,0.034094776151621486,LSTM
S169,0.18128167309936358,0.17736499871438244,0.3321016894085561,0.2786863353049262,0.030565303472771643,BiLSTM
S170,0.11481329035545884,0.12042218698315924,0.44338246684155364,0.294461766924019,0.02692028889581049,BiLSTM
S171,0.2266373930629526,0.16332561673115933,0.3482180439491837,0.24206148095700022,0.019757465299703878,BiLSTM
S172,0.2352957442062976,0.21590914353428597,0.34236508941519495,0.18638985648784706,0.020040166356374605,BiLSTM
S173,0.21420597754339718,0.23148364098002885,0.26666800422080106,0.250096162916939,0.03754621433883348,BiLSTM
S174,0.19667968861861743,0.2000631206015002,0.28115518580212423,0.28367676342658604,0.03842524155117315,LSTM
S175,0.2024906494767495,0.18501888260570168,0.3473910972443211,0.23669639450046442,0.02840297617276421,BiLSTM
S176,0.20027332298729345,0.37910425502985984,0.23711234773695095,0.16617712202287682,0.01733295222301859,ANN
S177,0.4220918407151299,0.15881502988732613,0.2429950584445248,0.15697475894364676,0.019123312009371927,1D-CNN
S178,0.09061715475043097,0.08364676290183617,0.5851121482873075,0.21639225663818687,0.024231677422239,BiLSTM
S179,0.0754906839479891,0.10169892573895957,0.6999752472587768,0.11073963554557696,0.012095507508697919,BiLSTM
S180,0.21480316587350584,0.3030523769687877,0.2900621446673496,0.16988788438339378,0.022194428106962795,ANN
S181,0.25037746941022204,0.27345455819127684,0.220364221236283,0.2237632338436504,0.032040517318568607,ANN
S182,0.24417169919522236,0.2522507754641291,0.19111187884319747,0.2732979403279617,0.039167706169489544,LSTM
S183,0.2921884036311235,0.22035943997001725,0.15225641120439648,0.29207331474392734,0.04312243045053493,1D-CNN
S184,0.24831145334221374,0.3762719939486352,0.1299676602410718,0.2139369360193094,0.03151195644876974,ANN
S185,0.4365503797052309,0.3187467839088222,0.0924568889037528,0.12754492132266418,0.024701026159529692,1D-CNN
S186,0.4804131696530367,0.24223893034655916,0.12218917770602723,0.12311694086960462,0.03204178142477268,1D-CNN
S187,0.23870003206494214,0.28135223397180964,0.23206806315862213,0.19065357959067686,0.057226091213949566,ANN
S188,0.289129981990753,0.34627095430935345,0.1431025369848987,0.1818376616152555,0.039658865099739884,ANN
S189,0.23604340254876585,0.2857961044175942,0.18044642294700644,0.23380192546918505,0.06391214461744799,ANN
S190,0.24971854694760756,0.3443487446772536,0.16274560201531396,0.19049456487535335,0.052692541484472034,ANN
S191,0.29554128086272824,0.25354837823600296,0.16035687555302022,0.22573873089879368,0.06481473444945553,1D-CNN
S192,0.2613071991552605,0.3011663077096161,0.15127986397794876,0.21954360221421296,0.06670302694296126,ANN
S193,0.2943650497432376,0.30519975328813403,0.12851424527461197,0.23013342186615632,0.04178752982785971,ANN
S194,0.30728043249122355,0.30865203689779586,0.14192856746708288,0.21439165199392132,0.027747311149976143,ANN
S195,0.13376639649008867,0.0843477969625368,0.37711872055709533,0.3843020551852676,0.020465030805010456,LSTM
S196,0.10368835801813049,0.12522780798896335,0.47322137485693033,0.2817216223884081,0.016140836747567153,BiLSTM
S197,0.19179737897504667,0.21631473148865607,0.37053255883388236,0.20218439625055964,0.019170934451854332,BiLSTM
S198,0.25405128594346077,0.24169335800140956,0.2652973141124538,0.2100730920273588,0.02888494991531715,BiLSTM
S199,0.16817696233822851,0.23939158481655398,0.20936060048144114,0.3158876721092758,0.06718318025450007,LSTM
S200,0.2335264335422976,0.23402658820908565,0.16992922806367136,0.31188908598693776,0.05062866419800739,LSTM
S201,0.33131830231568743,0.275398263583736,0.12637311505173715,0.23097858535944668,0.03593173368939252,1D-CNN
S202,0.36289631920940874,0.33933560723776174,0.1021059963082921,0.1640906141083006,0.03157146313623584,1D-CNN
S203,0.36149559981465695,0.4171210770720261,0.07866933398301289,0.10965956987615957,0.033054419254144096,ANN
S204,0.4236768004795495,0.34478538429802963,0.08326736938633778,0.12039046303008658,0.027879982805996784,1D-CNN
S205,0.2885953183790841,0.352136601976857,0.15278090156524998,0.1702251666346873,0.03626201144412191,ANN
S206,0.26362444470408347,0.27848305544694246,0.21385228844608595,0.20650780296675253,0.0375324084361356,ANN
S207,0.29035130248547675,0.26220934034864457,0.20337507424234716,0.20166935776854028,0.04239492515499171,1D-CNN
S208,0.2627498435400325,0.25052446435231673,0.19345246465646895,0.23868487777014788,0.0545883496810345,1D-CNN
S209,0.20759190796611804,0.2359895567212756,0.18120271418581158,0.3138862052383528,0.06132961588844265,LSTM
S210,0.26999677020854906,0.30904686715591645,0.15728304875876933,0.23057519230153248,0.03309812157523273,ANN
S211,0.2682416140231417,0.275722301755221,0.20193848360200162,0.22058591483143736,0.033511685788197826,ANN
S212,0.21714677933388438,0.2204039178321831,0.2749446086153034,0.24820660811521092,0.03929808610341846,BiLSTM
S213,0.20593277820506656,0.20859295525054178,0.2866013751266696,0.26441927901606394,0.034453612401658305,BiLSTM
S214,0.23207945870380886,0.2840323119341667,0.18336487574138538,0.26068291413114253,0.03984043948949601,ANN
S215,0.1552495498452945,0.223010712636068,0.1623167600781371,0.39702214796704516,0.06240082947345537,LSTM
S216,0.2719871100933291,0.38147948768894013,0.10171610965531996,0.2138059776260155,0.03101131493639566,ANN
S217,0.11447389603701777,0.08807935988722826,0.2942669955859868,0.4520153005493935,0.05116444794037419,LSTM
S218,0.05737099121684537,0.2637187423114569,0.26358933900555664,0.4015201112614395,0.01380081620470179,LSTM
S219,0.291696772411805,0.2012800752653874,0.1602694035324554,0.32597190462909303,0.020781844161259246,LSTM
S220,0.2161594385311855,0.2520298040164709,0.21751932385625544,0.27690275861835306,0.03738867497773409,LSTM
S221,0.2302213989035639,0.26060830071592483,0.22430578204769341,0.24347241521292043,0.04139210311989734,ANN
S222,0.2432295203772246,0.3100298213704197,0.18181080936521465,0.2206397666256453,0.04429008226149596,ANN
S223,0.2741354327759365,0.29747097214528845,0.14731789194763933,0.22734289379208023,0.053732809339055686,ANN
S224,0.2765330926034014,0.20939658182197493,0.15304585489572428,0.29389271089210794,0.06713175978679164,LSTM
S225,0.2984242480197652,0.3552960442499459,0.1197294093629913,0.18560061205984327,0.040949686307455116,ANN
S226,0.2735687949860344,0.5469459168475853,0.06349013790851749,0.08294349277055493,0.033051657487308025,ANN
S227,0.471043682679936,0.25779543020653317,0.09602532988363979,0.12789051888994452,0.047245038339946165,1D-CNN
S228,0.24737986760471622,0.5117022511795771,0.08390165514168232,0.11191068326225369,0.04510554281177116,ANN
S229,0.3396441751377138,0.2829848716170543,0.11451401888338518,0.20024329375976144,0.0626136406020847,1D-CNN
S230,0.27677844646190436,0.4031561996197526,0.10198829901268597,0.1652090992991749,0.05286795560648267,ANN
S231,0.2966986089988078,0.3184346905580625,0.11649694772364572,0.2005560935520323,0.06781365916745173,ANN
S232,0.33806413238377564,0.2593217433384743,0.14125727517968978,0.21336623735253837,0.047990611745521626,1D-CNN
S233,0.26479094577197704,0.29854459860168786,0.16357419756746933,0.2211613370114335,0.051928921047430895,ANN
S234,0.2694753744256904,0.24091359408010893,0.15784697926413574,0.25412820614483494,0.07763584608523012,1D-CNN
S235,0.24776868610176875,0.29604418398786075,0.1704801165721955,0.23768166713294028,0.048025346205234895,ANN
S236,0.2775962573703367,0.22739592590059338,0.1918480574553336,0.2653961918677641,0.037763567405971234,1D-CNN
S237,0.2731539375222941,0.27522374946129985,0.1859489949390242,0.2353053563884017,0.030367961688979858,ANN
S238,0.20818059453739857,0.1968802121852717,0.2913531275347988,0.2705724159468804,0.03301364979564986,BiLSTM
S239,0.16504426013451298,0.16318011219404496,0.35076358361092647,0.2936314390487156,0.027380605011800053,BiLSTM
S240,0.2280431910429949,0.21536047597185498,0.2781693997346687,0.24984718389821925,0.028579749352261156,BiLSTM
S241,0.17490381804998517,0.1995577464382924,0.24963673699739472,0.3203793174133025,0.05552238110102483,LSTM
S242,0.19147207721661483,0.26876526479540747,0.1911732513064749,0.3015331403031175,0.04705626637838634,LSTM
S243,0.2892050448627148,0.3136104713654193,0.14713815800844457,0.20979552913182567,0.04025079663159528,ANN
S244,0.48591737640277566,0.15097899433883605,0.11694360600839705,0.20974060043891338,0.0364194228110777,1D-CNN
S245,0.19199466109558322,0.3831079114809279,0.1504534112857713,0.23414056277740514,0.040303453360312304,ANN
S246,0.48326709047893385,0.2807206224191509,0.0930432572695632,0.1154045339829125,0.027564495849440103,1D-CNN
S247,0.2907713247084362,0.3774101497410503,0.14361972421141198,0.1388281795888281,0.04937062175027329,ANN
S248,0.2133727369491624,0.16330069555117016,0.29323543891816156,0.292088743739105,0.03800238484240098,BiLSTM
S249,0.2623092334799972,0.18979989110491347,0.22720812996069498,0.2915081052516203,0.029174640202773133,LSTM
S250,0.26869181427817784,0.207125681095417,0.24866721756219679,0.25038785994347723,0.02512742712073032,1D-CNN
S251,0.23615213448699127,0.21488798963104314,0.27991783618979255,0.24819330607789603,0.020848733614276378,BiLSTM
S252,0.2166030888798321,0.2033680723614314,0.3158944524612314,0.2397071857817075,0.024427200515797984,BiLSTM
S253,0.20649355852356033,0.22076528103774556,0.3023037402278096,0.240455050068559,0.02998237014232594,BiLSTM
S254,0.2163436627931808,0.289067061987936,0.2425574044603478,0.21657958276794723,0.0354522879905884,ANN
S255,0.19445114661730376,0.2836225515566424,0.20558963855542553,0.27042545225699743,0.04591121101362997,ANN
S256,0.23243781939016098,0.22096945815177366,0.16587252645616413,0.34559142395624365,0.03512877204565771,LSTM
S257,0.2640469653183586,0.27192523708963073,0.16359141236723834,0.2705409915570851,0.029895393667686593,ANN
S258,0.24268177098620175,0.188592310242118,0.2629500620264612,0.27380767538578094,0.031968181359438005,LSTM
S259,0.09239564154038349,0.1339858228590612,0.43970003193675283,0.3081708511356032,0.025747652528199622,BiLSTM
S260,0.2192520213986001,0.23703968003922535,0.269161380314382,0.24795413684437417,0.026592781403417767,BiLSTM
S261,0.18412855264887074,0.2971545537344121,0.19105454126500468,0.27739467857908195,0.05026767377263035,ANN
S262,0.3201324115745212,0.18890000192531609,0.18001884898563295,0.27294310254006615,0.03800563497446268,1D-CNN
S263,0.2775845778087604,0.2162901328361875,0.20243234579451158,0.2690939856668797,0.034598957893660895,1D-CNN
S264,0.21733175669216626,0.2938432985068376,0.22908080702554684,0.2295704779556561,0.030173659819793457,ANN
S265,0.19070489834987467,0.17929795165236923,0.33278032852536843,0.2656653430402322,0.03155147843215534,BiLSTM
S266,0.1842849056295343,0.2234167927241952,0.3096625047278287,0.2587236862396999,0.02391211067874135,BiLSTM
S267,0.23376828213514853,0.2477346117215585,0.2640938353506935,0.22883190152155802,0.025571369271041807,BiLSTM
S268,0.1956064437397466,0.261252259006886,0.20842826913131934,0.2966026890095566,0.038110339112492085,LSTM
S269,0.1420979269650298,0.13765938977014527,0.3642494779700112,0.31584619560405514,0.04014700969075808,BiLSTM
S270,0.09070287423682277,0.2207177540432735,0.39977155869955605,0.26209807513474404,0.026709737885603393,BiLSTM
S271,0.18927687112110717,0.24118915204233982,0.33056295757957666,0.21455780086498094,0.02441321839199481,BiLSTM
S272,0.21963003060402497,0.19219451352312666,0.32258024430629373,0.23372602493818379,0.03186918662836976,BiLSTM
S273,0.22727995509664745,0.21200453657978588,0.29139470477518153,0.23864744756533213,0.030673355983052777,BiLSTM
S274,0.27876177170518485,0.17929504700868704,0.26275920861744945,0.2465936127389642,0.03259035992971484,1D-CNN
S275,0.2129734084804403,0.26735286823820664,0.23589647704149544,0.2512191759367008,0.03255807030315672,ANN
S276,0.18575937623936897,0.2589723650445043,0.28123505156888434,0.2403813237064325,0.033651883440809695,BiLSTM
S277,0.19021670326176554,0.2657700795299373,0.2681765964282909,0.24081401415935774,0.0350226066206495,BiLSTM
S278,0.17054187874722324,0.22654989321050487,0.22925554052883984,0.3194941525168947,0.05415853499653735,LSTM
S279,0.22797322655171534,0.2653866830408124,0.18864102766037216,0.2774604217091315,0.04053864103796717,LSTM
S280,0.27608893337882273,0.23377641785428438,0.19704610450557872,0.25676230934577854,0.03632623491553646,1D-CNN
S281,0.2268029055430082,0.21319819379455052,0.25518984526324917,0.26822177702976086,0.036587278369431916,LSTM
S282,0.159743928083707,0.1891570107304971,0.31652249372013164,0.30352077068297356,0.031055796782690933,BiLSTM
S283,0.21340437135947385,0.21830386995960765,0.2901027963181768,0.24983330118186234,0.02835566118087898,BiLSTM
S284,0.22014795999933312,0.23758017178436117,0.2713426923124115,0.2390787144303233,0.03185046147357069,BiLSTM
S285,0.09920162108110174,0.186166428670458,0.28962706200379973,0.367552374852485,0.05745251339215577,LSTM
S286,0.10171070157773829,0.19558204630375767,0.21208001358691786,0.44698354728893624,0.04364369124265034,LSTM
S287,0.4366771476702273,0.20215038479747596,0.1256993433112263,0.21259721178598828,0.022875912435083627,1D-CNN
S288,0.451764770818691,0.18259743623343258,0.1435570166059575,0.19381835630847902,0.028262420033438276,1D-CNN
S289,0.29010238308099145,0.2988490291241526,0.1794191362416115,0.19977209382295172,0.03185735773029319,ANN
S290,0.25256424778135295,0.2032637909785918,0.2437669000447552,0.26975326229244967,0.030651798902850545,LSTM
S291,0.19756003346309514,0.1430381190720046,0.3059935489309146,0.3279922773738349,0.025416021160150494,LSTM
S292,0.21187939687910975,0.2225705835144844,0.28922191265451597,0.25425225438678034,0.022075852565109817,BiLSTM
S293,0.2445856988136484,0.28646305519862536,0.2640130208548928,0.18496445809605558,0.019973767036777675,ANN
S294,0.15017031117697974,0.19944185556376737,0.2904988736378699,0.3111011366440088,0.04878782297737425,LSTM
S295,0.11888927823904213,0.12201731964316563,0.21480334635207277,0.48525472923914603,0.05903532652657353,LSTM
S296,0.17584658853982793,0.18919340038626759,0.1717238355116656,0.4212864525979402,0.041949722964298025,LSTM
S297,0.38361750698603736,0.23524691905153594,0.12887737938868465,0.22643046228453226,0.025827732289211154,1D-CNN
S298,0.15702972650462346,0.2037144334637657,0.25107548223123716,0.343898599556164,0.04428175824420955,LSTM
S299,0.3102372699648977,0.21808632793957294,0.19473549159917075,0.24576815396701607,0.031172756529343284,1D-CNN
S300,0.22950941297631663,0.1561428210089208,0.30708770847460853,0.2719327938117286,0.03532726372842584,BiLSTM
S301,0.17141094382156158,0.1413827017619254,0.32758485873771437,0.32948676666599686,0.030134729012800877,LSTM
S302,0.23309446172528087,0.18665782744005383,0.2962122936543936,0.25870137213975963,0.025334045040512176,BiLSTM
S303,0.28726388111566087,0.2132553441473402,0.259518299578924,0.21777537292044805,0.022187102237626908,1D-CNN
S304,0.22645285872966175,0.21687797913498275,0.29653443400410173,0.23190179635629735,0.028232931774955207,BiLSTM
S305,0.19849843886060003,0.188312793061911,0.32691861649819337,0.2518229274405032,0.03444722413879213,BiLSTM
S306,0.21274852629160526,0.23436649324939962,0.2772752267075323,0.23879301321902605,0.0368167405324361,BiLSTM
S307,0.1418615022388959,0.2517489080306226,0.2352827462671398,0.323544511645259,0.047562331818082684,LSTM
S308,0.2793942782732213,0.27401139068679914,0.15415366496961608,0.2605051403362965,0.03193552573406608,1D-CNN
S309,0.3697683562589147,0.2041740006982024,0.13103327641152565,0.2648353341533701,0.030189032477986075,1D-CNN
S310,0.32194407905454275,0.25924480966132135,0.157873178999386,0.22347781847612094,0.037460113808628855,1D-CNN
S311,0.04667764286603755,0.07826592477217444,0.36792840613371497,0.47923211726295084,0.027895908965121955,LSTM
S312,0.08115904415209521,0.17666978514286485,0.4836603039033773,0.24562131050702457,0.012889556294638267,BiLSTM
S313,0.25399940060653936,0.11569578772186064,0.3290976608036173,0.28666877860540874,0.014538372262574253,BiLSTM
S314,0.4066777084634453,0.10877306018758368,0.2747900023734721,0.19555102408344247,0.014208204892056533,1D-CNN
S315,0.23710573971395518,0.18184418928020224,0.2895040831382633,0.26841070921998555,0.023135278647592867,BiLSTM
S316,0.15373341754501835,0.19452138136532593,0.2662960508956632,0.34216753806636435,0.04328161212762856,LSTM
S317,0.13993838569134676,0.17707478803550636,0.3776926844987001,0.2660505550100528,0.039243586764393816,BiLSTM
S318,0.18943175313224106,0.1995341861671519,0.2726506127874912,0.29046021300543595,0.047923234907679746,LSTM
S319,0.12217721331705267,0.1859133400022837,0.19049620823042895,0.41199764245277753,0.0894155959974574,LSTM
S320,0.18099789941888325,0.5360917355835882,0.07238020033590549,0.18062164307106165,0.02990852159056168,ANN
S321,0.4575043563163626,0.40910834155006776,0.04346187318314717,0.07695123016621382,0.01297419878420987,1D-CNN
S322,0.4007069296965438,0.37442175039323117,0.07548300261523548,0.11461572923057885,0.034772588064410165,1D-CNN
S323,0.4630974450762173,0.25966042521420657,0.09050889527044878,0.14250178506321615,0.044231449375910704,1D-CNN
S324,0.3145064331916008,0.40984952240247546,0.09215656144812708,0.12711740842291988,0.05637007453487649,ANN
S325,0.24795080366842082,0.22375279308763066,0.17929661173652173,0.31037559551906796,0.03862419598835861,LSTM
S326,0.3252341100682539,0.2114797190106983,0.19451697045521824,0.24526350170652106,0.023505698759308646,1D-CNN
S327,0.16700362026436497,0.13415478932246594,0.35000146441868,0.3263940905746515,0.022446035419836866,BiLSTM
S328,0.16289946316081083,0.1919947936219841,0.36900036397294467,0.2583023026185949,0.01780307662566628,BiLSTM
S329,0.2109651453754576,0.163855779216408,0.4092119282372974,0.2000275536538066,0.015939593517030174,BiLSTM
S330,0.2274507843176331,0.16519626781514213,0.4268914726429858,0.16607696649157966,0.014384508732659673,BiLSTM
S331,0.2536358350294781,0.2143030548275053,0.3525105438837964,0.15923995349840595,0.02031061276081405,BiLSTM
S332,0.22140669921025208,0.2517923258448026,0.283570448753773,0.20916375577896815,0.03406677041220325,BiLSTM
S333,0.2463917394826507,0.25600156905153804,0.1923943721882161,0.2615816873275123,0.04363063195008218,LSTM
S334,0.2640709795381167,0.2464243606283562,0.19007037721146472,0.2604868455766746,0.03894743704538752,1D-CNN
S335,0.2499602698411413,0.25757658155878493,0.18947086923399964,0.26546827525233757,0.037524004113737366,LSTM
S336,0.25857410442252293,0.23762373362966793,0.2116287118427901,0.25759638235230886,0.034577067752710314,1D-CNN
S337,0.14182066658895162,0.11975772536980288,0.3738349901845401,0.32575884075753514,0.03882777709917003,BiLSTM
S338,0.07722882137492147,0.10209656870328189,0.4001608485998927,0.39759257004110315,0.022921191280801355,BiLSTM
S339,0.30206530766410306,0.2441399104455413,0.30313810014155856,0.14112782773015806,0.009528854018638988,BiLSTM
S340,0.18129708712333667,0.215156492994664,0.39115331170309564,0.1923375304604577,0.020055577718446144,BiLSTM
S341,0.20750925377980908,0.365975196585674,0.16021259230040302,0.2279389654296557,0.038363991904458085,ANN
S342,0.2278742293202145,0.1811742418597502,0.26463483154331396,0.28623246364048194,0.04008423363623952,LSTM
S343,0.2294606123920007,0.22091167582487276,0.16746946945306468,0.3264483626489738,0.055709879681089015,LSTM
S344,0.22295851428071142,0.23649599761467477,0.1435468259185711,0.3459588651146454,0.0510397970713973,LSTM
S345,0.17073629517270908,0.3984497749164951,0.13541516528466965,0.255223537343916,0.04017522728221021,ANN
S346,0.26908078750690057,0.1745475188340597,0.19893863893770647,0.3200497648246265,0.03738328989670656,LSTM
S347,0.22791975694523858,0.30074183821449524,0.1902574533121464,0.2440258931587443,0.037055058369375775,ANN
S348,0.19774725998960238,0.37231773349092323,0.2122937100072263,0.18894353870734504,0.028697757804903384,ANN
S349,0.22898961338044352,0.25899407030414723,0.22938895042009566,0.24554734569212783,0.03708002020318574,ANN
S350,0.26901474162223377,0.2751318255844567,0.1826053715748542,0.23724747728216733,0.03600058393628818,ANN
S351,0.27385693527719085,0.26655280554951566,0.16762336523655125,0.2572374263078326,0.034729467628909265,1D-CNN
S352,0.2393510066152654,0.2704912667065217,0.20706994152538372,0.24709464884085355,0.0359931363119754,ANN
S353,0.17204022157808274,0.1402946127468238,0.33044821454468803,0.32423190229513765,0.03298504883526837,BiLSTM
S354,0.15947573678858684,0.18957644873586832,0.3262079216782815,0.2971240507244241,0.027615842072839878,BiLSTM
S355,0.23481860230302679,0.23947531007487563,0.27989439648355535,0.21957302519274635,0.026238665945796272,BiLSTM
S356,0.2212706482108942,0.2418427321522102,0.2446384110974378,0.25541972880517166,0.036828479734286025,LSTM
S357,0.27299122550317206,0.2238100928369431,0.23809304535155473,0.23148970624782503,0.03361593006050569,1D-CNN
S358,0.2357496528095771,0.2387224599665148,0.2487682469147608,0.242632972183245,0.034126668125902836,BiLSTM
S359,0.26241352288510195,0.23321419197888868,0.2378981347336467,0.2335808790508487,0.03289327135151444,1D-CNN
S360,0.22038939931205032,0.18191198284796473,0.2947609058365276,0.26669998854269283,0.036237723460764815,BiLSTM
S361,0.13604585474943937,0.20281615201412273,0.331071596007322,0.29621553417232327,0.03385086305679286,BiLSTM
S362,0.3823096829354677,0.30131757685680194,0.19416316155520336,0.10858974851205747,0.013619830140469094,1D-CNN
S363,0.081680114026841,0.5716481873238057,0.29072430725262677,0.04579091661491407,0.010156474781812983,ANN
S364,0.10399351251859663,0.4512751098740468,0.3031628232404509,0.11238783358808446,0.02918072077882184,ANN
S365,0.137593983671518,0.07852531338998872,0.10120122214983819,0.6617009371098398,0.020978543678814805,LSTM
