Segment,1D-CNN,ANN,BiLSTM,LSTM,Selected
S1,0.2835312855726047,0.2898316334761761,0.371654168800587,0.05498291215063198,BiLSTM
S2,0.36643070006437334,0.3400018471716276,0.2475552234831069,0.04601222928089192,1D-CNN
S3,0.28281428757046656,0.38936203425229027,0.2709828319734755,0.0568408462037675,ANN
S4,0.30624889087421203,0.4450970495844848,0.21112249136895267,0.03753156817234981,ANN
S5,0.3122760918758039,0.26769849244032995,0.3673734375035848,0.05265197818028152,BiLSTM
S6,0.3487210660556584,0.2588689104366851,0.33604586329504726,0.05636416021260923,1D-CNN
S7,0.3228664038413321,0.29351648668209057,0.32027381379563596,0.06334329568094128,1D-CNN
S8,0.3620278597680619,0.2532929506431211,0.33698831375143207,0.0476908758373853,1D-CNN
S9,0.18603029995428244,0.17106193251023882,0.5885239587104937,0.05438380882498544,BiLSTM
S10,0.2407309895667867,0.2697204327089768,0.44476628947576297,0.04478228824847369,BiLSTM
S11,0.26358529101102196,0.37553783614333236,0.3191049201381282,0.04177195270751692,ANN
S12,0.28539986886161434,0.3609710823158666,0.29536244769012354,0.05826660113239513,ANN
S13,0.29483542196039625,0.3702932383228749,0.26100385290300976,0.07386748681371941,ANN
S14,0.3030506385700062,0.42608170482133484,0.2150762154822498,0.055791441126409394,ANN
S15,0.4487496403848286,0.3629339314113105,0.155763198660567,0.032553229543293365,1D-CNN
S16,0.3914218193863802,0.38141497420424875,0.197517091003746,0.029646115405623993,1D-CNN
S17,0.3402442035869003,0.32907354675643496,0.2938183313061368,0.03686391835052881,1D-CNN
S18,0.3299659280583615,0.3086353276722791,0.3191500774859684,0.04224866678339141,1D-CNN
S19,0.33577069365654044,0.35222927077180477,0.26746953149145064,0.04453050408020297,ANN
S20,0.3267632216808153,0.32391972508592337,0.28626159380428423,0.06305545942897633,1D-CNN
S21,0.4343991329391747,0.37372703220939,0.1589511175968501,0.03292271725458596,1D-CNN
S22,0.6003532853385695,0.29871232322696606,0.08525988269061284,0.01567450874385097,1D-CNN
S23,0.3813636121735073,0.4280006622919473,0.1655381076402352,0.025097617894310253,ANN
S24,0.34688962636495857,0.2559857315951137,0.34332655598879275,0.05379808605113487,1D-CNN
S25,0.2505584807137554,0.1940744384923935,0.49643246299410837,0.05893461779974231,BiLSTM
S26,0.28574996261043556,0.21008444387038472,0.4599355282285085,0.04423006529067152,BiLSTM
S27,0.27740784473980823,0.3140177544544465,0.3756068021233164,0.032967598682429704,BiLSTM
S28,0.2840702041854217,0.4174888380476877,0.259428649200347,0.03901230856654352,ANN
S29,0.28318194721718243,0.24339689451568186,0.29874098580370084,0.17468017246343498,BiLSTM
S30,0.22007597399076312,0.43155528842683105,0.21705822276198022,0.13131051482042538,ANN
S31,0.7266663715255521,0.20694191934882256,0.0425718952382836,0.023819813887342355,1D-CNN
S32,0.4980970769839296,0.35548778418737126,0.0970793805110422,0.04933575831765656,1D-CNN
S33,0.31618762944805695,0.314967176553999,0.27747632313721216,0.09136887086073199,1D-CNN
S34,0.4299367229656573,0.21819861054572165,0.2893546648508422,0.06251000163777899,1D-CNN
S35,0.1864923922499109,0.2422129407579881,0.5085257883975354,0.06276887859456522,BiLSTM
S36,0.2772746413697391,0.27878468237919857,0.3844218239733261,0.059518852277735936,BiLSTM
S37,0.3210247735966601,0.2495898723396727,0.3790343545329414,0.050350999530726,BiLSTM
S38,0.28373769641590624,0.3195401456144453,0.3499468788195137,0.04677527915013404,BiLSTM
S39,0.32107169813222736,0.2896790835409965,0.34539327045080415,0.043855947875971794,BiLSTM
S40,0.2834926034580364,0.2409332030297137,0.4282394651844596,0.04733472832779017,BiLSTM
S41,0.2748161849474874,0.29371554555350327,0.38667860135211085,0.04478966814689874,BiLSTM
S42,0.3193536519177915,0.33041092748338463,0.30567480425943017,0.04456061633939437,ANN
S43,0.2736835079691122,0.3230223377883688,0.32968076957182035,0.07361338467069818,BiLSTM
S44,0.3465301235846376,0.3469596546678572,0.25536432103298856,0.05114590071451672,ANN
S45,0.34528393835844085,0.31773608497610123,0.2902217709239431,0.04675820574151564,1D-CNN
S46,0.32669822372098667,0.3242701794696007,0.3034573951953826,0.04557420161402995,1D-CNN
S47,0.30846233397562073,0.32342910815728426,0.3231188142421235,0.044989743624971046,ANN
S48,0.31077857732422004,0.2796528486873499,0.35995038471277796,0.049618189275651564,BiLSTM
S49,0.3109166210083387,0.28145761071676323,0.3574152162856488,0.05021055198924941,BiLSTM
S50,0.26264939083816563,0.3139626949278573,0.3718475388602925,0.05154037537368514,BiLSTM
S51,0.12972443577359574,0.2110868366053288,0.4705980244666108,0.18859070315446466,BiLSTM
S52,0.27040010476820575,0.393053116378996,0.27025448743267266,0.06629229142012542,ANN
S53,0.19364662127037333,0.3954102348302772,0.3529609853340989,0.05798215856525096,ANN
S54,0.2978150200058731,0.28488952623202146,0.3568154997007522,0.06047995406135369,BiLSTM
S55,0.25062712044166474,0.34145802224583377,0.3275990181253515,0.08031583918715,ANN
S56,0.4987665935864885,0.28487773281954387,0.17973698825476983,0.0366186853391982,1D-CNN
S57,0.4133057887803385,0.23430208118355408,0.30078385761172094,0.05160827242438648,1D-CNN
S58,0.5197670427080883,0.1451203350250122,0.2909618753186473,0.04415074694825197,1D-CNN
S59,0.26471477412095135,0.251873945433113,0.42676582435911214,0.056645456086823226,BiLSTM
S60,0.29055028277000916,0.45383314402420977,0.22843478081842375,0.027181792387357483,ANN
S61,0.5933697663507075,0.221166550894983,0.17210611827425693,0.013357564480052125,1D-CNN
S62,0.3198614270801607,0.20064916950600067,0.45567205549307827,0.023817347920760425,BiLSTM
S63,0.19666443218967639,0.3949106076596188,0.3883734133648342,0.020051546785870414,ANN
S64,0.2943352001068409,0.3395335427379685,0.3304837659037519,0.03564749125143892,ANN
S65,0.27323445401751084,0.30442011421434423,0.3468517382546901,0.07549369351345463,BiLSTM
S66,0.3197304371299358,0.3535927302956023,0.25127896002593963,0.07539787254852197,ANN
S67,0.3816137055449414,0.46456564810749196,0.12515949922400074,0.02866114712356591,ANN
S68,0.5658754404742888,0.32978851150637756,0.08924392485550121,0.015092123163832431,1D-CNN
S69,0.35671371450691314,0.48806420559948405,0.13608310444153404,0.01913897545206936,ANN
S70,0.4204578070944093,0.3864184647217162,0.17308634046193558,0.020037387721939363,1D-CNN
S71,0.4222539132196264,0.3478728000564272,0.20331008393969602,0.026563202784250468,1D-CNN
S72,0.2920932990150975,0.4009787586855578,0.2666212588608048,0.04030668343854058,ANN
S73,0.38177031207306217,0.3226733102996557,0.253787753212004,0.0417686244152776,1D-CNN
S74,0.3330104992285897,0.34199530653822696,0.28240023385987423,0.042593960373309266,ANN
S75,0.30296267889801176,0.3255276069953167,0.32349285574104325,0.048016858365628114,ANN
S76,0.3187490194581653,0.26699823231968667,0.36521698265893354,0.04903576556321444,BiLSTM
S77,0.30225331738112643,0.2658597600832879,0.38140439396978565,0.050482528565799725,BiLSTM
S78,0.6660413934055028,0.19769181383277964,0.12608919291222456,0.01017759984949349,1D-CNN
S79,0.16052338323112597,0.2851718251508746,0.5416305348264968,0.012674256791502997,BiLSTM
S80,0.19735733882832107,0.41418291237291155,0.37350715897939324,0.014952589819374239,ANN
S81,0.27704297645104337,0.3444008880572555,0.34133741475792556,0.03721872073377534,ANN
S82,0.30202054195728945,0.32904679415179977,0.3257469116928953,0.04318575219801521,ANN
S83,0.3548602776032755,0.2809778698205747,0.3049994760863021,0.05916237648984829,1D-CNN
S84,0.38267259526544517,0.2755736116805264,0.29370472757390786,0.048049065480121486,1D-CNN
S85,0.28337071344211906,0.2701135723078032,0.3877200529395842,0.05879566131049335,BiLSTM
S86,0.2929081631534916,0.2542721826390407,0.39548591287934054,0.057333741328127755,BiLSTM
S87,0.3121296709305769,0.3082174966319159,0.3355360675301604,0.04411676490734612,BiLSTM
S88,0.29884082340635704,0.30430040674211295,0.354475071396538,0.04238369845499208,BiLSTM
S89,0.23447731038137082,0.26897598487164437,0.4431595617624353,0.05338714298454978,BiLSTM
S90,0.28390029512033343,0.2851256670234996,0.38535388826528316,0.04562014959088406,BiLSTM
S91,0.14208364753400965,0.26265863768760844,0.4776600664431332,0.11759764833524847,BiLSTM
S92,0.264636975473799,0.33067743195755633,0.31887295281699923,0.08581263975164546,ANN
S93,0.42733650728102085,0.36678827143432796,0.1725983054895175,0.033276915795134095,1D-CNN
S94,0.46934566732213434,0.3740880689649009,0.1341390964672974,0.022427167245667776,1D-CNN
S95,0.45194948004147933,0.2882861084850125,0.22242579293684994,0.03733861853665782,1D-CNN
S96,0.3886001126079453,0.3180917436629489,0.25203567304438035,0.04127247068472542,1D-CNN
S97,0.35903718005785956,0.30853923550217816,0.2873529601779437,0.04507062426201839,1D-CNN
S98,0.40228448113044,0.22563329981927513,0.3210376141453679,0.051044604904916344,1D-CNN
S99,0.24915437037542298,0.2929924328557019,0.3990431180434031,0.05881007872547182,BiLSTM
S100,0.29449999256184245,0.37975241219482087,0.29160341848341814,0.03414417675991871,ANN
S101,0.1949337395457218,0.33147919610764087,0.4272763411817775,0.046310723164859374,BiLSTM
S102,0.1918866464935204,0.30393602234008127,0.43587439384982857,0.06830293731656938,BiLSTM
S103,0.22716369472304676,0.30328944499610266,0.3629110944113423,0.10663576586950814,BiLSTM
S104,0.2968114850193962,0.3352881836634524,0.28488759817742526,0.08301273313972632,ANN
S105,0.5091727855598709,0.37567952044137576,0.0960718692943757,0.019075824704377714,1D-CNN
S106,0.7928177431582519,0.16759911578942316,0.034403157958612735,0.00517998309371243,1D-CNN
S107,0.28104839909996043,0.5431048826466942,0.15682279364867757,0.019023924604667303,ANN
S108,0.4483817593134265,0.2567334767701925,0.2693465638693395,0.025538200047041163,1D-CNN
S109,0.3702785195669345,0.3561027067540252,0.24458216304331,0.029036610635730948,1D-CNN
S110,0.28023899093965454,0.30493537239976126,0.3516163135870719,0.06320932307351165,BiLSTM
S111,0.2582549718221278,0.4058516661972518,0.2813913207840763,0.054502041196544185,ANN
S112,0.37830293031050716,0.27391609510336756,0.2784023008408713,0.06937867374525397,1D-CNN
S113,0.3417588975968215,0.2648957668485233,0.3169210370758843,0.07642429847877115,1D-CNN
S114,0.2801973781538762,0.40655094916758255,0.25053876831310884,0.06271290436543225,ANN
S115,0.4845080622387619,0.2327894332899164,0.2175960029066179,0.06510650156470431,1D-CNN
S116,0.3434732209904941,0.3740779852178594,0.2367521674049742,0.045696626386672275,ANN
S117,0.43435816582574477,0.3584928594758026,0.1575050289345413,0.049643945763911276,1D-CNN
S118,0.32951289059211397,0.5632542807789735,0.08040180192220794,0.02683102670670458,ANN
S119,0.3357054849561666,0.4780393276246295,0.15511459982795356,0.031140587591250057,ANN
S120,0.43069923494044526,0.3464348881664608,0.18043406450406893,0.04243181238902514,1D-CNN
S121,0.3281959524343004,0.43908704339749155,0.18524418414587437,0.047472820022333606,ANN
S122,0.429791864682608,0.4003448293631613,0.13256781086402744,0.03729549509020343,1D-CNN
S123,0.4193288678647019,0.39784124292592743,0.1443815234197113,0.038448365789658955,1D-CNN
S124,0.346183817806775,0.3329359640777172,0.26448279259336066,0.05639742552214772,1D-CNN
S125,0.1836412148185169,0.1440610388271271,0.604533914599584,0.06776383175477169,BiLSTM
S126,0.1263542483572768,0.16140879648991383,0.648277019746524,0.06395993540628539,BiLSTM
S127,0.21874059095470794,0.22935127242164385,0.5247557262192419,0.027152410404406496,BiLSTM
S128,0.20856026806559558,0.16860194443060206,0.5940477205902581,0.028790066913544073,BiLSTM
S129,0.265449927633543,0.23486149232580808,0.4710550465566372,0.028633533484012468,BiLSTM
S130,0.2935046315523666,0.23899470286913296,0.43997199308858403,0.02752867248991665,BiLSTM
S131,0.30714754630430113,0.29548094935385677,0.35430399854468536,0.04306750579715616,BiLSTM
S132,0.31730374688303364,0.31174747363802635,0.3254500544149958,0.0454987250639443,BiLSTM
S133,0.3031239358378202,0.32214591201489506,0.3280556869780603,0.046674465169224626,BiLSTM
S134,0.34953887812755313,0.3714051809656726,0.2325192957926705,0.04653664511410338,ANN
S135,0.3424623907541128,0.3540358659157742,0.23246281420122478,0.07103892912888853,ANN
S136,0.40715514460800384,0.3270536661406999,0.21315418182400503,0.05263700742729083,1D-CNN
S137,0.257463538882313,0.22259170159686625,0.4389650169045877,0.08097974261623328,BiLSTM
S138,0.1292055059465701,0.1897936339351956,0.5937377238323361,0.08726313628589794,BiLSTM
S139,0.22568435633547718,0.22205442867715583,0.501850593432358,0.05041062155500947,BiLSTM
S140,0.2830903132740876,0.21390437764900655,0.47006373659642303,0.03294157248048326,BiLSTM
S141,0.2920975928384762,0.2473785792313329,0.423548020041819,0.03697580788837213,BiLSTM
S142,0.2981314679642132,0.3514844839309124,0.30803107040353167,0.04235297770134355,ANN
S143,0.2776542854537728,0.29550509834316746,0.3082826164400683,0.11855799976299133,BiLSTM
S144,0.3690233876091916,0.3333210668678801,0.24428359848274858,0.05337194704017987,1D-CNN
S145,0.3261116866075984,0.3055634223139546,0.31833762312121483,0.04998726795723223,1D-CNN
S146,0.3492574459163956,0.32779265064044555,0.27694064373735294,0.04600925970580524,1D-CNN
S147,0.2941135884137731,0.45947822570452296,0.20857245692700027,0.03783572895470336,ANN
S148,0.3960432051315445,0.35532309891249064,0.2010728734015838,0.04756082255438136,1D-CNN
S149,0.37591060610529187,0.42878268501809313,0.1637033196250562,0.031603389251558575,ANN
S150,0.4508164376107405,0.37952215068431344,0.14416217354256083,0.025499238162384443,1D-CNN
S151,0.3651734875896644,0.23774487586815743,0.35927669982368554,0.03780493671849346,1D-CNN
S152,0.1491323461268839,0.1793742668800254,0.5868800159052013,0.08461337108788924,BiLSTM
S153,0.18003876310332284,0.3155720767406582,0.4432962021451432,0.061092958010876094,BiLSTM
S154,0.34209782043899356,0.31726489988939627,0.24761934445233952,0.0930179352192703,1D-CNN
S155,0.3499870271545157,0.38470969273805855,0.21535885301357247,0.04994442709385326,ANN
S156,0.2608681765507086,0.48198174367361973,0.21507373810175778,0.04207634167391364,ANN
S157,0.33265914186426543,0.29428630564086544,0.31523038612382526,0.05782416637104473,1D-CNN
S158,0.29627045994922413,0.3898159751210895,0.2649256944263814,0.04898787050330532,ANN
S159,0.328345041893537,0.4175196411749884,0.206715540475407,0.047419776456067424,ANN
S160,0.3425790360878974,0.3494015847879104,0.2560402102344482,0.05197916888974425,ANN
S161,0.2943988775542566,0.24794537507994352,0.39633464698253884,0.06132110038326122,BiLSTM
S162,0.1836062201292858,0.22845317948024424,0.5277873142863427,0.060153286104127034,BiLSTM
S163,0.20584895782367815,0.23928714345325533,0.5048618104741369,0.05000208824892961,BiLSTM
S164,0.30451453189541877,0.2599054662763794,0.3991245954675383,0.03645540636066369,BiLSTM
S165,0.27614822022679647,0.37855448257317975,0.3090081299098108,0.03628916729021346,ANN
S166,0.3055698334629769,0.3795878286611411,0.25853971677682136,0.05630262109906072,ANN
S167,0.3992679788345703,0.2990027749206617,0.24301084195970563,0.0587184042850626,1D-CNN
S168,0.3231735954024884,0.33699517599630263,0.2881024512324364,0.051728777368773037,ANN
S169,0.2517174907991458,0.24648501263623773,0.44769664763312017,0.05410084893149625,BiLSTM
S170,0.1713333358363408,0.17914742713753662,0.591593848240051,0.057925388786071876,BiLSTM
S171,0.29652045726241816,0.22102409496273864,0.4374753691137874,0.04498007866105595,BiLSTM
S172,0.2887135537624807,0.2660528758523256,0.41218961948360267,0.0330439509015914,BiLSTM
S173,0.28604646960037955,0.3093728758621401,0.35680845951934054,0.0477721950181394,BiLSTM
S174,0.27426838247653723,0.2788801131533193,0.3905645277607772,0.05628697660936691,BiLSTM
S175,0.2654494506402428,0.24342299251221347,0.44705984190193837,0.04406771494560598,BiLSTM
S176,0.24248959452733115,0.44387721289185933,0.28457825532439,0.02905493725641954,ANN
S177,0.49362767700868004,0.1909233587507098,0.28848408666621633,0.026964877574393354,1D-CNN
S178,0.12197643230282489,0.1130524207304151,0.725028245341384,0.03994290162537619,BiLSTM
S179,0.09139660424527543,0.12110217068138836,0.7687374769901825,0.018763748083153342,BiLSTM
S180,0.25908122993688054,0.3634644392377751,0.3480819357998336,0.02937239502551044,ANN
S181,0.32258677984501943,0.3523256150546431,0.2839045349589435,0.04118307014139464,ANN
S182,0.33606137388763324,0.3471855829165285,0.26301499050032545,0.05373805269551246,ANN
S183,0.41422156351766776,0.3118776059678381,0.21475884556912664,0.05914198494536722,1D-CNN
S184,0.31616788728957246,0.48000724083612045,0.16494042681542864,0.03888444505887867,ANN
S185,0.5131714707258551,0.36795778267856344,0.09895913036113116,0.019911616234450147,1D-CNN
S186,0.5857618790451046,0.27114549071973526,0.12506524731555985,0.01802738291959986,1D-CNN
S187,0.30161477173231604,0.3696751709760152,0.29519710968938084,0.033512947602287874,ANN
S188,0.3605326384153644,0.4392379904199041,0.16903822388850928,0.03119114727622302,ANN
S189,0.32110477631108414,0.3979882309840392,0.23556396807183144,0.045343024633045396,ANN
S190,0.3156440338861474,0.4569114685832764,0.1942570762741624,0.033187421256414176,ANN
S191,0.41051164697348075,0.34346820587220894,0.20301813439346797,0.04300201276084272,1D-CNN
S192,0.35438398801465376,0.4179615384513576,0.186580239736719,0.04107423379726975,ANN
S193,0.3892909762378059,0.4043384360128566,0.16339043006992093,0.04298015767941647,ANN
S194,0.3878952819067475,0.3908408901121024,0.18231756355587997,0.0389462644252704,ANN
S195,0.22654203560967426,0.15376216009037116,0.5408937099743082,0.07880209432564603,BiLSTM
S196,0.16224985718108442,0.19010497727964887,0.5934215725025731,0.054223593036694294,BiLSTM
S197,0.2431108397026515,0.27187993886420997,0.44854357278824775,0.036465648644890034,BiLSTM
S198,0.3211532331815026,0.3055539829677263,0.33528548596972135,0.03800729788105015,BiLSTM
S199,0.24805505795271005,0.36552034390289073,0.3156534096704691,0.07077118847392966,ANN
S200,0.3428675884610242,0.3436854880604732,0.2475745474426036,0.06587237603589959,ANN
S201,0.4342108287189921,0.36006186241043264,0.1627472202009295,0.04298008866964544,1D-CNN
S202,0.44396252669627884,0.4131513871368713,0.11553610541064138,0.02734998075620772,1D-CNN
S203,0.41887486559312975,0.4947413123918366,0.07134314300812519,0.015040679006908288,ANN
S204,0.4992984650997608,0.39904578934794044,0.08369457420198423,0.017961171350315042,1D-CNN
S205,0.35430255887109197,0.4390332699761105,0.1780677909756331,0.02859638017716473,ANN
S206,0.336523827579878,0.35752030151219927,0.2690289156014699,0.03692695530645301,ANN
S207,0.3748023358902453,0.33554443693825065,0.2536762867129557,0.03597694045854813,1D-CNN
S208,0.35849116698574296,0.3402805943312545,0.25520154412512924,0.04602669455787345,1D-CNN
S209,0.3087689987986499,0.35501807520244133,0.26729608548616635,0.06891684051274265,ANN
S210,0.35104529036034754,0.4019507630782956,0.204189633742044,0.04281431281931276,ANN
S211,0.34532647330993715,0.35511218983807186,0.25910030955765423,0.04046102729433696,ANN
S212,0.2904609862664896,0.29463758238245225,0.36755563896674603,0.047345792384311615,BiLSTM
S213,0.2800071375784741,0.28414502221064275,0.38503486311056906,0.05081297710031409,BiLSTM
S214,0.3151078695360116,0.3856954913488121,0.24854633318918526,0.05065030592599078,ANN
S215,0.2587954380994027,0.3742093399432473,0.2707288998086296,0.09626632214872045,ANN
S216,0.34597628564548205,0.4859383276374988,0.1292417393343235,0.038843647382695856,ANN
S217,0.21064380371966274,0.16352908211793296,0.5156757999940856,0.11015131416831885,BiLSTM
S218,0.12153444355784632,0.399275486620025,0.39939479890605534,0.07979527091607339,BiLSTM
S219,0.4042951184601506,0.292258891044438,0.23993985314869828,0.06350613734671329,1D-CNN
S220,0.2980034450298801,0.3475777109488684,0.2999585365797416,0.054460307441509766,ANN
S221,0.3070270779897727,0.3497123117070591,0.2969042679273772,0.04635634237579077,ANN
S222,0.31719342367095515,0.4118028829760777,0.23023555650026858,0.040768136852698374,ANN
S223,0.3695546116407715,0.4036428508867743,0.1839631028543704,0.042839434618084246,ANN
S224,0.41547745229692307,0.3052622891234202,0.21577400776405842,0.06348625081559771,1D-CNN
S225,0.37549028353621716,0.45375789271905165,0.13876990532307687,0.03198191842165485,ANN
S226,0.28445449837516407,0.6593187833485321,0.046883423615621256,0.009343294660682849,ANN
S227,0.601718016187216,0.29252363693335176,0.08794729148130076,0.01781105539813119,1D-CNN
S228,0.26731874817421214,0.6531424315086315,0.06609313473412175,0.013445685583034732,ANN
S229,0.46528401949143744,0.3736045741969706,0.12587915412932263,0.03523225218226944,1D-CNN
S230,0.3400489237221077,0.5304595854571864,0.10336227582671222,0.026129214993993496,ANN
S231,0.3998732278283232,0.4380376225204555,0.1270201429115172,0.03506900673970419,ANN
S232,0.4504145555141224,0.33729371800467267,0.17339601135917487,0.038895715122029016,1D-CNN
S233,0.35118619779165783,0.4017938622649317,0.20598696577904616,0.04103297416436376,ANN
S234,0.39270755739685204,0.3443396259286153,0.21043096018326157,0.05252185649127144,1D-CNN
S235,0.3314745796477489,0.4010568087156432,0.22217434036105171,0.04529427127555619,ANN
S236,0.377453280762617,0.30978377918019523,0.2611959665050053,0.05156697355218236,1D-CNN
S237,0.35545203764803057,0.35741058795646496,0.24335907683813093,0.04377829755737345,ANN
S238,0.2852626841831038,0.2715272986496186,0.39111000553786535,0.052100011629412066,BiLSTM
S239,0.23771998690156246,0.23463023712643785,0.4704234488431391,0.05722632712886122,BiLSTM
S240,0.3020760498112388,0.2866431088297917,0.3643284609115125,0.046952380447456574,BiLSTM
S241,0.2589419714764237,0.29695477662879227,0.3747292356404287,0.06937401625435533,BiLSTM
S242,0.2747650412622734,0.3884877046891353,0.2743420994605541,0.06240515458803691,ANN
S243,0.37341360264762835,0.4068632920770728,0.1818103213156725,0.03791278395962639,ANN
S244,0.6319296633087058,0.18711198738175905,0.14328988710445467,0.037668462205081,1D-CNN
S245,0.2498526370470876,0.512431296179501,0.19383178027614512,0.0438842864972657,ANN
S246,0.5743566785136455,0.31640222055478345,0.09243407342817411,0.016807027503397243,1D-CNN
S247,0.3514343377191214,0.4789401146769245,0.14915129951338066,0.020474248090573733,ANN
S248,0.3026240054659843,0.2334336382074753,0.40592963005511556,0.05801272627142504,BiLSTM
S249,0.3596521637491553,0.2695049876003955,0.31392062514931723,0.056922223501132095,1D-CNN
S250,0.35205150598232043,0.27619164259403994,0.3247968300402768,0.046960021383363124,1D-CNN
S251,0.31010327524521264,0.28414721690325595,0.35947565687359956,0.046273850977931304,BiLSTM
S252,0.2837501383749196,0.26749014028506174,0.4041816199000476,0.04457810143997154,BiLSTM
S253,0.2715422581469511,0.28982675211710074,0.39363975126485246,0.044991238471096054,BiLSTM
S254,0.2765354530895688,0.37256582981760006,0.3113237643543961,0.03957495273843524,ANN
S255,0.2671083237346975,0.3956960139450241,0.2833451902115152,0.05385047210876253,ANN
S256,0.346084416120056,0.3300074749108329,0.2521270035276976,0.07178110544141356,1D-CNN
S257,0.3557554975635229,0.3653577628494884,0.2268086815249609,0.052078058062028254,ANN
S258,0.3312636157203036,0.2592911856409383,0.35643647766005143,0.05300872097870589,BiLSTM
S259,0.14445017172135594,0.20226356819173882,0.5920829381787128,0.061203321908192956,BiLSTM
S260,0.28974479873667347,0.31181963940160756,0.3519006764021888,0.0465348854595306,BiLSTM
S261,0.2557931383040954,0.422201411097398,0.26585118138462027,0.05615426921388587,ANN
S262,0.43875678743048885,0.2600819658237221,0.24768126730423257,0.053479979441556316,1D-CNN
S263,0.37681760773090467,0.29496863896866515,0.2760969818818038,0.052116771418626466,1D-CNN
S264,0.281722133234833,0.3797358404142875,0.2960896202426052,0.04245240610827443,ANN
S265,0.26190287752590163,0.24553634056651966,0.4415854715778977,0.05097531032968109,BiLSTM
S266,0.25067746058731044,0.2988463989914697,0.40174354003857415,0.04873260038264549,BiLSTM
S267,0.3011999010601521,0.31834857042319326,0.3382155779157778,0.04223595060087691,BiLSTM
S268,0.2772079934627108,0.36831447693913416,0.2949129142194882,0.05956461537866704,ANN
S269,0.20867830730503392,0.20239520632354427,0.5238276664152072,0.06509881995621479,BiLSTM
S270,0.12957623910697857,0.2984170480524065,0.5218983970131206,0.05010831582749378,BiLSTM
S271,0.2423529395655199,0.30534427915513374,0.413236518546307,0.03906626273304023,BiLSTM
S272,0.2863367516325892,0.2511468021259952,0.4190065034438855,0.04350994279752978,BiLSTM
S273,0.2977120964311266,0.2781495763519492,0.37953334468280214,0.04460498253412138,BiLSTM
S274,0.36788441727883797,0.23825172431147415,0.34726004071115957,0.04660381769852856,1D-CNN
S275,0.28379707503722773,0.35480155084266624,0.31371559655186604,0.04768577756824074,ANN
S276,0.24459234743616284,0.3405593218447692,0.3696781874423827,0.0451701432766855,BiLSTM
S277,0.25064741610461233,0.3504350654477939,0.35357409286222236,0.04534342558537122,BiLSTM
S278,0.2517419442369386,0.33767593838415155,0.341761728406108,0.06882038897280161,BiLSTM
S279,0.3159213982853769,0.3679634929049797,0.2611532264167992,0.05496188239284345,ANN
S280,0.3711867740117414,0.31443362911863043,0.26506187872507403,0.049317718144554136,1D-CNN
S281,0.30945979150130953,0.2911098327671631,0.34728748412211125,0.05214289160941634,BiLSTM
S282,0.23077199866719858,0.27031906465500205,0.43868616442561353,0.0602227722521856,BiLSTM
S283,0.28335492758380154,0.2897305868196243,0.37986615334962415,0.047048332246949834,BiLSTM
S284,0.28894639768616304,0.31157113909679773,0.35470214692815116,0.044780316288887304,BiLSTM
S285,0.15580416718555745,0.2957471268907164,0.4639841799123097,0.08446452601141628,BiLSTM
S286,0.18553466770029653,0.34123281206182765,0.3679999117597362,0.10523260847813952,BiLSTM
S287,0.5373835757877536,0.2587230998815562,0.1651355131552788,0.038757811175411494,1D-CNN
S288,0.5618153904133001,0.2262297048694839,0.17764290614072556,0.03431199857648929,1D-CNN
S289,0.36493876412161885,0.3761205923439763,0.22333049980230674,0.03561014373209865,ANN
S290,0.3417423080286864,0.27704900586391107,0.3293653083005577,0.05184337780684483,1D-CNN
S291,0.28984153938316987,0.2175967691631629,0.4275596027180232,0.06500208873564477,BiLSTM
S292,0.28230822560771596,0.2955342765977887,0.37459224189777546,0.04756525589671962,BiLSTM
S293,0.2987162108001323,0.34721343225247664,0.32129707116045314,0.03277328578693785,ANN
S294,0.21756506256334174,0.29066301423342367,0.4264222942299455,0.06534962897328893,BiLSTM
S295,0.2296374622085787,0.2355085284512568,0.40721138731337936,0.12764262202678509,BiLSTM
S296,0.296512003465116,0.3175014180317716,0.2906461310849771,0.09534044741813481,ANN
S297,0.4838164819573842,0.30326509578341565,0.17113380040442752,0.04178462185477289,1D-CNN
S298,0.2394603616657612,0.30865662025605534,0.37841725921822394,0.07346575885996035,BiLSTM
S299,0.40701617153428893,0.28837680802385113,0.2583025237093406,0.046304496732519705,1D-CNN
S300,0.3138766119274048,0.21530810722732477,0.41786734383700425,0.05294793700826643,BiLSTM
S301,0.2554512280884478,0.21409000020665478,0.46390204117400274,0.06655673053089459,BiLSTM
S302,0.3104083789822388,0.25262265383746235,0.38812912915460834,0.04883983802569048,BiLSTM
S303,0.36051943233813666,0.2723048752076105,0.32747740491981997,0.039698287534432476,1D-CNN
S304,0.2938259055936746,0.2817214363494019,0.38151622686905706,0.04293643118786619,BiLSTM
S305,0.2652021812331112,0.2516960935914517,0.4351242868953287,0.04797743828010888,BiLSTM
S306,0.2798635500738375,0.3089311761294084,0.3662132294392163,0.04499204435753783,BiLSTM
S307,0.20967317362363916,0.3730304393565212,0.34880020610847584,0.0684961809113634,ANN
S308,0.3733446800094494,0.36678451952136915,0.2100351014349493,0.04983569903423235,1D-CNN
S309,0.49028185490073106,0.2774772875067253,0.18138997289576267,0.05085088469678053,1D-CNN
S310,0.4205395091898921,0.3364735214277349,0.20175005193791648,0.04123691744445655,1D-CNN
S311,0.1045670462737891,0.164425156495499,0.6198673505355012,0.11114044669521062,BiLSTM
S312,0.12754225521664758,0.24558745639132795,0.5805198415179205,0.046350446874104084,BiLSTM
S313,0.34157698050970314,0.17779174100104317,0.4265547152071708,0.05407656328208269,BiLSTM
S314,0.47807770793043985,0.148468451506723,0.3379049315986879,0.03554890896414894,1D-CNN
S315,0.3179383964401315,0.2495491086452628,0.3816343801282199,0.05087811478638566,BiLSTM
S316,0.23402003256419662,0.29404911746250934,0.3991598054515305,0.07277104452176344,BiLSTM
S317,0.19035018857185934,0.24120055152179193,0.5165618619116401,0.051887397994708664,BiLSTM
S318,0.2691271796479986,0.28305091450305814,0.3885277190606984,0.05929418678824571,BiLSTM
S319,0.21165499506277394,0.33278092254569835,0.34235339157108396,0.11321069082044383,BiLSTM
S320,0.21797335158099723,0.6662276813144049,0.08470653944023311,0.0310924276643644,ANN
S321,0.49923569463103773,0.44495931803203786,0.044378604872869445,0.011426382464054837,1D-CNN
S322,0.4754401321591487,0.44078584933449966,0.06794446710838349,0.01582955139796761,1D-CNN
S323,0.5903488479601359,0.30108189743118774,0.08726215189051618,0.021307102718159936,1D-CNN
S324,0.37756731024810913,0.5294169433427868,0.07653860532721432,0.016477141081888837,ANN
S325,0.3557112935828057,0.3220584642107917,0.2590065477055098,0.06322369450089235,1D-CNN
S326,0.41482372538438783,0.2807171489893607,0.25881009892021417,0.045649026706036995,1D-CNN
S327,0.25032116968264295,0.2064189789476027,0.47888290306265474,0.0643769483070999,BiLSTM
S328,0.22633884090272366,0.2614240981458368,0.46389494805994147,0.0483421128914988,BiLSTM
S329,0.2662825596608543,0.21201470621465288,0.4854377043883396,0.03626502973615285,BiLSTM
S330,0.2748098642416653,0.20515630451312733,0.4906133666275624,0.029420464617645078,BiLSTM
S331,0.30124158425058983,0.2553888693852676,0.41608239023306376,0.027287156131079158,BiLSTM
S332,0.280657564714792,0.3201504326128488,0.36135834202451855,0.03783366064784062,BiLSTM
S333,0.33710208356280186,0.3504578701338253,0.26128757378194456,0.051152472521427975,ANN
S334,0.3582543617410804,0.3340362531834417,0.2572583887651776,0.05045099631030018,1D-CNN
S335,0.34006941955855136,0.3504128202488586,0.2579278146719893,0.05158994552060085,ANN
S336,0.3469191470060199,0.31912026483109757,0.2845855790700705,0.049375009092811985,1D-CNN
S337,0.21255344418871214,0.1807324712464715,0.5392812255780042,0.0674328589868127,BiLSTM
S338,0.14511603130589693,0.18413290163133084,0.587260975980378,0.08349009108239466,BiLSTM
S339,0.3444257226864364,0.2849592918004623,0.3455060036881766,0.025108981824923937,BiLSTM
S340,0.22784350262007544,0.26768800178947205,0.4700250560121447,0.03444343957830787,BiLSTM
S341,0.26826558925828686,0.48395327263539456,0.20556519418049554,0.042215943925823354,ANN
S342,0.31907659315221765,0.25387237169272725,0.3698876599191034,0.05716337523595159,BiLSTM
S343,0.34576272255242974,0.33320230497754566,0.2497357535032915,0.07129921896673318,1D-CNN
S344,0.3416334422948212,0.3627194419604117,0.2197827440850834,0.07586437165968415,ANN
S345,0.22851688419260327,0.5421851468177601,0.18009195429865857,0.04920601469097823,ANN
S346,0.3883337364743497,0.25590111942043825,0.2901745198881217,0.06559062421709047,1D-CNN
S347,0.3021188608457782,0.39989828613460016,0.2517315593232563,0.046251293696365346,ANN
S348,0.24379806440702462,0.4626698774909005,0.26052890015098873,0.03300315795108654,ANN
S349,0.30584019313448507,0.34460018591768876,0.30295203332685444,0.046607587620971426,ANN
S350,0.3543380345036599,0.3627045786784034,0.23851771395209845,0.04443967286583773,ANN
S351,0.3670923653323986,0.35753024954060086,0.22607813350535738,0.04929925162164302,1D-CNN
S352,0.31813736751316074,0.3597335361992929,0.2752032108091478,0.04692588547839864,ANN
S353,0.25443253765636037,0.21014386077281658,0.46951973717657225,0.06590386439425108,BiLSTM
S354,0.22900922748092636,0.2687359860788321,0.4440758764739996,0.05817890996624212,BiLSTM
S355,0.29956268236089234,0.3052908925054876,0.3550426699260558,0.04010375520756389,BiLSTM
S356,0.2972685837150476,0.3249494760368979,0.3287444512170699,0.049037489030985405,BiLSTM
S357,0.35556767954723006,0.29136236225427004,0.31001563437247703,0.04305432382602325,1D-CNN
S358,0.3110951591844862,0.3150008896124347,0.328171968240685,0.04573198296239423,BiLSTM
S359,0.34211328923014916,0.3041385229140479,0.3102320074096772,0.043516180446126096,1D-CNN
S360,0.30003176259372194,0.24816473372365955,0.4000395773330552,0.05176392634956412,BiLSTM
S361,0.19579032072868804,0.28686667081350764,0.45846056898155213,0.058882439476252255,BiLSTM
S362,0.42576090062546385,0.33715010803175965,0.21932258507627056,0.017766406266506295,1D-CNN
S363,0.07674647195918415,0.6165055473786797,0.3009491321069568,0.005798848555179228,ANN
S364,0.10209433158923546,0.53673082944497,0.3453518778211143,0.015822961144679317,ANN
S365,0.3427562501474409,0.22101727289557763,0.26968787389795223,0.166538603059029,1D-CNN
S366,0.1976426250902695,0.344457844494664,0.29518763702749523,0.16271189338757105,ANN
S367,0.465251225691072,0.34184642505852525,0.15356156605597948,0.039340783194423,1D-CNN
S368,0.3647072516077492,0.3452899419807339,0.24802997777780653,0.041972828633710574,1D-CNN
S369,0.28092365528073576,0.4014960428014193,0.2775378935656538,0.04004240835219126,ANN
S370,0.32185396197843436,0.3983535215404628,0.24546859799589102,0.03432391848521128,ANN
S371,0.47377907230607336,0.25817783145005235,0.22809334586132116,0.039949750382553405,1D-CNN
S372,0.4085848140750646,0.29776510722027155,0.2485568557693075,0.04509322293535705,1D-CNN
S373,0.36437014698655906,0.39843150423788365,0.2072961593566432,0.0299021894189146,ANN
S374,0.3535137320964523,0.2662509258589872,0.3365406522851886,0.043694689759371554,1D-CNN
S375,0.14458789226675398,0.15330435810553572,0.6291717093584736,0.07293604026923682,BiLSTM
S376,0.3761909796192402,0.27168022280145865,0.30478445880105043,0.04734433877825064,1D-CNN
S377,0.13809772583914295,0.4213096288067773,0.39885534159886377,0.04173730375521598,ANN
S378,0.21175218446138042,0.26021163980633216,0.4794436364720594,0.048592539260228315,BiLSTM
S379,0.266339158978713,0.36078818346022046,0.3240136607138845,0.048858996847181584,ANN
S380,0.2724198869898082,0.32958455767915257,0.35015614274372436,0.04783941258731556,BiLSTM
S381,0.3152463291361915,0.3821928085511119,0.25383186830970617,0.048728994002990494,ANN
S382,0.309109283183353,0.3880844526612035,0.23167286391806988,0.0711334002373733,ANN
S383,0.37269818331572613,0.3828526002322031,0.19937748383686854,0.045071732615202684,ANN
S384,0.3385222422377371,0.4116214233732461,0.21379406775323692,0.036062266635780216,ANN
S385,0.2686965569637598,0.2664500554515292,0.41017862301695923,0.05467476456775157,BiLSTM
S386,0.2307214168670812,0.30829408468863917,0.4068288042952238,0.054155694149054794,BiLSTM
S387,0.24669043115291686,0.35881937784955104,0.3329092218797997,0.06158096911773289,ANN
S388,0.25283273306173065,0.3589829956769036,0.3059681759321999,0.08221609532916548,ANN
S389,0.3243392259631928,0.4638632207904327,0.1782924107860308,0.03350514246034332,ANN
S390,0.4989652686777861,0.31896652004548826,0.15292028976098884,0.029147921515736863,1D-CNN
S391,0.4120007107206939,0.3097046632569786,0.22330487695643383,0.05498974906589356,1D-CNN
S392,0.41247131229031353,0.43891491555406603,0.12043160469263246,0.02818216746298774,ANN
S393,0.32324954301838493,0.6341721537304357,0.03455814369588562,0.008020159555293569,ANN
S394,0.36318027853333135,0.5102914731838156,0.10363420735540806,0.022894040927443737,ANN
S395,0.33436469900877186,0.13839935276275883,0.41864998479524773,0.1085859634332213,BiLSTM
S396,0.20495225890715996,0.2925767428631143,0.4360202139893502,0.06645078424037519,BiLSTM
S397,0.2860969314810865,0.2762068779841582,0.3960632570581599,0.04163293347659454,BiLSTM
S398,0.3306628025475954,0.1819133795648599,0.4424321185997717,0.044991699287772774,BiLSTM
S399,0.2747137029375135,0.26316074201777295,0.4250209788455162,0.037104576199197915,BiLSTM
S400,0.35061155363310187,0.2795764718992808,0.31905109333643794,0.05076088113117946,1D-CNN
S401,0.3266966937087394,0.3214324181120281,0.2971527049563597,0.05471818322287302,1D-CNN
S402,0.32449968449884675,0.36454478333985285,0.26601137888961646,0.044944153271683544,ANN
S403,0.4634712885029693,0.2732015427124074,0.20908300518274447,0.05424416360187834,1D-CNN
S404,0.24234928343878598,0.5450698542276069,0.17007389487723593,0.04250696745637106,ANN
S405,0.4346631136555388,0.3868661863664388,0.14536582450381316,0.03310487547420948,1D-CNN
S406,0.43741804705905013,0.3621638813819606,0.16507664824483856,0.03534142331415097,1D-CNN
S407,0.3473092285639953,0.38266991664997463,0.23585527724175445,0.034165577544276446,ANN
S408,0.29325870049934377,0.3154090037440423,0.346231975602907,0.045100320153707456,BiLSTM
S409,0.3034785065833119,0.32453697243417756,0.3285959271226374,0.043388593859873065,BiLSTM
S410,0.30550879672346004,0.35412599386276683,0.29408394194154663,0.04628126747222602,ANN
S411,0.22240927457882886,0.3599359273183885,0.33984618141510137,0.07780861668768102,ANN
S412,0.32940025309247184,0.37264923715395104,0.24299434133401732,0.05495616841956019,ANN
S413,0.4819614299979908,0.36591863187888624,0.12806306544667423,0.024056872676449306,1D-CNN
S414,0.6262500762721465,0.28632236265896044,0.07491321394928238,0.012514347119610993,1D-CNN
S415,0.45938569744123914,0.42798797069704525,0.0964988760501462,0.016127455811569075,1D-CNN
S416,0.2395684978007403,0.6909445753999012,0.05960600091385221,0.009880925885505716,ANN
S417,0.33153533501430016,0.46961865500505706,0.1700484958678983,0.02879751411274482,ANN
S418,0.28568731395073693,0.47644257221496916,0.20345612545735817,0.03441398837693598,ANN
S419,0.363171009464262,0.35451996835537686,0.2372957980626889,0.045013224117672085,1D-CNN
S420,0.3485172501726588,0.3549877775457666,0.2431211693311188,0.05337380295045589,ANN
S421,0.3516087302477652,0.3111184593798883,0.2623289794332088,0.07494383093913777,1D-CNN
S422,0.4154952066109776,0.40066882644158297,0.15643754290987827,0.02739842403756086,1D-CNN
S423,0.3140150281142023,0.2823695317696855,0.3496468486595771,0.05396859145653506,BiLSTM
S424,0.2981194454816786,0.3463827711184383,0.31292991105168255,0.04256787234820072,ANN
S425,0.2932440996464662,0.25753329789754714,0.3982567657837804,0.05096583667220723,BiLSTM
S426,0.3280698117023436,0.3719009195940674,0.25344011985302817,0.0465891488505614,ANN
S427,0.33513725514721193,0.37175785219143503,0.23053271577468054,0.06257217688667262,ANN
S428,0.3392997493638458,0.3970139409479813,0.19736974000688132,0.06631656968129208,ANN
S429,0.341106353816116,0.6104260207883028,0.038260250809849336,0.010207374585732922,ANN
S430,0.4465517085390785,0.39478212564692544,0.12672990965525663,0.031936256158739754,1D-CNN
S431,0.4585958270469546,0.33801008977252395,0.16056075216680626,0.04283333101371522,1D-CNN
S432,0.34775124906148747,0.28066691565324775,0.3094983778614996,0.06208345742376586,1D-CNN
S433,0.24690977880269185,0.24184473296769096,0.4497331222480257,0.06151236598159222,BiLSTM
S434,0.21263177584616222,0.14545580891055512,0.5928911636896302,0.04902125155365241,BiLSTM
S435,0.18026395676733822,0.18438955620300757,0.5949530057949958,0.04039348123465824,BiLSTM
S436,0.224433696136749,0.33185564111206267,0.4219867097263414,0.02172395302484657,BiLSTM
S437,0.25885098621717995,0.36456794590453423,0.34692075233140446,0.029660315546881838,ANN
S438,0.39878671590206693,0.28693796361710056,0.280275396563889,0.03399992391694363,1D-CNN
S439,0.36996022568089393,0.3412007964439995,0.2422708715434685,0.046568106331638305,1D-CNN
S440,0.31335531397187755,0.28404100760712536,0.3505645085950881,0.052039169825908414,BiLSTM
S441,0.27115698367946606,0.2596490366196672,0.4161939663826622,0.05300001331820494,BiLSTM
S442,0.25413426703518033,0.2423056472717813,0.44945705636571204,0.054103029327325636,BiLSTM
S443,0.27503234385227254,0.2825564935053738,0.403412981532918,0.03899818110943607,BiLSTM
S444,0.2897502589587883,0.251064713414968,0.42152427903038875,0.03766074859585507,BiLSTM
S445,0.2628660877360925,0.3046185104987746,0.3963210050623598,0.036194396702773045,BiLSTM
S446,0.27133639889754374,0.3612406955015295,0.331008152536461,0.03641475306446487,ANN
S447,0.23259159084393993,0.3244231504427624,0.3586747218308664,0.08431053688243095,BiLSTM
