Segment,1D-CNN,ANN,BiLSTM,LSTM,CNN-LSTM,Selected
S1,0.11902192772951671,0.08815654711631365,0.3810613675774174,0.3618880686417909,0.04987208893496138,BiLSTM
S2,0.30840704481690656,0.24537463104174917,0.19810589943058443,0.2124800698965733,0.035632354814187125,1D-CNN
S3,0.14360747544402686,0.2547496581759733,0.21147903566923595,0.3523790854231097,0.03778474528765365,LSTM
S4,0.2209515626009,0.31017811605912415,0.17195684383578294,0.26989129388106914,0.027022183623123277,ANN
S5,0.2668280176216434,0.4658464152815979,0.11634636146282529,0.132642778139663,0.01833642749426872,ANN
S6,0.12605610054219693,0.18647970491064167,0.36440810705466087,0.2950077249944697,0.028048362498031203,BiLSTM
S7,0.15289180162256738,0.1368612520975595,0.3725929789415445,0.3083880376527954,0.029265929685533203,BiLSTM
S8,0.18705107842575358,0.2974410102667498,0.282379382219803,0.20586400993120713,0.02726451915648658,ANN
S9,0.3082740413388578,0.37573041521800676,0.17450869097067598,0.12029110925986959,0.021195743212588533,ANN
S10,0.2875504314715342,0.3737468843196411,0.17738114757464557,0.13053481851714063,0.030786718117037516,ANN
S11,0.26240727845409423,0.22124513918573188,0.20145400271544434,0.2795863882610223,0.03530719138370678,LSTM
S12,0.1566538746877855,0.19676887031742935,0.24724996327408116,0.3752597884926041,0.024067503228100015,LSTM
S13,0.18725087642944574,0.2350477580521437,0.2993990405942641,0.24571432429832646,0.03258800062582034,BiLSTM
S14,0.1670285584578258,0.1855748731071768,0.3100787796438417,0.30179703010550707,0.03552075868564854,BiLSTM
S15,0.2344432309788893,0.31366693407819946,0.2264765262434771,0.1978744596304217,0.027538849069012727,ANN
S16,0.27492332362588495,0.24645841313110836,0.25364962793839824,0.1925040825209855,0.03246455278362308,1D-CNN
S17,0.28529748909923414,0.31248867150574605,0.23604765889648766,0.12594875677317244,0.040217423725360434,ANN
S18,0.3807175113182414,0.2289731027710094,0.174033855320191,0.1796673474297495,0.03660818316080935,1D-CNN
S19,0.16975217352321187,0.1203807900891437,0.12181042920879062,0.5676884801034233,0.020368127075430335,LSTM
S20,0.3537538130809867,0.3029803306533348,0.12304160847046615,0.198729123847763,0.021495123947450234,1D-CNN
S21,0.41982890690320923,0.24652896820518264,0.12159179768852736,0.18603073866781167,0.026019588535269554,1D-CNN
S22,0.2624264076966357,0.17986928229549204,0.20040384380560422,0.3223096544617255,0.034990811740542166,LSTM
S23,0.03446408793879044,0.052130043993655346,0.5865332220841154,0.3082152403564319,0.018657405627006022,BiLSTM
S24,0.05196817080370731,0.4511083687100944,0.37201689707688734,0.11388759267543236,0.011018970733878615,ANN
S25,0.6108276691148803,0.20984110634007755,0.15192598554050865,0.022758940662045566,0.00464629834248866,1D-CNN
S26,0.039164057883154295,0.8544616696266936,0.09422162455714812,0.009187566840910924,0.0029650810920934883,ANN
S27,0.5835310752512858,0.19696418075287617,0.13004273620800214,0.0628668352694947,0.026595172518341773,1D-CNN
S28,0.3402745136582416,0.20256804357475267,0.2412901961680123,0.1642276147428485,0.0516396318561448,1D-CNN
S29,0.09442628030104686,0.04667111811994775,0.09014951516221904,0.7450592739796242,0.02369381243716187,LSTM
S30,0.47564312203737275,0.14739418478580218,0.12086760980972759,0.22582759907486177,0.030267484292234935,1D-CNN
S31,0.19234118731927918,0.1862874760529749,0.2770632085178845,0.3115630997626686,0.03274502834719391,LSTM
S32,0.20125218799337102,0.2789782778414953,0.23171701278718349,0.2587351068131134,0.02931741456483745,ANN
S33,0.27955633774683913,0.19822873184468906,0.22270157226224147,0.25642204290226417,0.043091315243965894,1D-CNN
S34,0.25123707574379833,0.17979954480265065,0.22577922341559745,0.29763318532547645,0.04555097071247728,LSTM
S35,0.17526365920255757,0.2547310945218841,0.2195232850809094,0.3143247867643881,0.03615717443026096,LSTM
S36,0.21235532070231475,0.3592524240939128,0.2040578377774596,0.19854670003556735,0.02578771739074663,ANN
S37,0.11231634186766724,0.13361740431634114,0.37259804412045033,0.3462772996916136,0.035190910003928676,BiLSTM
S38,0.2682404108540686,0.287522802981697,0.2205529875664217,0.2011801466657288,0.02250365193208295,ANN
S39,0.2805960216624418,0.3128481600731295,0.20338798617387402,0.17672048514092517,0.02644734694962925,ANN
S40,0.28510025154960034,0.3358602062148616,0.19756023276984414,0.15357686669096834,0.02790244277472577,ANN
S41,0.27242237602280256,0.23566863557850104,0.22300681613530848,0.2327589848910305,0.036143187372356375,1D-CNN
S42,0.2472394631383838,0.23014455278522084,0.23055577531653587,0.2585785754060738,0.03348163335378522,LSTM
S43,0.2309895493749038,0.23251399654656546,0.2420776761158251,0.26216046631562506,0.03225831164708038,LSTM
S44,0.27002372505997607,0.1862909003804548,0.2638544175490969,0.24540260632033253,0.03442835069014005,1D-CNN
S45,0.04252003073918572,0.04141674703446439,0.27282356061243174,0.6148318065613051,0.028407855052613618,LSTM
S46,0.3162809449272079,0.4806127516360772,0.09091408414457898,0.10327734685985591,0.008914872432280924,ANN
S47,0.06434123638308928,0.2983270801186835,0.35331452857870504,0.24395103993614878,0.040066114983372744,BiLSTM
S48,0.26649659220899613,0.1841789442361665,0.3152743347977555,0.20066110159632033,0.033389027160762134,BiLSTM
S49,0.18507126430729504,0.16865991769472524,0.34054031492473175,0.2582614165757048,0.04746708649754355,BiLSTM
S50,0.43284141671304616,0.27856727246719687,0.16293037365599825,0.1050521739309782,0.02060876323277995,1D-CNN
S51,0.42584723007376984,0.37454090600768164,0.09596984150925106,0.07401172838311529,0.029630294026182544,1D-CNN
S52,0.29985680288041094,0.2335077374532641,0.1829223710084092,0.2532491672505667,0.030463921407348212,1D-CNN
S53,0.2930746313383669,0.2203935174171559,0.20985603033689743,0.2479901094486061,0.02868571145897295,1D-CNN
S54,0.49836894230990725,0.2988690138104894,0.09545677601594157,0.09401658869751897,0.013288679166142084,1D-CNN
S55,0.643479120194113,0.3350340845864108,0.010933911516781553,0.008674651515933022,0.0018782321867606114,1D-CNN
S56,0.6117517462913359,0.36770014991149425,0.009782778104449085,0.008467926091439367,0.0022973996012803956,1D-CNN
S57,0.26832239235495664,0.2726107460883489,0.20525404502075464,0.20407474378334178,0.049738072752597846,ANN
S58,0.21741398473761958,0.3427545548189171,0.23133601630444434,0.1732642566582144,0.03523118748080272,ANN
S59,0.10710931715488323,0.10889599765799843,0.4304404417344352,0.322531670997168,0.031022572455515034,BiLSTM
S60,0.2215530392202248,0.16606228862498063,0.2830904461530466,0.30169476950511004,0.02759945649663858,LSTM
S61,0.3994336780851502,0.33465642994941747,0.1384460328776987,0.11125911006213172,0.016204749025602008,1D-CNN
S62,0.6078480641621329,0.19698649263806034,0.09842702224889865,0.08078404775497026,0.015954373195938266,1D-CNN
S63,0.40701728335674386,0.33742977924728923,0.1225135980185392,0.10802687511444574,0.02501246426298288,1D-CNN
S64,0.14312560410585481,0.08784345776942104,0.5669513019832733,0.14010026487699676,0.06197937126445473,BiLSTM
S65,0.26037053966486123,0.1526050516918329,0.3059664312527713,0.23616332227292358,0.04489465511761096,BiLSTM
S66,0.18260249645511062,0.205954262057995,0.2855958347798872,0.2821429351931008,0.043704471513907134,BiLSTM
S67,0.24669506769239954,0.22916547274571808,0.24215139835292462,0.24658245300405618,0.035405608204901705,1D-CNN
S68,0.21434037413816584,0.31503464968485495,0.2445801676607779,0.19000743309020648,0.03603737542599498,ANN
S69,0.28297683368594734,0.28642259192538283,0.19146625877803944,0.20538584724046408,0.03374846837016707,ANN
S70,0.2589103249949273,0.27470376568009697,0.20039674981441266,0.23503866377244975,0.030950495738113502,ANN
S71,0.24987891145225438,0.26169919795435376,0.2102086529207657,0.24795855086183188,0.030254686810794355,ANN
S72,0.11118140059784017,0.8426292783202008,0.02178782048023286,0.021094789373481134,0.003306711228245411,ANN
S73,0.17183805723157927,0.2570198798798749,0.2855292849365452,0.20188997496319325,0.08372280298880715,BiLSTM
S74,0.21662833853976546,0.39457826348690683,0.17294538125238024,0.1651471180876353,0.050700898633313216,ANN
S75,0.14490058972212597,0.16213840707598545,0.3036735655467608,0.31168997869345016,0.07759745896167818,LSTM
S76,0.16990076425089626,0.22710905093882383,0.3451456525809931,0.22955303212996064,0.028291500099327134,BiLSTM
S77,0.18957054395379905,0.09715696555296927,0.37217684207144314,0.3060964974747319,0.03499915094705701,BiLSTM
S78,0.30444125994581106,0.26054254535155214,0.18259840881608685,0.21999385680942932,0.03242392907712146,1D-CNN
S79,0.1381414486234788,0.18142230109983515,0.2577714291334884,0.38164563970253823,0.04101918144065897,LSTM
S80,0.15971656245022048,0.28089928174265544,0.2927865403328863,0.238733459259206,0.02786415621503226,BiLSTM
S81,0.2521552516483477,0.15308925606208912,0.24560568105190733,0.3046196431029847,0.04453016813467144,LSTM
S82,0.24661235234845902,0.25334742597377097,0.22025745515227182,0.24231326193467922,0.037469504590818874,ANN
S83,0.1812686414772073,0.21056266854174016,0.2804458324035824,0.28691852668292234,0.040804330894548095,LSTM
S84,0.1932967359227252,0.3876357987548658,0.22499983628388934,0.16789918526133685,0.02616844377718229,ANN
S85,0.06941856706681372,0.04747805974882056,0.400053184699782,0.4432586892191819,0.039791499265402694,LSTM
S86,0.3952014764840356,0.15427626667360742,0.1696607948124781,0.2635523147768396,0.017309147253038785,1D-CNN
S87,0.5789756031463519,0.32347630949016,0.04768842849965314,0.044230782749194675,0.005628876114640434,1D-CNN
S88,0.8615757026033833,0.08278003373904821,0.028823138346518735,0.021754191444004513,0.0050669338670447355,1D-CNN
S89,0.4638945000699449,0.226815808215282,0.157261848945619,0.12363531723448823,0.028392525534665085,1D-CNN
S90,0.2600411635359504,0.3829437715139542,0.18458375635796362,0.13676406980888353,0.035667238783248456,ANN
S91,0.2655993009451993,0.2536664493999589,0.1972406526108137,0.2374212265204301,0.0460723705235978,1D-CNN
S92,0.2814298039019477,0.2572133557964068,0.19088977999063925,0.23998847602318812,0.030478584287818418,1D-CNN
S93,0.21898042359459863,0.26218697443155153,0.23140683040927618,0.2575044313772179,0.029921340187355573,ANN
S94,0.27882178128579105,0.4394829011187558,0.13730567464977195,0.12602647403134234,0.01836316891433847,ANN
S95,0.5595000117661908,0.2703016149602592,0.0925144808774788,0.0626660468730753,0.01501784552299539,1D-CNN
S96,0.15283275193169887,0.12843152262869573,0.39725901505352657,0.2770034120277418,0.04447329835833695,BiLSTM
S97,0.11561981369125426,0.08195106167291978,0.33898183430840184,0.43379553727830045,0.029651753049123628,LSTM
S98,0.22624692028074392,0.3498570853582515,0.20516174078836197,0.1975984005374412,0.021135853035201227,ANN
S99,0.20621181054220059,0.7370542520511176,0.032497586596066816,0.020425066290549423,0.003811284520064987,ANN
S100,0.9266285100942802,0.034428628055449946,0.021698511349050688,0.013230231205060995,0.004014119296157319,1D-CNN
S101,0.3452467607978508,0.3051620413273262,0.16693804280843047,0.13970943314890183,0.04294372191748987,1D-CNN
S102,0.19000371505908986,0.2418530378038399,0.21625767710532717,0.32558467458980617,0.026300895441937085,LSTM
S103,0.14061661787423346,0.24205103856853372,0.33000411096332,0.2705950868506831,0.01673314574323099,BiLSTM
S104,0.028686754098557976,0.030373515449668403,0.30115185631545777,0.5890403704366768,0.050747503699639165,LSTM
S105,0.08226273243857106,0.10804342815713067,0.36178572709236,0.4186368534269884,0.029271258884950125,LSTM
S106,0.1031128183328237,0.06495855601633521,0.41632485251505885,0.37908349386308987,0.036520279272691615,BiLSTM
S107,0.08440918406019716,0.11088660702978682,0.46952663956355273,0.2940764703663042,0.041101098980159984,BiLSTM
S108,0.17131780865085272,0.32538715104844734,0.30089873073580015,0.15776296045303465,0.044633349111864666,ANN
S109,0.47802400377215104,0.18743904538843742,0.150836500424326,0.13639951371496892,0.04730093670011699,1D-CNN
S110,0.13970497609081337,0.16494906531504647,0.283210476971107,0.38578655486497615,0.026348926758056543,LSTM
S111,0.29612809465563095,0.2749274987329846,0.17189144058007902,0.223619725124003,0.03343324090730307,1D-CNN
S112,0.1329886446525538,0.3413939352522548,0.3329710691453543,0.16005760653718398,0.032588744412651964,ANN
S113,0.1683259633983663,0.07901976222856487,0.4236981712955307,0.29977787810921436,0.02917822496832505,BiLSTM
S114,0.17808806349041587,0.13632903641253394,0.5264659560185402,0.12302007574248872,0.03609686833602134,BiLSTM
S115,0.04290778947430952,0.26764729637512746,0.6162907360183553,0.06257577281398526,0.010578405318223627,BiLSTM
S116,0.18973694768766208,0.29363805228685447,0.3282985380997788,0.1620003909994801,0.02632607092622386,BiLSTM
S117,0.2177463646256061,0.2885612532498757,0.29864024093937475,0.16540846071070092,0.029643680474442415,BiLSTM
S118,0.3069878532148396,0.3120401443392421,0.2048517999499481,0.14457555136406294,0.03154465113190739,ANN
S119,0.2748296596909739,0.11528913042675466,0.20976799146261377,0.3519241886845626,0.04818902973509626,LSTM
S120,0.15433978977116145,0.17121991164729913,0.16017678769587976,0.4872106333107366,0.027052877574922606,LSTM
S121,0.4777234072728893,0.2730017184274196,0.08129947439828264,0.15205655038674243,0.015918849514666294,1D-CNN
S122,0.33512721664098055,0.22837696849151773,0.1647857071115705,0.23439506944314903,0.037315038312781865,1D-CNN
S123,0.31491538215603815,0.34456189705556367,0.12929839238417318,0.17926940975779235,0.03195491864643331,ANN
S124,0.27134990410487314,0.24877341885539161,0.177870623708213,0.26646908096547856,0.03553697236604328,1D-CNN
S125,0.317453110887885,0.16318908135918048,0.19258064191724905,0.28356176773262765,0.04321539810305752,1D-CNN
S126,0.353763753646613,0.1810241018916067,0.17521800574339233,0.24349754764595105,0.04649659107243656,1D-CNN
S127,0.14162749467411728,0.16534350786837299,0.24259429064571006,0.4051408190829417,0.04529388772885801,LSTM
S128,0.21160736986519985,0.22014470832932442,0.3033961398574258,0.23384821354772814,0.03100356840032198,BiLSTM
S129,0.19878935919256266,0.19952579796110798,0.2999386420451903,0.26809181659189263,0.03365438420924526,BiLSTM
S130,0.31824801894682786,0.39429312622325213,0.14385542711518168,0.12577376698560866,0.017829660729128425,ANN
S131,0.3674487650068492,0.2103301464149823,0.1979253342258324,0.18126045168868762,0.04303530266364835,1D-CNN
S132,0.056037364481340474,0.1649331403930411,0.17764179544177722,0.5794330542960716,0.021954645387769877,LSTM
S133,0.2319818920341868,0.29289721978760747,0.17991150112281806,0.2714724405092485,0.023736946546138442,ANN
S134,0.42855710778366324,0.33952146212086637,0.10228248673458482,0.11301254255371365,0.016626400807171367,1D-CNN
S135,0.25380238379951237,0.3038136091227426,0.20814461910708176,0.1992966738360024,0.03494271413466169,ANN
S136,0.15749294791662072,0.17973665475685716,0.38063478951626756,0.250756401531914,0.031379206278340975,BiLSTM
S137,0.07861200854834649,0.08964711609520952,0.3070986578542509,0.4922480846059722,0.032394132896221756,LSTM
S138,0.21902915512457583,0.5130783277133707,0.13374826957836541,0.12215393685553277,0.011990310728154301,ANN
S139,0.1438838673044473,0.1807298347989834,0.207581777646742,0.4108508047514163,0.05695371549841128,LSTM
S140,0.2279228154373228,0.10756972223788776,0.37179738184057914,0.254688376432363,0.038021704051847495,BiLSTM
S141,0.21517922534308379,0.2709408325815594,0.3036215014674861,0.18303220397665243,0.027226236631216934,BiLSTM
S142,0.2564907664046151,0.2107390026726446,0.2697447804623913,0.22888038593304627,0.034145064527303676,BiLSTM
S143,0.19987170636015764,0.4579166945062337,0.17933854776370217,0.1406787517158169,0.02219429965408914,ANN
S144,0.38148253461486176,0.2638844779705432,0.16559118253990315,0.15880655631518859,0.030235248559504057,1D-CNN
S145,0.2843886657039583,0.22089098851987313,0.19935547137128495,0.2596420221878546,0.03572285221702972,1D-CNN
S146,0.12516289137684392,0.181830093602597,0.2102288351620815,0.45936148789887066,0.023416691959606915,LSTM
S147,0.6692246066415412,0.03266939585405275,0.11991072269956327,0.16596223229267507,0.012233042512168642,1D-CNN
S148,0.1362602383336199,0.19940721654701946,0.2530820849156016,0.365148097300717,0.0461023629030414,LSTM
S149,0.058877788419342734,0.06781989719249064,0.42006003871551295,0.44352182952107533,0.009720446151579593,LSTM
S150,0.20022421992645076,0.24811530948328117,0.2061970109372406,0.2848633545874356,0.060600105065592165,LSTM
S151,0.3409940596346297,0.20014565534052348,0.1290786121831096,0.2695218051822398,0.06025986765949723,1D-CNN
S152,0.11569883232138176,0.248630584198843,0.32666707836163733,0.2801977051684005,0.028805799949736744,BiLSTM
S153,0.1596432317384935,0.14485070552066015,0.41152402988658465,0.25115737779660147,0.03282465505765953,BiLSTM
S154,0.189225967129669,0.27504344513017476,0.31423568713634703,0.192349792723547,0.02914510788026238,BiLSTM
S155,0.38186872735160615,0.25872465684658674,0.17611817352111706,0.15170697353130208,0.03158146874938802,1D-CNN
S156,0.21652302460350678,0.1791393790494158,0.22967585308542757,0.3326944969637259,0.04196724629792486,LSTM
S157,0.2348912717115084,0.17673283817105243,0.22323534985745644,0.3309589274959193,0.03418161276406346,LSTM
S158,0.19962869174772369,0.5386797404444454,0.11494448126199819,0.1294646731230384,0.017282413422794112,ANN
S159,0.23409353998466703,0.4651550246591761,0.15248705365547996,0.1263840446503148,0.021880337050362447,ANN
S160,0.08622453147076233,0.09409566601589171,0.4403578132660467,0.3532302007626444,0.02609178848465443,BiLSTM
S161,0.19687588968917602,0.2520682058802223,0.2807614193041742,0.2481156335032251,0.022178851623203735,BiLSTM
S162,0.3653547991693822,0.33443881632351863,0.1441454475424267,0.13608151251062023,0.019979424454051313,1D-CNN
S163,0.2645699481861178,0.20198765044180178,0.2100339879593105,0.28313983035267953,0.04026858306009014,LSTM
S164,0.15397025857633279,0.1724617197191145,0.22900163182649003,0.4118004704027872,0.03276591947527605,LSTM
S165,0.15586126705605127,0.5328283660317347,0.1337321104772274,0.1610097141930022,0.0165685422419838,ANN
S166,0.07022521498054929,0.06709450250413423,0.6151696661837436,0.21517759750615278,0.03233301882542008,BiLSTM
S167,0.25715055559981426,0.25928886296117803,0.20367922534531188,0.24258690984434264,0.037294446249353415,ANN
S168,0.25443359713146246,0.2558009396896935,0.18409041317650804,0.26073580434711574,0.04493924565521977,LSTM
S169,0.19211485574547454,0.13930373989159783,0.34740440097967046,0.28328249616144535,0.03789450722181226,BiLSTM
S170,0.31765277991675595,0.1432730131767208,0.23569900517793194,0.26366265827876284,0.03971254344982791,1D-CNN
S171,0.411005246341584,0.2017883560857498,0.14243016952737328,0.20930415198730046,0.035472076057993455,1D-CNN
S172,0.13090173117906861,0.16869738452957556,0.26848708793013987,0.3791349538630076,0.05277884249820802,LSTM
S173,0.01074695012995599,0.9502556334020668,0.017663766567020768,0.01869917114587643,0.002634478755080778,ANN
S174,0.366644274085753,0.5176708417916341,0.05539196751785546,0.04933158024681214,0.010961336357946156,ANN
S175,0.1313280651853335,0.26499139084214157,0.4018430036412011,0.15864484369535167,0.04319269663597169,BiLSTM
S176,0.09752357192031395,0.15236291698098114,0.5441929655966052,0.18508438513233091,0.02083616036976898,BiLSTM
S177,0.19398507324999856,0.15926645349008367,0.30786772156454806,0.30467224498836837,0.03420850670700138,BiLSTM
S178,0.2418039336586746,0.3391152499677309,0.20267710408271414,0.19088615740278048,0.02551755488810052,ANN
S179,0.5089735281352394,0.21832280660498327,0.1262325828695172,0.12571389287707863,0.020757189513181572,1D-CNN
S180,0.524694364794275,0.1042640647085494,0.1413536512092755,0.17690953144659455,0.05277838784130584,1D-CNN
S181,0.08297178790613652,0.20133573209793207,0.3754740127349019,0.31535530366684605,0.02486316359418413,BiLSTM
S182,0.18122441393175787,0.18966890874637282,0.39989218697000284,0.19935596793589547,0.029858522415971398,BiLSTM
S183,0.1615551312153453,0.1246193236033066,0.24091566530222072,0.42034949229986734,0.052560387579259425,LSTM
S184,0.3335408117566529,0.15284256060827875,0.15856643691562428,0.3199565117060561,0.03509367901338822,1D-CNN
S185,0.29169478825260614,0.06681402565194693,0.27949921354556195,0.3096759299214843,0.05231604262840068,LSTM
S186,0.1683555159817284,0.16377426905406006,0.38648772849284047,0.2483906194857129,0.03299186698565818,BiLSTM
S187,0.21994283784032365,0.1830142987098457,0.3175610635115337,0.24257171054035193,0.03691008939794486,BiLSTM
S188,0.24336158209199812,0.2121504066056688,0.2833419112644987,0.22355019591493808,0.037595904122895964,BiLSTM
S189,0.23073336894575883,0.09090888860418092,0.21493357545009398,0.3947037985757708,0.06872036842419567,LSTM
S190,0.17505472455168666,0.296304089834442,0.18692263031224626,0.3100351525017517,0.03168340279987354,LSTM
S191,0.29609655110617333,0.15897708240860983,0.20121026563361197,0.30988257885836157,0.033833521993243416,LSTM
S192,0.237403949228321,0.40929912459915874,0.1487458017434249,0.18014351664257996,0.024407607786514688,ANN
S193,0.07374590436734474,0.08018348384021586,0.5149599450649989,0.3028894108839,0.028221255843540544,BiLSTM
S194,0.1584948609568463,0.18937387497011512,0.3568690912321331,0.27226428537745895,0.022997887463446668,BiLSTM
S195,0.2479206601259724,0.3356758728668425,0.2326861720719806,0.16318222768252136,0.0205350672526839,ANN
S196,0.14220516819441037,0.6609573327581459,0.11878127549650173,0.06578663129893726,0.012269592252004293,ANN
S197,0.2482800501720753,0.3947831756953638,0.2273361618254024,0.10550903738884121,0.024091574918317465,ANN
S198,0.3316065495560811,0.31455564221040466,0.21202646790450094,0.11042838400572748,0.03138295632328534,1D-CNN
S199,0.35776471415904987,0.27528089827557894,0.18845200557418393,0.1384878789680717,0.04001450302311505,1D-CNN
S200,0.22658421151318955,0.0954406301230472,0.1996346103061589,0.437827641697297,0.040512906360307015,LSTM
S201,0.15332322055220002,0.254401772408763,0.23804764807328824,0.331604634583973,0.022622724381776954,LSTM
S202,0.1831117451254855,0.21856891304552664,0.3171111794968159,0.2507114815995512,0.03049668073262119,BiLSTM
S203,0.13416345466019547,0.13777516537751175,0.36800223323198805,0.3225124467906478,0.03754669993965713,BiLSTM
S204,0.19488660662434334,0.30674242548135855,0.27873148324545266,0.1931723713433411,0.026467113305504726,ANN
S205,0.39918481976684494,0.2746516132324681,0.16617680479261562,0.1305622292647815,0.029424532943288867,1D-CNN
S206,0.23427953569217086,0.21586909422726042,0.20407172267374002,0.30948595895951114,0.036293688447317805,LSTM
S207,0.18449953751858986,0.2022460330401557,0.2062327059860315,0.3798784555627829,0.027143267892440908,LSTM
S208,0.1697687765183954,0.22802617803179717,0.28961909123802737,0.2798533929219957,0.0327325612897841,BiLSTM
S209,0.13045037208280894,0.1575785460773575,0.37195049399083424,0.3075641053765221,0.03245648247247667,BiLSTM
S210,0.31396839985939173,0.3672532474832469,0.17247924579728252,0.12585628846149452,0.020442818398584108,ANN
S211,0.20174299357883965,0.08906768556334767,0.27422530058176164,0.3643181833339429,0.0706458369421079,LSTM
S212,0.09529323437019493,0.259446381089709,0.17121395246927618,0.4549723442607567,0.01907408781006308,LSTM
S213,0.13238044334767696,0.12562089065917442,0.33920381669247307,0.32332154352038306,0.07947330578029238,BiLSTM
S214,0.813546192593354,0.07201445682233049,0.045428362395345395,0.0516446513859533,0.017366336803016965,1D-CNN
S215,0.21156190944148215,0.124814339308739,0.12422536431348205,0.49138808361461433,0.048010303321682206,LSTM
S216,0.15930164143173695,0.26735958926424824,0.2592108479801341,0.2885084388069551,0.025619482516926525,LSTM
S217,0.18025965457215684,0.3123462125821286,0.2841138958476075,0.198295766165245,0.024984470832862222,ANN
S218,0.1585177809742018,0.24237767689089504,0.3325505923284434,0.2345501741242313,0.03200377568222913,BiLSTM
S219,0.17181520645432724,0.46333585357744966,0.22240604615397339,0.1217928643216115,0.020650029492637053,ANN
S220,0.43443864197580684,0.42655320465890206,0.09911511042063202,0.029609528764143463,0.010283514180517365,1D-CNN
S221,0.5942056276190132,0.19025351227558263,0.13450112390501467,0.0352207832876809,0.04581895291270869,1D-CNN
S222,0.13334650709976628,0.3175804147153722,0.4089013867144731,0.1169337770344871,0.02323791443590261,BiLSTM
S223,0.19370276410596354,0.26303718766348416,0.29034262082888795,0.20944445136386086,0.043472976037804034,BiLSTM
S224,0.1496307819059769,0.2318661164395657,0.4054346922721031,0.17849307496538216,0.034575334416971845,BiLSTM
S225,0.37857492813086696,0.15257741831438998,0.21734758152344713,0.20901754834094097,0.042482523690354775,1D-CNN
S226,0.1712823344963114,0.23128317615925412,0.4008640873884499,0.15307608852255467,0.043494313433430375,BiLSTM
S227,0.09297853418005031,0.22405708251355663,0.46201000672725767,0.19906880052566067,0.021885576053474583,BiLSTM
S228,0.17246210355431413,0.1509485592713108,0.4773379229966387,0.15943244488181943,0.03981896929591611,BiLSTM
S229,0.14818306689935756,0.28445902417684416,0.3765630165146706,0.164495466366841,0.026299426042286873,BiLSTM
S230,0.20978549394631332,0.3796087155475895,0.2516958132744685,0.13470966701558448,0.02420031021604408,ANN
S231,0.21434654425401573,0.3000169955627809,0.3047140802995778,0.14961105439855937,0.031311325485066197,BiLSTM
S232,0.30830723123774423,0.20879006197159103,0.2212692048757442,0.22237511610760619,0.039258385807313854,1D-CNN
S233,0.21506922748572185,0.2140059049682101,0.22217365549294602,0.3129194211849078,0.03583179086821504,LSTM
S234,0.23419260716929358,0.20902672450780618,0.21661267341798388,0.3102107857520509,0.029957209152865677,LSTM
S235,0.25060598373745624,0.1363535543150793,0.25905223727042864,0.31127321935997776,0.04271500531705809,LSTM
S236,0.11465683058042953,0.4082156038009691,0.26802247069671714,0.1887531255911349,0.020351969330748315,ANN
S237,0.2069861237815081,0.27491854261127674,0.28950160368457606,0.20356921505287937,0.025024514869760452,BiLSTM
S238,0.3237747788350236,0.15446583447183385,0.29017138725398556,0.20055761885741988,0.031030380581735986,1D-CNN
S239,0.17731863598683664,0.4053584423092933,0.2395869723786753,0.15234129669012245,0.025394652635073515,ANN
S240,0.5800630885636111,0.21543811673328878,0.11597060410965326,0.07049253367952613,0.01803565691392033,1D-CNN
S241,0.2903615905813435,0.2670590191099264,0.24217963991823815,0.16300425562798393,0.0373954947625079,1D-CNN
S242,0.11398378846362278,0.1983038674119789,0.19068322319573622,0.47982811293215466,0.017201007996506756,LSTM
S243,0.03160603051125687,0.06766772874135672,0.7689940269876908,0.10463147634677157,0.027100737412924424,BiLSTM
S244,0.010876617328591109,0.7535357821049944,0.21279413487699186,0.019121450109314486,0.0036720155801074563,ANN
S245,0.35090938876204664,0.23000704069667577,0.18246959609937582,0.20136320433313704,0.03525077010876562,1D-CNN
S246,0.29286765121106695,0.2964767180486048,0.16919807532923511,0.20962577737006166,0.03183177804103099,ANN
S247,0.26424578837662793,0.22256840495419367,0.19677201177393625,0.2811290333778346,0.03528476151740742,LSTM
S248,0.22771010828269284,0.5435295847906668,0.0951336381605013,0.11700936689627145,0.016617301869867374,ANN
S249,0.14334454451839013,0.20142289264759686,0.32169336508883994,0.30165183296508824,0.03188736478008424,BiLSTM
S250,0.188866799880166,0.19777549552561005,0.3115637772593188,0.27357482796533245,0.028219099369573442,BiLSTM
S251,0.2569622086849162,0.38165275943899213,0.18495292828071452,0.15413849079881847,0.022293612796558226,ANN
S252,0.2693382325698024,0.19393849944752417,0.24202804592423033,0.2523890561110589,0.042306165947384226,1D-CNN
S253,0.0678169364789972,0.07744855018134898,0.15522367180172053,0.6803897232357842,0.01912111830214839,LSTM
S254,0.022618464374216468,0.9341021511657421,0.015186983104547006,0.026504980440799204,0.0015874209146947624,ANN
S255,0.05615677999024952,0.07928470507131676,0.543304068185334,0.2923564539853578,0.02889799276774173,BiLSTM
S256,0.1767991752176869,0.3088416088275196,0.3020626600568469,0.19281195751669605,0.019484598381251005,ANN
S257,0.21422823595435384,0.22533463963581607,0.29173385754587733,0.23818819947947967,0.030515067384473408,BiLSTM
S258,0.2934716265762413,0.23630278815491096,0.20084910947750823,0.23147180191839006,0.037904673872950025,1D-CNN
S259,0.2440092870100217,0.2568321586369854,0.19678190867483247,0.26707323605773053,0.035303409620430215,LSTM
S260,0.20546211310790938,0.250717017915172,0.2326238043843786,0.2811345965381699,0.030062468054370156,LSTM
S261,0.19838305493350775,0.12044187202156023,0.34438807485043127,0.29980970756926245,0.036977290625237774,BiLSTM
S262,0.21608388765366926,0.18642348317987528,0.24669051330354783,0.3130707429932548,0.03773137286965376,LSTM
S263,0.14210445603369004,0.11100974570615603,0.2912789332284359,0.3948199233652984,0.060786941666419216,LSTM
S264,0.08741009090982681,0.1765039007559412,0.2581300426797531,0.4368049851555431,0.04115098049893543,LSTM
S265,0.39296722202656853,0.20842620282652932,0.15521283564073193,0.20959317311753933,0.03380056638863029,1D-CNN
S266,0.21321482576833067,0.2266767819147387,0.22257851198896847,0.2901715725293153,0.04735830779864744,LSTM
S267,0.15317439121398663,0.27445099761204017,0.2869693625879168,0.252382075265701,0.033023173320355405,BiLSTM
S268,0.10917597157872834,0.07579829165658745,0.43305471958475145,0.34563317083170086,0.03633784634823233,BiLSTM
S269,0.29122389783770236,0.23018004467169845,0.18967982113298637,0.25501465673960205,0.03390157961801043,1D-CNN
S270,0.1663660378449247,0.14590426912982207,0.25914477428527233,0.3756264777373375,0.052958441002642985,LSTM
S271,0.12540878176583356,0.2858153776901468,0.2758521710585602,0.2814667372047245,0.031456932280733936,ANN
S272,0.1681380800173736,0.10646819264961986,0.3947226994840519,0.2921740405385111,0.03849698731044341,BiLSTM
S273,0.20290280064687624,0.18162387485880843,0.2799946931094941,0.30362508640091235,0.031853544983908764,LSTM
S274,0.39968830018128954,0.32088087974423957,0.12996117739292293,0.13215677952924784,0.01731286315230057,1D-CNN
S275,0.39414912203932573,0.2896023582369515,0.14288145552935258,0.14280307459331248,0.03056398960105788,1D-CNN
S276,0.1735347397535262,0.23295493201303036,0.24257725197087165,0.31648757571694897,0.034445500545622294,LSTM
S277,0.2284694999328516,0.286821437691229,0.2155364504278768,0.24013294670709737,0.0290396652409449,ANN
S278,0.24723514484122433,0.25924621425623356,0.2368351137270266,0.22555608360300808,0.031127443572507282,ANN
S279,0.1214176114195771,0.04913103851190188,0.4601747598250633,0.32506277181574145,0.04421381842771635,BiLSTM
S280,0.12399934805271556,0.11720132399650936,0.29659993078578156,0.4350038688674579,0.027195528297534636,LSTM
S281,0.5026742786645364,0.30638239865182076,0.09369604954559464,0.08754878205884993,0.009698491079198223,1D-CNN
S282,0.4877923789781687,0.22643963792914773,0.14611268890263412,0.12006596493492284,0.019589329255126738,1D-CNN
S283,0.2287018531070216,0.5351543948480147,0.13043480140083497,0.08444954274170924,0.021259407902419345,ANN
S284,0.3057198281409906,0.25664772467695257,0.19712342693346516,0.20223995575667195,0.03826906449191898,1D-CNN
S285,0.2226680629477655,0.22377890207625606,0.2146987692161445,0.31117741093084894,0.027676854828985617,LSTM
S286,0.29411800222674994,0.25876508936470244,0.19568467167641024,0.22696711867675282,0.02446511805538463,1D-CNN
S287,0.3948374036289675,0.4939127867887684,0.05737488585175099,0.04657107608852895,0.0073038476419853456,ANN
S288,0.1178115175495679,0.12487288161883547,0.46263283923527454,0.24856874126733955,0.046114020328982874,BiLSTM
S289,0.06979212094447639,0.08404546429073291,0.34437327487665287,0.47621036022148533,0.02557877966665282,LSTM
S290,0.17137875951842874,0.18471104155863566,0.2782107264871832,0.3374942823627472,0.028205190073005395,LSTM
S291,0.24065730282674577,0.40677646925652866,0.19619173379994131,0.13440193326534056,0.02197256085144404,ANN
S292,0.17283754391944756,0.23542624424538955,0.39903615020113464,0.1551414020674945,0.03755865956653476,BiLSTM
S293,0.43582785190842377,0.1258255815689495,0.20104856251895573,0.18598081719463486,0.051317186809036894,1D-CNN
S294,0.2606069854185097,0.18886708337909827,0.19142670331975972,0.31981170570970324,0.039287522172928656,LSTM
S295,0.13338378119173278,0.15587406766209272,0.24940638188736883,0.43079173653651437,0.030544032722290587,LSTM
S296,0.20779842906220206,0.2637188575008582,0.31447962581651784,0.19215736080852397,0.021845726811899325,BiLSTM
S297,0.26659389064921235,0.27892682747893505,0.20456101444899077,0.21524986045934044,0.034668406963520096,ANN
S298,0.27683967177478,0.325527038611152,0.16925206489129857,0.19515591987479858,0.03322530484797145,ANN
S299,0.26855188920849093,0.2064884879589602,0.22254959767620186,0.2645897811634828,0.037820243992863246,1D-CNN
S300,0.28610034832821224,0.39358879311850214,0.15335979873516253,0.14296635616961442,0.023984703648507716,ANN
S301,0.13115288687245286,0.14036008634200758,0.3820302418753826,0.30574365681787014,0.04071312809228616,BiLSTM
S302,0.27718427281218944,0.2459244169384182,0.2399845044394516,0.21194496091728823,0.02496184489265219,1D-CNN
S303,0.34152268776483635,0.1807564898491611,0.22206326942520196,0.22680422639988213,0.028853326560919268,1D-CNN
S304,0.33762687487682674,0.38494720776749897,0.14507966603571107,0.11020135603372443,0.022144895286239044,ANN
S305,0.0004217472518651491,0.0007549339916142711,0.004708882181518139,0.9937280805927194,0.00038635598228321723,LSTM
S306,0.08936204084233935,0.6033636144236886,0.08008591344926881,0.21976544742224194,0.007422983862460789,ANN
S307,0.39703304622701074,0.31849784165956124,0.11774120768911751,0.14874032928405678,0.017987575140253478,1D-CNN
S308,0.21344285025038917,0.29345549447820146,0.2700226537190748,0.19667819315861626,0.026400808393718247,ANN
S309,0.2028818240234409,0.280538855540424,0.2668061225776849,0.21676812058062778,0.03300507727782245,ANN
S310,0.1644262788132643,0.2634190588525382,0.21427705668571728,0.3066583871551311,0.05121921849334886,LSTM
S311,0.2723140397651147,0.18993188562401636,0.20050422097935444,0.28183546813702404,0.05541438549449072,LSTM
S312,0.14705105530642426,0.21671267814144948,0.33330345725785765,0.27066291044934304,0.03226989884492666,BiLSTM
S313,0.05371543883093539,0.04435305479197627,0.5418482605233396,0.3292818516625844,0.03080139419116347,BiLSTM
S314,0.46571683629138233,0.24491365165188111,0.16183745565943553,0.11442226507447459,0.013109791322827115,1D-CNN
S315,0.15822265091439444,0.795551935736838,0.03045910902300955,0.013167449831925318,0.002598854493833306,ANN
S316,0.25510663139422934,0.5081714263470593,0.15094752702457173,0.06905323362351146,0.01672118161062804,ANN
S317,0.45282177714214134,0.2008949749968291,0.18669401479784434,0.12852056740145362,0.031068665661732428,1D-CNN
S318,0.1380629323274317,0.6388551544328025,0.13598115615482217,0.07201204304662272,0.015088714038320992,ANN
S319,0.30971228122337924,0.2911111756667842,0.18426332580298116,0.17329672810732208,0.041616489199533306,1D-CNN
S320,0.24347812791474785,0.23193230749776192,0.2408570205029999,0.24088284078439198,0.04284970330009868,1D-CNN
S321,0.2363743146966411,0.13193543248376405,0.21966672181317473,0.3684999543991269,0.043523576607294244,LSTM
S322,0.27728069693624136,0.26815813787054066,0.17903415826632432,0.2398908404859391,0.03563616644095535,1D-CNN
S323,0.32803641018743873,0.18834142483949637,0.19373559986900335,0.2539491213002088,0.035937443803853365,1D-CNN
S324,0.18698885692390071,0.5340046860479627,0.11973122779745675,0.13811881555751387,0.021156413673167028,ANN
S325,0.46061440986986435,0.30754559703866935,0.10438383146973977,0.10347823990635788,0.023977921715368625,1D-CNN
S326,0.2530267407571771,0.269949585588431,0.20297016540832521,0.2245567677917581,0.049496740454308776,ANN
S327,0.05892190617652238,0.023769697194002078,0.2537763250047594,0.6210015970979217,0.04253047452679463,LSTM
S328,0.1802023584122535,0.2571411895308288,0.31246779823113296,0.22304542444673198,0.027143229379052072,BiLSTM
S329,0.3163857251914205,0.20581346795416564,0.24672325919616336,0.20302180783867224,0.028055739819578027,1D-CNN
S330,0.28501698834506867,0.2630575825596925,0.20303369180992714,0.21613955770877163,0.032752179576540315,1D-CNN
S331,0.20179714615008257,0.1727876977061349,0.2398310825257675,0.3437097508563838,0.04187432276163064,LSTM
S332,0.12278704618519838,0.20146682796122795,0.25628695083298875,0.38898828451825446,0.030470890502330105,LSTM
S333,0.13210778802091036,0.7318271945061029,0.07110942011973354,0.057869251121682085,0.007086346231571935,ANN
S334,0.4388742717923132,0.2870085864987977,0.14272039982953394,0.10737405706814328,0.02402268481121292,1D-CNN
S335,0.35716786717781807,0.19131455687269383,0.17022324028399463,0.22950447700846213,0.051789858657031056,1D-CNN
S336,0.13126483703922776,0.11020027127443638,0.5426682899203974,0.18858613913489541,0.02728046263104233,BiLSTM
S337,0.39683573526855764,0.03512363681280498,0.25563529364733334,0.2907766365811765,0.021628697690126864,1D-CNN
S338,0.29724835162342145,0.31486865989101426,0.12944072133775314,0.22980634771973252,0.028635919428079724,ANN
S339,0.1816839486938812,0.1778989368656954,0.3586176979407242,0.24580360166294826,0.03599581483675021,BiLSTM
S340,0.2089685001459344,0.23123041766225833,0.31375914519497367,0.21152051900735994,0.03452141798947401,BiLSTM
S341,0.2971000076001328,0.12726668831400673,0.20530603487545643,0.3168677521207821,0.05345951708962216,LSTM
S342,0.09776448112855834,0.057688422192674504,0.1812001981527134,0.6010562300038378,0.062290668522215785,LSTM
S343,0.06249355561722739,0.35117985305151644,0.2568542325404267,0.3073164597492658,0.022155899041563135,ANN
S344,0.14754704550461376,0.16573256780937906,0.3927325858820762,0.2601615811738003,0.03382621963013042,BiLSTM
S345,0.20892186892037556,0.17371472061068685,0.29010763597904504,0.29300043787094354,0.03425533661894942,LSTM
S346,0.3366240673915503,0.22323851510242723,0.18176051551438166,0.22656381722711785,0.031813084764522534,1D-CNN
S347,0.24482906666497298,0.1514644227264798,0.2268741560970859,0.33342090166052785,0.043411452850934465,LSTM
S348,0.119083150675473,0.36102897842079773,0.20972981771009291,0.2834162799655908,0.02674177322804534,ANN
S349,0.23343801379585022,0.4222351189184023,0.16030797805143532,0.1631095875572783,0.02090930167703487,ANN
S350,0.3200339357833562,0.21090626267134374,0.20271624927654242,0.22405398288306239,0.04228956938569507,1D-CNN
S351,0.22393289140747735,0.21683865388834514,0.27865722882424737,0.2442436992394215,0.03632752664050726,BiLSTM
S352,0.22191280825403453,0.2369387897523352,0.2741589656453375,0.23551584872488276,0.03147358762341008,BiLSTM
S353,0.23832003050694725,0.15775748141114976,0.2558678156687401,0.30715676396029873,0.04089790845286398,LSTM
S354,0.22256571514611392,0.1811236558119077,0.25066700859697183,0.30252231397623164,0.043121306468774885,LSTM
S355,0.14631856451117445,0.2696620296339073,0.24866083311803103,0.30087713603662053,0.034481436700268105,LSTM
S356,0.0012668172735476933,0.9977170219908736,0.0005025218207666376,0.00044609208587591156,6.754682893640948e-05,ANN
S357,0.48896983745600225,0.2980466848221156,0.12203739448336114,0.06741088066408858,0.02353520257443315,1D-CNN
S358,0.13957510246656415,0.2465033818969396,0.43901783053708043,0.1387369779712382,0.036166707128177274,BiLSTM
S359,0.09809843016322235,0.02486755005296399,0.1410385943441945,0.7275012045610935,0.008494220878526044,LSTM
S360,0.08913889941520635,0.5354406174600472,0.16182946049995112,0.19913174575315876,0.014459276871636869,ANN
S361,0.5301508990980426,0.30883516482197465,0.07653667564636549,0.0740614465448502,0.010415813888767726,1D-CNN
S362,0.4606226280770701,0.1752001070516316,0.15404436851564,0.17609220227037936,0.0340406940852786,1D-CNN
S363,0.26616743989088776,0.4001848974100848,0.12727505553838805,0.1718485294718612,0.03452407768877815,ANN
S364,0.20104834403599772,0.22491520330122985,0.3465062118487986,0.1960204891546567,0.03150975165931748,BiLSTM
