Segment,1D-CNN,ANN,BiLSTM,LSTM,Selected
S1,0.9970914281435841,0.0009163425088449232,0.0017460080275958428,0.0002462213199744514,1D-CNN
S2,0.8011695886242302,0.16955893239164954,0.02515426661887505,0.004117212365246088,1D-CNN
S3,0.35647111350119914,0.34363911449842255,0.2462805903526533,0.053609181647724546,1D-CNN
S4,0.2451508747104228,0.5152580285043239,0.198302557023413,0.04128853976184011,ANN
S5,0.13468211844241584,0.21248465822628518,0.6289922773922197,0.02384094593907961,BiLSTM
S6,0.13042511278030716,0.23032912029473976,0.5690780293015371,0.07016773762341627,BiLSTM
S7,0.14010178480745689,0.12992241327025797,0.6474817532245141,0.08249404869777113,BiLSTM
S8,0.1738972439360147,0.24978771388870336,0.5232029610084711,0.053112081166811494,BiLSTM
S9,0.4275642069582574,0.40574376849874905,0.15150449336681918,0.015187531176174471,1D-CNN
S10,0.6147459243458008,0.37851682576776985,0.0060768733262399075,0.0006603765601890777,1D-CNN
S11,0.2514932370719191,0.7059257299101311,0.034029871133800065,0.008551161884149897,ANN
S12,0.06619524942301934,0.0781224991196516,0.826244338428773,0.029437913028555793,BiLSTM
S13,0.002153217242795691,0.9870588515860265,0.010308530761442461,0.0004794004097353835,ANN
S14,0.14285380245313456,0.18709068696999673,0.6282961515419556,0.0417593590349125,BiLSTM
S15,0.0,0.0,0.0,0.0,1D-CNN
S16,0.0,0.0,0.0,0.0,1D-CNN
S17,0.6529899669141169,0.3267499956266712,0.019186032123120537,0.0010740053360917957,1D-CNN
S18,0.328652765407848,0.22374082012155033,0.44322909318939774,0.004377321281203672,BiLSTM
S19,0.3091875875490493,0.25329012008650986,0.26463648060560224,0.17288581175883838,1D-CNN
S20,0.5577686334520601,0.2923305195471831,0.1379274510005695,0.011973396000187389,1D-CNN
S21,0.3279393971433393,0.272150543754631,0.35273166123972083,0.04717839786230875,BiLSTM
S22,0.35894615850246964,0.2602269856184404,0.28128195889158175,0.09954489698750821,1D-CNN
S23,0.08875526381300144,0.33222807672913385,0.5019610793013806,0.0770555801564837,BiLSTM
S24,0.3735630207797492,0.36075484750685527,0.2492126387678544,0.01646949294554072,1D-CNN
S25,0.36944106107348096,0.5971976766056456,0.03261366496842898,0.0007475973524461034,ANN
S26,0.06131367404394418,0.7763894877242328,0.15668765032717402,0.0056091879046486276,ANN
S27,0.9053787191862035,0.06514957615888958,0.027652844805673392,0.0018188598492333793,1D-CNN
S28,0.412676881184147,0.32082206838415467,0.2501850428988255,0.016316007532872503,1D-CNN
S29,0.4208999991321356,0.26209769869974753,0.22059701078964208,0.09640529137847492,1D-CNN
S30,0.993745195643518,0.002998639155964454,0.002646054193276841,0.0006101110072410295,1D-CNN
S31,0.25770363524532436,0.25276729269909465,0.36349080442081927,0.12603826763476175,BiLSTM
S32,0.2317169412799201,0.40144284555953597,0.32497890077623043,0.041861312384313586,ANN
S33,0.999476804648819,0.00024086625649616736,0.00024225120208322195,4.007789260124463e-05,1D-CNN
S34,0.33371021279959556,0.6586775805760531,0.006428304590755999,0.0011839020335957556,ANN
S35,0.18960886187065282,0.28795869881965863,0.43143496877850696,0.09099747053118158,BiLSTM
S36,0.1523807650823115,0.4277657290013449,0.37748970575080076,0.042363800165542365,ANN
S37,0.09962991745664143,0.30388709857741575,0.5309579097741426,0.06552507419180058,BiLSTM
S38,0.2339684288906294,0.29848300283225615,0.41822082310242015,0.04932774517469431,BiLSTM
S39,0.0,0.0,0.0,0.0,1D-CNN
S40,0.0,0.0,0.0,0.0,1D-CNN
S41,0.8734620639400361,0.10310953543620659,0.02000517120416115,0.0034232294195954325,1D-CNN
S42,0.0018042098101238265,0.9979011685372048,0.00022998150340007237,6.464014927143617e-05,ANN
S43,0.2990953307685054,0.3118120886849963,0.32089261831391785,0.06819996223258011,BiLSTM
S44,0.11458375081578999,0.7977051291891112,0.08272488493721193,0.004986235057886609,ANN
S45,0.1985291221936863,0.203653105943282,0.4833481894178775,0.11446958244515439,BiLSTM
S46,0.9773022780770686,0.02140762858762921,0.0011180436069443658,0.00017204972835917995,1D-CNN
S47,0.08777202640192308,0.3458014222741851,0.5048632898999572,0.061563261423934715,BiLSTM
S48,0.2230535870915475,0.12925167476868654,0.6129803208757169,0.034714417264049134,BiLSTM
S49,0.379542844065445,0.1949467260627242,0.3904043086580026,0.03510612121382897,BiLSTM
S50,0.9105748016333592,0.07566423151973221,0.012402055544065389,0.0013589113028435805,1D-CNN
S51,0.11430507765111936,0.8812456446202823,0.003988348572870676,0.00046092915572714006,ANN
S52,0.40997408781577305,0.3277591376521807,0.21390798085611665,0.048358793675929254,1D-CNN
S53,0.2742840667925696,0.5253459352245471,0.15098575368100137,0.049384244301881666,ANN
S54,0.3472921649816314,0.2896899538049779,0.343596839676935,0.019421041536455446,1D-CNN
S55,0.04431696323253417,0.9531624354205511,0.0023272355563325633,0.00019336579058156208,ANN
S56,0.5405370768248212,0.44937108213688404,0.008941518493071843,0.001150322545223056,1D-CNN
S57,0.286910551394923,0.32418040007697324,0.34161058666082783,0.04729846186727624,BiLSTM
S58,0.22401986485303693,0.34224478152957644,0.3758402010392557,0.057895152578130986,BiLSTM
S59,0.0018329250107439834,0.990423006260514,0.00697990304009629,0.0007641656886461518,ANN
S60,0.08548583824469852,0.06963258870605453,0.8081097157152306,0.03677185733401654,BiLSTM
S61,0.30358155367928213,0.2686921134759513,0.3903110700211853,0.03741526282358109,BiLSTM
S62,0.4840707706872882,0.4261868948018427,0.08113671221931759,0.008605622291551644,1D-CNN
S63,0.40403987161365884,0.5312398795686221,0.054778728281084,0.009941520536635124,ANN
S64,0.06360963541211613,0.03964509794840041,0.8828201390899793,0.013925127549504679,BiLSTM
S65,0.07262413241393648,0.08559317094358566,0.8302593257918309,0.011523370850646896,BiLSTM
S66,0.0399308297361175,0.04640336341726853,0.90588874609058,0.00777706075603459,BiLSTM
S67,0.0,0.0,0.0,0.0,1D-CNN
S68,0.701802661772913,0.2480157216975868,0.04293669494587595,0.0072449215836238555,1D-CNN
S69,0.25818355362018025,0.7312766669964202,0.008572484690098038,0.0019672946933014493,ANN
S70,0.4008474019667895,0.4683332765140445,0.0979136180502884,0.03290570346887769,ANN
S71,0.32148813401769477,0.32512893334504916,0.2655064851978905,0.08787644743936579,ANN
S72,0.41360770235290883,0.5759402705901864,0.009037006724430158,0.001415020332474449,ANN
S73,0.14398405478869625,0.6402282924342844,0.19072472350574643,0.025062929271273154,ANN
S74,0.42164025128342086,0.38191575230530705,0.17189908372094698,0.024544912690325334,1D-CNN
S75,0.1353848691848435,0.18332107282106133,0.6085253969473541,0.07276866104674114,BiLSTM
S76,0.11480313085443304,0.3945528513818842,0.44132521028395294,0.049318807479729734,BiLSTM
S77,0.9253442223922423,0.03194094539431798,0.038033803936648986,0.004681028276790444,1D-CNN
S78,0.9995948194238957,0.00026590300383825963,0.00011926881872375966,2.0008753542760507e-05,1D-CNN
S79,0.26680951216334786,0.29504598055226267,0.35207211382022435,0.0860723934641651,BiLSTM
S80,0.013712620719764033,0.18803329073833283,0.7934154342018307,0.004838654340071879,BiLSTM
S81,0.3830383285419028,0.2564555476505271,0.3150514514386689,0.045454672368901224,1D-CNN
S82,0.4568192533399912,0.4284394858885504,0.0983039888225062,0.016437271948951504,1D-CNN
S83,0.248250132167852,0.2795244570096283,0.36169720683858375,0.11052820398393554,BiLSTM
S84,0.010121020421388452,0.062445042048061804,0.9265155009309185,0.0009184365996310304,BiLSTM
S85,0.12599695229677033,0.7608858562717561,0.09959620418300168,0.013520987248472663,ANN
S86,0.47408410586652866,0.20340445355177794,0.27140010508464807,0.05111133549704575,1D-CNN
S87,0.5191074329667225,0.3388904959835822,0.12061067654361814,0.021391394506077153,1D-CNN
S88,0.8602546839729223,0.09583021873896987,0.040249410214544444,0.0036656870735628177,1D-CNN
S89,0.47749945022417084,0.27057185178470566,0.1991933225876335,0.05273537540349027,1D-CNN
S90,0.21511101747959027,0.2722360593407667,0.49619671895288187,0.01645620422676196,BiLSTM
S91,0.3206709078561621,0.616001110953579,0.05073512025514075,0.012592860935118428,ANN
S92,0.06222083739628706,0.9229394370192691,0.011127987108739206,0.003711738475704597,ANN
S93,0.28030992537339294,0.3246355684239925,0.2891078698610029,0.10594663634161174,ANN
S94,0.2613263791520339,0.4969634773641468,0.21937774945490257,0.022332394028916683,ANN
S95,0.5409385724400179,0.30030393531728783,0.12947696938873593,0.029280522853958595,1D-CNN
S96,0.1840578648983869,0.14869644973566173,0.5586774450209834,0.10856824034496791,BiLSTM
S97,0.1324106976046337,0.5970239854458239,0.2283195243734988,0.042245792576043745,ANN
S98,0.0501829346404492,0.8902936297598663,0.052309906966574726,0.007213528633110229,ANN
S99,0.20404036944341536,0.5300998795411987,0.2566880333734651,0.009171717641920004,ANN
S100,0.8476324732266328,0.14488194394758613,0.00689902384584954,0.0005865589799310537,1D-CNN
S101,0.06931893897776119,0.928617651109294,0.0018141946792065299,0.00024921523373807035,ANN
S102,0.24030140765726246,0.30222310251105483,0.3092835742747416,0.14819191555694125,BiLSTM
S103,0.01783916235213248,0.023005785841842045,0.9554308102053856,0.0037242416006398,BiLSTM
S104,0.0016242410643929571,0.003874146325664264,0.9933449702297198,0.001156642380223055,BiLSTM
S105,0.029489847284084575,0.033535380159671384,0.9246571350536903,0.012317637502553809,BiLSTM
S106,0.14212687468780136,0.14459995116624183,0.6696153865688662,0.043657787577090656,BiLSTM
S107,0.2883600935439361,0.2278652852147734,0.41488286522398876,0.06889175601730116,BiLSTM
S108,0.4536140912129852,0.42661704666669054,0.11150524005218816,0.008263622068136394,1D-CNN
S109,0.8825207273596373,0.06720091071948348,0.04563855288764886,0.004639809033230862,1D-CNN
S110,0.21400615399310297,0.24498864668220485,0.4074926292979537,0.13351257002673836,BiLSTM
S111,0.42776500892512836,0.3633138039827286,0.179103722362861,0.029817464729282463,1D-CNN
S112,0.17249228334520644,0.4234953995915835,0.378673967152497,0.025338349910712953,ANN
S113,0.2215231264257267,0.1324216992638038,0.569434025463987,0.07662114884648269,BiLSTM
S114,0.67365401745472,0.07052152028972412,0.24653685318787105,0.009287609067684121,1D-CNN
S115,0.02956908625690448,0.13359695236687896,0.8219958632152456,0.014838098160970753,BiLSTM
S116,0.18963249335794524,0.289633323384119,0.4681550134879851,0.05257916976995065,BiLSTM
S117,0.33352539380028323,0.3000538862634674,0.3341994200319819,0.0322212999042671,BiLSTM
S118,0.9445492179266382,0.05389704142223898,0.0014135068897160835,0.00014023376140773748,1D-CNN
S119,0.04350637835265885,0.9256699087646633,0.02668680674528801,0.004136906137390233,ANN
S120,0.4775954510136415,0.4575142638028546,0.05125495078194457,0.013635334401558947,1D-CNN
S121,0.9038632800707479,0.055741498815403676,0.033299411790515945,0.007095809323331996,1D-CNN
S122,0.896085082538361,0.05700862777573233,0.039612046962211274,0.007294242723695633,1D-CNN
S123,0.29668315954065083,0.33985742478516506,0.3166904556072167,0.04676896006696685,ANN
S124,0.1948221912140201,0.5259554049503621,0.22792770165196194,0.051294702183655824,ANN
S125,0.9998592999748405,7.421212008980861e-05,5.564294029886746e-05,1.0844964771279e-05,1D-CNN
S126,0.8365780097352502,0.07474662954456049,0.07466405285411885,0.014011307866070456,1D-CNN
S127,0.16736061675939937,0.19091301367337404,0.5168381477025915,0.12488822186463529,BiLSTM
S128,0.10555333696066364,0.14785677736359548,0.7094985729422232,0.037091312733517866,BiLSTM
S129,0.2101740326383744,0.6674849243986212,0.11014708754303877,0.012193955419966285,ANN
S130,0.9995731911644473,0.00031438194361180997,9.900321405346484e-05,1.3423677887829978e-05,1D-CNN
S131,0.5498859752541996,0.4452107391580819,0.004269452404914481,0.0006338331828043659,1D-CNN
S132,0.23292404253246032,0.3286504076680463,0.2804450147836919,0.15798053501580148,ANN
S133,0.4598252143829372,0.43858205332421796,0.08614442886933615,0.015448303423508896,1D-CNN
S134,0.8042300744211206,0.13328964685134786,0.05115238945238909,0.011327889275142566,1D-CNN
S135,0.2844258961336047,0.33156027062138194,0.3108425767999477,0.07317125644506599,ANN
S136,0.12794660652310672,0.4329823038279335,0.4224651136572885,0.016605975991670886,ANN
S137,0.20947735769174936,0.23377035768938806,0.4730378884643214,0.08371439615454143,BiLSTM
S138,0.013902647534681935,0.9794108712665899,0.005782087858606112,0.0009043933401214777,ANN
S139,0.40544649884188866,0.34784815497524024,0.20089126060243984,0.045814085580431,1D-CNN
S140,0.25820194181880485,0.13618402609514482,0.5169830177546721,0.08863101433137845,BiLSTM
S141,0.11474458491944871,0.39375139805338544,0.4693453328831161,0.022158684144049073,BiLSTM
S142,0.10577064497112006,0.1210273243044258,0.7418971404132966,0.03130489031115779,BiLSTM
S143,0.1717990305191216,0.31292914247099957,0.48985155468521546,0.0254202723246631,BiLSTM
S144,0.9143305274680962,0.0660053770576018,0.01719941149757397,0.0024646839767279495,1D-CNN
S145,0.33837581144251894,0.40127186561460887,0.19500058749552066,0.06535173544735134,ANN
S146,0.05572764667029742,0.08505646158649573,0.8427006215935784,0.016515270149629106,BiLSTM
S147,0.15109669804198383,0.0247387422818475,0.8119918334302907,0.012172726245879038,BiLSTM
S148,0.0700474926632414,0.0916360180951126,0.8079502356316159,0.030366253610029634,BiLSTM
S149,0.1318025315194835,0.1345413001077497,0.6643103037860963,0.06934586458667041,BiLSTM
S150,0.9369447249230789,0.03411811206255466,0.023971470344157825,0.004965692670209192,1D-CNN
S151,0.5649069245896725,0.24389019509782442,0.148477904070958,0.04272497624154515,1D-CNN
S152,0.06209954828293616,0.2515350224709649,0.6446931644977655,0.04167226474833324,BiLSTM
S153,0.11057949766535632,0.42411542634777466,0.42714281713452207,0.038162258852347676,BiLSTM
S154,0.6928998908047942,0.15209730432546406,0.141144443189481,0.013858361680259605,1D-CNN
S155,0.9501489923829074,0.03565102707774634,0.01259154040516585,0.0016084401341805192,1D-CNN
S156,0.5518500327057118,0.36473529939211896,0.06881147249112023,0.014603195411049269,1D-CNN
S157,0.7096361660849475,0.19235852572065312,0.079558584916235,0.018446723278164785,1D-CNN
S158,0.2434680743628863,0.5332299624673622,0.16656688594556815,0.056735077224183236,ANN
S159,0.13327889495761905,0.4238831478378962,0.4206330587034935,0.022204898500991735,ANN
S160,0.07422453268769175,0.14439931538256565,0.712918042545204,0.06845810938453882,BiLSTM
S161,0.1825543637606914,0.26769255576791,0.49311878012380667,0.056634300347591704,BiLSTM
S162,0.9781213506241656,0.015652710339545097,0.005506215551536208,0.0007197234847531662,1D-CNN
S163,0.6414399380482435,0.34723341636173977,0.00954769051818703,0.0017789550718303603,1D-CNN
S164,0.2685972605398277,0.26453563032610367,0.3491669481221493,0.11770016101191914,BiLSTM
S165,0.03252686386524686,0.8031314225983316,0.1569100409330752,0.007431672603346176,ANN
S166,0.023963006187772733,0.028896976633783,0.9272656424307124,0.019874374747731634,BiLSTM
S167,0.41591555048161444,0.3006718989262523,0.24607908681426668,0.037333463777866845,1D-CNN
S168,0.6910838965964233,0.17009779206884015,0.11454323941278363,0.024275071921952888,1D-CNN
S169,0.12353079924387675,0.08966394178425265,0.7315205624557779,0.05528469651609291,BiLSTM
S170,0.4869796234236081,0.2533880431223462,0.22864302108351894,0.030989312370526476,1D-CNN
S171,0.7540306873421296,0.1276671541113267,0.09781457391412095,0.0204875846324231,1D-CNN
S172,0.693083819877178,0.1626922552123205,0.11904466285016609,0.025179262060334776,1D-CNN
S173,0.026315369315010582,0.9175156463657933,0.04182824576506582,0.014340738554130589,ANN
S174,0.9932276128457447,0.0061318933391789465,0.0005814668999008102,5.902691517570992e-05,1D-CNN
S175,0.156135654773886,0.3542201016931215,0.4315827606431495,0.05806148288984326,BiLSTM
S176,0.03113647041811448,0.2751825804908777,0.6787291198606572,0.014951829230351557,BiLSTM
S177,0.23050478302680322,0.20633057345921085,0.4508984057906184,0.11226623772336744,BiLSTM
S178,0.3744620046817727,0.29042682802110475,0.30475347722572366,0.03035769007139823,1D-CNN
S179,0.9745590319222226,0.014878049826340238,0.009068065059473317,0.0014948531919640234,1D-CNN
S180,0.9999806822255661,1.848251130878252e-05,6.876072259331135e-07,1.4765589850316172e-07,1D-CNN
S181,0.1294969202065448,0.23843513758025758,0.5336257390032971,0.09844220320990069,BiLSTM
S182,0.12418296179262342,0.1819974382899232,0.6768831101823081,0.016936489735144757,BiLSTM
S183,0.42814165980897095,0.17015044501235285,0.27561662323868363,0.12609127193999212,1D-CNN
S184,0.5107257226916785,0.24212233234568717,0.2129017603280379,0.03425018463459693,1D-CNN
S185,0.3703085059364711,0.11433055018878147,0.36037530350989655,0.1549856403648512,1D-CNN
S186,0.06072238882911385,0.059492027642552306,0.8561975553445974,0.023588028183736755,BiLSTM
S187,0.15466785042808942,0.6548558854768505,0.17454972273539415,0.0159265413596656,ANN
S188,0.7345126893811132,0.17032604454028433,0.08235632287139322,0.012804943207209792,1D-CNN
S189,0.6922122022944911,0.24730405674772038,0.047757752198092564,0.01272598875969592,1D-CNN
S190,0.9246696137549233,0.040443369126507867,0.02824468826737695,0.006642328851192251,1D-CNN
S191,0.08998294090113715,0.8227864054138585,0.06752995870443133,0.019700694980573284,ANN
S192,0.019436424234010326,0.8781763511673277,0.09799823722000942,0.004388987378651591,ANN
S193,0.03769557466910388,0.10066988401501697,0.8259310805759764,0.03570346073990299,BiLSTM
S194,0.11562539373021699,0.2506934721141013,0.5807334025887552,0.05294773156692606,BiLSTM
S195,0.33795297122596435,0.3067193534520719,0.3219492915245231,0.033378383797440986,1D-CNN
S196,3.6608137639320626e-06,0.99999589412177,4.0636879318844484e-07,3.8695672355091504e-08,ANN
S197,0.23038222522009097,0.3555760891387275,0.3739729126506835,0.04006877299049778,BiLSTM
S198,0.4641984568463415,0.28424310552472104,0.23439240516189067,0.017166032467046753,1D-CNN
S199,0.822333878336878,0.12728889041187738,0.04428119434281746,0.006096036908427357,1D-CNN
S200,0.9984650137438108,0.0011409975419186375,0.00030200007356977497,9.198864070044318e-05,1D-CNN
S201,0.19665997264738813,0.27538941494993713,0.42474488046015496,0.10320573194252042,BiLSTM
S202,0.09065948735960462,0.10513111326263025,0.7807013648632161,0.02350803451454903,BiLSTM
S203,0.13345634306607637,0.35683690861805223,0.46635505361264346,0.043351694703228236,BiLSTM
S204,0.9894413705958645,0.009379212266321704,0.0010592061193902345,0.00012021101842320553,1D-CNN
S205,0.2047726658703233,0.7930517971679919,0.0019533675024451655,0.00022216945923992466,ANN
S206,0.0008776369919511741,0.9985996509782413,0.0004711114121710904,5.160061763636174e-05,ANN
S207,0.26746084610173587,0.27718833596970444,0.3144035082863676,0.1409473096421922,BiLSTM
S208,0.0026305805260204893,0.9914206903518914,0.005015259639737657,0.0009334694823493832,ANN
S209,0.3052380167395424,0.33415243508845477,0.3176925882653142,0.04291695990668802,ANN
S210,0.6218950426875751,0.3588146022510815,0.01755601126055476,0.0017343438007886465,1D-CNN
S211,0.17777202117308039,0.23674374633667056,0.5387122033227117,0.04677202916753711,BiLSTM
S212,0.08506029536867059,0.6946245719595666,0.161601639855787,0.058713492815976265,ANN
S213,0.37650425393157194,0.27391598004223794,0.30955851272416957,0.04002125330201996,1D-CNN
S214,0.9988296753333881,0.0008025506881765364,0.0003212644149449393,4.650956349102027e-05,1D-CNN
S215,0.963397844674409,0.025888612700807882,0.008309037805155897,0.002404504819627425,1D-CNN
S216,0.12857789492024332,0.595695995928771,0.20823413727917076,0.06749197187181502,ANN
S217,0.14970548900397979,0.4308063946979309,0.3782636838404743,0.04122443245761534,ANN
S218,0.21701872370174796,0.3117783073579441,0.425886596102683,0.045316372837625754,BiLSTM
S219,0.04165737817311023,0.9582105423744335,0.00012093623610809474,1.114321634749528e-05,ANN
S220,0.911427957475279,0.08808792801489601,0.0004609386343843392,2.3175875440953817e-05,1D-CNN
S221,0.37937734512056676,0.6032205114607225,0.017009032456954846,0.0003931109617569007,ANN
S222,0.12160527818426149,0.30417426617032395,0.5405582927679092,0.03366216287750518,BiLSTM
S223,0.3541385830222063,0.29479661966545706,0.32076831020995944,0.03029648710237749,1D-CNN
S224,0.170258540644035,0.2690438227254908,0.5176796055297093,0.043018031100764374,BiLSTM
S225,0.5989534974346143,0.19510180062337643,0.18400023187708991,0.021944470064919234,1D-CNN
S226,0.16664542000350444,0.24001299414635352,0.5731342650462152,0.02020732080392689,BiLSTM
S227,0.12562913970237105,0.26120721198625946,0.5530396742650389,0.06012397404633076,BiLSTM
S228,0.306435384796841,0.3397134847182866,0.333759697288661,0.020091433196210824,ANN
S229,0.18660219707956252,0.32091132804954303,0.4210953256532032,0.07139114921769107,BiLSTM
S230,0.23714541808990008,0.4977165166891974,0.23856446139589318,0.026573603825009562,ANN
S231,0.8023499873031424,0.08564465267116647,0.1057938565225491,0.006211503503142727,1D-CNN
S232,0.8921103536942189,0.10050334594870235,0.00665485162663783,0.0007314487304415167,1D-CNN
S233,0.00420806767853248,0.003525068012563275,0.9912547125765483,0.0010121517323553987,BiLSTM
S234,0.3135675600991014,0.28317517664654657,0.31173217506214235,0.09152508819220981,1D-CNN
S235,0.642754205636171,0.21882151322407253,0.1174042150577226,0.02102006608203331,1D-CNN
S236,0.00018132672004394964,0.9990916080061153,0.0006785177432621493,4.8547530579328744e-05,ANN
S237,0.22846470471468472,0.29022375209473744,0.41188449698733637,0.06942704620324207,BiLSTM
S238,0.05955737518276701,0.8564577944527553,0.07422278187803696,0.00976204848643928,ANN
S239,0.9994907925893247,0.0004493192826897908,5.445755113310226e-05,5.430576853044075e-06,1D-CNN
S240,0.9346192136284501,0.05912309141885162,0.0057693410793442385,0.0004883538733547779,1D-CNN
S241,0.26236299339995195,0.31102425249960813,0.40334054071062203,0.023272213389817185,BiLSTM
S242,0.24650627777332376,0.3531501395330469,0.299726440904191,0.10061714178943791,ANN
S243,0.07732059638728012,0.1188738713116357,0.782402311635045,0.021403220666039304,BiLSTM
S244,0.20190573711247428,0.7256816135753732,0.07088032192364334,0.001532327388506244,ANN
S245,0.6870852668338551,0.28261749703178807,0.02605635919941642,0.004240876934941186,1D-CNN
S246,0.0005864882670343613,0.999200968846535,0.00018601403306210286,2.6528853369105907e-05,ANN
S247,0.14826675285456073,0.09279724705211306,0.733573263103482,0.025362736989844377,BiLSTM
S248,0.27725772980138497,0.5553501543645818,0.12027713541904689,0.047114980414986525,ANN
S249,0.17662470040479245,0.2666643826176721,0.44750301294866124,0.10920790402887408,BiLSTM
S250,0.007326663841993364,0.9766436197703386,0.013639857369193552,0.0023898590184744948,ANN
S251,0.9384552981144234,0.04331128138661961,0.016259134222459948,0.0019742862764968276,1D-CNN
S252,0.6353362421769513,0.22120091362691915,0.12601034153689006,0.017452502659240355,1D-CNN
S253,0.1777960557910625,0.1991100243752946,0.3365510707659897,0.2865428490676533,BiLSTM
S254,0.0009994009900122893,0.9968311492269158,0.001980197059058423,0.00018925272401325698,ANN
S255,0.06492295858684348,0.10737503701817472,0.7473715768178554,0.08033042757712612,BiLSTM
S256,0.14038462973673163,0.22408873729408232,0.603570975265271,0.03195565770391472,BiLSTM
S257,0.635477111036455,0.15143680783326488,0.19094867739170968,0.02213740373857151,1D-CNN
S258,0.9891718280122616,0.006472187873092969,0.003738653935129096,0.0006173301795163277,1D-CNN
S259,0.44349850863016355,0.41869115339959406,0.11141086856005997,0.026399469410182393,1D-CNN
S260,0.01593795275353008,0.018643353152405277,0.9593511071785135,0.00606758691555167,BiLSTM
S261,0.011356112206701269,0.9732165628607563,0.014000682106988335,0.001426642825552275,ANN
S262,0.4169706919918874,0.24757827435389604,0.28668744914618616,0.04876358450803075,1D-CNN
S263,0.23006832683494377,0.2878198607874157,0.402464044394982,0.07964776798265887,BiLSTM
S264,0.144059530206543,0.254597765478423,0.5279698701984452,0.07337283411658879,BiLSTM
S265,0.7990772737189407,0.11517335356054188,0.07283582110759299,0.012913551612924581,1D-CNN
S266,0.3610813412082017,0.28836174342300147,0.28818101631665327,0.0623758990521437,1D-CNN
S267,0.00022189354685557926,0.0004177992799095163,0.9992517060132667,0.00010860115996807896,BiLSTM
S268,0.7814343659953135,0.12061956856984735,0.0889440647473875,0.009002000687450955,1D-CNN
S269,0.4586686307241117,0.26865565393019764,0.2314222295817586,0.041253485763932396,1D-CNN
S270,0.10647447336087743,0.8311221734501651,0.051183393150376594,0.011219960038580723,ANN
S271,0.08902189594714138,0.234344265531782,0.6197137911900491,0.056920047331026964,BiLSTM
S272,0.0008537607854999973,0.0010471078927652123,0.9977376971955298,0.00036143412620443644,BiLSTM
S273,0.03422369001801667,0.8671232314791153,0.09029617000860793,0.008356908494260028,ANN
S274,0.7727274609267656,0.1904884037693696,0.03207433092707103,0.004709804376793768,1D-CNN
S275,0.1902127209795711,0.7925952239646676,0.014594987475963528,0.002597067579797925,ANN
S276,0.6262166177882297,0.3642036086458189,0.00807166779198268,0.0015081057739690534,1D-CNN
S277,0.3509688886966981,0.3116522687437523,0.25580606581751236,0.08157277674203726,1D-CNN
S278,0.014417050210486995,0.014972167229289608,0.9678270222264452,0.002783760333778975,BiLSTM
S279,0.005420984765453214,0.978225886955173,0.015518214339963093,0.0008349139394104757,ANN
S280,0.5081611173663647,0.20789368315299153,0.2317033825607222,0.05224181691992137,1D-CNN
S281,0.40990907364171003,0.27443403791795085,0.28506529273579084,0.030591595704548235,1D-CNN
S282,0.9646807214754157,0.028028814585560176,0.00651143025882574,0.0007790336801977441,1D-CNN
S283,0.058947530695624195,0.9393154404224363,0.0015763029637486166,0.00016072591819109213,ANN
S284,0.9952746702499062,0.003922794689647159,0.0006708623390508906,0.00013167272139552873,1D-CNN
S285,0.006643644671350719,0.9928606241029102,0.00037117212468929097,0.00012455910104974585,ANN
S286,0.34683622259355057,0.3121104554934785,0.24756469581095114,0.09348862610201969,1D-CNN
S287,0.06135861748804507,0.8447260435227134,0.09349626125985136,0.00041907772939069776,ANN
S288,0.013627463266981015,0.018833218358900065,0.9612956087294936,0.006243709644625324,BiLSTM
S289,0.08318942106381952,0.09437036572675432,0.7199336479101985,0.10250656529922779,BiLSTM
S290,0.42087342397213096,0.3462813706942849,0.20110790628804837,0.03173729904553552,1D-CNN
S291,0.19971193028274473,0.6366454457268438,0.14720511017736893,0.016437513813042533,ANN
S292,0.13477762285000566,0.17666384493465187,0.6574859805864021,0.031072551628939883,BiLSTM
S293,0.9911129114205275,0.0037454300858005343,0.00453754171536275,0.0006041167783092293,1D-CNN
S294,0.51191239738273,0.3643164171079484,0.09825697373454359,0.02551421177477789,1D-CNN
S295,0.1869403821863105,0.27474811163953594,0.38888807703894845,0.14942342913520515,BiLSTM
S296,0.00032924137643066694,0.9786426912716722,0.020953635752282467,7.443159961515703e-05,ANN
S297,0.26581726865185396,0.5191203394699568,0.18914686049794516,0.02591553138024417,ANN
S298,0.1680936850209106,0.804414002452836,0.023200103954594424,0.0042922085716587365,ANN
S299,0.3330455899873592,0.26592677042991875,0.28975241054863915,0.111275229034083,1D-CNN
S300,0.04155416468632485,0.8948410947120591,0.05803935919091625,0.005565381410699976,ANN
S301,0.1497067732382194,0.16960844791732116,0.577330319022982,0.10335445982147723,BiLSTM
S302,0.0275808362158716,0.9127766144741274,0.05394295720706462,0.0056995921029360675,ANN
S303,0.8300638775402315,0.07886915824403712,0.07955373739740142,0.011513226818330408,1D-CNN
S304,0.30096937823115644,0.6532400507141458,0.040117634950752476,0.00567293610394608,ANN
S305,0.9839413719384956,0.015163494093758308,0.00048201931212491026,0.00041311465562088046,1D-CNN
S306,0.8955675894443516,0.07743670395872972,0.02067993455946259,0.006315772037456168,1D-CNN
S307,0.8977379377696804,0.08743636399380354,0.011642337824341195,0.0031833604121747267,1D-CNN
S308,0.18179245732879679,0.31832528550800904,0.4558934700567821,0.04398878710641204,BiLSTM
S309,0.02594639427249644,0.902113372828502,0.06737220003981716,0.004568032859184799,ANN
S310,0.25271165348188296,0.40624118148895,0.2838295485482455,0.057217616480921774,ANN
S311,0.31079246295965623,0.3387968967148527,0.27366545539243564,0.07674518493305513,ANN
S312,0.045388246663897375,0.08076950276092038,0.8523369193731353,0.021505331202047416,BiLSTM
S313,0.06140165318565719,0.3683705799288789,0.5324259067503295,0.037801860135134605,BiLSTM
S314,0.966038620409929,0.021991330711766247,0.010730525990577507,0.0012395228877274333,1D-CNN
S315,0.17341691980157894,0.7641683602821098,0.05540907846866889,0.007005641447642812,ANN
S316,0.19886495233587476,0.36968428844200546,0.4177685027178656,0.013682256504254486,BiLSTM
S317,0.9420212511671828,0.030639629979270864,0.024616544184732882,0.0027225746688134688,1D-CNN
S318,0.16053694854392664,0.6091858476983221,0.19509495881004765,0.0351822449477038,ANN
S319,0.43754976818430985,0.3828221854787039,0.16224183189877378,0.017386214438212207,1D-CNN
S320,0.3891664738552956,0.32564261093178154,0.2250142019821658,0.06017671323075715,1D-CNN
S321,0.5382093534044249,0.22176875311872588,0.20273678713025675,0.037285106346592614,1D-CNN
S322,0.9973484688787188,0.0014208191287444474,0.0010176352264160418,0.0002130767661205688,1D-CNN
S323,0.35011616283456604,0.4323996454901754,0.16952578414329575,0.047958407531963024,ANN
S324,0.16915503177172525,0.7556483905843577,0.06584057647822844,0.009356001165688863,ANN
S325,0.4337541595696964,0.3480634627664045,0.18692467353161069,0.03125770413228731,1D-CNN
S326,0.004285768263510221,0.9888433456175039,0.006032077101264772,0.0008388090177207769,ANN
S327,0.11843635551850142,0.09473846835280612,0.6298167281164281,0.1570084480122643,BiLSTM
S328,0.22520776829843045,0.3190866479796839,0.36503923188170617,0.09066635184017921,BiLSTM
S329,0.049652135608525966,0.8764337332764481,0.06715056266782897,0.006763568447196837,ANN
S330,0.9656914678790047,0.018036219100189908,0.014156961769766262,0.002115351251039394,1D-CNN
S331,0.544467494696228,0.3215380342973318,0.10894499780669702,0.02504947319974273,1D-CNN
S332,0.18099795478900096,0.30080545850031615,0.3743439151312846,0.14385267157939832,BiLSTM
S333,0.002684605402817381,0.011650041026830982,0.985568071687455,9.728188289624219e-05,BiLSTM
S334,0.9772337526038019,0.014242846618469916,0.007847352688280913,0.0006760480894473088,1D-CNN
S335,0.5768426774000079,0.19341916132130393,0.18957490645995367,0.04016325481873449,1D-CNN
S336,0.02078432395484252,0.017789796033243075,0.9529226933377964,0.008503186674117992,BiLSTM
S337,0.3727467425048752,0.15840863705660907,0.42036134927187485,0.048483271166640765,BiLSTM
S338,0.9677493536641124,0.024007603413129575,0.006765984972054561,0.0014770579507038222,1D-CNN
S339,0.22298564839190763,0.2081725053118604,0.48308172241594405,0.08576012388028802,BiLSTM
S340,0.05503346333208588,0.7975682522091462,0.13816787467718833,0.009230409781578863,ANN
S341,0.44052105827546245,0.19979647098823547,0.29488884296167006,0.06479362777463163,1D-CNN
S342,0.4336237721396114,0.4282457726420871,0.09847694861847996,0.03965350659982175,1D-CNN
S343,0.07567143903498155,0.4630876973430798,0.38254162612291487,0.07869923749902365,ANN
S344,0.05664745392106983,0.07141372584634516,0.8466268076484693,0.02531201258411551,BiLSTM
S345,0.11986796647990765,0.6779940052515644,0.18599291768179746,0.016145110586731123,ANN
S346,0.9969683106943328,0.001649241511271635,0.0011685679638552362,0.00021387983054096097,1D-CNN
S347,0.8140316553095035,0.18417054556225418,0.0014799893427097858,0.00031780978553230273,1D-CNN
S348,0.1830072371654484,0.40910777423010464,0.28884488468435426,0.11904010392009291,ANN
S349,0.00534740865282362,0.9825350019952449,0.011422817332068364,0.0006947720198625336,ANN
S350,0.4905513039221826,0.2668181893307203,0.2106208979431654,0.03200960880393092,1D-CNN
S351,0.2669788994573709,0.2665871019900481,0.3842608152803738,0.08217318327220705,BiLSTM
S352,0.021687980608395052,0.9172748994716391,0.055990609820531924,0.005046510099433924,ANN
S353,0.34423823618336824,0.2484055234662135,0.35041589911273974,0.056940341237678584,BiLSTM
S354,0.0464443749445867,0.9443947439694418,0.007761188378597975,0.001399692707374438,ANN
S355,0.2160760655831499,0.32718384541269885,0.3536214519722799,0.10311863703187141,BiLSTM
S356,0.0035048892275325767,0.9963839702862182,0.00010577827244932147,5.362213799982916e-06,ANN
S357,0.4519124937013078,0.3190437386249662,0.20401055458907952,0.025033213084646816,1D-CNN
S358,0.00025974745137293486,0.9982360445752075,0.0014287273934369233,7.548057998301377e-05,ANN
S359,0.1865561341628009,0.10835351782605805,0.5010382870950933,0.2040520609160478,BiLSTM
S360,0.07051355921405446,0.26254210208758916,0.623080621829413,0.04386371686894358,BiLSTM
S361,0.3588039561428719,0.33353444863076814,0.2847620964717686,0.02289949875459059,1D-CNN
S362,0.6499001861259937,0.22695140289912288,0.10681945366785044,0.016328957307032755,1D-CNN
S363,0.34993574835816216,0.4898891641407795,0.12619794946352517,0.03397713803753303,ANN
S364,0.06749655928482086,0.1783196671001566,0.7386498869135988,0.015533886701424391,BiLSTM
S365,0.004057727838860831,0.18077921504484495,0.8144055214507865,0.0007575356655075086,BiLSTM
S366,0.08429208991786864,0.10308945527225308,0.7972364771318514,0.015381977678027356,BiLSTM
S367,0.313329675705231,0.6395290316941018,0.03751100052446589,0.009630292076201285,ANN
S368,0.44933225216671685,0.34461491757364143,0.14435555709366338,0.06169727316597808,1D-CNN
S369,0.21481377914458263,0.23210842594015782,0.4693326137954708,0.08374518111978828,BiLSTM
S370,0.06153075319273606,0.7865448218524578,0.14678216494114923,0.005142260013656801,ANN
S371,0.13658595900413553,0.08682351664570032,0.6366747163265489,0.1399158080236152,BiLSTM
S372,0.2690727570596685,0.36955024040632223,0.32542448635677035,0.03595251617723939,ANN
S373,0.6055279497970176,0.2349965376931364,0.13363251616662908,0.025842996343216525,1D-CNN
S374,0.30916043276994787,0.2515669269990064,0.3487505562528298,0.0905220839782156,BiLSTM
S375,0.0752215561972586,0.2612232599482647,0.6304118675713963,0.03314331628308009,BiLSTM
S376,0.07018325480415877,0.2089924545533386,0.673398624784548,0.04742566585795452,BiLSTM
S377,0.11573389656538688,0.15170702081090642,0.7067563008967146,0.02580278172699193,BiLSTM
S378,0.8741147743110587,0.07252802214587355,0.04693552237726984,0.0064216811657981255,1D-CNN
S379,0.004053893172394723,0.9934285165396257,0.002029998411247918,0.0004875918767313956,ANN
S380,0.02956392221901261,0.0305686170464941,0.9260334231310907,0.013834037603402937,BiLSTM
S381,0.00451346025303223,0.9683503468666171,0.02605342694942845,0.0010827659309213056,ANN
S382,0.9114137710020134,0.05176700230421324,0.030002791452051526,0.006816435241722695,1D-CNN
S383,0.1913252274761467,0.2789575518138414,0.4511401640828231,0.07857705662718857,BiLSTM
S384,0.1078472792470569,0.13334063942972002,0.7365623219650455,0.02224975935817737,BiLSTM
S385,0.0031328187892912755,0.0034508359290786783,0.992167294078942,0.0012490512026883899,BiLSTM
S386,0.030153278497317883,0.048611017781764444,0.9146750291738582,0.006560674547058804,BiLSTM
S387,0.2834410962350825,0.6155684521736021,0.0931582461829071,0.007832205408408002,ANN
S388,0.6525660794030739,0.3411224358046107,0.005679538171222425,0.0006319466210934193,1D-CNN
S389,0.014613389576963542,0.9754895966892436,0.007777925893107041,0.00211908784068531,ANN
S390,0.46364511292945154,0.195369657556694,0.24994024723488856,0.09104498227896582,1D-CNN
S391,0.8701908384938034,0.08171329052204351,0.03945607392767754,0.008639797056475327,1D-CNN
S392,0.4316585203025584,0.422390917014142,0.11365562839834173,0.03229493428495767,1D-CNN
S393,0.16873063299947513,0.22272236682306154,0.5452978352179896,0.06324916495947429,BiLSTM
S394,0.6245445922316735,0.22939687789498103,0.124761189070592,0.021297340802754132,1D-CNN
S395,0.2855067700693014,0.31058767987230623,0.3549163533177403,0.04898919674065146,BiLSTM
S396,0.18535836104290532,0.18072389531022093,0.5419158602047739,0.09200188344209961,BiLSTM
S397,0.19328315563183726,0.07369736674945046,0.6792107623444876,0.05380871527422477,BiLSTM
S398,0.04484218575393139,0.0826976172874256,0.8590755290643994,0.01338466789424298,BiLSTM
S399,0.26507393146265756,0.4353618209071629,0.2767849933657861,0.02277925426439269,ANN
S400,0.9889730820034939,0.009131531572307375,0.001707275101175739,0.00018811132302316375,1D-CNN
S401,0.5966984596917936,0.3989771228985212,0.0039050844995688998,0.0004193329101155627,1D-CNN
S402,0.9999844570739809,1.0581693398621506e-05,3.954299872392633e-06,1.0069327483028025e-06,1D-CNN
S403,0.3071996998559263,0.28091812495237567,0.2886055784242757,0.12327659676742218,1D-CNN
S404,0.11371162611492164,0.1415523749345076,0.7176685042792601,0.027067494671310095,BiLSTM
S405,0.02686023796247223,0.8082614068039498,0.14998988097263416,0.014888474260943753,ANN
S406,0.0,0.0,0.0,0.0,1D-CNN
S407,0.0,0.0,0.0,0.0,1D-CNN
S408,0.8835508007449667,0.10399800741263428,0.011601285814024448,0.0008499060283744425,1D-CNN
S409,0.9763859946095818,0.020380743370425964,0.0031589524038701934,7.430961612241041e-05,1D-CNN
S410,0.11891684790907331,0.6889755901735082,0.18543304516999554,0.006674516747423157,ANN
S411,0.4793243062782829,0.3559007207211914,0.16288239410008826,0.0018925789004372517,1D-CNN
S412,0.2798361956183694,0.32329464247173556,0.3741291246879199,0.022740037221974905,BiLSTM
S413,0.2722267707904532,0.3097723535555259,0.29325373284595735,0.12474714280806347,ANN
S414,0.1862707247711383,0.3006851602758339,0.43988810533776346,0.07315600961526379,BiLSTM
S415,0.3101982043268853,0.2530648797700011,0.4097142607372623,0.02702265516585123,BiLSTM
S416,0.09855281660054442,0.1917266647899435,0.6951977555619727,0.014522763047539758,BiLSTM
S417,0.6155395144364443,0.2571260140489783,0.11607617118779501,0.011258300326782026,1D-CNN
S418,0.036538546861286325,0.011021834562006035,0.9497800752408122,0.002659543335896527,BiLSTM
S419,0.44734629993926844,0.2238973685845252,0.24762904598183696,0.081127285494369,1D-CNN
S420,0.2525564076088405,0.33216912107837177,0.30316526898113877,0.11210920233164888,ANN
S421,0.2328472780037612,0.3889924395896351,0.32041883214522504,0.05774145026137919,ANN
S422,0.5768636034005675,0.1643650512205797,0.24024728214850172,0.01852406323035055,1D-CNN
S423,0.012693822608571667,0.09554125034781946,0.8904165781604149,0.0013483488831944623,BiLSTM
S424,0.06617511990617787,0.907820726762605,0.02503641962204028,0.0009677337091768575,ANN
S425,0.0005663186922166271,0.9854712456417621,0.013859159608664863,0.00010327605735666378,ANN
S426,0.2855861140897324,0.6395647240144166,0.07282767119236705,0.002021490703483854,ANN
S427,0.9734151741146657,0.018514889170476417,0.007234383868543201,0.0008355528463150733,1D-CNN
S428,0.13004603377485308,0.7241972964662396,0.13513366987386405,0.010622999885043614,ANN
S429,0.5092839728816365,0.2252568482857935,0.21352592750720148,0.05193325132536847,1D-CNN
S430,0.9917088713817578,0.005046150046697947,0.002767329710830152,0.0004776488607145002,1D-CNN
S431,0.08964408994968993,0.6909311029481049,0.20491510375327793,0.014509703348927636,ANN
S432,0.00662323788320531,0.9809938835736489,0.009673858730544454,0.0027090198126015863,ANN
S433,0.10354563800107638,0.21072441562467895,0.6063111729306594,0.07941877344358524,BiLSTM
S434,0.9691799377790952,0.01552095902574259,0.013374466325491033,0.0019246368696720054,1D-CNN
S435,0.367783422925065,0.4102382102126631,0.19022693282755923,0.03175143403471277,ANN
S436,0.30427182045583584,0.30135336543474606,0.3231066538528888,0.07126816025652913,BiLSTM
S437,0.4948711077386727,0.30664951002486546,0.16979548775274636,0.028683894483715378,1D-CNN
S438,0.6939098436108903,0.15821588391441982,0.12621302860107123,0.02166124387361841,1D-CNN
S439,0.2509205788455069,0.31698222476299653,0.3491239696691188,0.08297322672237792,BiLSTM
S440,0.291186494202595,0.39967170095896953,0.28475414735351606,0.02438765748492015,ANN
S441,0.09040957862570732,0.1326580022621177,0.7174601245927215,0.05947229451945384,BiLSTM
S442,0.05028878269333514,0.8219813157110117,0.11156461812664005,0.016165283469012963,ANN
S443,0.05153870112189678,0.9450546630846265,0.0029889216256593623,0.0004177141678173315,ANN
S444,0.58982743029271,0.37981179839855117,0.02679245187518686,0.0035683194335520796,1D-CNN
