Segment,LSTM,1D-CNN,ANN,BiLSTM,Selected
S1,0.577479234878855,0.19268371939620726,0.14309603623661807,0.08674100948831949,LSTM
S2,0.26560930389545895,0.39258013236220696,0.3067401770044666,0.03507038673786738,1D-CNN
S3,0.4572025301521317,0.1788467253414943,0.32566250598428564,0.03828823852208862,LSTM
S4,0.32700690678790195,0.2667171564836988,0.3767642022631922,0.029511734465207298,ANN
S5,0.14789086497731305,0.30179367590251405,0.5318263741774707,0.01848908494270256,ANN
S6,0.43384429521978396,0.20329940385248438,0.28795618381357224,0.07490011711415902,LSTM
S7,0.45680560573517903,0.2445719809111604,0.2213967880675203,0.07722562528614017,LSTM
S8,0.2844824619775563,0.26048383581167045,0.4005692865374746,0.05446441567329861,ANN
S9,0.14897173475936368,0.3709195129000512,0.4495972037356982,0.030511548604886113,ANN
S10,0.1550625498104063,0.35226548595568913,0.46219050313497617,0.030481461098927524,ANN
S11,0.3544408738771226,0.3318491947857286,0.2777071394102132,0.036002791926935174,LSTM
S12,0.4788100750772051,0.21237711342925322,0.2624272495864487,0.04638556190709278,LSTM
S13,0.3440890814060598,0.26632706677038825,0.33031434708707863,0.05926950473647281,LSTM
S14,0.42679175077794773,0.24250591982662714,0.2681397059113664,0.06256262348405861,LSTM
S15,0.2570417749009636,0.3021056069645517,0.39909451303501897,0.04175810509946569,ANN
S16,0.25860055012616606,0.3649057208168981,0.32827460361267913,0.04821912544425614,1D-CNN
S17,0.16269579865661515,0.37776924588563376,0.41517402839709167,0.0443609270606596,ANN
S18,0.21172794629642525,0.4812232263879184,0.277630524339084,0.02941830297657276,1D-CNN
S19,0.6572660757379493,0.19007857907157558,0.1333686013067623,0.019286743883712258,LSTM
S20,0.22435398165017476,0.40842887461709715,0.3477511936559495,0.01946595007677765,1D-CNN
S21,0.20645891829587384,0.4951761389194315,0.27974556681309226,0.018619375971601276,1D-CNN
S22,0.4100447571317095,0.33195099072699835,0.22244420550166633,0.035560046639626024,LSTM
S23,0.5980428214504255,0.10889569989178471,0.1514006452746313,0.14166083338315838,LSTM
S24,0.20814618868250626,0.11476552753797838,0.6030765875200764,0.07401169625943893,ANN
S25,0.04865867412139301,0.6511135409728096,0.27029528585610185,0.02993249904969568,1D-CNN
S26,0.02345006998811774,0.07255160691374404,0.88393059042482,0.02006773267331798,ANN
S27,0.0640411308492928,0.6967569676441767,0.2191677330797119,0.020034168426819175,1D-CNN
S28,0.21406318512304442,0.470857920858507,0.26870825150310484,0.04637064251534415,1D-CNN
S29,0.8636065323691867,0.0860544920188205,0.03867266187568775,0.01166631373630541,LSTM
S30,0.2509587953494123,0.5764766131616422,0.15488239876754098,0.017682192721404623,1D-CNN
S31,0.42317241553414614,0.265479387747976,0.2573850276635107,0.0539631690543669,LSTM
S32,0.33493810487793496,0.2617401655636158,0.36044063656049463,0.04288109299795568,ANN
S33,0.33500517599353374,0.36901673887464653,0.25496651930962044,0.041011565822198816,1D-CNN
S34,0.39659278334841225,0.3306019908592221,0.23079991008756154,0.04200531570480438,LSTM
S35,0.4076538697843801,0.223611494047493,0.32846291749333156,0.040271718674795766,LSTM
S36,0.24997987217390577,0.2669539931784885,0.44638409338028423,0.03668204126732102,ANN
S37,0.5204605458950822,0.18409680060296535,0.21583451780923213,0.07960813569272007,LSTM
S38,0.25880196428146435,0.3390569064163626,0.3618479933057409,0.04029313599643234,ANN
S39,0.2234486431829368,0.3503629013496124,0.3895987324033314,0.03658972306411959,ANN
S40,0.1916757514235604,0.3550607256433661,0.418072252373894,0.035191270559179894,ANN
S41,0.30078914265387496,0.35341496691437624,0.3046658746964852,0.041130015735263384,1D-CNN
S42,0.33632778488470033,0.3215641061177296,0.29927929895526995,0.04282881004229992,LSTM
S43,0.3444739984498566,0.3040242846747065,0.30601130702318385,0.04549040985225266,LSTM
S44,0.3319094284446279,0.3641890927493099,0.2530012377622536,0.05090024104380897,1D-CNN
S45,0.816231771312481,0.0656560777261426,0.06403367825032015,0.05407847271105602,LSTM
S46,0.12121361255144283,0.3456749979152187,0.5177422189263132,0.01536917060702537,ANN
S47,0.37072174957150905,0.10376448245619392,0.4500477513607713,0.07546601661152588,ANN
S48,0.2899856999235903,0.37908715894143014,0.2675354959495275,0.06339164518545186,1D-CNN
S49,0.39058473849961606,0.2803419523122731,0.2555951533287894,0.07347815585932112,LSTM
S50,0.12785190391415988,0.5119053592901117,0.33218490266719186,0.02805783412853626,1D-CNN
S51,0.06347780106718307,0.49659598991570386,0.42746879401629506,0.012457415000818274,1D-CNN
S52,0.31140650636014505,0.37042943937739936,0.28633671058778193,0.03182734367467385,1D-CNN
S53,0.3133455737180168,0.3699546360165874,0.2787909021855625,0.03790888807983236,1D-CNN
S54,0.10453119299982733,0.5499005293603558,0.33040784068093443,0.015160436958882565,1D-CNN
S55,0.007882897676131278,0.6535748048556025,0.3371099036209851,0.00143239384728109,1D-CNN
S56,0.006295433252985825,0.6243924947693075,0.3682571787664843,0.0010548932112227818,1D-CNN
S57,0.2573879550037545,0.3497496796409628,0.3558624939210419,0.03699987143424089,ANN
S58,0.22434185909340537,0.28306112876159334,0.44960509833546086,0.0429919138095414,ANN
S59,0.5105775964259099,0.19661048096985276,0.19866129700839544,0.09415062559584184,LSTM
S60,0.4064331184407966,0.30527188734549426,0.2335817705722407,0.054713223641468134,LSTM
S61,0.1333223902930673,0.45766981172922655,0.38552014685783187,0.02348765111987439,1D-CNN
S62,0.08660069014965978,0.6821442828308951,0.21610445059871808,0.015150576420726976,1D-CNN
S63,0.11524915265487237,0.47602395993807334,0.3899311581607775,0.018795729246277145,1D-CNN
S64,0.3125156629817995,0.31889374020554234,0.20017999654151564,0.16841060027114238,1D-CNN
S65,0.34128734588670434,0.3757694028235912,0.21993512127744927,0.06300813001225578,1D-CNN
S66,0.3973117297841946,0.2560729491511901,0.2892232046220154,0.05739211644260037,LSTM
S67,0.32577676064205663,0.3259254490254573,0.30260073361524953,0.04569705671723633,1D-CNN
S68,0.25136773339000634,0.28386724395129675,0.4184535593694667,0.04631146328923056,ANN
S69,0.2536651281616145,0.35401537507554176,0.3586516393388988,0.033667857423945055,ANN
S70,0.2944596975694247,0.32482326269612594,0.3449337211201408,0.03578331861430837,ANN
S71,0.31403760719397494,0.3164735780285466,0.3314647661603881,0.03802404861708969,ANN
S72,0.020997545070621678,0.11254346906137273,0.8633596993297267,0.00309928653827912,ANN
S73,0.2967847436399302,0.24614301914680572,0.3936437312835273,0.063428505929736,ANN
S74,0.1871835512084088,0.2596681869302626,0.5251937224666431,0.027954539394685066,ANN
S75,0.4939458988934908,0.20563866940932712,0.23249004664057193,0.0679253850566095,LSTM
S76,0.3372340631851504,0.25882180437193764,0.334335018049394,0.06960911439351807,LSTM
S77,0.46318353857856254,0.2972776021488098,0.16020098697147012,0.07933787230115773,LSTM
S78,0.2702549392715588,0.37739274200819295,0.32065482567486403,0.03169749304538317,1D-CNN
S79,0.5203701856716976,0.1851780063535684,0.2446303059785447,0.04982150199618947,LSTM
S80,0.33065999571103244,0.22793238763076948,0.38436611719920255,0.05704149945899557,ANN
S81,0.41311527715922997,0.3387344859067573,0.20105175433189493,0.047098482602118234,LSTM
S82,0.3130285545187114,0.3187707509752903,0.3276874976019314,0.040513196904067156,ANN
S83,0.399468616600834,0.25193762257198443,0.29281927459039825,0.05577448623678204,LSTM
S84,0.21885507737645896,0.25049004323600166,0.48924318912944675,0.04141169025809288,ANN
S85,0.6987100011086885,0.1239297734831599,0.08653599669807122,0.09082422871008052,LSTM
S86,0.3159208057190837,0.463230423373195,0.19101160169813244,0.029837169209588205,1D-CNN
S87,0.04951131381729258,0.6021563054486578,0.3407275885366393,0.0076047921974097595,1D-CNN
S88,0.02006670654048944,0.8952765746936069,0.080810277407786,0.0038464413581174948,1D-CNN
S89,0.1418744874133549,0.5643998631443751,0.2676543550531024,0.026071294389167304,1D-CNN
S90,0.16259640049497268,0.3214276777581163,0.4840422433163384,0.03193367843057282,ANN
S91,0.3009094469339344,0.34064944380505946,0.32347843489021316,0.034962674370793055,1D-CNN
S92,0.2973554179468487,0.3498613242048286,0.31915878012553,0.03362447772279177,1D-CNN
S93,0.33339905134464265,0.2843651956368717,0.3393499625221727,0.042885790496312706,ANN
S94,0.14745657641207935,0.3230178677453663,0.5066008781411703,0.022924677701384687,ANN
S95,0.06641698296415341,0.6228222830183607,0.2966151794185799,0.014145554598906401,1D-CNN
S96,0.44397337780728796,0.2523320867016884,0.21420959501299008,0.0894849404780334,LSTM
S97,0.6130285376428702,0.18331115638315493,0.13385603707781063,0.06980426889616478,LSTM
S98,0.2502271481240136,0.28417974984485156,0.42855779918877324,0.03703530284236127,ANN
S99,0.023188671216484363,0.21683511353560622,0.7548005182828542,0.005175696965055102,ANN
S100,0.011485356728817573,0.9541649870906932,0.031580727022129954,0.002768929158358892,1D-CNN
S101,0.15601022851096627,0.4365153038903491,0.3800911344987641,0.027383333099919503,1D-CNN
S102,0.4029238148913949,0.24788695501528357,0.31007603962923863,0.039113190464083084,LSTM
S103,0.3755454123300213,0.21762266968364458,0.34349282516592955,0.06333909282040481,LSTM
S104,0.8580707251178376,0.03907910227423412,0.041380522275863425,0.061469650332064724,LSTM
S105,0.6034741470011246,0.14079042396444771,0.18082400897544368,0.07491142005898367,LSTM
S106,0.6017361698239485,0.18413134911747125,0.12053112063469763,0.09360136042388274,LSTM
S107,0.5128195271618089,0.16404283372353023,0.21078982224375642,0.11234781687090445,LSTM
S108,0.22764032687303895,0.244866372851888,0.4664061276162389,0.06108717265883378,ANN
S109,0.14049934883343276,0.6287879489296376,0.2077226735766484,0.022990028660280753,1D-CNN
S110,0.5130485470229706,0.1997145275981448,0.23261135687874682,0.05462556850013761,LSTM
S111,0.2701233590794365,0.3639694571124481,0.3366887017789292,0.02921848202918602,1D-CNN
S112,0.2406237004932337,0.2024476053349919,0.48873825031695517,0.06819044385481926,ANN
S113,0.47687576644857343,0.28521102963700334,0.14577561315514284,0.09213759075928037,LSTM
S114,0.2518416568286999,0.34594708705615107,0.27577914705075157,0.1264321090643976,1D-CNN
S115,0.1868266696774694,0.1452121770243054,0.5309796564299277,0.13698149686829758,ANN
S116,0.24188597334088097,0.27958292703883453,0.4133090617361063,0.0652220378841782,ANN
S117,0.2368182077692749,0.3061304207902842,0.3982857827329391,0.058765588707501995,ANN
S118,0.18109433570457756,0.38790538899289695,0.39421974267939724,0.03678053262312787,ANN
S119,0.4699592150288696,0.3560268985969263,0.13614522003602403,0.0378686663381798,LSTM
S120,0.5917290762529771,0.1805020128656538,0.20097924224826533,0.026789668633102847,LSTM
S121,0.15919572873846294,0.5334567627286889,0.2956916539172179,0.01165585461563052,1D-CNN
S122,0.281542436859599,0.41754654919333867,0.27364455718312997,0.02726645676393177,1D-CNN
S123,0.19856719716510804,0.37137333342173373,0.41038115151391685,0.019678317899241484,ANN
S124,0.32878536032802197,0.3351328831671461,0.3055645909900883,0.03051716551474408,1D-CNN
S125,0.35948210944227976,0.40995466677204084,0.19717894179038734,0.033384281995291386,1D-CNN
S126,0.29951505325581407,0.45913401423442385,0.2121224356578334,0.02922849685192798,1D-CNN
S127,0.5561850287724481,0.1824803453245672,0.21513498927270902,0.04619963663027561,LSTM
S128,0.32887889709468277,0.29973107321914555,0.3114268861305638,0.05996314355560738,LSTM
S129,0.37531399043975205,0.2820650484186915,0.2829506755055845,0.05967028563597199,LSTM
S130,0.14946843597925347,0.37007599918680795,0.45612143608529165,0.024334128748647568,ANN
S131,0.22267973935220628,0.4814945721003755,0.26082097686955086,0.03500471167786721,1D-CNN
S132,0.6942834019402631,0.07105724506575145,0.20342288492443453,0.031236468069551,LSTM
S133,0.33006375957621936,0.28270215874087784,0.3558163876142385,0.03141769406866414,ANN
S134,0.12277430126782743,0.48160615610009677,0.3798106457396027,0.015808896892472887,1D-CNN
S135,0.25167252119897154,0.3225926755826638,0.3881603927053333,0.03757441051303111,ANN
S136,0.38403975724953954,0.2519258435778048,0.2840040200805237,0.08003037909213102,LSTM
S137,0.6790877021911886,0.12145423206069683,0.13743499066312315,0.06202307508499175,LSTM
S138,0.14818009726372883,0.25815141686391424,0.5707784897577186,0.022889996114638378,ANN
S139,0.5746028106495336,0.16916568251573288,0.21982294642703923,0.036408560407694725,LSTM
S140,0.39133586036056656,0.35358505589364086,0.17574475885374208,0.07933432489205053,LSTM
S141,0.2622278113672892,0.30364517351445797,0.37471078619853787,0.059416228919715215,ANN
S142,0.3117083118192156,0.348475945392385,0.28757077963639743,0.05224496315200199,1D-CNN
S143,0.1741378553874265,0.2449689031152614,0.5494074137523507,0.031485827744960955,ANN
S144,0.18638896226869017,0.4677387374569914,0.3180315258101739,0.02784077446414402,1D-CNN
S145,0.3275073263453584,0.3602972060382288,0.2766788756328925,0.03551659198352076,1D-CNN
S146,0.5647768973704396,0.16377767777652777,0.233224630512885,0.03822079434014817,LSTM
S147,0.19685694654762828,0.7391096854710378,0.04330411387693215,0.020729254104401407,1D-CNN
S148,0.5037970636703081,0.17984517957292884,0.2675705174336984,0.0487872393230652,LSTM
S149,0.6218919015039923,0.1386225904366698,0.1555201925163545,0.08396531554298357,LSTM
S150,0.3912271925996979,0.25163970167095495,0.3204104096600926,0.036722696069254476,LSTM
S151,0.33103170705375146,0.4310179819126506,0.22031827211191987,0.017632038921678663,1D-CNN
S152,0.39932832925875755,0.17934312153507137,0.3564230125483041,0.06490553665786669,LSTM
S153,0.4000825680784319,0.2672312207096293,0.24407932876174998,0.08860688245018876,LSTM
S154,0.2778694481632018,0.2736876794662711,0.3860645646864378,0.06237830768408947,ANN
S155,0.18054007440249584,0.47461767450505526,0.3146760070046334,0.030166244087814972,1D-CNN
S156,0.44425991272124804,0.2819284768408711,0.2308729438402423,0.04293866659763891,LSTM
S157,0.4289924767536454,0.3029755586101192,0.22693794068654868,0.04109402394968625,LSTM
S158,0.1452143134107239,0.2248102892286509,0.6115779012209595,0.018397496139665244,ANN
S159,0.14844097061023176,0.2759976681670631,0.5499584478690297,0.02560291335367541,ANN
S160,0.5542182043023464,0.16896940145217634,0.18113766687481878,0.09567472737065853,LSTM
S161,0.3347144588420967,0.2723159695890918,0.33957786023906184,0.053391711329750305,ANN
S162,0.16040307242221907,0.425704856885222,0.3896794680778612,0.024212602614696987,1D-CNN
S163,0.3659812232685858,0.34057924478216217,0.25537554050775596,0.03806399144149577,LSTM
S164,0.5342233353243204,0.19967739638183696,0.22366729202609428,0.042431976267748084,LSTM
S165,0.18872431074538099,0.1829406873639355,0.6058396713396907,0.022495330550992086,ANN
S166,0.4710073003813095,0.18837819310275025,0.17998958890658073,0.16062491760935962,LSTM
S167,0.3072194124673594,0.3268313453250135,0.32948184666299263,0.036467395544634816,ANN
S168,0.3281873455901623,0.3187794053572578,0.32129032268941343,0.03174292636316662,LSTM
S169,0.4214814704587148,0.2911543940852782,0.21425524145257402,0.0731088940034327,LSTM
S170,0.34879538008236044,0.4236101612021091,0.18339147699938543,0.044202981716145034,1D-CNN
S171,0.2398751885784931,0.5089281474286247,0.22901077198446915,0.022185892008413553,1D-CNN
S172,0.5441082069479908,0.1739067398105564,0.22832288095497824,0.05366217228647462,LSTM
S173,0.018639119121886153,0.010661896539901315,0.9681848890382592,0.0025140952999531795,ANN
S174,0.04622206918212971,0.38908177587155685,0.557228765301365,0.007467389644949172,ANN
S175,0.26012525572499734,0.21788388304588774,0.4331806745350498,0.08881018669406474,ANN
S176,0.3557798687055962,0.21543207938400044,0.3093206453303109,0.11946740658009235,LSTM
S177,0.4282131362583116,0.279196205173347,0.2309701508121601,0.061620507756181546,LSTM
S178,0.24015616377284849,0.3024820377913191,0.42099054893872934,0.03637124949710311,ANN
S179,0.14045729321323702,0.5916292862994242,0.2478143278992172,0.020099092588121342,1D-CNN
S180,0.1857555641419828,0.6975704512240425,0.09665454114711426,0.020019443486861015,1D-CNN
S181,0.4634387257553418,0.14552901229688353,0.31418633775310617,0.07684592419466886,LSTM
S182,0.31882647123155644,0.2925487283652902,0.3042949441556249,0.08432985624752835,LSTM
S183,0.5936467372187013,0.2066540899827018,0.154502412632286,0.04519676016631091,LSTM
S184,0.3907311476918482,0.40840194877752906,0.174862446516683,0.026004457013940017,1D-CNN
S185,0.4512935279155437,0.40732374451273756,0.08575833587927426,0.05562439169244401,LSTM
S186,0.384191375590323,0.2702651968643337,0.26360396163895256,0.08193946590639077,LSTM
S187,0.3498858882987008,0.3184373225704486,0.26690364405426686,0.06477314507658322,LSTM
S188,0.31012480174271423,0.33928934775267944,0.2948607416304315,0.05572510887417465,1D-CNN
S189,0.5650444282902318,0.2983405777137832,0.09836924895283362,0.03824574504315158,LSTM
S190,0.3854637073284611,0.21352043218721722,0.3685116835740973,0.0325041769102242,LSTM
S191,0.39261467325255756,0.37455687497467127,0.19693409200359718,0.03589435976917455,LSTM
S192,0.21005231222217352,0.2789289658755716,0.4863691220520814,0.02464959985017428,ANN
S193,0.539185394263668,0.16435542221163124,0.17579743265107248,0.1206617508736286,LSTM
S194,0.393814251693071,0.24756188890792966,0.2876024464182435,0.07102141298075607,LSTM
S195,0.21749868721561916,0.31866175131066204,0.42087723268128635,0.042962328792432926,ANN
S196,0.08179649161578062,0.16896834139898423,0.7288584596910875,0.02037670729414693,ANN
S197,0.1421738015355292,0.3204912706514484,0.49553476445401856,0.041800163359003134,ANN
S198,0.13934796220691525,0.42229733631812094,0.3999366507920922,0.0384180506828721,1D-CNN
S199,0.16439367116983725,0.45776170412958783,0.34510365191172293,0.03274097278885201,1D-CNN
S200,0.5710370816336088,0.2834707385328636,0.11071627685923272,0.03477590297429497,LSTM
S201,0.4214930140736025,0.2053934042375332,0.3289779610339311,0.044135620654933164,LSTM
S202,0.35624512952238363,0.2666259175767073,0.31385509179565385,0.06327386110525551,LSTM
S203,0.4870100226557386,0.21447073681545004,0.21979793691848884,0.07872130361032308,LSTM
S204,0.26719963835041355,0.269301775513026,0.40989320596164824,0.05360538017491175,ANN
S205,0.15215164149021954,0.489073131025848,0.3307973110185587,0.027977916465374245,1D-CNN
S206,0.39627513898761485,0.2956213666202033,0.2715241093984892,0.03657938499369219,LSTM
S207,0.4753530655799539,0.23284602203635626,0.25471093842871084,0.037089973954978914,LSTM
S208,0.385904630903566,0.23955826200777613,0.3175491071505328,0.056987999938125214,LSTM
S209,0.4607112736257405,0.21067551306619836,0.25027383233220657,0.078339380975854,LSTM
S210,0.15640819029313074,0.37635947196207165,0.43708338787808937,0.030148949866707984,ANN
S211,0.5485337287932726,0.28141630789291905,0.11312274679410357,0.05692721651970533,LSTM
S212,0.5381455601227425,0.11953735107739107,0.31245896662457334,0.029858122175292885,LSTM
S213,0.5322365454927143,0.19933525499456242,0.1882457902712983,0.080182409241425,LSTM
S214,0.03421831850018592,0.909789495052221,0.051823546600768454,0.004168639846824422,1D-CNN
S215,0.6370343979207016,0.2289232940370168,0.11744015787822372,0.016602150164058,LSTM
S216,0.3800584953678958,0.2186664126601948,0.35238015886902074,0.04889493310288854,LSTM
S217,0.2760578688519866,0.2531428446848248,0.41624037481300735,0.0545589116501818,ANN
S218,0.3419284164393489,0.23807838547746127,0.3524870720843294,0.06750612599886034,ANN
S219,0.16496447057097618,0.22635681819437148,0.5676246500746519,0.04105406115999971,ANN
S220,0.03705666378954733,0.4779094032533346,0.4684205362612919,0.01661339669582646,1D-CNN
S221,0.026754588879469483,0.7569148206980166,0.1977191000655299,0.01861149035698347,1D-CNN
S222,0.20649918828350128,0.231307907262614,0.47704535259714465,0.08514755185674015,ANN
S223,0.29713574444863566,0.2731479803706753,0.3713042881492028,0.058411987031486805,ANN
S224,0.2922694227532452,0.24905520321054908,0.37080547101182154,0.08786990302438404,ANN
S225,0.26831534367120397,0.500729782716673,0.1913076899192226,0.03964718369290013,1D-CNN
S226,0.2533542787922129,0.28156012425030197,0.374839309696756,0.09024628726072924,ANN
S227,0.34242557951578356,0.18368684662902243,0.37607853066065433,0.09780904319453936,ANN
S228,0.29349593194460516,0.31479605352770745,0.2786879238634733,0.11302009066421335,1D-CNN
S229,0.2609168215754268,0.23867730209932342,0.42303565707540003,0.0773702192498499,ANN
S230,0.18634813769470737,0.28022730957234976,0.48596376575908323,0.04746078697385913,ANN
S231,0.21720423943978928,0.3044207025216017,0.41781020881797626,0.060564849220633044,ANN
S232,0.2884483887133193,0.40405750848468047,0.2667644285305197,0.04072967427148053,1D-CNN
S233,0.40645414243337197,0.27701801352350763,0.27561585435357,0.04091198968955108,LSTM
S234,0.3952092770274314,0.2987718015226948,0.2665643992570074,0.039454522192866395,LSTM
S235,0.426560136092425,0.34066729731219436,0.18232181376423695,0.050450752831143655,LSTM
S236,0.2614972027461411,0.16935347452398447,0.5182567945467134,0.05089252818316066,ANN
S237,0.2837430314668327,0.2881953229718738,0.3724502109902085,0.05561143457108476,ANN
S238,0.2810968614064624,0.44232026078374026,0.21964838491217165,0.05693449289762545,1D-CNN
S239,0.2043595196727917,0.2357734708141921,0.5151261531492036,0.04474085636381249,ANN
S240,0.07833946451063024,0.6606864182407468,0.24246946106798564,0.018504656180637156,1D-CNN
S241,0.21453349291197124,0.38551428739826604,0.35414022133289186,0.045811998356870165,1D-CNN
S242,0.5663986091214954,0.1498288470036008,0.24939283892703193,0.03437970494787209,LSTM
S243,0.3612463678932505,0.13455930389182355,0.2546133757199754,0.24958095249495077,LSTM
S244,0.05764824967281317,0.03833366269344713,0.8578407794930719,0.04617730814066764,ANN
S245,0.24481742168715442,0.4438244535034522,0.2801523041584907,0.03120582065090281,1D-CNN
S246,0.2511440909029727,0.35803687141357016,0.3622741603927121,0.028544877290745778,ANN
S247,0.3548074861589561,0.3325198241897066,0.2777959232904254,0.03487676636091272,LSTM
S248,0.12443485749585306,0.249303460489112,0.6119303850696542,0.014331296945381426,ANN
S249,0.42675436225550334,0.21424381038928714,0.2942923534118074,0.06470947394340174,LSTM
S250,0.38231871710105697,0.272290700886104,0.283839096028213,0.06155148598462629,LSTM
S251,0.1926178752834875,0.3146458244005595,0.4600167604816955,0.032719539834257724,ANN
S252,0.3366377375138782,0.36092339354423514,0.25632828830478743,0.04611058063709988,1D-CNN
S253,0.7929162073268368,0.08437397005163348,0.09586444424154644,0.026845378379982864,LSTM
S254,0.030241080308367904,0.02605240769280132,0.9411583252775678,0.0025481867212629465,ANN
S255,0.5477055805311777,0.13741012791720092,0.18348691914654872,0.13139737240507207,LSTM
S256,0.27519234865863434,0.25447322074258494,0.41230140241411484,0.05803302818466538,ANN
S257,0.3303611312058208,0.2989521005189099,0.3135383900580668,0.05714837821720243,LSTM
S258,0.2922311292819909,0.37601190391429073,0.29594025309892896,0.03581671370479026,1D-CNN
S259,0.3364890965918876,0.30574313909118267,0.32286703075968054,0.03490073355724911,LSTM
S260,0.3640382808254985,0.26748305292233604,0.32533701575417867,0.0431416504979868,LSTM
S261,0.442629432720832,0.2991508978854704,0.18609975570312492,0.07211991369057265,LSTM
S262,0.41862298781871526,0.2871619811267693,0.24725640147664674,0.046958629577868796,LSTM
S263,0.5930485960539823,0.1956689996597512,0.1502249782904204,0.0610574259958466,LSTM
S264,0.5967001479995225,0.11616974585050209,0.2372437680302326,0.049886338119742475,LSTM
S265,0.24545879643198115,0.4849554576604281,0.2442897064100598,0.025296039497531047,1D-CNN
S266,0.3863878666972962,0.27666614293668834,0.2955807051759038,0.04136528519011172,LSTM
S267,0.3490687973257363,0.21633472851167385,0.378181284212228,0.05641518995036199,ANN
S268,0.5632643098905287,0.19702145737681498,0.1410087996586206,0.09870543307403544,LSTM
S269,0.3172255306500351,0.36460704028945196,0.2849752281411849,0.03319220091932894,1D-CNN
S270,0.5343014545363556,0.22189179936499806,0.1926373174298871,0.05116942866875859,LSTM
S271,0.3821476511658318,0.17655044490609642,0.3877357724661544,0.05356613146191669,ANN
S272,0.4583146049244976,0.27533143480859684,0.17974963349046413,0.08660432677644152,LSTM
S273,0.4125267496496003,0.28063232222168705,0.25233462671468965,0.054506301414022774,LSTM
S274,0.15296286999751563,0.457503623140447,0.3680579804438858,0.021475526418151907,1D-CNN
S275,0.15956117439543885,0.4758876227012843,0.3417364240129024,0.022814778890373724,1D-CNN
S276,0.4170831754238612,0.22950775893733247,0.30772677058868037,0.045682295050126415,LSTM
S277,0.3055765287783299,0.29088997982664977,0.36431246013668667,0.039221031258333025,ANN
S278,0.29501264442616093,0.322692120178033,0.3380900323975988,0.04420520299820701,ANN
S279,0.564844370889483,0.22716253200315484,0.09700764721562621,0.11098544989173616,LSTM
S280,0.5828908683140823,0.1839281693283679,0.1747428401733022,0.058438122184247494,LSTM
S281,0.10335608554522362,0.5426706518958325,0.3382398926776442,0.01573336988129955,1D-CNN
S282,0.14197148438168944,0.5677047036209016,0.26570225520575147,0.02462155679165687,1D-CNN
S283,0.09361896593139217,0.26130046751922414,0.6241653192698587,0.02091524727952474,ANN
S284,0.25164378429855133,0.3898257352654743,0.323579748427784,0.034950732008190155,1D-CNN
S285,0.39338388271374236,0.28318131820793735,0.28443825930864747,0.03899653976967281,LSTM
S286,0.2818846286276255,0.3629374809821759,0.3203253888312176,0.0348525015589809,1D-CNN
S287,0.05149104281593654,0.4181170260155958,0.5213780567947088,0.009013874373759018,ANN
S288,0.4381795016960647,0.21895417916064966,0.23119096791374583,0.11167535122954017,LSTM
S289,0.664730291469209,0.12128752417425487,0.14301531465256292,0.07096686970397266,LSTM
S290,0.45103741972417477,0.23897594059553032,0.2562847698726892,0.05370186980760572,LSTM
S291,0.17196200818147855,0.29880409496578786,0.4940221445434058,0.03521175230932757,ANN
S292,0.2543695452236509,0.28290513420459873,0.37603658693481185,0.08668873363693845,ANN
S293,0.22663020340165196,0.5937399537594406,0.14422002082821903,0.035409822010689505,1D-CNN
S294,0.4084204128493966,0.327283433929698,0.23076078698942792,0.033535366231477536,LSTM
S295,0.5621686382229741,0.18065629822811535,0.20991900576341313,0.04725605778549669,LSTM
S296,0.2758957400360033,0.29658183391640963,0.3669839273526665,0.06053849869492084,ANN
S297,0.2703081321363415,0.3385374412191822,0.35465714646599866,0.0364972801784782,ANN
S298,0.232310237559462,0.33774631041588665,0.40143842082834597,0.02850503119630551,ANN
S299,0.3438422243050769,0.3491128759078386,0.2659752572058889,0.04106964258119519,1D-CNN
S300,0.16747146911594876,0.33896225162298094,0.4678796040266607,0.025686675234409723,ANN
S301,0.4730755530404478,0.2148321123019461,0.2284402293316223,0.08365210532598394,LSTM
S302,0.27813903480911306,0.35741860131884856,0.31976159591939607,0.044680767952642676,1D-CNN
S303,0.2910369225081339,0.43542957766942963,0.23282090207116163,0.040712597751275115,1D-CNN
S304,0.12695039461721289,0.39593899565825136,0.4531808103838692,0.023929799340666653,ANN
S305,0.9972013905049122,0.0007013216550966914,0.0011998103458447807,0.0008974774941461042,LSTM
S306,0.24443248594801073,0.10571139282220333,0.6362618066757698,0.013594314554015836,ANN
S307,0.1666574377983744,0.45301436031523906,0.3616253340586577,0.018702867827728502,1D-CNN
S308,0.2684941305974643,0.2897749103030635,0.3901649007034272,0.05156605839604561,ANN
S309,0.29350996246650796,0.27685240591216576,0.3784709020127333,0.051166729608593114,ANN
S310,0.410041525706904,0.20405907268836224,0.34668306353071976,0.03921633807401376,LSTM
S311,0.371364212348316,0.3562681044286352,0.23647656435024794,0.0358911188728013,LSTM
S312,0.39144523673998766,0.22199783169860215,0.31865068389167717,0.06790624766973331,LSTM
S313,0.6200191824119876,0.1327578629922002,0.11217616293003138,0.13504679166578096,LSTM
S314,0.14741388327178703,0.5299129913906876,0.2938522523117993,0.028820873025726484,1D-CNN
S315,0.01777446568793654,0.17349996909869564,0.8033051463200268,0.005420418893341611,ANN
S316,0.08744477958785823,0.30202516125245416,0.5843520475619876,0.026178011597700487,ANN
S317,0.15366969892861504,0.5693843396533604,0.24471989209018072,0.032226069327844005,1D-CNN
S318,0.08922241987583249,0.16717009829746463,0.7203186017131281,0.02328888011357503,ANN
S319,0.20861282804120765,0.39262264393377405,0.3669399467064494,0.03182458131856862,1D-CNN
S320,0.32009802788876834,0.3254999613713428,0.30897188699341366,0.04543012374647567,1D-CNN
S321,0.49283822401265187,0.3045803776339206,0.16250617676395612,0.04007522158947153,LSTM
S322,0.2942395197723542,0.3434118564478084,0.33161023212247615,0.030738391657362307,1D-CNN
S323,0.31779876185529665,0.416217273439068,0.2318741935455737,0.03410977116006154,1D-CNN
S324,0.15213048741889967,0.2087325975037142,0.6204203368338479,0.01871657824353772,ANN
S325,0.10455958827802996,0.5348597782528511,0.3454954213327429,0.015085212136376536,1D-CNN
S326,0.28599553974178077,0.3265074737820406,0.3509836476470188,0.03651333882915948,ANN
S327,0.8462312176873537,0.07566576944379265,0.03008667622457349,0.048016336644280184,LSTM
S328,0.3169318145834161,0.2611176578571878,0.3603530022204732,0.061597525338923355,ANN
S329,0.2693254796644657,0.41163840928517836,0.27267696560392585,0.046359145446430536,1D-CNN
S330,0.2714116257215654,0.3602916510425967,0.33192818624244225,0.03636853699339612,1D-CNN
S331,0.46351081702255437,0.2654133923659137,0.22557696120786674,0.04549882940366417,LSTM
S332,0.5115474831254225,0.16841037330538075,0.2711905271474422,0.048851616421754444,LSTM
S333,0.0697775353199081,0.15060228588562705,0.7675712820359818,0.012048896758483352,ANN
S334,0.12095002594588442,0.5205314806742964,0.3352331964310884,0.02328529694873167,1D-CNN
S335,0.27896364277427166,0.4669668451908867,0.22588726218350014,0.02818224985134124,1D-CNN
S336,0.36705869116908557,0.27155228066382,0.23480036187783265,0.1265886662892616,LSTM
S337,0.3843770153365213,0.5108940174008741,0.05589730860888243,0.04883165865372237,1D-CNN
S338,0.2631992572824404,0.3467827099354324,0.37001846698526575,0.01999956579686126,ANN
S339,0.3710055291342872,0.27928392163231336,0.2748966860334221,0.07481386319997743,LSTM
S340,0.3045390320128607,0.30092176140603893,0.33124772731706426,0.06329147926403612,ANN
S341,0.42306673135494743,0.39087156506894477,0.1491336009907072,0.03692810258539986,LSTM
S342,0.8278330568841626,0.0937737764311001,0.05026426128158721,0.028128905403150207,LSTM
S343,0.4022425017636788,0.09555863686011022,0.45361509207435713,0.048583769301853874,ANN
S344,0.40514636104842633,0.24168328556112548,0.268844498353047,0.08432585503740117,LSTM
S345,0.4054792807733886,0.2924937266042284,0.24467990814436189,0.05734708447802128,LSTM
S346,0.27723619950600586,0.41830705379218697,0.27296401342039883,0.031492733281408704,1D-CNN
S347,0.4447169645197748,0.3204571416349835,0.19260661563314624,0.04221927821209516,LSTM
S348,0.35674261776666993,0.1527958504849302,0.4525104421625171,0.03795108958588195,ANN
S349,0.19575029217103962,0.27873074947590476,0.49805965651426004,0.027459301838795882,ANN
S350,0.2828584949789437,0.4154534978216329,0.26539896895857534,0.036289038240848254,1D-CNN
S351,0.33669763270926323,0.3091135058070276,0.29943326554531513,0.05475559593839341,LSTM
S352,0.32095659469863225,0.3031929391589132,0.32280019469941984,0.053050271443033974,ANN
S353,0.41762338454354875,0.32204075749659866,0.21085665907235537,0.049479198887496884,LSTM
S354,0.411811196883928,0.2987205315925462,0.24110027366005687,0.04836799786346856,LSTM
S355,0.3994419080051696,0.1951095663754865,0.3582349476236476,0.047213577995696476,LSTM
S356,0.0004653621144512489,0.0013052419067065418,0.9981546250309857,7.477094785625603e-05,ANN
S357,0.07031364202140991,0.5713449524184204,0.33948263062392753,0.01885877493624231,1D-CNN
S358,0.24165355928779733,0.24342723611943926,0.4154652358125109,0.09945396878025277,ANN
S359,0.7933561927026481,0.13730220022474973,0.042640846394821005,0.026700760677781384,LSTM
S360,0.2438612264563022,0.11709675225280525,0.6102698587771237,0.028772162513769114,ANN
S361,0.08125276365583375,0.5722121913582193,0.3345450454541574,0.011989999531790764,1D-CNN
S362,0.20130840575181871,0.5734554861464656,0.20043686608887115,0.024799242012844665,1D-CNN
S363,0.18499132883546132,0.3071432243913425,0.4896010489371331,0.018264397836062204,ANN
S364,0.2928317999374422,0.3022245654694757,0.33411979581550355,0.07082383877757864,ANN
S365,0.3369557875695596,0.3709945862049073,0.2436046732621325,0.04844495296340108,1D-CNN
S366,0.3622651384422842,0.29020596795689707,0.305355663683006,0.042173229917812805,LSTM
S367,0.2350009992835365,0.32496300521216304,0.41486334841359584,0.02517264709070413,ANN
S368,0.30759268606022244,0.3285594349277826,0.3342608169437989,0.029587062068195086,ANN
S369,0.4986208247319553,0.20527398670711353,0.2467745072172158,0.049330681343715224,LSTM
S370,0.11520563868705024,0.24258894897189334,0.6236437248286556,0.01856168751240102,ANN
S371,0.5830905659484177,0.17653057415160797,0.11462655840338445,0.12575230149659003,LSTM
S372,0.30016701493632536,0.2448659853424212,0.41274014740647547,0.042226852314777304,ANN
S373,0.24474974285715054,0.40107891230559717,0.3307275719307727,0.023443772906479213,1D-CNN
S374,0.3701991804266954,0.3647036222847726,0.22342014963659787,0.04167704765193374,LSTM
S375,0.367420321405215,0.23288833431487327,0.3207809225924949,0.07891042168741662,LSTM
S376,0.5456872977348345,0.20295941244608373,0.15435804167422829,0.09699524814485343,LSTM
S377,0.2189988455628633,0.3175880401680434,0.4190591544814375,0.04435395978765538,ANN
S378,0.21276558719154198,0.44542722349420083,0.31049528763620465,0.03131190167805309,1D-CNN
S379,0.42289228485467895,0.3017429907932917,0.23342538229659668,0.04193934205543306,LSTM
S380,0.482831728350807,0.23473722885716447,0.22433204742336615,0.058098995368662226,LSTM
S381,0.46598748867012874,0.2946705350734982,0.14061935299545295,0.09872262326091999,LSTM
S382,0.5330116788013151,0.23377290916625082,0.19097719549606665,0.042238216536367335,LSTM
S383,0.3392718146381804,0.243316333525213,0.34419498024861933,0.07321687158798676,ANN
S384,0.29207613236578817,0.3178260579169753,0.30682153950087376,0.08327627021636298,1D-CNN
S385,0.37603946978727143,0.28524259655326273,0.26273645673216456,0.0759814769273015,LSTM
S386,0.2037457216800232,0.2835740894877287,0.4662958582627415,0.046384330569506395,ANN
S387,0.1804097787765759,0.45763114993994525,0.3182267495731054,0.04373232171037316,1D-CNN
S388,0.12794284584988225,0.2718575535179335,0.5721216357425902,0.028077964889594412,ANN
S389,0.44842987182596783,0.38389707276148827,0.13341919193734078,0.034253863475203095,LSTM
S390,0.8773278998490263,0.07369518497351076,0.04023174001554682,0.00874517516191581,LSTM
S391,0.18582707431343023,0.5934567810104084,0.20492874989531332,0.015787394780847137,1D-CNN
S392,0.18373418025274751,0.3963864834751906,0.4029115116845451,0.016967824587516313,ANN
S393,0.349675872703769,0.2574755573381707,0.3530699383802867,0.0397786315777733,ANN
S394,0.2563450622366938,0.41072482968832214,0.30390563532367304,0.029024472751311522,1D-CNN
S395,0.33212451893934314,0.2949366322309327,0.32239459986816094,0.05054424896156246,LSTM
S396,0.467826802138111,0.2272414458297163,0.2415650934515198,0.06336665858065321,LSTM
S397,0.3649020147209394,0.43049390498519724,0.10928137222470503,0.09532270806915877,1D-CNN
S398,0.20724070907534214,0.24032474624278738,0.5061753986611548,0.04625914602071512,ANN
S399,0.15401342611492744,0.445423799947748,0.3678602214038375,0.03270255253348739,1D-CNN
S400,0.16519313558537202,0.27770366571743277,0.5223936621909951,0.0347095365062006,ANN
S401,0.07071348272405624,0.5395553982046647,0.37362475444166243,0.01610636462961632,1D-CNN
S402,0.43231712067500583,0.2758351571749874,0.2521407255525954,0.03970699659741173,LSTM
S403,0.3959260881420717,0.3057323211272368,0.26272832734804297,0.03561326338264848,LSTM
S404,0.34064775094846544,0.2649960473434488,0.34450691020541613,0.04984929150266906,ANN
S405,0.5880631779444244,0.16488927056195796,0.16479272148539004,0.08225483000822736,LSTM
S406,0.2984288709741307,0.2863389253101866,0.36906553542406106,0.04616666829162191,ANN
S407,0.20179853426705513,0.3440132527937229,0.4166420720151047,0.03754614092411718,ANN
S408,0.1496640515181176,0.44299754946591263,0.36287078818572827,0.04446761083024139,1D-CNN
S409,0.14387329529925635,0.3392689779204908,0.46169441732589533,0.055163309454357816,ANN
S410,0.0919428866669106,0.2701796932086127,0.5898786926125265,0.0479987275119505,ANN
S411,0.09134174679719535,0.6166326554233728,0.2599141058386966,0.03211149194073569,1D-CNN
S412,0.28810815805267037,0.4402152542835988,0.24308537418911424,0.02859121347461651,1D-CNN
S413,0.5210930601664076,0.2252249115142929,0.22078974280543096,0.03289228551386808,LSTM
S414,0.42195933344651104,0.19263102925495437,0.31208513518907177,0.07332450210946266,LSTM
S415,0.3949490261568184,0.1565589723594293,0.35005177217314815,0.0984402293106047,LSTM
S416,0.21367414369151191,0.26124128931966245,0.4465270066229496,0.07855756036587622,ANN
S417,0.27841347735293476,0.45314146753745965,0.23354284470810577,0.03490221040149903,1D-CNN
S418,0.34869939554373397,0.3689768381319764,0.2404965044984804,0.04182726182580906,1D-CNN
S419,0.5792768110672516,0.26722517466182266,0.12872063614564933,0.024777378125276826,LSTM
S420,0.34873597659227573,0.25152365093484724,0.358695869833702,0.0410445026391753,ANN
S421,0.3292639256203615,0.23172123157265742,0.3862174601024268,0.052797382704553864,ANN
S422,0.2777007052471666,0.2657149648576557,0.395002867339959,0.06158146255521828,ANN
S423,0.053217840320821726,0.13119190020620813,0.7872073552865588,0.02838290418641109,ANN
S424,0.06120029958962874,0.3682090580101675,0.531857835876648,0.038732806523555374,ANN
S425,0.19998585454028064,0.22401929038951338,0.4675279958298455,0.10846685924036015,ANN
S426,0.04000989771683111,0.25633931276273975,0.6744821846451644,0.02916860487526463,ANN
S427,0.20220118349366942,0.5265474432456992,0.2409226977767283,0.030328675483902962,1D-CNN
S428,0.3595753327085378,0.47466786544994816,0.14032824263644048,0.025428559205073357,1D-CNN
S429,0.4103761690275535,0.3447609048158265,0.21661341198087253,0.02824951417574771,LSTM
S430,0.05601220036489488,0.8247800711915854,0.11388831686877512,0.005319411574744277,1D-CNN
S431,0.19373673436804514,0.40194297433128456,0.38692752838509276,0.017392762915576822,1D-CNN
S432,0.3412158290227602,0.20063481562880262,0.4239641923475624,0.034185163000875124,ANN
S433,0.46735489713517675,0.1883797714841571,0.21884091116694404,0.12542442021372194,LSTM
S434,0.23205993653713164,0.4217639769753455,0.31195622509382986,0.03421986139369302,1D-CNN
S435,0.389652425805024,0.3189063985722428,0.2478620304434012,0.04357914517933248,LSTM
S436,0.6077932493356033,0.20720716708269646,0.1496048449990333,0.03539473858266704,LSTM
S437,0.2721774311020479,0.29203635277469003,0.4047206224277549,0.0310655936955068,ANN
S438,0.3394230797929567,0.3418117411053311,0.27614777925707334,0.04261739984463854,1D-CNN
S439,0.3145336826393266,0.28491282064660584,0.35743200243686374,0.0431214942772044,ANN
S440,0.08568005991986138,0.3242658023859359,0.573349765353982,0.016704372340221006,ANN
S441,0.5125045779925401,0.206113282283489,0.19406829383398846,0.08731384588998263,LSTM
S442,0.39126513931915163,0.3379259435748564,0.22149040951615165,0.04931850758984014,LSTM
S443,0.15408383759230218,0.34819790762028796,0.4749772882938525,0.0227409664935576,ANN
S444,0.06348468230896344,0.5388207651917741,0.3848763894388323,0.012818163060430376,1D-CNN
S445,0.3183542735088219,0.11158698885670115,0.2011324567080946,0.3689262809263823,BiLSTM
S446,0.29296669804132724,0.39766476956021285,0.22943947332845238,0.07992905907000786,1D-CNN
S447,0.3473936255948121,0.2692416573898155,0.3281995750987259,0.05516514191664661,LSTM
S448,0.2873471847053031,0.3436448088738013,0.33550624164999093,0.03350176477090494,1D-CNN
S449,0.31271270907379084,0.34296579151532985,0.31032885173215546,0.03399264767872379,1D-CNN
S450,0.44254436510219136,0.29455550557609933,0.21390063947543703,0.0489994898462725,LSTM
