Segment,1D-CNN,ANN,BiLSTM,LSTM,CNN-LSTM,Selected
S1,0.9918468226149496,0.00130003624810885,0.003108582699340817,0.0030608772146277093,0.0006836812229724854,1D-CNN
S2,0.6556024356452416,0.17996817705676238,0.06604093402752938,0.07438494153042582,0.02400351174004086,1D-CNN
S3,0.2025362704228456,0.2469751027071844,0.19286665165213152,0.3000465326986412,0.0575754425191971,LSTM
S4,0.1860727591440998,0.4259045492253596,0.1478110008674182,0.22230195273551145,0.017909738027610957,ANN
S5,7.727599176376674e-05,0.00020509892628400693,0.8550249706962324,0.14468500235574386,7.652029975003732e-06,BiLSTM
S6,0.05292310657898938,0.12737140172709485,0.43466751622663735,0.37209286746537645,0.012945108001902619,BiLSTM
S7,0.0025267072708104713,0.0031913959118911044,0.5197117716203925,0.4737366966177034,0.0008334285792031349,BiLSTM
S8,0.08055568927910879,0.11296009441064433,0.47010857155555635,0.32140752628613933,0.014968118468550874,BiLSTM
S9,0.38572934685870597,0.3620596115577269,0.13794601794646463,0.098231394603923,0.016033629033179318,1D-CNN
S10,0.3845364115256395,0.35627483114053854,0.1227537186936656,0.08920060677169812,0.04723443186845774,1D-CNN
S11,0.2395450549453732,0.5897365213751308,0.0603824666312982,0.09059497027174115,0.01974098677645593,ANN
S12,0.03375418713727318,0.040759515047766724,0.7663478280984095,0.15419045150890182,0.004948018207648739,BiLSTM
S13,0.0017658371362036466,0.9852992742142114,0.00977145963616914,0.002869850267135323,0.0002935787462801922,ANN
S14,0.09965618326423702,0.1368417224542074,0.5250402372250036,0.21955476141518263,0.018907095641370233,BiLSTM
S15,0.0,0.0,0.0,0.0,0.0,1D-CNN
S16,0.0,0.0,0.0,0.0,0.0,1D-CNN
S17,0.5315791201312509,0.3094654448522241,0.08546436159642155,0.04512796779026279,0.028363105629841175,1D-CNN
S18,0.32591040205926736,0.2210782405013057,0.3149706059586044,0.09466467388396126,0.04337607759686101,1D-CNN
S19,0.10115632087711687,0.07965157646869064,0.08594088100415348,0.7202386498888358,0.013012571761203328,LSTM
S20,0.4264024823268287,0.2770277856274283,0.12969247372048817,0.13579803103231175,0.0310792272929433,1D-CNN
S21,0.1651155218279724,0.18805116391400062,0.34375806214094723,0.2848212348157642,0.01825401730131598,BiLSTM
S22,0.17338817682452748,0.13346135319481048,0.14480425767612864,0.5274439971909036,0.020902215113629913,LSTM
S23,0.045831440545631125,0.249971027914791,0.2719763827422182,0.42361721104292616,0.00860393775443255,LSTM
S24,0.2929091025836806,0.3484152093149848,0.2425809319995248,0.10419574631700307,0.011899009784806286,ANN
S25,0.45982984397545396,0.37427502888579744,0.12846998857407937,0.02601020308654085,0.011414935478129638,1D-CNN
S26,0.006110962852868562,0.05967762194126443,0.0631629827492556,0.8703868079464444,0.0006616245101690637,LSTM
S27,0.7791680403892691,0.10749460027660032,0.060781371088251684,0.03224782117846695,0.020308167067411224,1D-CNN
S28,0.3266552626947748,0.2546195763655778,0.22757833744721534,0.1245422333781167,0.0666045901143146,1D-CNN
S29,0.17571091958266527,0.09312606445213553,0.10757697667823586,0.5919701804323886,0.03161585885457528,LSTM
S30,0.9273552246776267,0.01941841723059682,0.01654814286597197,0.028051104467731815,0.008627110758072827,1D-CNN
S31,0.0032145960216848498,0.008878971567843726,0.04215065009321251,0.9451154369759514,0.0006403453413078485,LSTM
S32,0.17513710754888379,0.3221073124096248,0.2557156093532617,0.225966946531416,0.02107302415681307,ANN
S33,0.9983972953153818,0.00045449133354181153,0.000463503466021248,0.000537124572359343,0.00014758531269579628,1D-CNN
S34,0.31827344181060657,0.5932898495057788,0.03252381209917567,0.042494139794650235,0.013418756789789921,ANN
S35,0.05829750295937761,0.11430623154183621,0.3133677336171715,0.49996957668571695,0.014058955195898743,LSTM
S36,0.04351282989182262,0.33932771848898785,0.360703053011828,0.2511468041799377,0.0053095944274249235,BiLSTM
S37,0.03518031794400949,0.23194769126208212,0.3980331592449674,0.32560019715248995,0.009238634396453253,BiLSTM
S38,0.13893219055519662,0.20338896415781738,0.35646695938526635,0.2829637053130197,0.01824818058870091,BiLSTM
S39,0.0,0.0,0.0,0.0,0.0,1D-CNN
S40,0.0,0.0,0.0,0.0,0.0,1D-CNN
S41,0.267238146234379,0.21466148341355787,0.21191948349477693,0.2286980785689377,0.07748280828834812,1D-CNN
S42,0.002092417246386125,0.9964979729756783,0.0005024303954617201,0.0007570162447149665,0.00015016313775874943,ANN
S43,0.19397954928467276,0.20663759651368946,0.2127863894063234,0.36066607777130055,0.025930387024014394,LSTM
S44,0.10571693912643654,0.7887578562294085,0.07488324444466014,0.02792556365795165,0.00271639654154248,ANN
S45,0.07840207160368698,0.07977445434491107,0.2790795835771807,0.5310675005493046,0.0316763899249166,LSTM
S46,0.9756426206507002,0.02194289147993276,0.0010977463221583843,0.0011957726384663422,0.00012096890874318565,1D-CNN
S47,0.06411074409721722,0.2509644566515205,0.34216322702050683,0.277097827778141,0.06566374445261412,BiLSTM
S48,0.14374388961183351,0.06489973388979293,0.5857148238856393,0.19549150846972488,0.010150044143008585,BiLSTM
S49,0.3250066661971602,0.15718002634189598,0.3045205935855294,0.1879875455124846,0.025305168362930324,1D-CNN
S50,0.7339131031483198,0.13989871032026724,0.06333732071142638,0.04480342883878268,0.018047436981204115,1D-CNN
S51,0.2934626391661996,0.5344369172262465,0.07223458572338541,0.053279658474884854,0.04658619940928345,ANN
S52,0.2819473977518095,0.2420195968053984,0.17778881954560538,0.23201876672610292,0.06622541917108347,1D-CNN
S53,0.20420586091568688,0.3966644447619854,0.10972302032361865,0.2592054926773495,0.03020118132135991,ANN
S54,0.2636342677209132,0.24054897394274155,0.3639158682646651,0.12170899139092817,0.01019189868075219,BiLSTM
S55,0.04270386438187239,0.9526434781678632,0.002747040858302287,0.0016038866559215563,0.000301729936039118,ANN
S56,0.5299951964578123,0.4436049236814789,0.012290214587609732,0.011261125195022047,0.0028485400780761828,1D-CNN
S57,0.22305595533076236,0.2406828512642986,0.23350912307751234,0.22839632090571582,0.07435574942171043,ANN
S58,0.04004706404309252,0.06612870877159206,0.35354696716398837,0.5268406003903068,0.013436659631019482,LSTM
S59,0.0013902032533608956,0.9875207724788175,0.006216328662492496,0.004599981439328686,0.0002727141660004397,ANN
S60,0.010408259778257297,0.009685234288210996,0.7984195551178067,0.17849992134847698,0.0029870294672488906,BiLSTM
S61,0.3485396391153739,0.30839058547097975,0.16526959664870536,0.13383218234562302,0.04396799641931754,1D-CNN
S62,0.4502114952658098,0.37791893552141126,0.08745980504650451,0.0676231931530778,0.016786571013195594,1D-CNN
S63,0.3702586746540718,0.5051565776533423,0.04835344521940453,0.0655944480618093,0.010636854411373057,ANN
S64,0.05021300839264413,0.041149293740242905,0.7862252644419474,0.10689854806889085,0.015513885356274371,BiLSTM
S65,0.0573331142312831,0.07766920928869644,0.7885667045855733,0.06724156069412707,0.009189411200320727,BiLSTM
S66,0.039445176093876586,0.04566673219443569,0.85260838454707,0.05361174963568323,0.008667957528935413,BiLSTM
S67,0.0,0.0,0.0,0.0,0.0,1D-CNN
S68,0.38986403082586546,0.26770162995055635,0.1569575656693164,0.1330334844354874,0.05244328911877494,1D-CNN
S69,0.25678484661403755,0.48508464511830324,0.1028976524019778,0.11514794926509905,0.04008490660058226,ANN
S70,0.3130747355658968,0.3609926893997586,0.09945386659425783,0.19436377365560636,0.03211493478448043,ANN
S71,0.14995774724960825,0.143410288119309,0.11023981473604838,0.5771213278993637,0.01927082199567107,LSTM
S72,0.4391697288649281,0.546614383303946,0.006368340882053,0.007450599854886301,0.0003969470941848506,ANN
S73,0.11804827038613967,0.6057313447537367,0.1182828263742992,0.13901886273910696,0.018918695746717805,ANN
S74,0.36086795122057597,0.29012863125330507,0.15352923080303452,0.15320661549506484,0.04226757122802047,1D-CNN
S75,0.12856762088170917,0.14538549431863687,0.29760189248511454,0.2934407254343702,0.1350042668801692,BiLSTM
S76,0.04791973982537252,0.3286094170765444,0.3370841561223972,0.2710485408175088,0.01533814615817642,BiLSTM
S77,0.9007505025081177,0.02942267866302583,0.03586262537527701,0.03066881187522426,0.0032953815783564712,1D-CNN
S78,0.9994546668605734,0.00026579332030022467,0.00011926411680341453,0.00013988312666674067,2.0392575655394094e-05,1D-CNN
S79,0.16909159016776198,0.18442241497850745,0.2135678731647802,0.40562868431090326,0.02728943737804669,LSTM
S80,0.007873863446933709,0.17895960065426067,0.7854631956579717,0.025821103819214836,0.0018822364216183585,BiLSTM
S81,0.2898487772855145,0.19453574753047245,0.23873493168742754,0.241195641020829,0.03568490247575629,1D-CNN
S82,0.4120153035186696,0.3860806551885334,0.08612837646723263,0.10098137798066315,0.014794286844899782,1D-CNN
S83,0.07317273659175176,0.07825568395590297,0.10704869636155524,0.7244782718691978,0.017044611221592492,LSTM
S84,0.010795072506856308,0.06255010897705716,0.9183757085325821,0.007052740930898312,0.0012263690526054783,BiLSTM
S85,0.11630398681541163,0.6990556281532692,0.09366812138183836,0.08620505424747373,0.00476720940200789,ANN
S86,0.37442747190106335,0.14263311293186437,0.19431982238024634,0.2702847563370452,0.01833483644978107,1D-CNN
S87,0.44434720008772033,0.28841178695285397,0.11012589657274677,0.1414631561243743,0.015651960262305215,1D-CNN
S88,0.7978604300639494,0.10881453581727421,0.047863632341596546,0.03380119449591276,0.011660207281266273,1D-CNN
S89,0.0014001817559061963,0.000980850014797403,0.0021312793762126043,0.9953726334454527,0.00011505540763047071,LSTM
S90,0.20164530622115634,0.2582391048549448,0.3840713475237789,0.11710450870140675,0.038939732698713383,BiLSTM
S91,0.2591163243913347,0.32050403793258014,0.1540726818838868,0.18863334585706087,0.07767360993513715,ANN
S92,0.07652913679454,0.8495854924368726,0.024556758493146376,0.04103548184492901,0.008293130430512911,ANN
S93,0.006219410469634366,0.006833059754090939,0.0036760130475424566,0.9824339568658266,0.0008375598629058572,LSTM
S94,0.2359140822458976,0.4217250129007476,0.18073266976477317,0.13593512252123985,0.02569311256734262,ANN
S95,0.04972744973283724,0.02425780313395421,0.020346038349413287,0.9021858597638961,0.0034828490198984107,LSTM
S96,0.0008103647741922272,0.0006672264265301199,0.2175777647521523,0.7805387667832676,0.00040587726385715066,LSTM
S97,0.09464862888074231,0.4848878078030481,0.17265337398544975,0.2369650993089301,0.010845090021829857,ANN
S98,0.05369644848885778,0.8319252859893447,0.054638544460864656,0.052723870688581434,0.007015850372351419,ANN
S99,0.24689995829273123,0.6306517016768579,0.06758657580490932,0.03920538880779103,0.015656375417709843,ANN
S100,0.8458161141739253,0.07999280226577678,0.03599627354293265,0.02329517868095989,0.014899631336404711,1D-CNN
S101,0.07973883390827956,0.8967643917766345,0.0099301236232541,0.00853186049251898,0.005034790199312779,ANN
S102,0.00024850189315645075,0.0007237358010734242,0.00024634005256550973,0.9987519703339692,2.9451919235537593e-05,LSTM
S103,0.0172959587756108,0.02392197097925719,0.9289124875308842,0.027623685706139278,0.0022458970081096256,BiLSTM
S104,0.0012861850819643056,0.003062916860420369,0.9865076780634852,0.008414509676541235,0.0007287103175883254,BiLSTM
S105,0.02231077329774715,0.02605047747375514,0.8673854238318829,0.07832078638752465,0.005932539009089977,BiLSTM
S106,0.10256914138859426,0.09745632376692219,0.5212824894576862,0.24960354803434212,0.029088497352454765,BiLSTM
S107,0.15175030211603704,0.13870504576856793,0.3360436178443126,0.30820544875487466,0.06529558551620777,BiLSTM
S108,0.3643003336268185,0.35365059513867475,0.15862168872070606,0.08582800342155472,0.03759937909224614,1D-CNN
S109,0.48750667476799087,0.16713986465287317,0.14000437659931506,0.11449873933300853,0.0908503446468126,1D-CNN
S110,0.008882612989224582,0.009935472383338726,0.06180894928572403,0.917740816334986,0.001632149006724703,LSTM
S111,0.3391534954720216,0.2940695119998965,0.15387371210921327,0.17796722957827985,0.03493605084058976,1D-CNN
S112,0.14833951323486902,0.3318559092522757,0.3080761299138854,0.15716257322752597,0.05456587437144329,ANN
S113,0.12957811159437052,0.0775154128278653,0.3913631814522269,0.3795991560848947,0.021944138040642748,BiLSTM
S114,0.48649788232447455,0.09357604848049687,0.2937272964303346,0.08697281884403639,0.03922595392065703,1D-CNN
S115,0.000646291507735626,0.002673181575118284,0.8930129722437824,0.10349728576457466,0.0001702689087890642,BiLSTM
S116,0.057174993027779675,0.11022267514060484,0.3996384395307118,0.42472498817527854,0.008238904125624417,LSTM
S117,0.27213233009311805,0.24154489346227953,0.2690072845245584,0.18581822574600845,0.03149726617403534,1D-CNN
S118,0.8924310180558235,0.07224903041607472,0.017322574270612567,0.01227154975878576,0.0057258274987046776,1D-CNN
S119,0.06500131728427554,0.8129825643549754,0.045849716992320384,0.06114865718572586,0.01501774418270394,ANN
S120,0.3084386241211287,0.3096442566369176,0.10108492192460843,0.2478745334490556,0.03295766386828833,ANN
S121,0.4866583886000426,0.2347782185882256,0.08876073587186466,0.15122749621565118,0.03857516072421635,1D-CNN
S122,0.7268752456811675,0.0922352200050104,0.06713116187502301,0.08879886060750727,0.024959511831291355,1D-CNN
S123,0.21360101267870318,0.2453170620093984,0.250153361304597,0.2512906712270071,0.03963789278029385,LSTM
S124,0.0622406615665103,0.4911587183659699,0.1592686656584899,0.2787660785649162,0.008565875844113634,ANN
S125,0.9997797976958778,7.542772342182889e-05,5.643758321019668e-05,7.62420104406469e-05,1.209498704943134e-05,1D-CNN
S126,0.7062769977799268,0.08134082411459076,0.08102445478195959,0.10576923786905966,0.02558848545446383,1D-CNN
S127,0.06266900390933522,0.07106309546872146,0.297790150486947,0.5340618531284652,0.03441589700653146,LSTM
S128,0.016960743931110477,0.06829951294214746,0.7173914227347747,0.19367881740226942,0.0036695029896978907,BiLSTM
S129,0.19327772966650886,0.6402627626291222,0.09172070551059203,0.06861005516321568,0.006128747030561282,ANN
S130,0.9994320738647822,0.0003382751219364885,0.00010949390588576139,0.00010354835008348322,1.660875731060135e-05,1D-CNN
S131,0.4687867872099783,0.3798028027801492,0.06280180824705085,0.05899669623332227,0.029611905529498973,1D-CNN
S132,0.08338405266187064,0.13793965674682673,0.11314727578096909,0.6447346533642777,0.020794361446056085,LSTM
S133,0.3172925880028277,0.3363771396893726,0.13074020530245187,0.18100936875813414,0.03458069824721292,ANN
S134,0.3869990746973796,0.3229584051464399,0.1159838015938901,0.12947864092144826,0.044580077640842285,1D-CNN
S135,0.04399568985205359,0.051984019932302415,0.19977759850891386,0.6970307200197959,0.007211971686935534,LSTM
S136,0.10539546350751136,0.4204427460802993,0.3872138662115098,0.08271095809406473,0.00423696610661508,ANN
S137,0.11424378470722694,0.1297454025523253,0.3151637748175993,0.41171371921092276,0.02913331871192621,LSTM
S138,0.018026328346570173,0.9642249558673615,0.007947196442695138,0.008458931535986454,0.0013425878073856912,ANN
S139,0.3065735229362008,0.2630485901673464,0.15221811210768163,0.24276244605752115,0.035397328731249705,1D-CNN
S140,0.09980074878348347,0.05544598029411831,0.28847056083417766,0.5285859828597442,0.02769672722847636,LSTM
S141,0.06568114567664685,0.36491255279036217,0.4414454637353506,0.1207677765699661,0.007193061227673395,BiLSTM
S142,0.011931236046176033,0.046779926655294,0.779405450221579,0.1596112510056884,0.0022721360712631825,BiLSTM
S143,0.12959460471432013,0.2258273236205987,0.4781409990199948,0.15159399620050706,0.014843076444579197,BiLSTM
S144,0.5542715061018924,0.18461998013043884,0.11139893448320239,0.10548678628874456,0.0442227929957218,1D-CNN
S145,0.2144118505177587,0.30795367965556136,0.09773618537631154,0.3534830145309451,0.026415269919423435,LSTM
S146,0.048959612281854956,0.07884424095312621,0.7355031668206012,0.12788170260843773,0.008811277335980274,BiLSTM
S147,0.11165511744347376,0.01620944711102161,0.8013166248306877,0.06775560231514971,0.003063208299669036,BiLSTM
S148,0.04346559990954256,0.055943927296521916,0.734907487615253,0.15451887918790375,0.01116410599077898,BiLSTM
S149,0.05929536138061497,0.061587495024880076,0.5175304807296236,0.35339546055747223,0.00819120230740968,BiLSTM
S150,0.8517727817681106,0.046128763156309475,0.035213843176306325,0.05068156601910752,0.01620304588016645,1D-CNN
S151,0.2760181350212957,0.19315167573386896,0.13023896557772988,0.27151296924250634,0.12907825442459883,1D-CNN
S152,0.00299243762168794,0.16670667469934192,0.6198687870777504,0.20967883208583799,0.0007532685153812757,BiLSTM
S153,0.05922884791173987,0.4027246390048209,0.3256828739949607,0.2014765894181409,0.010887049670339329,ANN
S154,0.5890841085031533,0.15009862308627933,0.14380360638664447,0.0984501204396055,0.018563541584317264,1D-CNN
S155,0.8493598360224675,0.06497207502365465,0.03844361347663535,0.03403582462866883,0.013188650848573931,1D-CNN
S156,0.2512417824493984,0.196848472165884,0.1953597638682736,0.27782881957178623,0.0787211619446582,LSTM
S157,0.29076420942291253,0.17553708967370338,0.19295582625254967,0.27371966998476926,0.06702320466606547,1D-CNN
S158,0.012705817691162996,0.03269332614154069,0.05290625905442516,0.9002332941742472,0.0014613029386222511,LSTM
S159,0.04183095765635335,0.31416528309050046,0.49934826271341837,0.13955195476638121,0.005103541773347389,BiLSTM
S160,0.0175556021883739,0.07533843693631692,0.5686390123477298,0.33222549900480197,0.006241449522776762,BiLSTM
S161,0.09847846578942587,0.17084401238162358,0.40576919307376247,0.31007633774435234,0.01483199101083625,BiLSTM
S162,0.9728724329929622,0.015720430205391815,0.005563500787044121,0.005092346129411427,0.0007512898851896817,1D-CNN
S163,0.5062356288602472,0.2939106793554296,0.07396404821745936,0.09529887238942343,0.03059077117744007,1D-CNN
S164,0.1343608678051744,0.12478184803087557,0.1760374334020383,0.5409816223501837,0.02383822841172857,LSTM
S165,0.018596340289848086,0.802411904633558,0.1397544905234807,0.037182498798262915,0.0020547657548507384,ANN
S166,0.006810958700894512,0.012404517497779176,0.8824126583690087,0.09585936891596473,0.0025124965163530965,BiLSTM
S167,0.3319629872498898,0.23782232193267053,0.19530582178235711,0.20615967010805003,0.02874919892703298,1D-CNN
S168,0.5604447669329856,0.15230960360497067,0.10503722794629476,0.15237683383782144,0.029831567677926614,1D-CNN
S169,0.03267517660419288,0.02692379523310777,0.6449827944638531,0.28323234000402664,0.012185893694820336,BiLSTM
S170,0.4020111579104924,0.21264251058664735,0.18643058417228353,0.17471593926316303,0.024199808067414633,1D-CNN
S171,0.6422785334025732,0.11575893065250109,0.08959277603197989,0.12944009187701103,0.02292966803593423,1D-CNN
S172,0.5782197280798065,0.1390122678700441,0.10482229242706038,0.1548507117974196,0.023094999825670186,1D-CNN
S173,0.012619155055397574,0.459543219514806,0.02610397029245239,0.4951547684102988,0.006578886727046594,LSTM
S174,0.9929462674406279,0.005878042024341927,0.0006421964238749863,0.0004509324029847833,8.256170817097147e-05,1D-CNN
S175,0.12751571239846088,0.2534152101806662,0.29393759522307567,0.23766058319860386,0.08747089899919414,BiLSTM
S176,0.02559879805196428,0.24187128368280447,0.63139629962683,0.09101983057888081,0.010113788059521059,BiLSTM
S177,0.122189140597133,0.10918033688626917,0.251724485882593,0.46677560420879854,0.05013043242520569,LSTM
S178,0.3046433254133361,0.24472678520892585,0.24827457186720578,0.17624906292107095,0.02610625458946115,1D-CNN
S179,0.9664182442035616,0.013776595145593352,0.008505823224235801,0.009899255302364417,0.0014000821242459657,1D-CNN
S180,0.9999673196379998,2.5809621369121954e-05,2.324363684139094e-06,3.086496527996886e-06,1.459880418591779e-06,1D-CNN
S181,0.04424650344381167,0.07055995999177628,0.30219206771432694,0.5732577048728258,0.00974376397725955,LSTM
S182,0.11599552111788668,0.16494456531149942,0.5883817358800612,0.1120358692079697,0.018642308482582064,BiLSTM
S183,0.19780164225277283,0.10820493846090257,0.17784204185542402,0.43033060835862447,0.08582076907227554,LSTM
S184,0.3968082777682528,0.1832239785865244,0.169405228423284,0.21457723927794728,0.03598527594399155,1D-CNN
S185,0.03887018829685737,0.013599425032443267,0.03980464713717067,0.89855883090758,0.00916690862594891,LSTM
S186,0.019095170852485688,0.018848853430856054,0.8439778521181327,0.11445074453424028,0.0036273790642852534,BiLSTM
S187,0.14116388674583838,0.5783860157848387,0.15982601445116984,0.10379417351376552,0.01682990950438747,ANN
S188,0.2473128291487281,0.21017925353137562,0.24321669167272095,0.2156393448392535,0.08365188080792166,1D-CNN
S189,0.39126827645060336,0.14982759520315356,0.12599057111322415,0.2522791223163653,0.08063443491665358,1D-CNN
S190,0.18305178952553128,0.2813801186616198,0.180389090352267,0.28219672656102973,0.07298227489955234,LSTM
S191,0.07536195420955871,0.7364996114364378,0.055806528494203735,0.12006024689312084,0.012271658966678693,ANN
S192,0.00661534442257514,0.8824257893036389,0.08982208244551589,0.02035246357007051,0.0007843202581988234,ANN
S193,0.008630640003080906,0.06541451194146489,0.7574665163633901,0.16544123811271064,0.0030470935793540125,BiLSTM
S194,0.0355295578341127,0.1715863717532284,0.5035817934161956,0.2821610954408345,0.0071411815556279255,BiLSTM
S195,0.2827812528800338,0.23716150867958427,0.2693561996814636,0.19277249681904618,0.017928541939873255,1D-CNN
S196,6.592157058143298e-06,0.9999884346988986,2.676084524516456e-06,1.665323590892607e-06,6.317359270177383e-07,ANN
S197,0.012462140182031563,0.01768138485903578,0.4184265073627604,0.5499383399360483,0.001491627660124341,LSTM
S198,0.3707051028180812,0.255943255804003,0.2115003784487921,0.12002972296147067,0.04182153996765302,1D-CNN
S199,0.4931107108233673,0.20674091738060227,0.1361077618051873,0.10707668244588106,0.05696392754496179,1D-CNN
S200,0.500921247563429,0.07142297622094895,0.12271886176885514,0.2451361364353104,0.05980077801145716,1D-CNN
S201,0.048920852097051624,0.06478473350799645,0.2800299141800108,0.5988890239971555,0.007375476217787495,LSTM
S202,0.06205888897820556,0.07208474867197286,0.7291689944531972,0.12673933002560248,0.009948037871021836,BiLSTM
S203,0.09536142734604725,0.2854838455918863,0.37027193653013324,0.22829211827087373,0.020590672261060653,BiLSTM
S204,0.9756207269610038,0.01396604561757634,0.005314920930395122,0.003968116017205188,0.0011301904738219002,1D-CNN
S205,0.21078272018476735,0.7550046242538959,0.015571260781508778,0.012711870453134565,0.005929524326692801,ANN
S206,0.0018028809670015279,0.9948685266796007,0.0013108784316935495,0.0016342666335395907,0.0003834472881642109,ANN
S207,0.05844651286058669,0.06101447853128377,0.10180539566939671,0.7700064131742389,0.00872719976449411,LSTM
S208,0.001365621351367063,0.9906554926080298,0.0030894760621542746,0.004649249241403631,0.00024016073704558454,ANN
S209,0.2284605754195695,0.25324781005762176,0.2537687907447606,0.23782862923103987,0.026694194547007784,BiLSTM
S210,0.5456155265528351,0.35110674424322375,0.05288250866710451,0.03830586792748695,0.012089352609350307,1D-CNN
S211,0.14119623035494142,0.17206669406743288,0.3755700073070281,0.2527731447120434,0.05839392355855405,BiLSTM
S212,0.034802334579543015,0.5684844542199838,0.08814876875995119,0.3025771753385318,0.005987267101990552,ANN
S213,0.2806392632091033,0.20942817677628464,0.23355104542072574,0.21322724341385257,0.0631542711800336,1D-CNN
S214,0.9776430733650813,0.007985113858117007,0.005039431719059565,0.005564313212773371,0.0037680678449689697,1D-CNN
S215,0.6115738939255465,0.07448432018398322,0.06393468282965567,0.19932492120645962,0.050682181854354316,1D-CNN
S216,0.00027758690874236653,0.5851147831142436,0.01026303860243203,0.40429306810388704,5.152327069543052e-05,ANN
S217,0.07515787945772288,0.3622837534582197,0.3097008302592948,0.24297614729725417,0.009881389527509457,ANN
S218,0.16519832178065227,0.23784347300632447,0.32926255659350795,0.24447407464596665,0.023221573973549497,BiLSTM
S219,0.04365812344508128,0.9543895741257973,0.0010689382764764571,0.0006487328587376369,0.00023463129390732934,ANN
S220,0.739564993802323,0.19539684618517517,0.03966771323543397,0.014563336709362244,0.010807110067707152,1D-CNN
S221,0.39437907646453746,0.45066057985762425,0.08098709145137431,0.024208371035200855,0.0497648811912636,ANN
S222,0.04018788732437137,0.11844670044234348,0.5311959649102134,0.3034325880706928,0.006736859252378943,BiLSTM
S223,0.27036002134925186,0.2399257397433834,0.26131929164704526,0.17835905193296725,0.0500358953273527,1D-CNN
S224,0.12381929681176644,0.1992659700881407,0.3940985816968646,0.25377115677566164,0.029044994627566552,BiLSTM
S225,0.464291830329718,0.17317313296885184,0.17394925404473519,0.14661562038173367,0.041970162274961115,1D-CNN
S226,0.15985658372396347,0.2132889417701661,0.43435694925346535,0.13843026401113254,0.05406726124127299,BiLSTM
S227,0.06935922017743916,0.13885653156916922,0.3862530164105017,0.39062084814531894,0.014910383697571672,LSTM
S228,0.2549427906809325,0.27974834690895545,0.2942277659298559,0.13264550156511082,0.03843559491514495,BiLSTM
S229,0.006142292949987182,0.010277348024734614,0.06509117810045685,0.9173124996513299,0.0011766812734913831,LSTM
S230,0.19769892219835997,0.4259674338093765,0.19105354535494076,0.16496972811980223,0.020310370517519605,ANN
S231,0.24414839502284058,0.26678613067422935,0.2719562284178689,0.1478749694541047,0.06923427643095639,BiLSTM
S232,0.7990623473239216,0.11354804573141289,0.03604309974834174,0.03795567281838562,0.013390834377938692,1D-CNN
S233,0.004041877182066121,0.003364988808355865,0.9848521237806827,0.006999787327781539,0.0007412229011144231,BiLSTM
S234,0.16750271873026737,0.153581052458634,0.1795840287619794,0.47774826069900744,0.02158393935011182,LSTM
S235,0.5641550222510313,0.19032021527540938,0.10129375332184413,0.1273823178486089,0.016848691303104842,1D-CNN
S236,0.013594021718824399,0.9298700446121443,0.029595331561609015,0.021615384457937214,0.005325217649485183,ANN
S237,0.06713261283159916,0.0834018224250491,0.27875111075319936,0.5613813452809597,0.009333108709193011,LSTM
S238,0.02753478491795369,0.8767253716715111,0.04524466127025334,0.04792513553985293,0.0025700466004282825,ANN
S239,0.9992435775613151,0.0005361554042287202,0.00011703102518404788,8.073501058251688e-05,2.2500998692030087e-05,1D-CNN
S240,0.7827034553328199,0.12111730391910344,0.049693779138142546,0.03010030274809764,0.016385158861836384,1D-CNN
S241,0.21257894577837222,0.2613904335012872,0.3543223848229354,0.14470887688857023,0.026999359008835207,BiLSTM
S242,0.12405138413183232,0.2001995654881228,0.16636999252472331,0.4914390494519232,0.017940008403398475,LSTM
S243,0.09054023476392987,0.12317788590393501,0.606816605549468,0.1442130464821299,0.03525222730053752,BiLSTM
S244,0.0263083206938138,0.6744341645255252,0.24862361129605776,0.03537272262269929,0.0152611808619039,ANN
S245,0.5816562161692358,0.26092789976085656,0.061825825672124066,0.07257488964339048,0.02301516875439385,1D-CNN
S246,0.010020188713604238,0.9748281226950583,0.005699231045630105,0.007059202152247152,0.002393255393461724,ANN
S247,0.15159027628537777,0.10647137298677281,0.535985283336356,0.17464205881418127,0.03131100857731219,BiLSTM
S248,0.0011099856896150092,0.005315121837555336,0.002843479836706406,0.9906191864266313,0.00011222620949195984,LSTM
S249,0.029186044423676206,0.09348812190060271,0.1829484085234857,0.6861274042356782,0.008250020916556121,LSTM
S250,0.0036189387836801225,0.9755334628831147,0.00831921026690073,0.011979778838126658,0.0005486092281795865,ANN
S251,0.923233435482592,0.04385360199413911,0.016649481833710556,0.01413608373134491,0.002127396958214083,1D-CNN
S252,0.32527456932565585,0.19495211867154744,0.2070697842238921,0.19639658670619461,0.0763069410727103,1D-CNN
S253,0.0003877221009118719,0.0005556858256227575,0.006950123781749832,0.9920191353720486,8.733291966661334e-05,LSTM
S254,0.0006520431549487993,0.997090154337136,0.001305852818429271,0.0008950301334504493,5.6919556035668384e-05,ANN
S255,0.006405329747152233,0.030424173778246397,0.5153089497819141,0.4449599456378535,0.002901601054833259,BiLSTM
S256,0.08966083596702021,0.14742075896856727,0.5754178069036218,0.17754867751184406,0.009951920648946894,BiLSTM
S257,0.5072721987817717,0.1424506626374534,0.1795611500787206,0.14659402735568636,0.02412196114636883,1D-CNN
S258,0.9657999077316601,0.011817306441235093,0.008960006594003348,0.010438752397217223,0.002984026835883764,1D-CNN
S259,0.2632970567406896,0.2728527022142041,0.16825302490079805,0.23210955548392376,0.06348766066038458,ANN
S260,0.0031064623835290687,0.0034975002236117053,0.9660383053986478,0.026913941970585168,0.0004437900236287365,BiLSTM
S261,0.00969109243706872,0.9703940596921791,0.01163325732298729,0.007722545922344729,0.0005590446254206427,ANN
S262,0.2998090762055946,0.1836219675556985,0.21753336318855737,0.26174489031874176,0.03729070273140864,1D-CNN
S263,0.1372642086738627,0.12191658197322529,0.2737445530154016,0.34875996942177695,0.11831468691573373,LSTM
S264,0.08668689736769915,0.1620355203337578,0.3777585520041653,0.3514187621639791,0.02210026813039858,BiLSTM
S265,0.6975392324908429,0.1162745790212179,0.0750282148816475,0.09313423121621829,0.018023742390073233,1D-CNN
S266,0.22129940491308256,0.21130838502227753,0.2070590253105913,0.2774534842425595,0.08287970051148921,LSTM
S267,3.703776634029317e-05,0.0001010206331673148,0.9993790243924848,0.00047128065026139315,1.163655774604848e-05,BiLSTM
S268,0.7447475436947073,0.11074325597860642,0.0831382858412092,0.05652283412045255,0.004848080365027208,1D-CNN
S269,0.35452645444311476,0.2090054726468104,0.1795218688535898,0.2249081832656461,0.032038020790839665,1D-CNN
S270,0.09972245444768163,0.760729681298541,0.05057936593406067,0.07720597991442323,0.011762518405293921,ANN
S271,0.013597982860098248,0.09129267083805065,0.5880538170236311,0.30307704996931517,0.003978479308903762,BiLSTM
S272,0.0005345044712963842,0.0008124410298988501,0.9964978766301166,0.001984745842067851,0.0001704320266203853,BiLSTM
S273,0.029233110555978565,0.8295793865386676,0.08389667217992858,0.052350464580720575,0.004940366144705168,ANN
S274,0.7488835904804051,0.18436978305824475,0.030792457389119083,0.031679597235458844,0.004274571836773253,1D-CNN
S275,0.19090140533761268,0.7588307536703405,0.020263494677543018,0.023813627176391593,0.0061907191381127,ANN
S276,0.21354924628988475,0.2385066790849353,0.2139189223197805,0.2598274398971823,0.07419771240821728,LSTM
S277,0.22545635189717267,0.13961021307965443,0.1202312294493735,0.48928424222644984,0.0254179633473504,LSTM
S278,0.009156329433477009,0.009489625085398504,0.9654063159994111,0.014773854243208633,0.001173875238505195,BiLSTM
S279,0.00476965106064472,0.977516313919332,0.013069439284615923,0.0042924744287027175,0.0003521213067033281,ANN
S280,0.4263938515654572,0.14903129761558978,0.14632236955875877,0.27228329838663234,0.005969182873561186,1D-CNN
S281,0.3089006096156219,0.2025136611325043,0.2754900678380975,0.19725652031570684,0.01583914109806929,1D-CNN
S282,0.9584955675579017,0.028359511454076017,0.006652630762284447,0.005599484142467966,0.0008928060832689341,1D-CNN
S283,0.09651196953001312,0.8447425730155089,0.028313486679417778,0.01988548748477426,0.010546483290286696,ANN
S284,0.9811200351914301,0.008171198078607384,0.004250402696465242,0.0047695890862398775,0.001688774947257962,1D-CNN
S285,0.006999584624157027,0.9907490863782424,0.0007030720800869627,0.0013569062423885445,0.000191350675125951,ANN
S286,0.0006180537025079013,0.0008654420445394929,0.0002607292414020475,0.9982107831584365,4.499185311292809e-05,LSTM
S287,0.05868094975133993,0.8427414472784434,0.09576974892170326,0.0025250594710816733,0.0002827945774323985,ANN
S288,0.007565674444648738,0.012846040208703427,0.9464062534598887,0.031124801997102165,0.0020572298896578654,BiLSTM
S289,0.015577081975164851,0.016981371552705293,0.49466217957703157,0.4658833903640243,0.006895976531073994,BiLSTM
S290,0.3394379763558479,0.28176654676645657,0.17050641707282715,0.19096039202773316,0.017328667777135678,1D-CNN
S291,0.19064796331033804,0.5340026045449591,0.1425874540893292,0.11021426627318859,0.02254771178218617,ANN
S292,0.09855436494720447,0.12134599771024716,0.555145004473968,0.2016004116572484,0.023354221211332,BiLSTM
S293,0.8639032611382034,0.027770784100532884,0.04415165494996516,0.04080809329419755,0.023366206517100745,1D-CNN
S294,0.3015157411517332,0.21598611688396488,0.1580319890688247,0.25765648597710405,0.06680966691837294,1D-CNN
S295,0.018524374576306353,0.08628316626345714,0.12194168860442035,0.7694503027914111,0.0038004677644048568,LSTM
S296,0.0001598473123879766,0.9784659390098198,0.021005050928222694,0.00035319796744566197,1.5964782123188132e-05,ANN
S297,0.22655310986420785,0.4242558802836509,0.1629623446909198,0.15780434119032216,0.02842432397089887,ANN
S298,0.17122582815503698,0.7430461478499306,0.0338910606022487,0.04164724559673586,0.010189717796048749,ANN
S299,0.000516682799107922,0.0004127466625249259,0.001912964409014658,0.9970534834818277,0.00010412264752554107,LSTM
S300,0.02535107494801119,0.8912574268487117,0.04994833550069591,0.030724450038630037,0.0027187126639510255,ANN
S301,0.08247169894671366,0.09407170314225011,0.3404540920095457,0.4338209660026752,0.049181539898815234,LSTM
S302,0.017194271541233794,0.9034824168694272,0.04510626664447331,0.03170597599986098,0.0025110689450046166,ANN
S303,0.7698757766091704,0.07246649708029419,0.07343573203140401,0.07447180937580804,0.00975018490332324,1D-CNN
S304,0.2889077905034348,0.6317052025095449,0.036409497635623005,0.03745164831061949,0.005525861040779025,ANN
S305,0.41874347856827426,0.00941205506874246,0.007889505288468305,0.5623760330790454,0.0015789279954824351,LSTM
S306,0.11990675763608129,0.5259918211599226,0.09922108520843187,0.23000191090474217,0.024878425090822442,ANN
S307,0.40957009879724887,0.2834836443094781,0.11555250113906539,0.14818523618726714,0.04320851956694077,1D-CNN
S308,0.0864743966666031,0.2191150674804878,0.4200201796217066,0.2633715590957516,0.011018797135450486,BiLSTM
S309,0.02321432073476339,0.8815190132665041,0.06277496820097331,0.028755834612673798,0.003735863185085905,ANN
S310,0.17685990702731622,0.2796855045052703,0.20231916403996292,0.28203056302781043,0.05910486139964091,LSTM
S311,0.24200616928581492,0.19105231438153186,0.19316661745592187,0.26351404837564263,0.110260850501089,LSTM
S312,0.013492729166234656,0.039831127183599865,0.8412878197733114,0.10219264787163528,0.003195676005217853,BiLSTM
S313,0.04009417306086026,0.29565689503320397,0.4528102893378808,0.20003344789975544,0.011405194668298608,BiLSTM
S314,0.9565788904546454,0.022450500209677718,0.01101953938597512,0.008798538681340904,0.0011525312683606246,1D-CNN
S315,0.07940357077180207,0.719405402871029,0.062302030766583465,0.13526094531409447,0.0036280502764947115,ANN
S316,0.14091795679421704,0.25581189945671257,0.4905859024215138,0.1023001022198733,0.010384139107684532,BiLSTM
S317,0.7680793883822988,0.08178861693038014,0.07080033240178518,0.05472764618386505,0.024604016101670605,1D-CNN
S318,0.015080435173330619,0.0792029434020493,0.053671942469077194,0.8499685504389798,0.0020761285165627713,LSTM
S319,0.34736939813805773,0.3132495768928673,0.16168530288850805,0.13158864676291493,0.04610707531765174,1D-CNN
S320,0.27610772877674067,0.22656277653347373,0.14601753582146942,0.3058865100074703,0.04542544886084621,LSTM
S321,0.35674190880976786,0.15869062794657324,0.1756393792958636,0.25960319991415903,0.049324884033636315,1D-CNN
S322,0.9203365763250568,0.02789258847336985,0.018950434620401326,0.024706069770337357,0.008114330810835664,1D-CNN
S323,0.26827064047714283,0.30227831406821554,0.13689493194920377,0.24980287158350373,0.0427532419219344,ANN
S324,0.16160563035081932,0.6952601874626625,0.0657215267764393,0.06606499135137811,0.011347664058702031,ANN
S325,0.40050202170411453,0.30209330908247345,0.12030563021672722,0.12197117775698393,0.05512786123970043,1D-CNN
S326,0.0026835896808783213,0.9876746523280043,0.004742670289888755,0.004428689545738399,0.00047039815549057296,ANN
S327,0.06401625017108442,0.03016281065797261,0.28509424823341095,0.5304737994510903,0.09025289148644218,LSTM
S328,0.0025164050043577236,0.003910029993330992,0.029921474319695815,0.9628128338362197,0.0008392568463940814,LSTM
S329,0.04033033985505521,0.855192136423226,0.05919710259725174,0.04071094017758778,0.004569480946878212,ANN
S330,0.9509836525106138,0.017918212736522183,0.014108014367844458,0.014747181646723442,0.002242938738295678,1D-CNN
S331,0.37771662326212824,0.23728656306668652,0.13728174114038577,0.2058912403160502,0.041823832214750105,1D-CNN
S332,0.01979035079821153,0.06732905695319223,0.09666273252873933,0.8122537579822252,0.003964101737631494,LSTM
S333,0.00233661019901909,0.010736616603978039,0.9864152700714678,0.0004832870420032956,2.8216083531886075e-05,BiLSTM
S334,0.9719984847770222,0.013892123881049484,0.008149174894807027,0.004989622408116167,0.0009705940390056921,1D-CNN
S335,0.4041895780125701,0.1604719522840009,0.15618961980633403,0.2181769393992026,0.0609719104978927,1D-CNN
S336,0.009986571939178306,0.008650768447212099,0.9317960693462158,0.04578423059522847,0.0037823596721649594,BiLSTM
S337,0.29184304581970055,0.1003404096221622,0.3264659243523835,0.2616074691198459,0.01974315108590801,BiLSTM
S338,0.9573380769790382,0.024140900742860273,0.006709259845385296,0.010449426513220655,0.00136233591949653,1D-CNN
S339,0.1484060453530192,0.13919649666042086,0.30846396685697847,0.344495113395275,0.05943837773430628,LSTM
S340,0.04841262564197928,0.760380897052896,0.1251166884403001,0.05769891355632773,0.00839087530849536,ANN
S341,0.29816852089651547,0.13906786130990637,0.20260721424773578,0.3069268933810528,0.053229510164789696,LSTM
S342,0.11480395431470547,0.07482468793010408,0.17569798008292753,0.5133476384791853,0.12132573919307768,LSTM
S343,0.014608405177962577,0.29646181783294734,0.24000790479136197,0.444823626358287,0.004098245839441395,LSTM
S344,0.023840272506807113,0.03650205527170288,0.8065902165859627,0.12647321232644987,0.00659424330907748,BiLSTM
S345,0.10517933191037926,0.6193780420315034,0.16652478865814285,0.0981375518816102,0.010780285518365209,ANN
S346,0.9942496469495761,0.0020282369351013675,0.0014940185854563476,0.0018898815500569517,0.0003382159798097355,1D-CNN
S347,0.23154016158085175,0.15651750135303227,0.21613663218389664,0.3033200249667146,0.09248567991550496,LSTM
S348,0.002184875118333283,0.0038104841861148347,0.005207171803450406,0.9883702324569196,0.00042723643518236725,LSTM
S349,0.0044158414760611196,0.9805458992499271,0.010521457876318578,0.0040987211840021,0.0004180802136915388,ANN
S350,0.3858180871195211,0.21779974180662984,0.17453116139527525,0.18499490088982862,0.03685610878874423,1D-CNN
S351,0.21147624200354012,0.20868423309114595,0.25406924570493716,0.25122203672615206,0.07454824247422485,BiLSTM
S352,0.015273013485002535,0.9053589325020504,0.04825099547012343,0.02846914160684092,0.002647916935982293,ANN
S353,0.24608966214669942,0.17630394105275565,0.251021448675724,0.2863770351741468,0.04020791295067455,LSTM
S354,0.046538416448936366,0.9326843996916144,0.008460829809739775,0.010625283864289568,0.0016910701854198614,ANN
S355,0.09484889918227471,0.11594626767494944,0.1698637301956599,0.6020662953424996,0.01727480760461656,LSTM
S356,0.0035738301473038775,0.9962915423245984,0.00010067422654807856,3.092119771258936e-05,3.0321038373898024e-06,ANN
S357,0.2008531152309262,0.1553097765260678,0.2452227289304184,0.37123019011361785,0.027384189198969667,LSTM
S358,0.00010097308879785752,0.9985648184512435,0.0008614031914215241,0.00042618621687730084,4.6619051660901484e-05,ANN
S359,0.019014280446627455,0.013713101299622046,0.1616757619172444,0.8020724371043324,0.00352441923217443,LSTM
S360,0.024987119882556436,0.10411538349524599,0.6117507432486056,0.2499127817074255,0.00923397166616664,BiLSTM
S361,0.38788640985319656,0.2988606397254501,0.1709582359388579,0.11652299231869104,0.02577172216380473,1D-CNN
S362,0.5626634291579072,0.20829531425259107,0.10091862594380491,0.10735519774126363,0.02076743290443394,1D-CNN
S363,0.2873653897666275,0.38409083100597613,0.10211572083107293,0.20410508689149956,0.022322971504822275,ANN
