Segment,1D-CNN,ANN,BiLSTM,LSTM,Selected
S1,0.9972239634864386,0.0009754243874292924,0.0015828082026007999,0.00021780392353020316,1D-CNN
S2,0.7783338373882851,0.1893337714269257,0.028130594179172075,0.004201797005617896,1D-CNN
S3,0.36490720151556216,0.33682939198819845,0.2492415394356968,0.04902186706054193,1D-CNN
S4,0.2529556442867473,0.491065737158228,0.21530435815047028,0.04067426040455391,ANN
S5,0.11553575519088975,0.15564887577262093,0.7021302327531105,0.026685136283378326,BiLSTM
S6,0.15417744610962691,0.24162546572735302,0.5359165703488695,0.06828051781415098,BiLSTM
S7,0.16438361254071562,0.15336695171906567,0.6007635196346552,0.08148591610556347,BiLSTM
S8,0.19015974354774767,0.24722215861152957,0.5068829313226296,0.055735166518093564,BiLSTM
S9,0.42507380503370695,0.37821894381579135,0.17713447388917714,0.019572777261324597,1D-CNN
S10,0.6482027921495278,0.34378155079991657,0.007106747210961019,0.000908909839594141,1D-CNN
S11,0.24464064260525784,0.7128494012525763,0.0342076658429014,0.008302290299264208,ANN
S12,0.07219146723033892,0.081454115701101,0.8203497079697278,0.026004709098831916,BiLSTM
S13,0.0022581959025284874,0.9878070105176768,0.009473723358348882,0.0004610702214454578,ANN
S14,0.15789189352871716,0.20113539801560823,0.6006095027556876,0.04036320569998642,BiLSTM
S15,0.0,0.0,0.0,0.0,1D-CNN
S16,0.0,0.0,0.0,0.0,1D-CNN
S17,0.6517612531475758,0.3274595795003003,0.019360303387402442,0.0014188639647222082,1D-CNN
S18,0.2789682554640334,0.22521707991625467,0.4903895794496906,0.005425085170021521,BiLSTM
S19,0.3173141477080602,0.26538485373069176,0.2754803903959201,0.14182060816532793,1D-CNN
S20,0.5341924282247574,0.29355902865646066,0.15909931459651186,0.01314922852227083,1D-CNN
S21,0.2750336891415712,0.2864475232513568,0.38808728064998277,0.05043150695708888,BiLSTM
S22,0.32051321049634623,0.2828345257174501,0.3044101006200357,0.09224216316616789,1D-CNN
S23,0.11303593105260887,0.38406124851428586,0.42949572906767636,0.07340709136542813,BiLSTM
S24,0.47403052861335704,0.29409594533028316,0.21345735949476335,0.01841616656159731,1D-CNN
S25,0.3287849019365304,0.6299066239069614,0.03974630573363432,0.0015621684228754945,ANN
S26,0.12133284637145485,0.6802512861993879,0.18379916850793193,0.014616698921225333,ANN
S27,0.8665450727156209,0.08601531935652407,0.043521025608378214,0.003918582319477367,1D-CNN
S28,0.3827083881919283,0.34698870347806854,0.24565086425066127,0.024652044079341604,1D-CNN
S29,0.4302534712772043,0.2610366176753962,0.23279965620715276,0.07591025484024687,1D-CNN
S30,0.9917903224776182,0.003927423758653547,0.00355312802044282,0.0007291257432850426,1D-CNN
S31,0.26593023486133344,0.264990649504495,0.35157589968454644,0.11750321594962507,BiLSTM
S32,0.2347300457944711,0.40522860363369734,0.31713152509685344,0.04290982547497858,ANN
S33,0.9994088150098587,0.00026447642023265735,0.00028335524835938503,4.335332154885708e-05,1D-CNN
S34,0.3251073645250275,0.6670193880494818,0.006751124062449001,0.0011221233630422359,ANN
S35,0.20460542498810264,0.28226286912600623,0.4284146777880535,0.08471702809783752,BiLSTM
S36,0.15797198266993548,0.3984059217138765,0.3991260164435235,0.04449607917266436,BiLSTM
S37,0.11543579217287536,0.322047131839846,0.500814929908372,0.06170214607890705,BiLSTM
S38,0.2313776486952981,0.28847330505750424,0.4283344086325276,0.051814637614669874,BiLSTM
S39,0.0,0.0,0.0,0.0,1D-CNN
S40,0.0,0.0,0.0,0.0,1D-CNN
S41,0.8725156006114593,0.10491643055489863,0.01945595301951787,0.0031120158141239,1D-CNN
S42,0.0017736210729011718,0.9979356803927054,0.00022902961199833743,6.166892239513513e-05,ANN
S43,0.29854045921857947,0.3135444450495404,0.3218199104606367,0.0660951852712437,BiLSTM
S44,0.10162888859017809,0.810248247240951,0.08286751553470599,0.005255348634165228,ANN
S45,0.21381081484115708,0.21850053441465456,0.4708474595207979,0.09684119122339051,BiLSTM
S46,0.9734852243170549,0.024803712348338888,0.0014849751551985026,0.00022608817940905008,1D-CNN
S47,0.127344402782336,0.3609843673654591,0.4510883684170241,0.060582861435180414,BiLSTM
S48,0.23103599333703254,0.1439013921579798,0.5873862271780553,0.0376763873269321,BiLSTM
S49,0.39989674710558326,0.21047701111652833,0.35537487828980163,0.03425136348808665,1D-CNN
S50,0.8946191245227371,0.08635637649745746,0.01698483525125537,0.002039663728549935,1D-CNN
S51,0.09917864043692405,0.8942537082713178,0.005755267265910291,0.0008123840258483788,ANN
S52,0.3964937860683105,0.3078376487672276,0.24330660446273247,0.05236196070172918,1D-CNN
S53,0.2639551765694604,0.5256058430869889,0.16086339979581177,0.04957558054773889,ANN
S54,0.28909913822447153,0.26185902206589834,0.42491145577991024,0.024130383929719616,BiLSTM
S55,0.04208371269097449,0.9504643874088241,0.006848965613291914,0.0006029342869096855,ANN
S56,0.45171830776216687,0.5152879384376131,0.029184629290987255,0.0038091245092325777,ANN
S57,0.2779532274517046,0.3157063884836948,0.3570233478846961,0.0493170361799048,BiLSTM
S58,0.22693635519295183,0.30095668176079177,0.4055443948631578,0.06656256818309828,BiLSTM
S59,0.0020577568942470896,0.9918741591351449,0.005443750819330251,0.0006243331512778138,ANN
S60,0.09193573509267863,0.07900546224572878,0.7931982461750351,0.035860556486558094,BiLSTM
S61,0.2815604688701776,0.2524525528072934,0.422626525079523,0.043360453243005824,BiLSTM
S62,0.4361674911376572,0.4512908192214225,0.10146663543104792,0.011075054209872405,ANN
S63,0.3918719201210268,0.5313190705822204,0.06555532587289399,0.011253683423859233,ANN
S64,0.09258051896672521,0.06990370874697847,0.8169361844483318,0.02057958783796552,BiLSTM
S65,0.07581293087552748,0.09687645279489814,0.8145023181600457,0.012808298169529306,BiLSTM
S66,0.04510837885448537,0.05174136306509193,0.8950992206882284,0.008051037392195252,BiLSTM
S67,0.0,0.0,0.0,0.0,1D-CNN
S68,0.7186186960466286,0.23066653949697655,0.04302640138187421,0.00768836307452069,1D-CNN
S69,0.2714513011229355,0.7167839311780094,0.009689686918072255,0.002075080780983227,ANN
S70,0.398839562133995,0.4637366060164291,0.10429136000702892,0.033132471842546925,ANN
S71,0.3192289862998132,0.3198340222491921,0.2741773804040848,0.08675961104691,ANN
S72,0.6066835266754226,0.37282669700972165,0.017695589379658035,0.002794186935197749,1D-CNN
S73,0.1611260884411859,0.6237458823751606,0.18821346990799062,0.026914559275662317,ANN
S74,0.43556487911224956,0.32711298778772185,0.2090886650367059,0.02823346806332321,1D-CNN
S75,0.14632026053770836,0.19934955369031454,0.5890061328124415,0.06532405295953615,BiLSTM
S76,0.1436653200388389,0.40488418737299914,0.40231540025444057,0.04913509233372099,ANN
S77,0.9244362161125229,0.03550862666079674,0.03564725661939487,0.00440790060728569,1D-CNN
S78,0.9995900628519095,0.00027388940499634503,0.00011790390068080782,1.8143842414344996e-05,1D-CNN
S79,0.28017353384363747,0.3110707213123015,0.3308253748735279,0.07793036997053275,BiLSTM
S80,0.015574348813185063,0.19078814758796345,0.7885427426341716,0.005094760964679894,BiLSTM
S81,0.3632601493433654,0.27634183655440664,0.31471819753781527,0.045679816564412605,1D-CNN
S82,0.45340659929773364,0.43142730166432397,0.09883680888198218,0.01632929015595924,1D-CNN
S83,0.2630783631053467,0.2860193750245353,0.34613213299033735,0.10477012887978036,BiLSTM
S84,0.010440037769724648,0.053346362188497844,0.9352184030224123,0.0009951970193663117,BiLSTM
S85,0.1310407181389875,0.766574367938571,0.09109676389593173,0.01128815002651085,ANN
S86,0.4282408647766811,0.22494794008539148,0.29621326911472273,0.050597926023204634,1D-CNN
S87,0.45235562991093564,0.3298599855969484,0.18443997045639263,0.03334441403572306,1D-CNN
S88,0.7294117118476148,0.1662760665447348,0.09509144134958321,0.009220780258066996,1D-CNN
S89,0.4430439025202054,0.2776904387375179,0.21727694046278503,0.06198871827949181,1D-CNN
S90,0.221729438884388,0.23547976049974523,0.5237068599004686,0.01908394071539772,BiLSTM
S91,0.3151799623628908,0.6188258990805158,0.05341812448627352,0.012576014070320106,ANN
S92,0.05933849446888229,0.9253686975503941,0.011603274192059695,0.0036895337886634337,ANN
S93,0.2848530094153728,0.31619835194891577,0.2950660260789227,0.1038826125567888,ANN
S94,0.26391010425337214,0.4390620918227637,0.26906543422957335,0.0279623696942908,ANN
S95,0.48628956286955916,0.3168176750282513,0.15658458594900748,0.04030817615318178,1D-CNN
S96,0.21390882674429562,0.1959199929668484,0.4888031688902845,0.10136801139857118,BiLSTM
S97,0.1384369330406174,0.6162842336490789,0.207254439261244,0.03802439404905984,ANN
S98,0.05476479206590452,0.8782639474115066,0.05883354369587857,0.008137716826710517,ANN
S99,0.19269951082429088,0.38134602860767475,0.4094047423914974,0.016549718176536242,BiLSTM
S100,0.662857616414081,0.3176323263887607,0.017775445663326218,0.0017346115338322465,1D-CNN
S101,0.06740940230358818,0.9300506565523944,0.0022038745360136976,0.00033606660800327115,ANN
S102,0.29229629658466255,0.32337560103625396,0.27491336401289285,0.10941473836619094,ANN
S103,0.020094853774143866,0.02573800442250175,0.9503152983245817,0.003851843478771772,BiLSTM
S104,0.0018596101718739069,0.00424189829660631,0.9928218016928407,0.001076689838679013,BiLSTM
S105,0.037907044853360945,0.044178097077754046,0.9048564838517452,0.013058374217139972,BiLSTM
S106,0.1662851881561182,0.17143655412417888,0.620624844301409,0.04165341341829333,BiLSTM
S107,0.3295022621588027,0.25760083015773544,0.3490576495153427,0.0638392581681194,BiLSTM
S108,0.4868384284471689,0.40859398916592526,0.09455518879734148,0.010012393589563217,1D-CNN
S109,0.8322226765522794,0.09416069803832806,0.06561800189346131,0.007998623515931733,1D-CNN
S110,0.23271564376802534,0.2553608107651739,0.36631298765165304,0.14561055781514756,BiLSTM
S111,0.44136337723176927,0.34432227920312786,0.18169563895124055,0.032618704613862785,1D-CNN
S112,0.20412684962200586,0.3979038733803813,0.3668767703572629,0.03109250664034956,ANN
S113,0.24260488209569445,0.1555642623779419,0.5349634628099368,0.06686739271642715,BiLSTM
S114,0.7253935042329753,0.08602161539770375,0.1771341384871175,0.01145074188220298,1D-CNN
S115,0.057916931687391204,0.1770387925489757,0.7419375794855968,0.02310669627803691,BiLSTM
S116,0.21054433271437087,0.2873873088258228,0.44562455064765755,0.056443807812148354,BiLSTM
S117,0.34601940439636,0.29135839192766955,0.3273837952835673,0.03523840839240334,1D-CNN
S118,0.9461370344377346,0.05218386049578188,0.001504532097965442,0.00017457296851839814,1D-CNN
S119,0.04149054489910887,0.9301250577980984,0.02493463686380711,0.0034497604389861444,ANN
S120,0.47891877812503986,0.4559185744793687,0.05320798826982795,0.01195465912576314,1D-CNN
S121,0.8749435392486173,0.06694981490283036,0.04885795341513619,0.009248692433415275,1D-CNN
S122,0.8815641303941235,0.06315237160073885,0.04721805680362223,0.00806544120151487,1D-CNN
S123,0.28671951836262477,0.3190220619749637,0.3458825679200883,0.048375851742323055,BiLSTM
S124,0.1748129310143489,0.5358917346911015,0.23722305886464493,0.05207227542990478,ANN
S125,0.9998377705386196,8.196929824477198e-05,6.824050854801083e-05,1.201965458729421e-05,1D-CNN
S126,0.8043048219448747,0.09074877889741925,0.08990744173486705,0.015038957422839082,1D-CNN
S127,0.19131473267554513,0.2091568984234541,0.4926287219616436,0.10689964693935694,BiLSTM
S128,0.1142269935079209,0.16521455143326547,0.682617903127983,0.03794055193082995,BiLSTM
S129,0.21407176348489754,0.6688026785927803,0.10513442465832062,0.0119911332640014,ANN
S130,0.9995485765998562,0.0003116705253879831,0.00012313507592624087,1.6617798829596367e-05,1D-CNN
S131,0.4890945648849719,0.5057025739874857,0.004525053431242258,0.000677807696300289,ANN
S132,0.2425083106359261,0.33742026554543886,0.29596939601519534,0.12410202780343979,ANN
S133,0.46290203983377015,0.42773530611939536,0.09384737938783899,0.015515274658996226,1D-CNN
S134,0.7834822595403014,0.1310661130854397,0.07066811626246038,0.014783511111798188,1D-CNN
S135,0.282405106183509,0.3158792353819827,0.32243593961641903,0.07927971881808962,BiLSTM
S136,0.13514341112326944,0.45774496665777,0.3897853265678599,0.01732629565110113,ANN
S137,0.23039580527610995,0.25593165989639705,0.4388989898558478,0.07477354497164551,BiLSTM
S138,0.015816485530893622,0.97298415889692,0.009801084155730062,0.0013982714164559552,ANN
S139,0.40139565355999146,0.34564494646081007,0.21403590551603865,0.03892349446316004,1D-CNN
S140,0.2806945069889142,0.1751442453309932,0.45359697741857563,0.09056427026151727,BiLSTM
S141,0.12210390376135836,0.3949838113767353,0.45769027392903394,0.02522201093287258,BiLSTM
S142,0.10939826254770746,0.12711107969559265,0.731045819701843,0.032444838054857324,BiLSTM
S143,0.1799216159018018,0.2727165874072363,0.5186349069504423,0.02872688974051889,BiLSTM
S144,0.9028732202672547,0.0721118463728488,0.021760435179507147,0.0032544981803896028,1D-CNN
S145,0.32674479134516077,0.4102971006305384,0.1960247895272513,0.06693331849704946,ANN
S146,0.062078458427226535,0.08841580567097289,0.8344420343900165,0.015063701511784506,BiLSTM
S147,0.11547030653572313,0.03209945203389766,0.8403894961409576,0.012040745289422125,BiLSTM
S148,0.08013757530731667,0.1000172278848859,0.7887120462281172,0.031133150579679764,BiLSTM
S149,0.16099587121959322,0.17086783814736206,0.5969151774343117,0.0712211131987327,BiLSTM
S150,0.9335167591222234,0.036131659849620315,0.026117992825474928,0.004233588202682325,1D-CNN
S151,0.5764375987682829,0.2352723052810853,0.15371234246332718,0.03457775348730488,1D-CNN
S152,0.08309489762535073,0.26697956610688994,0.6038384258458301,0.046087110421929,BiLSTM
S153,0.12782544830376097,0.46506755625075946,0.3675325295282963,0.03957446591718266,ANN
S154,0.7143796348319685,0.1424348508374767,0.12890205279623573,0.014283461534319319,1D-CNN
S155,0.9379377582910946,0.04525827714250438,0.01483428788513184,0.0019696766812690968,1D-CNN
S156,0.5500955395427262,0.3720325553229013,0.06551458025633194,0.012357324878040381,1D-CNN
S157,0.7006366467988563,0.20068829100424965,0.08137082676093091,0.017304235435962736,1D-CNN
S158,0.26543903483456815,0.4611743783402366,0.20528400573883177,0.0681025810863633,ANN
S159,0.13167376011817863,0.3327119282713774,0.5078839663319731,0.02773034527847167,BiLSTM
S160,0.10054888271359275,0.17518886491826327,0.6588538244249649,0.06540842794317887,BiLSTM
S161,0.195388260972251,0.2699485536470582,0.4777101310170176,0.05695305436367308,BiLSTM
S162,0.9765755352672819,0.015364439551342183,0.007070850903791372,0.0009891742775841891,1D-CNN
S163,0.6263921514405563,0.36210391910041384,0.00978197620496729,0.0017219532540617656,1D-CNN
S164,0.2806267200063083,0.2726532298455387,0.34285728653671926,0.10386276361143382,BiLSTM
S165,0.04106205995293398,0.7555506886189622,0.194236563924519,0.009150687503585062,ANN
S166,0.044702891503804035,0.050363063642411734,0.879549898368202,0.025384146485582227,BiLSTM
S167,0.3974088553166754,0.29605511334770024,0.2693015341241003,0.03723449721152428,1D-CNN
S168,0.6929039099165981,0.16403517982340746,0.11968931014183946,0.02337160011815483,1D-CNN
S169,0.1296677817714451,0.11538197726746116,0.7023292646331022,0.05262097632799134,BiLSTM
S170,0.43405378882151874,0.3009039097678665,0.23574773155102813,0.029294569859585968,1D-CNN
S171,0.7117538779501089,0.1507012812584877,0.11562898503310605,0.021915855758297718,1D-CNN
S172,0.7022552618676376,0.16300931388129405,0.11311600702669981,0.021619417224368657,1D-CNN
S173,0.0707188122147613,0.7992340976907961,0.09720381586282098,0.03284327423162183,ANN
S174,0.992609981496317,0.006198090900778729,0.001082426057101674,0.000109501545803658,1D-CNN
S175,0.16385790344900486,0.2946798776303422,0.4802942781005636,0.061167940820089486,BiLSTM
S176,0.04224842558793657,0.35941973054010024,0.5812145981456681,0.0171172457262958,BiLSTM
S177,0.25678015204647064,0.22444570238106545,0.408464937518384,0.11030920805408011,BiLSTM
S178,0.3755478555935689,0.2778035763235158,0.3146882468503604,0.03196032123255546,1D-CNN
S179,0.966377158799841,0.01856983704722192,0.013037771330944725,0.0020152328219929312,1D-CNN
S180,0.9999725190709844,2.630700734741731e-05,9.828283895551612e-07,1.910932786695024e-07,1D-CNN
S181,0.16256724541876252,0.2631845891235902,0.47615053434328886,0.09809763111435872,BiLSTM
S182,0.13716035908670812,0.19676914990059097,0.647198065795996,0.018872425216704805,BiLSTM
S183,0.41576102426234435,0.18272562798508382,0.2971862401805532,0.10432710757201832,1D-CNN
S184,0.4621628236609768,0.27612945368736513,0.2257998124608331,0.03590791019082545,1D-CNN
S185,0.3870460620667666,0.1240256285773889,0.3764351398296917,0.11249316952615274,1D-CNN
S186,0.07186339748898975,0.07083722895637823,0.8318895432181423,0.025409830336489775,BiLSTM
S187,0.15655856815353422,0.6506979366747122,0.17660819159343036,0.016135303578323032,ANN
S188,0.7123812585322801,0.1796625202556835,0.09425323861603957,0.01370298259599695,1D-CNN
S189,0.6720544484467974,0.25769654626569777,0.059157245157413774,0.011091760130092127,1D-CNN
S190,0.9252152540870467,0.037558802872370164,0.030808911908345588,0.006417031132238009,1D-CNN
S191,0.08339022286565759,0.8309793712337546,0.06769395507252204,0.01793645082806559,ANN
S192,0.02212360082931821,0.8597187776427916,0.11314215489323011,0.0050154666346603274,ANN
S193,0.055643208262485776,0.12875029626346204,0.7779462752110543,0.03766022026299861,BiLSTM
S194,0.13556247889246945,0.2678609077869537,0.5427979575991699,0.0537786557214072,BiLSTM
S195,0.3419424927511204,0.28825373612842586,0.332481904948941,0.03732186617151319,1D-CNN
S196,5.773918804218737e-06,0.9999934537662247,6.963967550810321e-07,7.591821495684198e-08,ANN
S197,0.26392045695505156,0.3393381321766467,0.3503186295607811,0.04642278130752058,BiLSTM
S198,0.43900467808412313,0.29286838551664096,0.24815834362514982,0.019968592774085657,1D-CNN
S199,0.8168569194979773,0.12932047164945726,0.04670136549642578,0.007121243356139436,1D-CNN
S200,0.9982750479379181,0.001273505840055916,0.00035943146923882207,9.201475278742183e-05,1D-CNN
S201,0.20248467677117482,0.26630997573119736,0.4388696976530512,0.09233564984457664,BiLSTM
S202,0.10176821812163202,0.1119887489733508,0.7621561896668803,0.02408684323813698,BiLSTM
S203,0.14867619987643999,0.3846798285445736,0.42579051706664545,0.04085345451234088,BiLSTM
S204,0.9904644499883833,0.008422890829650139,0.0009906552866885186,0.00012200389527742849,1D-CNN
S205,0.18235585341665145,0.8152384078308255,0.00214895045932831,0.0002567882931940268,ANN
S206,0.000894426479182645,0.9985821220005655,0.00047791878947385974,4.5532730778332586e-05,ANN
S207,0.2671656382179542,0.2886251215417677,0.32686512997389205,0.11734411026638591,BiLSTM
S208,0.0028196714173588226,0.9915679835514382,0.0047443647969563334,0.0008679802342470656,ANN
S209,0.32273890587258003,0.3442849292938305,0.2928316459005387,0.04014451893305008,ANN
S210,0.6411958352891303,0.33670838869709063,0.01985243674056063,0.0022433392732179548,1D-CNN
S211,0.20670430258987724,0.25386755190214777,0.4971834701264831,0.04224467538149169,BiLSTM
S212,0.09515861736971348,0.6712612086129939,0.1848278425610228,0.0487523314562698,ANN
S213,0.40443606562927226,0.2974564211738625,0.2595805698593554,0.03852694333750954,1D-CNN
S214,0.9967894328402889,0.0021155278419165728,0.0009596386907485304,0.00013540062704583088,1D-CNN
S215,0.960092142434233,0.02817868732635326,0.009423879960120524,0.0023052902792932055,1D-CNN
S216,0.15158669724420415,0.5782314529652595,0.19860452562210856,0.07157732416842805,ANN
S217,0.17327414955757667,0.40861080788552645,0.37141001787811706,0.04670502467878055,ANN
S218,0.24188151433803365,0.31442751592928475,0.39768069857249155,0.046010271160190186,BiLSTM
S219,0.05474096096912863,0.9450920827643103,0.0001508336631108174,1.612260345031791e-05,ANN
S220,0.9023120477827544,0.0967319249106093,0.0008956504965531691,6.037681008398391e-05,1D-CNN
S221,0.27816398853702434,0.6961663845971132,0.02458390546710172,0.001085721398761914,ANN
S222,0.16150263612361715,0.263605031178454,0.5305339672075688,0.04435836549036044,BiLSTM
S223,0.3821744014937752,0.2925069550144178,0.28861901001717,0.03669963347463783,1D-CNN
S224,0.19515442731601237,0.28839591016357535,0.4688327220414154,0.04761694047899606,BiLSTM
S225,0.5650811791781511,0.22575935580182063,0.18123710100458001,0.027922364015447624,1D-CNN
S226,0.18559936205732078,0.2821682661875152,0.5044257108331968,0.0278066609219682,BiLSTM
S227,0.16955307423754243,0.27025897117091097,0.4922633336674866,0.06792462092405997,BiLSTM
S228,0.32773324199975606,0.36248204610533497,0.28748657953455337,0.02229813236035453,ANN
S229,0.21431337344733736,0.3203982299812319,0.39219398476564293,0.07309441180578774,BiLSTM
S230,0.2585189896533702,0.4493130659891413,0.258234994422042,0.03393294993544585,ANN
S231,0.8109256162848572,0.08172432855119527,0.1003170755760431,0.007032979587905639,1D-CNN
S232,0.8744699493539452,0.1177594813286448,0.007092520033436098,0.0006780492839744835,1D-CNN
S233,0.004380917490303563,0.0036736370627205896,0.9910465764769699,0.0008988689700066201,BiLSTM
S234,0.2995059873148912,0.2942161455316296,0.3225841442819479,0.0836937228715312,BiLSTM
S235,0.6663475828465639,0.21855875066317565,0.09825598672069101,0.01683767976956921,1D-CNN
S236,0.0002560640700529923,0.9989319788575338,0.00075279731849641,5.915975391663402e-05,ANN
S237,0.24966794996659894,0.2903301771959357,0.38454656516186303,0.07545530767560257,BiLSTM
S238,0.05307431805956682,0.8709399612259834,0.06646785373382141,0.009517866980626488,ANN
S239,0.9995869872190422,0.00035736685350768035,5.001322566328473e-05,5.632701788233941e-06,1D-CNN
S240,0.9079481132931493,0.08106542944817173,0.009907913167397782,0.0010785440912813673,1D-CNN
S241,0.2572862370347184,0.30566489970295874,0.4078512254624564,0.02919763779986684,BiLSTM
S242,0.2528817812747074,0.3528402180461052,0.316858202194418,0.07741979848476914,ANN
S243,0.1353319929979677,0.19127385540408393,0.6426245184105474,0.03076963318740093,BiLSTM
S244,0.420161242655573,0.5063649089047477,0.07061834618168852,0.00285550225798926,ANN
S245,0.6265776724812464,0.3356810102722133,0.03311200191578038,0.004629315330760754,1D-CNN
S246,0.0005586937793251113,0.9991932719816737,0.00021950515245489291,2.8529086546637635e-05,ANN
S247,0.14194326021683684,0.09274032852121757,0.7414494687681418,0.023866942493804454,BiLSTM
S248,0.2854946224433272,0.4591529789026382,0.1851285498283369,0.07022384882569788,ANN
S249,0.20810562691796305,0.30122222998583476,0.39201382575653804,0.09865831733966403,BiLSTM
S250,0.007651507791132314,0.977323202935747,0.012737136363396203,0.00228815290972502,ANN
S251,0.9448836974948314,0.03543109253471614,0.017363189147116747,0.0023220208233348067,1D-CNN
S252,0.6144162213458517,0.2366147367720013,0.12887065395222777,0.02009838792991936,1D-CNN
S253,0.20912811183035568,0.22415667561870334,0.33711197172246316,0.22960324082847774,BiLSTM
S254,0.0032133378738490215,0.9900160396662201,0.00619134025187284,0.0005792822080581054,ANN
S255,0.09504771340716206,0.14002434029878813,0.6794488569373781,0.08547908935667091,BiLSTM
S256,0.1484714698229564,0.1981179850677943,0.6178684754628957,0.03554206964635319,BiLSTM
S257,0.6425782017949748,0.15206398710555077,0.18339542928470395,0.0219623818147709,1D-CNN
S258,0.9867396709347432,0.008297964691499548,0.004309214620992632,0.0006531497527653236,1D-CNN
S259,0.4562965434713026,0.4046782154732749,0.11445385174064371,0.02457138931477899,1D-CNN
S260,0.01564996157140707,0.017322902937718754,0.9614271617823213,0.005599973708553097,BiLSTM
S261,0.010268620947787238,0.97603215373488,0.012438292851463813,0.0012609324658680856,ANN
S262,0.4275330718740266,0.2569649122344579,0.2718450667696666,0.043656949121849156,1D-CNN
S263,0.256016355548194,0.3107962263638004,0.3629496143011672,0.07023780378683855,BiLSTM
S264,0.16105198522362082,0.26277503632964694,0.5100222530592227,0.06615072538750945,BiLSTM
S265,0.7788814544383121,0.11339024625295661,0.09210022907161768,0.015628070237113767,1D-CNN
S266,0.35946483119508527,0.2872593615617215,0.29377495838871825,0.05950084885447543,1D-CNN
S267,0.00026212824426696243,0.00039857295549403896,0.9992291637256598,0.00011013507457973865,BiLSTM
S268,0.7894409904011924,0.1216507474254716,0.08122561195140672,0.007682650221928396,1D-CNN
S269,0.44147156781251906,0.2701562482662245,0.2474872213192993,0.040884962601957134,1D-CNN
S270,0.10731790117495793,0.8350949049919622,0.04798950379910445,0.009597690033975825,ANN
S271,0.11027826583283953,0.2222264189813018,0.6125996063980795,0.05489570878777851,BiLSTM
S272,0.00113379200391327,0.0013876422135378026,0.9970939752887691,0.0003845904937791325,BiLSTM
S273,0.034886027695832066,0.8725955687837842,0.08462908748039008,0.007889316039993474,ANN
S274,0.7560010879419543,0.19632061510362608,0.04181329114092571,0.005865005813493511,1D-CNN
S275,0.17869485754047387,0.7950830448139832,0.022089599643816255,0.004132498001726672,ANN
S276,0.6260759862932289,0.3638768449929117,0.008485086077737135,0.0015620826361217965,1D-CNN
S277,0.3507464373697432,0.3037214157933225,0.26433384779494945,0.08119829904198482,1D-CNN
S278,0.013834205128045646,0.014164425824080352,0.9691412754163673,0.0028600936315067854,BiLSTM
S279,0.005589855709297507,0.9825377282311513,0.011147416526657869,0.000724999532892641,ANN
S280,0.5211754783147168,0.21961715755823574,0.2132907154497696,0.04591664867727797,1D-CNN
S281,0.35033120145848123,0.2687846695012788,0.34316696904046684,0.037717159999773216,1D-CNN
S282,0.9553945246413217,0.03446328341701401,0.009011444196462375,0.0011307477452023164,1D-CNN
S283,0.07465349937824568,0.9226157051423272,0.0024589881132572114,0.00027180736617042926,ANN
S284,0.9949459649333527,0.0042080020123810855,0.0007167885485586266,0.00012924450570749778,1D-CNN
S285,0.006493793395117098,0.9929965874404326,0.00039148463726243027,0.00011813452718769221,ANN
S286,0.3308748030237491,0.30900847459608705,0.2644853889735484,0.09563133340661505,1D-CNN
S287,0.06031057689838555,0.78246002943408,0.15648724642608156,0.000742147241453389,ANN
S288,0.019652299224694747,0.02646016356075216,0.9467241678362383,0.007163369378315041,BiLSTM
S289,0.10606091906878994,0.11732857649256598,0.6802192437458587,0.09639126069278522,BiLSTM
S290,0.4289179216224719,0.34968095790580256,0.19130282244454982,0.030098298027175906,1D-CNN
S291,0.2113139360229922,0.5754340666649329,0.18968736047937804,0.023564636832696266,ANN
S292,0.19220478525765758,0.23198118278196744,0.5385191499431634,0.03729488201721114,BiLSTM
S293,0.9879954797745898,0.0057147980690843295,0.005525339205894595,0.0007643829504317852,1D-CNN
S294,0.4920367224845767,0.3851454630611153,0.10009389269021861,0.02272392176408979,1D-CNN
S295,0.21182613525485758,0.2894410747033731,0.3714752888880208,0.12725750115374834,BiLSTM
S296,0.00032457270472860953,0.9823506535438908,0.017254868386561456,6.990536481856533e-05,ANN
S297,0.25521861972902127,0.5002326324296248,0.2169755755100264,0.027573172331327486,ANN
S298,0.17463679801133825,0.7926137122049547,0.027750831061327662,0.004998658722379796,ANN
S299,0.3265712943912559,0.27822401062167623,0.28843654632553306,0.10676814866153486,1D-CNN
S300,0.04881620943082709,0.8708078514631559,0.07312557214854501,0.0072503669574717185,ANN
S301,0.17890257716591962,0.1926282666248739,0.5343787208807171,0.09409043532848933,BiLSTM
S302,0.024754858424537493,0.9133963520664387,0.05588808459225383,0.005960704916770129,ANN
S303,0.8116826521586997,0.08794785345825973,0.08802520153606322,0.012344292846977115,1D-CNN
S304,0.3338821239265897,0.5894892286382571,0.0674561420820056,0.009172505353147793,ANN
S305,0.9835509006536747,0.01546536927499332,0.0005907285448345538,0.0003930015264973399,1D-CNN
S306,0.9111644562702842,0.058647610613312445,0.024038641380969478,0.006149291735434519,1D-CNN
S307,0.8835888765978451,0.0952260039765292,0.01704577371323479,0.004139345712390435,1D-CNN
S308,0.1838025434635698,0.2984658740191526,0.47079663170186264,0.046934950815414954,BiLSTM
S309,0.028469249010484962,0.9080082938893811,0.05914389200269764,0.004378565097436508,ANN
S310,0.2740816851910959,0.3802776559417854,0.2922871029729194,0.05335355589419951,ANN
S311,0.3142897501946402,0.3342640408060228,0.2790014339980203,0.07244477500131612,ANN
S312,0.05151868310688841,0.09027396144744859,0.8369138911915419,0.021293464254121642,BiLSTM
S313,0.07558286474929105,0.42184113925048977,0.4654145496903839,0.03716144630983557,BiLSTM
S314,0.9564407497777636,0.026420733631952492,0.015338514173486646,0.0018000024167971725,1D-CNN
S315,0.24181384265400618,0.6235435443574916,0.11584572883218629,0.018796884156316307,ANN
S316,0.1960240707778874,0.29532741974453874,0.4884282331089276,0.020220276368647545,BiLSTM
S317,0.9209137009757442,0.03959425583218194,0.03550721619932004,0.003984826992753799,1D-CNN
S318,0.2245183396855181,0.5275436562627023,0.20401350924720976,0.04392449480456975,ANN
S319,0.4265374067970135,0.37532220112896425,0.177142897427,0.02099749464702172,1D-CNN
S320,0.37306225058004877,0.31800527053319966,0.24755262472533576,0.06137985416141614,1D-CNN
S321,0.5253543755848785,0.23148084104871058,0.21160195727608272,0.031562826090328455,1D-CNN
S322,0.997311566941431,0.0013478339897710413,0.0011219645341174797,0.00021863453468140104,1D-CNN
S323,0.3246173609509075,0.4485158318537413,0.17952505053670492,0.047341756658646664,ANN
S324,0.2055885673272537,0.6923565237165468,0.08976814582778245,0.01228676312841704,ANN
S325,0.3792538829290785,0.31990830987548935,0.25730728873064,0.043530518464792535,1D-CNN
S326,0.004693935188659551,0.9880412835516902,0.006376580803535339,0.0008882004561146925,ANN
S327,0.1510830362036646,0.11366629493005875,0.5884366897865478,0.14681397907972898,BiLSTM
S328,0.2518298497092632,0.2987167866969931,0.3550548762505158,0.09439848734322759,BiLSTM
S329,0.04524836344796673,0.8809137401081573,0.06679608278346177,0.007041813660414454,ANN
S330,0.9646285739476766,0.01798745527491686,0.015135299457695527,0.002248671319710382,1D-CNN
S331,0.5447186057096413,0.3348884633405563,0.09964538530743818,0.0207475456423644,1D-CNN
S332,0.20845601163831506,0.30604069741666656,0.36001944074005915,0.1254838502049591,BiLSTM
S333,0.00233314778892849,0.006672723026065576,0.9908878935282199,0.00010623565678518784,BiLSTM
S334,0.9738324538041114,0.01584879727414136,0.00942420535290129,0.000894543568845884,1D-CNN
S335,0.5659080532241115,0.1988268530414126,0.1936216131378318,0.04164348059664398,1D-CNN
S336,0.028302820511437312,0.025575995479077036,0.9354644914012635,0.010656692608221895,BiLSTM
S337,0.31905987473937575,0.19038859286080662,0.4415435531925719,0.04900797920724561,BiLSTM
S338,0.9686083959079145,0.022579331556474916,0.0074162710239389805,0.0013960015116724863,1D-CNN
S339,0.2431243813902353,0.24058334609881044,0.4243604331498227,0.0919318393611315,BiLSTM
S340,0.05709201607688703,0.8006716981424121,0.13242211549032132,0.009814170290379677,ANN
S341,0.4383680082018142,0.22397786255343097,0.2814353600485807,0.0562187691961739,1D-CNN
S342,0.4371098918915792,0.4256293027314675,0.10403139892926577,0.03322940644768701,1D-CNN
S343,0.10486706742208403,0.44447829110638687,0.37130992272395485,0.07934471874757418,ANN
S344,0.06626392368719275,0.08461555292863263,0.8238436258033955,0.025276897580779438,BiLSTM
S345,0.12164157515996236,0.6814947641622487,0.1807346553767834,0.016129005301005542,ANN
S346,0.9965890047300126,0.0018511912542983648,0.0013268474600498,0.00023295655563967534,1D-CNN
S347,0.8088490165170739,0.18933814781669886,0.001515468786102065,0.00029736688012577974,1D-CNN
S348,0.20113061082114442,0.40275365294591525,0.2833349413437268,0.11278079488921407,ANN
S349,0.006428530733690711,0.9795844275465794,0.013155836187502969,0.0008312055322262811,ANN
S350,0.4314376320942605,0.2726839625608946,0.2563983461407572,0.03948005920408794,1D-CNN
S351,0.2683136901739031,0.26446568018124883,0.3842508193771842,0.0829698102676636,BiLSTM
S352,0.022371781015139647,0.9175161373692329,0.055036356629493834,0.005075724986133223,ANN
S353,0.3371063979591015,0.272424755467251,0.337905731422154,0.05256311515149361,BiLSTM
S354,0.04566913512730775,0.9459784157421599,0.007137896162189607,0.0012145529683425121,ANN
S355,0.2411868044700454,0.31541227963039226,0.34702105209509093,0.09637986380447142,BiLSTM
S356,0.015272798753106972,0.9841124495435637,0.0005841185971022275,3.063310622700268e-05,ANN
S357,0.427675025326151,0.30393237581504035,0.2328177097654018,0.03557488909340647,1D-CNN
S358,0.00037343050923768263,0.9980639038397445,0.0014496894497387236,0.00011297620127900565,ANN
S359,0.2115037238278417,0.12919120374193105,0.4921784250204271,0.1671266474098002,BiLSTM
S360,0.08694796751069,0.23134337118483908,0.6373398609032269,0.04436880040124373,BiLSTM
S361,0.29467071530530714,0.3072928704466299,0.3677893054522333,0.030247108795830493,BiLSTM
S362,0.5970709518365909,0.25349374189041035,0.13067051363409032,0.01876479263890794,1D-CNN
S363,0.35430507222828717,0.41736057814895394,0.18815457349429626,0.040179776128462685,ANN
S364,0.06053532624207291,0.1712801945822999,0.7513110059763135,0.016873473199313663,BiLSTM
S365,0.003969218252470551,0.1907378556242601,0.8045158757707008,0.000777050352568414,BiLSTM
S366,0.08636665281382237,0.1038431600636146,0.7948339986220446,0.01495618850051877,BiLSTM
S367,0.3245282645420488,0.6196600076041087,0.04491322160920121,0.01089850624464144,ANN
S368,0.43939182790145226,0.33403643006597655,0.16300287047374842,0.06356887155882243,1D-CNN
S369,0.23104720697273645,0.24720331282902694,0.4464860202697584,0.07526345992847791,BiLSTM
S370,0.08344250081500725,0.7078340954895755,0.20124329799947838,0.007480105695938354,ANN
S371,0.18043282595766824,0.12825331149705735,0.547633974598416,0.1436798879468585,BiLSTM
S372,0.3035810232878606,0.3285176336662695,0.3321932660362644,0.0357080770096052,BiLSTM
S373,0.5865399153378896,0.22451005147315783,0.16021723875987334,0.028732794429078088,1D-CNN
S374,0.27809144274669784,0.2712659472519871,0.363810287166293,0.08683232283502192,BiLSTM
S375,0.09043282418308701,0.283009821902146,0.5930372566838845,0.033520097230882465,BiLSTM
S376,0.08901946040074232,0.25046816590364424,0.6138763934974076,0.0466359801982056,BiLSTM
S377,0.11796653546991702,0.14079145092904685,0.7126312507758703,0.0286107628251658,BiLSTM
S378,0.8659258068309632,0.0762109911243795,0.05084255326088688,0.0070206487837707185,1D-CNN
S379,0.003925304589970554,0.9937634679135944,0.0018907802855046587,0.0004204472109305578,ANN
S380,0.033459871678989395,0.03716611303490379,0.9167282133077885,0.012645801978318308,BiLSTM
S381,0.004186532886190599,0.9738702993971181,0.02101652343136194,0.0009266442853287301,ANN
S382,0.911024425519563,0.053582008355138905,0.02944866272196817,0.00594490340333003,1D-CNN
S383,0.22069416750177767,0.2956960353241672,0.39687665393582006,0.08673314323823467,BiLSTM
S384,0.12906258573294863,0.15320998815573347,0.6911516273859938,0.026575798725324076,BiLSTM
S385,0.003796122016725779,0.0042033515236599255,0.9906296902075634,0.0013708362520518725,BiLSTM
S386,0.033912363910689886,0.04608390995690078,0.9125266255219002,0.007477100610509297,BiLSTM
S387,0.26489349610255003,0.6263561504564823,0.09932955180445022,0.009420801636517099,ANN
S388,0.6971734750690176,0.29542839037782787,0.006517828588127112,0.0008803059650267658,1D-CNN
S389,0.014064512953312397,0.9772562194461107,0.006538358840000369,0.0021409087605765696,ANN
S390,0.46909932695967194,0.2004487431676814,0.25466742682750815,0.07578450304513869,1D-CNN
S391,0.8230603337987156,0.10944052260244037,0.05575938587219721,0.011739757726647086,1D-CNN
S392,0.4159006918431062,0.41225750135465694,0.13603200331794219,0.03580980348429415,1D-CNN
S393,0.16731009664434518,0.20375187233215727,0.5695459195484032,0.05939211147509454,BiLSTM
S394,0.6170401517615579,0.22384406642597324,0.1371807300946227,0.021935051717845756,1D-CNN
S395,0.27276146800007905,0.30610312496249104,0.3729921801391989,0.048143226898231015,BiLSTM
S396,0.19855475128078837,0.20906517892927237,0.5224437826220213,0.06993628716791843,BiLSTM
S397,0.21032071200737054,0.10957169119598212,0.6206543977907042,0.059453199005943196,BiLSTM
S398,0.05041539019672377,0.0833934160152429,0.8514175001906402,0.014773693597392213,BiLSTM
S399,0.2560314328102187,0.41978902718761674,0.29709628053886766,0.027083259463297014,ANN
S400,0.9901800994929637,0.007776031244988563,0.001825406030064997,0.00021846323198385016,1D-CNN
S401,0.5751395751187866,0.418235730804745,0.005829000070330711,0.0007956940061371955,1D-CNN
S402,0.9999832084807517,1.151578916755495e-05,4.289851955537741e-06,9.85878125237594e-07,1D-CNN
S403,0.315769114264948,0.2823062605495207,0.28535611847536246,0.11656850671016868,1D-CNN
S404,0.11971764110900235,0.14350497376186086,0.7095155182044561,0.027261866924680446,BiLSTM
S405,0.02944505162134142,0.8240053363991916,0.13314981430993136,0.013399797669535703,ANN
S406,0.0,0.0,0.0,0.0,1D-CNN
S407,0.0,0.0,0.0,0.0,1D-CNN
S408,0.8777891015476128,0.10849102170662585,0.012557102862368252,0.0011627738833926077,1D-CNN
S409,0.978127925170448,0.018656969346332496,0.003114819687676969,0.00010028579554298509,1D-CNN
S410,0.15598461756373347,0.6192731892096305,0.21262757551266975,0.012114617713966753,ANN
S411,0.4180774228763597,0.3842959371998711,0.19483770970167522,0.0027889302220945778,1D-CNN
S412,0.2768472914278174,0.3126322545723249,0.38859365455126915,0.021926799448588507,BiLSTM
S413,0.28833203249348843,0.3153738339197898,0.2911675990333969,0.10512653455332432,ANN
S414,0.22680784771914064,0.3222891478824686,0.38048811095340734,0.07041489344498385,BiLSTM
S415,0.3559934487113269,0.2630684981912227,0.353090555874975,0.027847497222475752,1D-CNN
S416,0.12537821427383086,0.19358548379823562,0.6620362488283871,0.019000053099546155,BiLSTM
S417,0.5677111075654876,0.2929097033471832,0.12729370205004617,0.012085487037282574,1D-CNN
S418,0.034116062246167526,0.011321483738887831,0.9520616075650377,0.0025008464499075094,BiLSTM
S419,0.4354415564262468,0.23864024148964438,0.25710411229600016,0.06881408978810827,1D-CNN
S420,0.26798073115027155,0.34486382349944816,0.28063045149276117,0.10652499385751893,ANN
S421,0.2634876584155118,0.3708138382880376,0.3064981191086961,0.0592003841877553,ANN
S422,0.5946914803867235,0.15921770313126735,0.22671005397774793,0.01938076250426084,1D-CNN
S423,0.016706811126012522,0.05906252453411629,0.921994229700283,0.0022364346395869683,BiLSTM
S424,0.06396344982165714,0.8958154451898509,0.03822101723309971,0.0020000877553916444,ANN
S425,0.0007529444701111981,0.9875938728239209,0.011513820741096293,0.00013936196487130922,ANN
S426,0.2949716031342141,0.5831036490086208,0.11710980041882249,0.004814947438343342,ANN
S427,0.9648530479425653,0.024167179687677093,0.01000843562539277,0.0009713367443648826,1D-CNN
S428,0.11843560827010773,0.7344643344283491,0.137911148162954,0.009188909138589033,ANN
S429,0.4892302305766502,0.23549428151374435,0.22723027155613618,0.0480452163534689,1D-CNN
S430,0.9863661491404712,0.0078204109701945,0.00500982511224068,0.0008036147770940555,1D-CNN
S431,0.07729483000992332,0.677954037854756,0.22940425857833058,0.015346873556990806,ANN
S432,0.007887813189838683,0.9753325836932369,0.01352404117610216,0.0032555619408220758,ANN
S433,0.13602971240977968,0.24985719153613925,0.5329906066755293,0.08112248937855167,BiLSTM
S434,0.9635440691750337,0.018935054097052827,0.015363442687847735,0.0021574340400661108,1D-CNN
S435,0.37217389595480677,0.4196888086118648,0.17870830104424348,0.029428994389085406,ANN
S436,0.3073609399546168,0.3117276041834319,0.31952943328573596,0.06138202257621529,BiLSTM
S437,0.5045867217132225,0.2789140646617353,0.18634382805516664,0.030155385569875567,1D-CNN
S438,0.6842166058812388,0.1632284842951241,0.13091142146922574,0.021643488354410528,1D-CNN
S439,0.25834962067497425,0.306681424581936,0.35210486539800917,0.08286408934508052,BiLSTM
S440,0.23926286080426046,0.35018784682063536,0.3752824016070683,0.03526689076803601,BiLSTM
S441,0.11984254882209429,0.16478252142106695,0.658007397823379,0.057367531933459955,BiLSTM
S442,0.049184851319751574,0.8314383630936599,0.10438541627618428,0.014991369310403489,ANN
S443,0.05440542197566308,0.941124155875329,0.0039335051173342295,0.0005369170316734263,ANN
S444,0.5561909467517846,0.38031607269055767,0.05649432784790875,0.006998652709749688,1D-CNN
S445,0.03809295668551625,0.0689554284225102,0.8596126142675857,0.033339000624387924,BiLSTM
