Segment,1D-CNN,ANN,BiLSTM,LSTM,Selected
S1,0.19096640173390753,0.14342923274775315,0.5015102786075228,0.16409408691081612,BiLSTM
S2,0.37475966804230637,0.28633592961717047,0.24654121372340895,0.0923631886171143,1D-CNN
S3,0.21802539551368413,0.34056328929741586,0.2928013117773624,0.14861000341153757,ANN
S4,0.2833890700157697,0.37467562119511505,0.23054232277782277,0.11139298601129237,ANN
S5,0.30863640725050273,0.48680217388486763,0.14991855319062555,0.05464286567400412,ANN
S6,0.18371039716948007,0.2594717266544944,0.4335443106039338,0.12327356557209206,BiLSTM
S7,0.2172956847544981,0.20048673697605332,0.45385765307385645,0.1283599251955924,BiLSTM
S8,0.23463604993148404,0.3426500176086584,0.33695311597252287,0.08576081648733455,ANN
S9,0.34043809615584975,0.40397213607246035,0.20631852265318795,0.04927124511850177,ANN
S10,0.31965415670030195,0.4245951703309712,0.20705284220412026,0.04869783076460656,ANN
S11,0.3307490234397188,0.2847842095581533,0.26914656458766945,0.11532020241445848,1D-CNN
S12,0.2347651709117422,0.28063072401770567,0.32879507549324527,0.15580902957730683,BiLSTM
S13,0.24077216751132965,0.2903802895342464,0.36581794223885306,0.10302960071557081,BiLSTM
S14,0.22985801925769445,0.25214152401227946,0.3910469948514992,0.12695346187852682,BiLSTM
S15,0.2884404787568381,0.34053568330385253,0.2835572172355175,0.0874666207037919,ANN
S16,0.31470224693030857,0.29678504523346644,0.3031538715001181,0.085358836336107,1D-CNN
S17,0.3267810698647681,0.3483914031282193,0.2783528717200375,0.046474655286975204,ANN
S18,0.446434690715387,0.27714729743049377,0.21116298709197975,0.06525502476213962,1D-CNN
S19,0.2960133390327713,0.23531018867025827,0.23765393147774427,0.2310225408192261,1D-CNN
S20,0.39769722404570956,0.34802176938575335,0.1717858865330894,0.08249512003544765,1D-CNN
S21,0.4679677822294592,0.28582073947065956,0.16854784320928135,0.07766363509059979,1D-CNN
S22,0.35933973569704736,0.2432179284408482,0.26315195916949474,0.13429037669260976,1D-CNN
S23,0.07817240995639574,0.11066522228397753,0.6691111596267104,0.14205120813291616,BiLSTM
S24,0.08405792861538856,0.46360458491754136,0.3990586800310889,0.05327880643598133,ANN
S25,0.5471950879586319,0.25382113889321933,0.1871648913684317,0.0118188817797174,1D-CNN
S26,0.061422066971208895,0.7778827946458854,0.15506670093225008,0.005628437450655293,ANN
S27,0.6121011944467276,0.2240634659857975,0.1431669341526048,0.020668405414869938,1D-CNN
S28,0.4033903920531444,0.2453934524110541,0.29889286958302386,0.05232328595277728,1D-CNN
S29,0.24655661135792564,0.14953927543410328,0.23961571740141338,0.3642883958065577,LSTM
S30,0.5388742655342981,0.1979094318309658,0.16770727401631122,0.09550902861842478,1D-CNN
S31,0.26380191468512026,0.25548977340056706,0.3512476999809474,0.1294606119333655,BiLSTM
S32,0.2650947059862829,0.3313297543648209,0.2997060470667306,0.1038694925821658,ANN
S33,0.3610849521436304,0.26122512418449334,0.27148462465711204,0.10620529901476432,1D-CNN
S34,0.33126305318021976,0.2501596287285293,0.29109376049210356,0.1274835575991474,1D-CNN
S35,0.24095574871885897,0.3317419589034361,0.2955556339608387,0.13174665841686642,ANN
S36,0.2628750172773366,0.4015554310324464,0.25256293426599263,0.08300661742422426,ANN
S37,0.17806235307871077,0.20983374444603062,0.4644263528955093,0.14767754957974927,BiLSTM
S38,0.31350893025209264,0.3332234858861519,0.2700709004200549,0.08319668344170017,ANN
S39,0.31753578037740166,0.33861228582395353,0.26307254592399093,0.08077938787465397,ANN
S40,0.31862292311502277,0.35316048922062204,0.2554787984317174,0.07273778923263763,ANN
S41,0.3225578008747959,0.28699688470089635,0.28715960407292174,0.10328571035138594,1D-CNN
S42,0.3088299387348032,0.28949236879000506,0.29303168045540356,0.10864601201978799,1D-CNN
S43,0.2941579056021563,0.2939964103742605,0.30280757801615155,0.10903810600743152,BiLSTM
S44,0.3482490389279246,0.24342324617945021,0.31287546866931,0.09545224622331493,1D-CNN
S45,0.1150729935114644,0.11261259549344639,0.48238127011735654,0.28993314087773264,BiLSTM
S46,0.3731524549480315,0.4341993422296762,0.14117714212991384,0.05147106069237825,ANN
S47,0.08423822437577448,0.3590767791439627,0.448794512201826,0.10789048427843685,BiLSTM
S48,0.3138534609560945,0.22982891712084497,0.3734427767867126,0.08287484513634782,BiLSTM
S49,0.24248700776615303,0.22233698096221235,0.42484905055811134,0.11032696071352324,BiLSTM
S50,0.45967982931539003,0.3099789555994068,0.18767072522026546,0.042670489864937725,1D-CNN
S51,0.47655036798181144,0.3932399043649411,0.10591810822956534,0.024291619423682107,1D-CNN
S52,0.36014811149996534,0.31050449143901065,0.23010062924253902,0.09924676781848496,1D-CNN
S53,0.3516770166342075,0.28316225856522625,0.26318642457314,0.10197430022742589,1D-CNN
S54,0.4902594438284938,0.33798913657299595,0.1292678676578429,0.04248355194066752,1D-CNN
S55,0.5885309546254298,0.3855122160168525,0.020460257770681563,0.005496571587035638,1D-CNN
S56,0.6101955256564275,0.3690826276864528,0.016009251883042936,0.004712594774076801,1D-CNN
S57,0.32898484625353747,0.3320162970010253,0.25442276453125423,0.08457609221418297,ANN
S58,0.26436350922762397,0.39979355596055693,0.2670008094925792,0.06884212531923989,ANN
S59,0.15825037865425093,0.16586379442750138,0.532991512036403,0.14289431488184448,BiLSTM
S60,0.2883324683353265,0.23007073333280909,0.3569754736029047,0.12462132472895968,BiLSTM
S61,0.40628080664842425,0.3593742819934511,0.1840867987901048,0.050258112568019764,1D-CNN
S62,0.578668314953322,0.24816738285998613,0.1350446189772862,0.038119683209405605,1D-CNN
S63,0.42728857492801264,0.3681425688676704,0.15565156972099917,0.048917286483317814,1D-CNN
S64,0.1633798346321185,0.09027406958602838,0.6935008993464724,0.05284519643538089,BiLSTM
S65,0.32112038138606647,0.2032036742497586,0.3802378964616502,0.09543804790252455,BiLSTM
S66,0.24258773568049624,0.26771715000411184,0.37139130409920046,0.1183038102161917,BiLSTM
S67,0.3047427393208045,0.2917889819037179,0.3016856780584772,0.10178260071700085,1D-CNN
S68,0.2618560231338159,0.3694091421444398,0.2910736727743166,0.07766116194742767,ANN
S69,0.32809479191332924,0.34829365027940273,0.23674947481623454,0.08686208299103346,ANN
S70,0.3168052400865911,0.33104558358669295,0.2541797663710843,0.09796940995563179,ANN
S71,0.3088534784573019,0.3205525879729982,0.2678172820509755,0.1027766515187244,ANN
S72,0.14239456837029124,0.8053471527730721,0.03947358230656491,0.012784696550071467,ANN
S73,0.21411315414739354,0.33775408316646016,0.3632896285946926,0.0848431340914536,BiLSTM
S74,0.2650125905890182,0.4751751541422264,0.19453554407756857,0.06527671119118701,ANN
S75,0.21023429993650522,0.22776930088227357,0.4129598624550943,0.1490365367261269,BiLSTM
S76,0.2070021633292771,0.28548157864829166,0.40962486725938435,0.09789139076304683,BiLSTM
S77,0.2692609587731401,0.14950073740255712,0.4500264137045473,0.13121189011975568,BiLSTM
S78,0.3478375471386919,0.30647688554703334,0.24604849200985857,0.09963707530441628,1D-CNN
S79,0.21405687971820542,0.260966150659599,0.3631437054394573,0.16183326418273808,BiLSTM
S80,0.21251687769395058,0.3372078526834414,0.352265177521063,0.09801009210154495,BiLSTM
S81,0.34027403607051904,0.2141656904407182,0.32133979323308814,0.12422048025567481,1D-CNN
S82,0.3075880629691098,0.31002585860722565,0.2811996614506758,0.10118641697298882,ANN
S83,0.2444212702175923,0.27854399302914457,0.35581252576693967,0.12122221098632323,BiLSTM
S84,0.23488854996886802,0.4305585772597346,0.2661397072118702,0.06841316555952698,ANN
S85,0.1323481623177519,0.09490112172393751,0.5602745751891616,0.21247614076914914,BiLSTM
S86,0.44341424144900315,0.21634242788218486,0.23145089742140504,0.10879243324740695,1D-CNN
S87,0.5410482309320211,0.35494672260473265,0.07923450131800382,0.0247705451452423,1D-CNN
S88,0.8250379133284804,0.1179054004388404,0.045381318563712504,0.011675367668966742,1D-CNN
S89,0.47766265870804225,0.270630545451583,0.19893371547873218,0.05277308036164252,1D-CNN
S90,0.2911626402300752,0.43158405729877447,0.22251508222782163,0.054738220243328944,ANN
S91,0.3315343698130395,0.31506639296647165,0.2529179174453248,0.10048131977516395,1D-CNN
S92,0.34265480850569857,0.3107390713638126,0.2471575012443956,0.09944861888609349,1D-CNN
S93,0.2797543605813915,0.32417357722992796,0.28973962764409383,0.10633243454458684,ANN
S94,0.3144581440253163,0.46074105431257767,0.17169276853937931,0.05310803312272707,ANN
S95,0.5410419905482053,0.30104649743259165,0.12850933625083102,0.02940217576837212,1D-CNN
S96,0.2093933992132293,0.1691581188075023,0.49787295486034727,0.1235755271189212,BiLSTM
S97,0.20300569933529047,0.15457186653650004,0.4618483752208178,0.18057405890739195,BiLSTM
S98,0.27435245928022,0.39180836427852134,0.2520600490820858,0.08177912735917295,ANN
S99,0.25859293975873693,0.6732694610933656,0.05593775112157868,0.01219984802631884,ANN
S100,0.9050728882208111,0.05410555122385489,0.033905817735187894,0.0069157428201457915,1D-CNN
S101,0.398522105748024,0.356964822820831,0.19293572623194294,0.05157734519920199,1D-CNN
S102,0.2403331489900609,0.3020072808649772,0.3093807600473298,0.14827881009763225,BiLSTM
S103,0.20805951838703593,0.2946641551312112,0.38637427245129846,0.11090205403045417,BiLSTM
S104,0.06901566531663195,0.0734662187858135,0.5526428420110083,0.30487527388654606,BiLSTM
S105,0.14883965314276174,0.1779674708039242,0.501298849643909,0.1718940264094051,BiLSTM
S106,0.17158559545274027,0.114877273969005,0.5458835973640006,0.16765353321425405,BiLSTM
S107,0.12799220865651006,0.16416495855725402,0.5765745828209261,0.13126824996530978,BiLSTM
S108,0.20718394469374643,0.3649357237502737,0.36921309634326804,0.05866723521271162,BiLSTM
S109,0.5709798942447021,0.21034640170590213,0.17295817300097804,0.04571553104841793,1D-CNN
S110,0.21933357947391746,0.25134710846382813,0.3903707413592979,0.13894857070295646,BiLSTM
S111,0.33728501247947035,0.3409316085000321,0.23326831134360843,0.08851506767688938,ANN
S112,0.16824122184225362,0.3920759851307247,0.37704381149962163,0.0626389815274001,ANN
S113,0.23963288295280924,0.1301157687167988,0.49242693198494186,0.13782441634545023,BiLSTM
S114,0.20765869678124083,0.15254213727259316,0.5933488786673805,0.04645028727878569,BiLSTM
S115,0.06328229260380198,0.28611658118789846,0.6186378267732192,0.03196329943508022,BiLSTM
S116,0.2291736555626633,0.3323630265945624,0.3688593914597262,0.06960392638304792,BiLSTM
S117,0.26103525123226917,0.33195797602851224,0.33824634794817976,0.06876042479103875,BiLSTM
S118,0.34366844506227695,0.3558364694956021,0.24424206329448278,0.05625302214763805,ANN
S119,0.3633316465722224,0.17266329014294488,0.3039630775251554,0.16004198575967754,1D-CNN
S120,0.257928553366351,0.2785506983715552,0.2632432896645825,0.20027745859751112,ANN
S121,0.5067876874022282,0.307524411699492,0.11918959950009425,0.06649830139818545,1D-CNN
S122,0.4069784095390787,0.28417793267112623,0.2122116481987594,0.0966320095910357,1D-CNN
S123,0.3596344769725459,0.3900391871663078,0.17352199058404152,0.07680434527710452,ANN
S124,0.3506260518476755,0.30508967929127573,0.2373393867523497,0.10694488210869904,1D-CNN
S125,0.4080211497134684,0.23348968945686252,0.24285041044440966,0.1156387503852594,1D-CNN
S126,0.44484071203835,0.22768935885450006,0.22339301877339104,0.104076910333759,1D-CNN
S127,0.2159291143715357,0.24903515532380444,0.35394640397023575,0.18108932633442404,BiLSTM
S128,0.2660657949481262,0.26710014886312616,0.36847224349530455,0.09836181269344306,BiLSTM
S129,0.2610338344505112,0.26503151805055397,0.36387822190631997,0.11005642559261479,BiLSTM
S130,0.35676402166213794,0.40879066584740764,0.1797086480578312,0.05473666443262343,ANN
S131,0.4393632302579197,0.24149234908775305,0.2437065047404174,0.07543791591390986,1D-CNN
S132,0.13883031086052755,0.2989910702054088,0.31098179872217274,0.2511968202118908,BiLSTM
S133,0.29771069815851103,0.3543206740203355,0.23791931325781526,0.11004931456333807,ANN
S134,0.44256964976789476,0.37416577592757266,0.13359130374345754,0.04967327056107482,1D-CNN
S135,0.30526607467059874,0.3553654164096324,0.2582421035797235,0.08112640534004556,ANN
S136,0.21835262510933487,0.23924719839648606,0.44091729593519924,0.10148288055897975,BiLSTM
S137,0.15586489037902615,0.17272295327883747,0.4598781786555243,0.21153397768661228,BiLSTM
S138,0.2783680914017185,0.5152408455133993,0.15459507788874266,0.051795985196139344,ANN
S139,0.23225049761151648,0.27864180649109854,0.29535996054769087,0.19374773534969433,BiLSTM
S140,0.28592187737851305,0.14745012642023947,0.45953012095920726,0.10709787524204059,BiLSTM
S141,0.258864818120183,0.31760024770696277,0.34979931967676525,0.07373561449608869,BiLSTM
S142,0.3083252968740937,0.26581839087959563,0.3311043915685924,0.09475192067771812,BiLSTM
S143,0.24218678410538388,0.4737564381079153,0.22405270189307674,0.060004075893623846,ANN
S144,0.4290963193696332,0.3094945243070177,0.19901936028168957,0.06238979604165948,1D-CNN
S145,0.3487247260086684,0.2815552018061228,0.2647866826256705,0.10493338955953826,1D-CNN
S146,0.21074929279260993,0.28407522294464754,0.32064902206828416,0.18452646219445867,BiLSTM
S147,0.6624832504801318,0.06550476569120703,0.19093966633361004,0.08107231749505137,1D-CNN
S148,0.2056601261974795,0.2816917126357041,0.36284757891842123,0.14980058224839507,BiLSTM
S149,0.14202922554411693,0.15024997937537513,0.5391167591024957,0.16860403597801246,BiLSTM
S150,0.27555169049664235,0.31691222764868293,0.2682029773286393,0.13933310452603548,ANN
S151,0.40386024578496954,0.27883302463512794,0.18321985791897763,0.13408687166092503,1D-CNN
S152,0.1609958244358899,0.3152374280381492,0.41325008779481254,0.11051665973114833,BiLSTM
S153,0.20870453871171946,0.19997194156304868,0.4884320266710975,0.10289149305413477,BiLSTM
S154,0.23438190706402426,0.3250730033653739,0.36148714834803575,0.07905794122256582,BiLSTM
S155,0.4372009560509559,0.2776053276640201,0.22106931441308159,0.06412440187194249,1D-CNN
S156,0.28816639937029054,0.24503992982459016,0.3177618143841828,0.14903185642093675,BiLSTM
S157,0.315350661540131,0.24766474048900167,0.2990568068639031,0.1379277911069643,1D-CNN
S158,0.24647322126547064,0.5386382995798844,0.15709201650222931,0.057796462652415274,ANN
S159,0.2710529450507834,0.5003399439599834,0.17805692720333685,0.05055018378589603,ANN
S160,0.14596280663450079,0.16123867475276965,0.5395262995846893,0.15327221902804022,BiLSTM
S161,0.2522683056284887,0.3074818179097418,0.33861715516449176,0.10163272129727782,BiLSTM
S162,0.3951361969266352,0.37335387812446885,0.17733829259331477,0.05417163235558085,1D-CNN
S163,0.33882509090115076,0.2639612641301953,0.27791518578458285,0.11929845918407148,1D-CNN
S164,0.23934668808726764,0.2620878426106555,0.3273619944651026,0.1712034748369744,BiLSTM
S165,0.20310297829971144,0.5409902863033191,0.18561476546542127,0.07029196993154833,ANN
S166,0.09662587050854925,0.096211573718156,0.7117146391661138,0.09544791660718092,BiLSTM
S167,0.3264557427307408,0.32139140884217415,0.25085925209832344,0.10129359632876202,1D-CNN
S168,0.3172686564707793,0.3285083374076541,0.24306208647565375,0.11116091964591304,ANN
S169,0.266446360124798,0.1848120050700992,0.4248711393809174,0.12387049542418549,BiLSTM
S170,0.4079894358982751,0.18053444642748212,0.2971341614923894,0.11434195618185328,1D-CNN
S171,0.47504207419813815,0.24551800159186132,0.18924738701296953,0.09019253719703167,1D-CNN
S172,0.19957296740135136,0.2519035516543201,0.37627988887998876,0.17224359206433953,BiLSTM
S173,0.026391362818610625,0.9180246247636287,0.041174726831392214,0.014409285586368642,ANN
S174,0.40553157075899815,0.5001391916640414,0.07222367617419294,0.022105561402767614,ANN
S175,0.17613978980088507,0.35503046432898266,0.4007278602983273,0.0681018855718049,BiLSTM
S176,0.13947737286388479,0.19090323484159488,0.5890847614348051,0.08053463085971524,BiLSTM
S177,0.25449146342764273,0.22491306969594252,0.3960350455456295,0.12456042133078507,BiLSTM
S178,0.2912233325489518,0.3760970494136677,0.2529061817820839,0.07977343625529651,ANN
S179,0.5286556991087873,0.25724047824953006,0.15886922907508128,0.055234593566601355,1D-CNN
S180,0.620351245506103,0.13174088708966192,0.17320697705476476,0.07470089034947008,1D-CNN
S181,0.13622339182324694,0.2718751094115204,0.4630632987576114,0.12883820000762167,BiLSTM
S182,0.2319704875192233,0.24337178456960235,0.4424319899282833,0.0822257379828909,BiLSTM
S183,0.26260343480904025,0.2052963253027792,0.3353994071674477,0.19670083272073266,BiLSTM
S184,0.43207715357965704,0.2113064418540664,0.23102258430578085,0.1255938202604956,1D-CNN
S185,0.36898110757817054,0.11299111732588292,0.3576092814600697,0.1604184936358771,1D-CNN
S186,0.22376632896848428,0.2185223216928981,0.4536914545921451,0.10401989474647273,BiLSTM
S187,0.2822931793236779,0.25119716924581625,0.3656911105958793,0.10081854083462638,BiLSTM
S188,0.32003676171738266,0.27148581178721803,0.315527145799993,0.09295028069540631,1D-CNN
S189,0.3609490311735642,0.15285370880387344,0.2896524720187764,0.1965447880037859,1D-CNN
S190,0.24976393356655172,0.3775398183294598,0.24649942902964608,0.12619681907434246,ANN
S191,0.37342542384737143,0.22455825073528116,0.27220199521490607,0.12981433020244118,1D-CNN
S192,0.27874169920988934,0.44500774729877657,0.1995798494610451,0.07667070403028875,ANN
S193,0.1210798876220022,0.13649975731087044,0.6088124922092304,0.1336078628578971,BiLSTM
S194,0.21479678707827798,0.2547170212242842,0.4192431906661991,0.11124300103123862,BiLSTM
S195,0.2893755319001065,0.368798135443317,0.2737528431787751,0.06807348947780184,ANN
S196,0.17795962668304416,0.6454188958173415,0.1472859808030181,0.029335496696596148,ANN
S197,0.26417497326600586,0.40808049028911014,0.2813639800061477,0.04638055643873607,ANN
S198,0.3703711397868796,0.33646545354533713,0.24678923111246845,0.046374175555314597,1D-CNN
S199,0.3940307482163354,0.31835768503666334,0.23124728568022163,0.05636428106677971,1D-CNN
S200,0.35783083301673885,0.17098756820581731,0.2867946496272103,0.18438694915023374,1D-CNN
S201,0.23033271740483172,0.3312323008585815,0.301987134683293,0.13644784705329405,ANN
S202,0.23723796792657534,0.27798559841996456,0.38033861578458866,0.10443781786887157,BiLSTM
S203,0.1972333515351082,0.20292823386961428,0.4619941348412951,0.1378442797539825,BiLSTM
S204,0.24180404951064532,0.3562008013344261,0.32276194188418444,0.07923320727074366,ANN
S205,0.4386855865696533,0.30606432218491125,0.20127661612674616,0.053973475118689516,1D-CNN
S206,0.30153603008410257,0.28708600074758006,0.27532216596981485,0.1360558031985025,1D-CNN
S207,0.2724074728873249,0.2822025160010015,0.28479390563904033,0.16059610547263317,BiLSTM
S208,0.22957216609322678,0.2916361564231268,0.36015743829894475,0.11863423918470146,BiLSTM
S209,0.19495642212247882,0.22861022288716384,0.44644180939241845,0.12999154559793855,BiLSTM
S210,0.3387858006615656,0.3993918071280443,0.21056542825211363,0.05125696395827653,ANN
S211,0.27194625483143275,0.14128969128883334,0.4132907066830654,0.17347334719666843,BiLSTM
S212,0.1826023054522883,0.3680739329625584,0.2578635845206516,0.19146017706450186,ANN
S213,0.18653281810889777,0.1767036339745313,0.49349950197703724,0.14326404593953337,BiLSTM
S214,0.8511210639960369,0.08014643909242862,0.04985550132531016,0.018876995586224257,1D-CNN
S215,0.35313631002513607,0.21827425552395563,0.21292148081063472,0.2156679536402738,1D-CNN
S216,0.21305787115630329,0.34083439708857627,0.3341841403187482,0.11192359143637214,ANN
S217,0.22061648614622714,0.36485397571812556,0.33493140361864476,0.07959813451700243,ANN
S218,0.2076274099514672,0.30108374113993,0.3936408729271024,0.09764797598150055,BiLSTM
S219,0.20717674649836024,0.48820182308324767,0.25438831686525604,0.05023311355313571,ANN
S220,0.4579945037987488,0.42491895617472547,0.10595757819663992,0.01112896182988628,1D-CNN
S221,0.6833079778700178,0.19249371379727456,0.11817774512550111,0.006020563207206919,1D-CNN
S222,0.15729548576530444,0.3759916762509681,0.4189279788808246,0.04778485910290295,BiLSTM
S223,0.23989607959226172,0.3177481130343023,0.36508546118484875,0.07727034618858744,BiLSTM
S224,0.19111485761988736,0.27638373109919473,0.45807509385672474,0.0744263174241929,BiLSTM
S225,0.4410125880009161,0.19617133289535624,0.2862552073392699,0.0765608717644576,1D-CNN
S226,0.21243557643825117,0.2570446804790011,0.4756353939396481,0.054884349143099746,BiLSTM
S227,0.1308641209614868,0.28523341311713774,0.5007746662016747,0.08312779971970091,BiLSTM
S228,0.21520205869489595,0.1944813306759,0.5246887087022207,0.0656279019269831,BiLSTM
S229,0.18962074264927384,0.32617141901306734,0.4112673017172317,0.0729405366204272,BiLSTM
S230,0.2468034401277008,0.4182336003077386,0.2810200485897568,0.05394291097480365,ANN
S231,0.25772538386207894,0.33813092616066226,0.34381243021543256,0.060331259761826385,BiLSTM
S232,0.3750030412196997,0.24382798478071624,0.2782563254485653,0.10291264855101878,1D-CNN
S233,0.28467786257397887,0.28452240744660084,0.2942385188144211,0.13656121116499917,BiLSTM
S234,0.31357012035261045,0.274959797584707,0.2820665981683646,0.12940348389431805,1D-CNN
S235,0.29757983799049803,0.1930652184546962,0.3662028613661191,0.14315208218868639,BiLSTM
S236,0.15302563418658924,0.4491414020042627,0.3186665142323042,0.0791664495768438,ANN
S237,0.2505705335565138,0.3199627977168213,0.3466077144671666,0.08285895425949873,BiLSTM
S238,0.37122951161339207,0.20100476549248697,0.3440354239219456,0.08373029897217514,1D-CNN
S239,0.214833687931449,0.44276405242865075,0.2799794374320289,0.062422822207871674,ANN
S240,0.5945667912893753,0.2458093358313,0.13404452520563345,0.025579347673691345,1D-CNN
S241,0.33433369014327396,0.31544584960074107,0.2892447567818286,0.06097570347415629,1D-CNN
S242,0.20989054084229006,0.3027632613283298,0.28587096090310943,0.20147523692627065,ANN
S243,0.04071527910033912,0.08725753278233397,0.8266144663250762,0.04541272179225101,BiLSTM
S244,0.020145701130948362,0.7085053108845519,0.25989456601885685,0.011454421965642296,ANN
S245,0.4340271883588263,0.26550301563336026,0.2147124454244633,0.08575735058335043,1D-CNN
S246,0.3569660323614381,0.34878999886595274,0.20779780187841587,0.0864461668941932,1D-CNN
S247,0.3341842323926814,0.28861898579772427,0.2595910984149101,0.11760568339468447,1D-CNN
S248,0.27754298574009556,0.5553271554120502,0.11995133955908019,0.04717851928877411,ANN
S249,0.1987161058146529,0.25723960130347884,0.41423497380967095,0.12980931907219712,BiLSTM
S250,0.24970057356977932,0.26262918583076533,0.37482516809066097,0.11284507250879444,BiLSTM
S251,0.29030676425562374,0.42763660795371844,0.22122107057393953,0.060835557216718114,ANN
S252,0.346766396554106,0.25259811331503873,0.30479794970951896,0.09583754042133615,1D-CNN
S253,0.17953419387136124,0.2008338080726796,0.3294187671650922,0.29021323089086687,BiLSTM
S254,0.04989987362155997,0.8915059352319381,0.03965165148491454,0.018942539661587564,ANN
S255,0.09913180627963819,0.13696566910762417,0.635285765941603,0.12861675867113442,BiLSTM
S256,0.22729041615968879,0.36465153927015337,0.3303545060880824,0.07770353848207535,ANN
S257,0.27113654193668607,0.28259388677771796,0.34757610029787495,0.09869347098772134,BiLSTM
S258,0.3754666088907986,0.26624579660836317,0.25722870256768904,0.10105889193314939,1D-CNN
S259,0.2996177159215762,0.32578742492096385,0.25984395803564775,0.11475090112181215,ANN
S260,0.27268357935853915,0.3225954215055278,0.28816477800828777,0.11655622112764515,ANN
S261,0.28101459838729204,0.17551194295034725,0.4166026276138153,0.12687083104854519,BiLSTM
S262,0.2821385120727515,0.25268541462992894,0.33016424297513636,0.13501183032218345,BiLSTM
S263,0.21007979886727254,0.17304537024709515,0.4339692531199282,0.18290557776570407,BiLSTM
S264,0.1542037601068628,0.2778648336883619,0.3791138808886208,0.18881752531615448,BiLSTM
S265,0.44384077007361517,0.2827638758635152,0.191459244986077,0.08193610907679237,1D-CNN
S266,0.28624648095383964,0.29972247829379356,0.29082747846491086,0.1232035622874561,ANN
S267,0.20157764698451372,0.34608980020568736,0.34743444062513595,0.10489811218466297,BiLSTM
S268,0.178814465246947,0.1344953601557089,0.5278306009269768,0.15885957367036713,BiLSTM
S269,0.355988229660897,0.2933173843989853,0.2446304007845691,0.106063985155549,1D-CNN
S270,0.2443256226658762,0.21758732238985262,0.36773705551892466,0.17034999942534648,BiLSTM
S271,0.1740832855456414,0.3629201543301016,0.3445136611465415,0.11848289897771522,ANN
S272,0.22376511170934657,0.15495399280782424,0.49348479354969255,0.12779610193313673,BiLSTM
S273,0.2700180532614255,0.24967240397645687,0.3558043102261417,0.12450523253597591,BiLSTM
S274,0.42302115788398914,0.3545174113008219,0.16500165902415895,0.057459771791029825,1D-CNN
S275,0.44587906227724644,0.34854022940114254,0.1555277951716068,0.05005291315000439,1D-CNN
S276,0.2557683990282223,0.31244452801346795,0.3077966342984735,0.12399043865983625,ANN
S277,0.2880571300461486,0.34119271832070375,0.27116533844526425,0.09958481318788305,ANN
S278,0.3040241931805687,0.3169754160672094,0.2880443635177357,0.09095602723448633,ANN
S279,0.17322561370412015,0.07843371438436798,0.6090001976325655,0.13934047427894647,BiLSTM
S280,0.20919059469638654,0.19896776096215635,0.41220972873095574,0.17963191561050124,BiLSTM
S281,0.48801477016249223,0.3317073769584919,0.13727176609043726,0.04300608678857858,1D-CNN
S282,0.5059776682736796,0.2643240910771676,0.17938863113509804,0.050309609514054256,1D-CNN
S283,0.262815142317405,0.5529939208815545,0.15026650076901488,0.033924436032025516,ANN
S284,0.359387629301591,0.30086074051945616,0.24992458382744884,0.08982704635150399,1D-CNN
S285,0.29912243774076736,0.2942254032192068,0.2795182364557048,0.12713392258432094,1D-CNN
S286,0.34684017806363315,0.31199764629605226,0.24763236693203372,0.09352980870828088,1D-CNN
S287,0.40787200185257594,0.4868408479305273,0.08254464779703137,0.022742502419865248,ANN
S288,0.15660709269265466,0.16556775785852695,0.5690164987563845,0.10880865069243374,BiLSTM
S289,0.14413257366179463,0.16708865357062935,0.4896590075782723,0.19911976518930388,BiLSTM
S290,0.24568019766591737,0.2607374893741379,0.3581353053842986,0.13544700757564596,BiLSTM
S291,0.2837440080830912,0.44782920065735643,0.21691160394413742,0.05151518731541502,ANN
S292,0.18378278289622693,0.24742006453214874,0.5048202897771792,0.06397686279444537,BiLSTM
S293,0.5275817073544213,0.1429157999982981,0.2525814076540856,0.07692108499319551,1D-CNN
S294,0.3428289382073646,0.25119462580707613,0.2663364084190789,0.13964002756648033,1D-CNN
S295,0.2141891111632513,0.24613002670441309,0.35824832202280593,0.18143254010952956,BiLSTM
S296,0.2521615766456941,0.28983461568380364,0.37574479165073876,0.08225901601976357,BiLSTM
S297,0.33017772839130843,0.34091175219876774,0.24090979201879534,0.08800072739112838,ANN
S298,0.3294010667631071,0.3832855340157993,0.20867514488945527,0.07863825433163843,ANN
S299,0.33325343297681637,0.26609261633271986,0.2892787677026366,0.11137518298782714,1D-CNN
S300,0.30969724774134316,0.43885043766420434,0.19203717790663496,0.059415136687817456,ANN
S301,0.189286829630989,0.20475980629711824,0.4702091231040571,0.13574424096783572,BiLSTM
S302,0.33806571385311923,0.2942446920441945,0.28184667098090727,0.08584292312177855,1D-CNN
S303,0.39851349607462777,0.2347739186766361,0.2724978659516581,0.0942147192970782,1D-CNN
S304,0.3594968164681383,0.4475618566338975,0.15083925509590126,0.04210207180206328,ANN
S305,0.042069663632335316,0.06314940705957535,0.16812153372213626,0.7266593955859532,LSTM
S306,0.16610571829354664,0.595281006451842,0.14209245565164602,0.09652081960296534,ANN
S307,0.43583276257541637,0.352652086312434,0.14856322049912732,0.06295193061302251,1D-CNN
S308,0.2652355167837466,0.3461243881361452,0.3078615416676878,0.08077855341242074,ANN
S309,0.24189468978951892,0.32193251113688676,0.3432626621693708,0.09291013690422363,BiLSTM
S310,0.22362972330679204,0.3572342610575272,0.28580839879502534,0.13332761684065544,ANN
S311,0.3428936954476876,0.2644803588760072,0.2698945734299987,0.1227313722463065,1D-CNN
S312,0.20822906129711755,0.27476179224346586,0.4014180970659674,0.11559104939344934,BiLSTM
S313,0.10231314998404704,0.08733686542131332,0.6620551815260876,0.14829480306855217,BiLSTM
S314,0.4780324260790602,0.28063667046171775,0.191246842279638,0.050084061179584236,1D-CNN
S315,0.19755377334727495,0.7418631568667385,0.05239228731299692,0.008190782472990259,ANN
S316,0.2825462547548606,0.51155408717246,0.17782769235042464,0.028071965722254903,ANN
S317,0.5087240353638748,0.23461513395083286,0.20563411933157638,0.0510267113537161,1D-CNN
S318,0.16232679869700314,0.610909395605445,0.19087271814593376,0.035891087551618066,ANN
S319,0.36190702196030056,0.34448891313616103,0.2266367510415409,0.06696731386199735,1D-CNN
S320,0.3155352409524971,0.3003891310663,0.2843006461919534,0.09977498178924965,1D-CNN
S321,0.33018433532271424,0.20187445678185836,0.3002373759409382,0.16770383195448935,1D-CNN
S322,0.3347420381837244,0.33780163315304046,0.2286415297177742,0.09881479894546111,ANN
S323,0.3957820544246644,0.24770118623077075,0.25053684972791757,0.10597990961664736,1D-CNN
S324,0.23019308155663998,0.5563351561329548,0.15476548768986714,0.05870627462053793,ANN
S325,0.48053365243608354,0.35353583867488425,0.1249096404406345,0.04102086844839744,1D-CNN
S326,0.30304219968717816,0.34026566292341137,0.2623314143743642,0.09436072301504611,ANN
S327,0.13737736205476955,0.06129203866615899,0.5047739014526668,0.29655669782640476,BiLSTM
S328,0.2274325041388946,0.32211846828579377,0.35886426291886586,0.09158476465644541,BiLSTM
S329,0.3663493586886336,0.2576748044505238,0.29321746524584114,0.08275837161500157,1D-CNN
S330,0.3385961379756557,0.3191793986405955,0.25352443601238916,0.08870002737135958,1D-CNN
S331,0.2724429874389339,0.23425948417974002,0.3383315698540655,0.1549659585272604,BiLSTM
S332,0.19321258017459372,0.2909350927939342,0.3527473368954693,0.1631049901360027,BiLSTM
S333,0.18246311650888059,0.6763332251661954,0.11097269119632067,0.030230967128603636,ANN
S334,0.4577242038827911,0.31555661646555533,0.1813547488071563,0.045364430844497566,1D-CNN
S335,0.4189775491134175,0.2527579465633983,0.23197307751816384,0.09629142680502052,1D-CNN
S336,0.17838249531429873,0.15141140929938116,0.589007348754488,0.08119874663183224,BiLSTM
S337,0.48721442994033987,0.06923689221416322,0.3233764686158134,0.12017220922968345,1D-CNN
S338,0.3440646131699557,0.37471370543632404,0.18061830591248365,0.10060337548123689,ANN
S339,0.23759209515801885,0.22571214058717698,0.4374629785965418,0.09923278565826231,BiLSTM
S340,0.260039297355812,0.28751685453510895,0.3664960114755501,0.08594783663352881,BiLSTM
S341,0.3787628010043481,0.1780837093332008,0.29693570018316534,0.14621778947928563,1D-CNN
S342,0.20631477141733698,0.1276982322577921,0.3472108984901748,0.31877609783469624,BiLSTM
S343,0.10714519480189165,0.4223458971388542,0.3449583900376815,0.12555051802157258,ANN
S344,0.20621733766514,0.22135307245986607,0.45888966390107105,0.11353992597392282,BiLSTM
S345,0.2775794152533276,0.24571643852478092,0.35874177188996453,0.11796237433192694,BiLSTM
S346,0.3960094821991632,0.27426169028349207,0.23537081753311417,0.09435800998423043,1D-CNN
S347,0.32790389375339796,0.22301541860476717,0.30644891756727577,0.1426317700745593,1D-CNN
S348,0.18294880721198561,0.40965879747356965,0.28794881911257514,0.11944357620186952,ANN
S349,0.2673114609085769,0.4487874161443105,0.21380250374157528,0.07009861920553745,ANN
S350,0.40883352178961185,0.2734934521320618,0.2343421677683196,0.08333085831000667,1D-CNN
S351,0.2849726475005356,0.28075809838198873,0.33354205885149973,0.10072719526597594,BiLSTM
S352,0.2764456309069441,0.295413043364545,0.3305059876988672,0.09763533802964386,BiLSTM
S353,0.3167867130422046,0.2146695140028204,0.3369427298039697,0.13160104315100532,BiLSTM
S354,0.2889853273613424,0.24251664483830834,0.33544702638905866,0.1330510014112907,BiLSTM
S355,0.20491672761011046,0.34557057425529886,0.3230917804534473,0.1264209176811435,ANN
S356,0.007260227957197159,0.988446445053046,0.0033054521986460297,0.0009878747911108415,ANN
S357,0.4826294646209541,0.3364397448441306,0.15364521436303147,0.02728557617188422,1D-CNN
S358,0.15563934511730187,0.32423538584754175,0.47000216146592133,0.050123107569235194,BiLSTM
S359,0.26070266639554046,0.10842705109957565,0.3339817705096114,0.29688851199527266,BiLSTM
S360,0.14287132457383594,0.5332350365690934,0.23419903727432428,0.08969460158274647,ANN
S361,0.5118127208770364,0.3423224159216489,0.11046579830555635,0.03539906489575829,1D-CNN
S362,0.5103902006309194,0.22491244459820098,0.191038854310098,0.07365850046078168,1D-CNN
S363,0.3181086658077485,0.4725213146766872,0.14004546338017695,0.06932455613538707,ANN
S364,0.2712046960943839,0.283563806391419,0.3670031048294856,0.07822839268471168,BiLSTM
S365,0.33987585971194767,0.23866829174310683,0.31883504379717126,0.10262080474777421,1D-CNN
S366,0.2874608630228694,0.3011501330395764,0.2957572524136025,0.11563175152395173,ANN
S367,0.32467404558267865,0.397997687240027,0.19529215391786067,0.08203611325943375,ANN
S368,0.3336470125897708,0.33885205538598695,0.2246524840127126,0.10284844801152929,ANN
S369,0.22686579011766694,0.26092654599001375,0.35485184480322635,0.1573558190890928,BiLSTM
S370,0.2345454589826892,0.5690236481318737,0.1519938224699331,0.044437070415503814,ANN
S371,0.13658344265061895,0.0868237989597811,0.6366698704455594,0.13992288794404042,BiLSTM
S372,0.22952403358746035,0.3909014821823353,0.28250307717977,0.0970714070504342,ANN
S373,0.3860029564067233,0.3430859162872411,0.1857489951253578,0.0851621321806779,1D-CNN
S374,0.36433837917716383,0.23229954564685074,0.28528985943973983,0.1180722157362457,1D-CNN
S375,0.1932322384405109,0.2639851666083224,0.4399795764978016,0.10280301845336495,BiLSTM
S376,0.17311734362976813,0.13499626345717813,0.5450788927524487,0.14680750016060487,BiLSTM
S377,0.28296196730715123,0.36560833345711896,0.28335965979895195,0.06807003943677796,ANN
S378,0.39745159786349565,0.29846374296723693,0.22961228358758504,0.07447237558168267,1D-CNN
S379,0.30543177576842906,0.2449338878602462,0.31051268639214746,0.13912164997917742,BiLSTM
S380,0.24153776953913858,0.2211407762912178,0.3839982794224897,0.1533231747471542,BiLSTM
S381,0.24419699082249358,0.11646754783107141,0.516293615742162,0.12304184560427311,BiLSTM
S382,0.26911319506864495,0.2287901090909586,0.32792970809853833,0.17416698774185818,BiLSTM
S383,0.20326895900829495,0.2806501481671213,0.42602280717678903,0.09005808564779452,BiLSTM
S384,0.23685128525096213,0.23729126512442755,0.4519537275014696,0.07390372212314059,BiLSTM
S385,0.23835978647703307,0.22226887621233812,0.4349429374427306,0.1044283998678981,BiLSTM
S386,0.24574476392033032,0.3932423506983084,0.2977368811602887,0.0632760042210726,ANN
S387,0.3917524416839275,0.2860221881659432,0.26729120179125976,0.05493416835886935,1D-CNN
S388,0.2628759887006892,0.5000781134985934,0.19563340155671277,0.04141249624400428,ANN
S389,0.37545325124717743,0.18321181351347307,0.3085146869136125,0.1328202483257368,1D-CNN
S390,0.24511994401778656,0.17029184033724767,0.22238874410545245,0.36219947153951343,LSTM
S391,0.5550287195187892,0.22765337543729355,0.14674681375204096,0.0705710912918762,1D-CNN
S392,0.3864467295870036,0.3870797550451804,0.1542945266395439,0.07217898872827191,ANN
S393,0.26779713720080756,0.3483624584749916,0.27023700836641185,0.11360339595778884,ANN
S394,0.3782608873806912,0.31274751645278726,0.2193525570200703,0.0896390391464514,1D-CNN
S395,0.2884339232910033,0.30102529898590463,0.3078564671503534,0.10268431057273829,BiLSTM
S396,0.22685149922341544,0.22664597081901147,0.38960542943350857,0.15689710052406447,BiLSTM
S397,0.32099427083268467,0.08007365928139408,0.5058208088574649,0.09311126102845632,BiLSTM
S398,0.22159946864541907,0.4084524579714869,0.30316376237630105,0.06678431100679287,ANN
S399,0.38412651399755615,0.33876449599855296,0.22507678056310235,0.05203220944078842,1D-CNN
S400,0.2642589894241733,0.45448489429083533,0.2274268179711564,0.05382929831383526,ANN
S401,0.48703622254929163,0.3638801762302637,0.12435950414974196,0.024724097070702618,1D-CNN
S402,0.30389501826441073,0.26761445346231977,0.28983140837958626,0.13865911989368315,1D-CNN
S403,0.3099255301101855,0.2842973101980414,0.27717470995314303,0.12860244973863022,1D-CNN
S404,0.25516701384137924,0.31556308195818067,0.32444789710453886,0.10482200709590125,BiLSTM
S405,0.16747489121417528,0.16928287875268772,0.4968572581046167,0.16638497192852023,BiLSTM
S406,0.27942726148865804,0.32481629990341926,0.30026735096136936,0.09548908764655299,ANN
S407,0.3102832821029909,0.35021142821998774,0.2648173682889958,0.07468792138802574,ANN
S408,0.3743988937558268,0.3129646911107496,0.26949913247112817,0.04313728266229523,1D-CNN
S409,0.27907534383306004,0.3743729597410899,0.3096182549695458,0.036933441456304186,ANN
S410,0.20938869001329682,0.4955664681511245,0.2732130386668221,0.02183180316875651,ANN
S411,0.522606401970235,0.24457588867034613,0.20437120394297953,0.028446505416439265,1D-CNN
S412,0.3971045957421218,0.2736554648062026,0.22695637304599567,0.1022835664056798,1D-CNN
S413,0.26861651512411944,0.27102751344502257,0.28422420834019124,0.17613176309066705,BiLSTM
S414,0.16620129931754232,0.26705610964647214,0.44648364657114115,0.12025894446484428,BiLSTM
S415,0.1242173096824099,0.2665074861589447,0.5109574859769942,0.09831771818165119,BiLSTM
S416,0.18793179806889257,0.34040714325876215,0.4198153439538592,0.051845714718486195,BiLSTM
S417,0.42655306902461587,0.2332173759044267,0.24825542168809225,0.09197413338286511,1D-CNN
S418,0.3541244555042808,0.24707186277694604,0.28577554076699724,0.11302814095177621,1D-CNN
S419,0.344855147161958,0.20195027241302643,0.2517944877006847,0.20140009272433052,1D-CNN
S420,0.25440698061575245,0.32866894869227287,0.3034027849118585,0.11352128578011622,ANN
S421,0.21408880262315125,0.34939759760491224,0.3375867282126853,0.09892687155925174,ANN
S422,0.23416843706234816,0.3287146440643294,0.3573455805019679,0.07977133837135443,BiLSTM
S423,0.10864247315442875,0.6946212758069303,0.1827837058909496,0.013952545147691337,ANN
S424,0.33739833142654546,0.4478193902758392,0.20025961299326117,0.014522665304354155,ANN
S425,0.13049962033906348,0.3099671208181613,0.5207657344232662,0.03876752441950854,BiLSTM
S426,0.2530681766290779,0.5772467392386147,0.16037736679786826,0.009307717334438711,ANN
S427,0.4820479320396888,0.23533731727441323,0.20756759543858935,0.07504715524730862,1D-CNN
S428,0.4571634088961326,0.18785972826696,0.22226103141503312,0.13271583142187432,1D-CNN
S429,0.36595675610812506,0.256232924485342,0.23809587959664555,0.13971443980988724,1D-CNN
S430,0.7266963703513847,0.16693922268882966,0.07281791825455562,0.033546488705230464,1D-CNN
S431,0.401658185558835,0.36586792172537225,0.1577821808588175,0.07469171185697547,1D-CNN
S432,0.22891037217275884,0.4299229537479501,0.23269354419138946,0.10847312988790182,ANN
S433,0.1326917512922472,0.15919036021515198,0.597025748083777,0.11109214040882363,BiLSTM
S434,0.3967910579914956,0.28014058477321974,0.24263313371673834,0.08043522351854655,1D-CNN
S435,0.30609606951294793,0.2539629279182272,0.3148994629984703,0.12504153957035463,BiLSTM
S436,0.2726225029733123,0.21231309362674225,0.3126228143752778,0.20244158902466747,BiLSTM
S437,0.29202405467979425,0.3903095835107107,0.2268789786277984,0.09078738318169662,ANN
S438,0.32875629549380747,0.2744885969317514,0.28879096363748347,0.1079641439369574,1D-CNN
S439,0.2751720513174412,0.33462833039163553,0.2900643819487029,0.10013523634222031,ANN
S440,0.34835110500914374,0.4890456360898011,0.1302375709403705,0.03236568796068452,ANN
S441,0.17467828982438344,0.17025324193189972,0.5104894574738621,0.14457901076985497,BiLSTM
S442,0.31903524405687395,0.2266310086829834,0.3327011080836586,0.12163263917648413,BiLSTM
S443,0.33986476292442114,0.4324253442026513,0.17106575299661697,0.056644139876310846,ANN
S444,0.49887989023952367,0.38706243559213915,0.08979879393732289,0.024258880231014128,1D-CNN
S445,0.012153465993197762,0.027301029724442274,0.9424659497771556,0.01807955450520418,BiLSTM
S446,0.3127840650052784,0.18591155370378748,0.42509330912356613,0.07621107216736822,BiLSTM
S447,0.24694219990148403,0.29531893355056016,0.35424122942873004,0.10349763711922538,BiLSTM
