Segment,1D-CNN,ANN,GRU,Selected
S1,0.5821898631586647,0.014291231047425051,0.40351890579391086,1D-CNN
S2,0.34126212524969834,0.2900190053992888,0.3687188693510128,GRU
S3,0.2848159619840546,0.10758597347031083,0.6075980645456371,GRU
S4,0.19467875722073005,0.5379712655923229,0.26734997718694925,ANN
S5,0.7573828319735579,0.1951766630696037,0.047440504956840865,1D-CNN
S6,0.9048411032068722,0.06838982739318149,0.02676906939994613,1D-CNN
S7,0.44347665474626174,0.5436168325637215,0.012906512690018098,ANN
S8,0.5759950029919505,0.41606677647520346,0.007938220532850227,1D-CNN
S9,0.12628196638813788,0.7535129814835758,0.12020505212828692,ANN
S10,0.18333094914507636,0.3623115034952937,0.4543575473596292,GRU
S11,0.30470609411523947,0.25769874224329875,0.4375951636414594,GRU
S12,0.03892678841394955,0.8542444121523569,0.106828799433693,ANN
S13,1.5496779589218957e-05,0.9996828205580106,0.0003016826624000518,ANN
S14,0.1378854671119964,0.16061823972447667,0.7014962931635268,GRU
S15,0.9828321112497546,0.0035656620461303407,0.013602226704114885,1D-CNN
S16,0.35219971210692314,0.1190338929162919,0.5287663949767851,GRU
S17,0.18379547476437197,0.20813991689598815,0.6080646083396399,GRU
S18,7.203518907472674e-05,0.9990677890989118,0.0008601757120132706,ANN
S19,0.0284198895075401,0.0703890032242967,0.9011911072681632,GRU
S20,0.012167138215039244,0.6999072602218802,0.28792560156307867,ANN
S21,0.321204710603149,0.34287437746330696,0.33592091193354584,ANN
S22,0.6438279340635239,0.053413035111395,0.30275903082508093,1D-CNN
S23,0.00028479858541068977,0.0004358515251633947,0.9992793498894254,GRU
S24,0.06558032294155823,0.3499508029335332,0.5844688741249078,GRU
S25,0.39325568656140475,0.5460006490718776,0.06074366436671601,ANN
S26,0.9993016961902872,0.00036445807020162203,0.0003338457395109236,1D-CNN
S27,0.0012618914815591658,0.000590916062945556,0.9981471924554952,GRU
S28,0.0006693229950775187,0.9989970392355632,0.00033363776935912477,ANN
S29,0.30907311631577383,0.08353780630842289,0.6073890773758024,GRU
S30,0.12919353450572443,0.5336930631217925,0.33711340237248233,ANN
S31,0.5862430423905325,0.345428898538334,0.06832805907113314,1D-CNN
S32,0.02963607745189845,0.9625264598567099,0.007837462691391512,ANN
S33,0.2474727388243938,0.7417152115491807,0.010812049626426077,ANN
S34,0.0961711713382284,0.10046915910810475,0.8033596695536646,GRU
S35,0.0020022178002227524,0.0035006105384687695,0.9944971716613081,GRU
S36,0.09765176791141311,0.7542648017929806,0.14808343029560628,ANN
S37,0.8874673868517295,0.0617158293953117,0.050816783752959525,1D-CNN
S38,0.046759579113372605,0.07275164361064093,0.8804887772759884,GRU
S39,0.07331398388735522,0.31336832889040517,0.6133176872222375,GRU
S40,0.0016808053915869866,0.0009438358310378847,0.997375358777375,GRU
S41,0.4101071910354735,0.45877318919132715,0.13111961977319903,ANN
S42,0.9506119555194552,0.03605472729787795,0.013333317182666801,1D-CNN
S43,0.07834516302341499,0.06521093995183609,0.8564438970247489,GRU
S44,0.0014132032767961602,0.002023541477243369,0.9965632552459615,GRU
S45,0.05382566711019353,0.8993020042676799,0.0468723286221261,ANN
S46,0.648737727172799,0.10422554842467197,0.2470367244025296,1D-CNN
S47,0.13002284102385467,0.11763758220897387,0.7523395767671714,GRU
S48,0.24797025002638365,0.5791460618525767,0.17288368812103966,ANN
S49,0.41622801988766955,0.48778751452293223,0.0959844655893999,ANN
S50,0.024574002004041008,0.007139610212807552,0.9682863877831515,GRU
S51,0.007977163978629173,0.003260973632456989,0.9887618623889135,GRU
S52,0.21465667174664813,0.22751605568630034,0.5578272725670513,GRU
S53,0.7805818305586405,0.15436344412077044,0.06505472532059028,1D-CNN
S54,0.00012554503744140728,0.9998516263867013,2.282857585718593e-05,ANN
S55,0.6220598728665838,0.3206259982778085,0.05731412885560709,1D-CNN
S56,0.007043092648285787,0.9880966307539072,0.004860276597806857,ANN
S57,0.4241228775978592,0.5015863875481334,0.07429073485400746,ANN
S58,0.21025823788790837,0.5547214519510751,0.2350203101610162,ANN
S59,0.18942892042741583,0.1434100591891784,0.6671610203834041,GRU
S60,0.1900097689559008,0.012505453867857416,0.7974847771762407,GRU
S61,0.08849314897414916,0.04846313493449505,0.8630437160913559,GRU
S62,0.07909110978883677,0.4300757315378766,0.4908331586732865,GRU
S63,0.0009112051836508537,0.007305018268109607,0.9917837765482389,GRU
S64,0.0001633316457246859,0.9963251168422277,0.00351155151204743,ANN
S65,0.5457355004704577,0.29061972818814624,0.16364477134139616,1D-CNN
S66,0.9558557013293116,0.01500403600808773,0.029140262662602116,1D-CNN
S67,0.013528856252539618,0.00681934784312354,0.9796517959043368,GRU
S68,0.11975234577771175,0.7869697065432272,0.09327794767905982,ANN
S69,0.812276216550863,0.044635337415219425,0.14308844603391868,1D-CNN
S70,0.029734557338211842,0.9633969056761482,0.006868536985640385,ANN
S71,0.577290587763259,0.34784644627347355,0.07486296596326678,1D-CNN
S72,0.0278349478440634,0.005590130410256114,0.9665749217456795,GRU
S73,0.4420621287929346,0.4290093725975584,0.1289284986095085,1D-CNN
S74,0.18415746104752057,0.7357900375177905,0.08005250143468849,ANN
S75,0.0059309329490067906,0.00450755366005027,0.9895615133909417,GRU
S76,0.058092443265910704,0.04245347359697659,0.8994540831371134,GRU
S77,0.7189899831747432,0.15995223095526365,0.12105778586999481,1D-CNN
S78,0.4409395875576484,0.23597967751430915,0.32308073492804473,1D-CNN
S79,0.032761507964707656,0.9397219557229289,0.02751653631236307,ANN
S80,0.3397077548807658,0.5335274543507198,0.12676479076851346,ANN
S81,0.015157285981233061,0.23608437976931804,0.7487583342494466,GRU
S82,0.5738682785366938,0.3698703737638652,0.056261347699440245,1D-CNN
S83,0.24101826467986792,0.14950238562519252,0.6094793496949394,GRU
S84,0.05990149815104298,0.6019158470468219,0.3381826548021352,ANN
S85,0.17625503914409518,0.5938877544464722,0.22985720640943322,ANN
S86,0.4005207570056567,0.00881241769183434,0.5906668253025089,GRU
S87,0.21852908907836407,0.7373021954367954,0.04416871548483945,ANN
S88,0.2614877345808804,0.26699267482256217,0.4715195905965575,GRU
S89,0.0771102161239277,0.41634159903528284,0.506548184840789,GRU
S90,0.8595671402420713,0.1029118033225746,0.0375210564353542,1D-CNN
S91,0.8006775365393618,0.13229032826171316,0.06703213519892708,1D-CNN
S92,0.013099513110222191,0.03959252111977695,0.9473079657699977,GRU
S93,0.0035254676625652735,0.015661407987458704,0.9808131243499751,GRU
S94,0.01398462895910487,0.9784409263531623,0.007574444687732776,ANN
S95,0.9991402117051048,0.0007724544963779028,8.733379851736064e-05,1D-CNN
S96,0.0805739767598824,0.028400181836933717,0.8910258414031859,GRU
S97,0.037096882650379304,0.07290388333125133,0.8899992340183709,GRU
S98,0.9697605855901934,0.019935536017595103,0.01030387839221146,1D-CNN
S99,0.5364725449263971,0.3320554685361765,0.13147198653742473,1D-CNN
S100,0.02706912894604556,0.958009118195337,0.01492175285861795,ANN
S101,0.9444823871063692,0.009874678831774172,0.04564293406185872,1D-CNN
S102,0.10672210367606277,0.3524962354455415,0.5407816608783944,GRU
S103,0.9628940386406383,0.018675877309246167,0.018430084050115904,1D-CNN
S104,0.002198087986370811,0.9974713672864747,0.00033054472715424697,ANN
S105,0.22627036183665325,0.6719138449153851,0.1018157932479633,ANN
S106,0.23462803197635584,0.4266101957634771,0.3387617722601651,ANN
S107,0.1677742399369547,0.40304060022673965,0.4291851598363035,GRU
S108,0.9791880392512432,0.015289265979594428,0.005522694769158464,1D-CNN
S109,0.02427500283981069,0.0199080902591682,0.9558169069010196,GRU
S110,0.06447106799806042,0.7243682142075201,0.21116071779441845,ANN
S111,0.11900830597519564,0.24055998968227355,0.64043170434253,GRU
S112,0.022806931316817877,0.004984667995062706,0.9722084006881188,GRU
S113,0.40179369159453676,0.286387859229036,0.3118184491764295,1D-CNN
S114,0.0044698603040550814,0.9952570804789415,0.000273059217002579,ANN
S115,0.47878668954215553,0.40589185033523195,0.11532146012261317,1D-CNN
S116,0.15949682813158392,0.11021292150988145,0.7302902503585342,GRU
S117,0.07565144423528623,0.6803415020031751,0.24400705376153767,ANN
S118,0.0754582412115641,0.34162758136813415,0.5829141774203013,GRU
S119,0.004709658433128913,0.9906188766420739,0.0046714649247968296,ANN
S120,0.3746283519198653,0.131250916170393,0.4941207319097415,GRU
S121,0.8670410928221183,0.02208598545464445,0.11087292172323644,1D-CNN
S122,0.8230093063512274,0.1590703261855352,0.017920367463237448,1D-CNN
S123,0.03144203267579632,0.022479119767283545,0.9460788475569202,GRU
S124,0.023437720740331958,0.013534514636582264,0.9630277646230846,GRU
S125,0.01870308495528356,0.9698683344668529,0.011428580577863482,ANN
S126,0.8799967840519627,0.08816097045217942,0.03184224549585783,1D-CNN
S127,0.6657308261842781,0.2097472404010736,0.12452193341464664,1D-CNN
S128,0.10997019606188642,0.3632439359582045,0.5267858679799092,GRU
S129,0.020740582941823165,0.9211951637741046,0.05806425328407274,ANN
S130,0.3662584360132266,0.3291720301889476,0.3045695337978257,1D-CNN
S131,0.7413217054656999,0.006381882784255698,0.2522964117500442,1D-CNN
S132,0.3808164951774177,0.0005460679437559681,0.6186374368788263,GRU
S133,0.12996014034595316,0.03159518366546609,0.8384446759885812,GRU
S134,0.7405942896359777,0.1771371512248354,0.08226855913918636,1D-CNN
S135,0.8822771632192307,0.10645421862079728,0.011268618159972238,1D-CNN
S136,0.9760487858775581,0.008570882052980486,0.01538033206946139,1D-CNN
S137,0.027600896072061704,0.10710046828074331,0.8652986356471948,GRU
S138,0.8855605971940926,0.05790640344105287,0.0565329993648541,1D-CNN
S139,0.2036243621499265,0.2793661008122841,0.51700953703779,GRU
S140,0.5558559463335341,0.0015776757774216212,0.4425663778890445,1D-CNN
S141,0.3205474619804698,0.09569924712669903,0.5837532908928311,GRU
S142,0.40835923847912287,0.5028864902207296,0.08875427130014617,ANN
S143,0.1361663088699343,0.8553180055146007,0.008515685615466274,ANN
S144,4.511939392912997e-05,4.539926127410106e-05,0.9999094813447973,GRU
S145,0.01019657686284229,0.9801996019363284,0.00960382120082906,ANN
S146,0.9842423512891733,0.010696839118189578,0.005060809592637054,1D-CNN
S147,0.06924315117080168,0.027950966236860445,0.9028058825923376,GRU
S148,0.03806643813382551,0.9098877268754041,0.05204583499077141,ANN
S149,0.22399848706692485,0.6984515736166288,0.07754993931644641,ANN
S150,0.7091793251621251,0.25199996858958096,0.038820706248296824,1D-CNN
S151,0.0562789946034295,0.02773983083733104,0.9159811745592383,GRU
S152,0.08216570864626663,0.5666285198720763,0.35120577148165694,ANN
S153,0.32465076277878546,0.12505075614008154,0.5502984810811329,GRU
S154,0.001315508589374119,0.0016608377877688114,0.997023653622857,GRU
S155,0.10276331342599204,0.005278087102343004,0.8919585994716653,GRU
S156,0.5372396461307313,0.19115907282606787,0.27160128104319714,1D-CNN
S157,0.017572795038436076,0.3242762589741903,0.6581509459873736,GRU
S158,0.030714128708812394,0.7134651325844915,0.2558207387066953,ANN
S159,0.6872333364696531,0.0967861174323487,0.21598054609799733,1D-CNN
S160,0.025254069388604212,0.4727804977136429,0.5019654328977522,GRU
S161,0.692175781305139,0.23604547565309417,0.07177874304176679,1D-CNN
S162,0.22239060704714472,0.7524802479527662,0.025129145000088813,ANN
S163,0.12690452672961353,0.8458290683901786,0.027266404880206083,ANN
S164,0.11615659468258542,0.042890746444427634,0.8409526588729855,GRU
S165,0.12028388016756902,0.6347843913808384,0.24493172845159206,ANN
S166,0.8422361944630078,0.12511562129302956,0.032648184243962534,1D-CNN
S167,0.157158614586682,0.5386345187400152,0.3042068666733022,ANN
S168,0.11080549698902017,0.029931203209275014,0.8592632998017065,GRU
S169,0.007300344274555314,0.9717571482991971,0.020942507426245427,ANN
S170,0.463305746643104,0.5264127658356829,0.010281487521213752,ANN
S171,0.0025092986823014468,0.9965291908856208,0.0009615104320773391,ANN
S172,0.359670658265624,0.5722285372444487,0.06810080448992592,ANN
S173,0.0028701097707515637,0.010285551770400185,0.9868443384588476,GRU
S174,0.35776372663117706,0.2697496978529195,0.3724865755159006,GRU
S175,0.21749648310549552,0.6701323131578594,0.11237120373664565,ANN
S176,0.24019368957662152,0.5832525611509517,0.17655374927242645,ANN
S177,0.22460398268912574,0.44979625868050843,0.3255997586303646,ANN
S178,0.011686698938975556,0.6047725259655192,0.3835407750955053,ANN
S179,0.19005832841466921,0.2155230388560278,0.5944186327293025,GRU
S180,0.5060788883531857,0.31812590902588767,0.17579520262092635,1D-CNN
S181,0.005005032506836192,0.004754596959708113,0.9902403705334557,GRU
S182,0.006905432018218558,0.0548513963748271,0.9382431716069537,GRU
S183,0.018522129277656212,0.08645735246162027,0.8950205182607227,GRU
S184,3.795584843267519e-05,1.858840352597671e-05,0.9999434557480406,GRU
S185,0.03670391434381024,0.9503789325647996,0.012917153091390007,ANN
S186,0.9754965299060998,0.015721562724111154,0.008781907369789106,1D-CNN
S187,0.016369796531926384,0.07626913633683269,0.9073610671312423,GRU
S188,0.00572116429232364,0.002395871478324546,0.9918829642293516,GRU
S189,0.14543315758418424,0.6528321469944602,0.20173469542135616,ANN
S190,0.3199514549210774,0.06490254322822979,0.615146001850692,GRU
S191,0.07353920730570204,0.0462137491005766,0.8802470435937209,GRU
S192,0.038638854584875156,0.009329545469156375,0.9520315999459685,GRU
S193,0.2486982373827941,0.23875906851065637,0.512542694106549,GRU
S194,0.811192335817468,0.17051505541752546,0.01829260876500606,1D-CNN
S195,0.00015035447613137717,4.787464848424817e-05,0.9998017708753829,GRU
S196,0.20184466991372216,0.1892952652740123,0.6088600648122642,GRU
S197,0.9294333974029508,0.044441375631993005,0.026125226965057764,1D-CNN
S198,0.9628939353975015,0.034337142806520074,0.0027689217959781516,1D-CNN
S199,0.16545475201468793,0.8072035073774644,0.027341740607846977,ANN
S200,0.7846950693538599,0.20583713935371845,0.009467791292420159,1D-CNN
S201,0.7125360722086236,0.27825880292287547,0.009205124868504043,1D-CNN
S202,0.24535961436601447,0.6775085611363246,0.0771318244976604,ANN
S203,0.08642648990774458,0.7333762663830641,0.1801972437091914,ANN
S204,0.3472976726129378,0.08395619129115031,0.568746136095914,GRU
S205,0.009629189095426939,0.019890991616055537,0.9704798192885171,GRU
S206,0.09880708297477626,0.18919413516544692,0.7119987818597755,GRU
S207,0.034741675450072534,0.8911994249480166,0.07405889960191082,ANN
S208,0.3393948598340692,0.18689778026012108,0.4737073599058097,GRU
S209,0.34741876014900547,0.23129773721232685,0.4212835026386704,GRU
S210,0.14780314950246418,0.598612935365008,0.2535839151325251,ANN
S211,0.828326878653777,0.09953821075244217,0.07213491059377937,1D-CNN
S212,0.742560819059306,0.09898970702113724,0.15844947391955883,1D-CNN
S213,0.0105193699615533,0.07216981819817052,0.9173108118402745,GRU
S214,0.037767917031943356,0.9000950511430328,0.062137031825023066,ANN
S215,0.29799881780872145,0.624955160781412,0.07704602140986586,ANN
S216,0.40492093688479863,0.11620966311110333,0.4788694000040986,GRU
S217,0.0013930011514363353,0.0013750992230345455,0.9972318996255287,GRU
S218,0.007586243962399094,0.9870594902385905,0.0053542657990089245,ANN
S219,0.5792252088647333,0.34212805682928843,0.07864673430597764,1D-CNN
S220,0.9620587716169527,0.021926482980995442,0.016014745402051944,1D-CNN
S221,0.00016681432649485534,0.00022701202702756613,0.9996061736464766,GRU
S222,0.0033097943431316217,0.037429450306608866,0.9592607553502598,GRU
S223,0.3792474090167695,0.3749795179213127,0.245773073061917,1D-CNN
S224,0.26353695630491736,0.5814036656306322,0.1550593780644482,ANN
S225,0.9848350223899033,0.0021317021127062736,0.013033275497390341,1D-CNN
S226,0.1737487801449247,0.3863918626107443,0.43985935724432995,GRU
S227,0.9490907271967678,0.03148556239739861,0.019423710405833218,1D-CNN
S228,0.015242256652144728,0.05748882490959885,0.9272689184382572,GRU
S229,0.21363158911682817,0.3891303774080529,0.3972380334751182,GRU
S230,0.38901623559142773,0.26502917211696786,0.34595459229160513,1D-CNN
S231,0.18459002238547287,0.5309737829940034,0.2844361946205232,ANN
S232,0.15567021090687627,0.47058977172777794,0.3737400173653478,ANN
S233,0.4218729721523135,0.3369393781350122,0.24118764971267445,1D-CNN
S234,0.02056070227123106,0.06367118658079768,0.9157681111479701,GRU
S235,0.01358687765549395,0.2718485753824311,0.7145645469620746,GRU
S236,0.015892393181804382,0.9726216119273702,0.011485994890824828,ANN
S237,0.8036803633924116,0.11722843222553013,0.07909120438205902,1D-CNN
S238,0.2608341106543565,0.6553716915299224,0.08379419781572257,ANN
S239,0.33064340828365985,0.43606259826499544,0.2332939934513448,ANN
S240,0.009372530761380657,0.9643655929580228,0.026261876280595908,ANN
S241,0.030106114748681603,0.1943938018316165,0.7755000834197007,GRU
S242,0.6059327773093586,0.08560910095436082,0.30845812173628,1D-CNN
S243,0.3079074151982634,0.23225664827811116,0.4598359365236276,GRU
S244,0.2752855673281455,0.05192577690979157,0.6727886557620629,GRU
S245,0.35667693493767266,0.14965746256183732,0.49366560250048847,GRU
S246,0.657521405153101,0.28777825474453056,0.05470034010236743,1D-CNN
S247,0.004906906595230174,0.8633940261495582,0.1316990672552098,ANN
S248,0.08254154952040589,0.11052332790361928,0.8069351225759744,GRU
S249,0.06340948749849237,0.00870743849264704,0.9278830740088597,GRU
S250,0.5879500859576786,0.030403600032116763,0.3816463140102048,1D-CNN
S251,0.5300350672288946,0.14104349374016836,0.32892143903094073,1D-CNN
S252,0.5704237642356939,0.00830849931744403,0.421267736446861,1D-CNN
S253,0.08909875404768958,0.12344616459016353,0.7874550813621487,GRU
S254,0.07351072734470458,0.9023133248558055,0.024175947799488888,ANN
S255,0.42544337656994385,0.4806878636333117,0.0938687597967464,ANN
S256,0.1960566727781369,0.7089760977099492,0.09496722951191373,ANN
S257,0.23805078814381414,0.637189084798422,0.12476012705776389,ANN
S258,0.5353054904747445,0.31509720650266093,0.14959730302259727,1D-CNN
S259,0.0556496966736147,0.8954825696875391,0.0488677336388465,ANN
S260,0.5029315866797199,0.2688387447138185,0.22822966860646002,1D-CNN
S261,0.061348480457209954,0.8544366957419448,0.0842148238008441,ANN
S262,0.9104890857418897,0.01687173955648214,0.07263917470162803,1D-CNN
S263,0.030601350337258894,0.5671265612699106,0.4022720883928334,ANN
S264,0.014919041665869005,0.8469474168903469,0.13813354144378007,ANN
S265,0.00878884287860259,0.5803423803606106,0.4108687767607846,ANN
S266,0.12873849673345064,0.3527533511604861,0.5185081521060629,GRU
S267,0.4096201526956164,0.3146886241493151,0.27569122315506694,1D-CNN
S268,0.5411059275925105,0.21491711235870276,0.24397696004878638,1D-CNN
S269,0.9327153793775435,0.025507754486267506,0.041776866136189,1D-CNN
S270,0.13688015155137764,0.5791005677884576,0.2840192806601647,ANN
S271,0.321992089110031,0.3031806072836252,0.3748273036063427,GRU
S272,0.36511580102702323,0.14876511219935418,0.48611908677362203,GRU
S273,0.22005510867921305,0.46367642186567837,0.3162684694551107,ANN
S274,0.31253810915316105,0.21694860913491087,0.4705132817119282,GRU
S275,0.08635532521692989,0.6520307623732238,0.26161391240984655,ANN
S276,0.014887450178721347,0.006033574403098765,0.9790789754181799,GRU
S277,0.038024498077671894,0.5492569980410582,0.4127185038812696,ANN
S278,0.0010705062454741076,0.002802711601093863,0.996126782153432,GRU
S279,0.9445344936900354,0.018757665090042567,0.036707841219921176,1D-CNN
S280,0.5431219702093821,0.16416710238937826,0.29271092740123955,1D-CNN
S281,0.802620001264557,0.03128021833163881,0.16609978040380585,1D-CNN
S282,0.0037751162793610224,0.002262073552799466,0.9939628101678389,GRU
S283,0.13592690447361336,0.0022181076589867944,0.8618549878674009,GRU
S284,0.05864566937588498,0.0036730385548325965,0.937681292069281,GRU
S285,0.5674137515274409,0.15683302655647338,0.2757532219160854,1D-CNN
S286,0.06245225180580088,0.8822773075095938,0.05527044068460602,ANN
S287,0.9156116236108521,0.013104105330003234,0.07128427105914441,1D-CNN
S288,0.11846080786597554,0.7815795071480363,0.09995968498598805,ANN
S289,0.9982864905476673,0.0010239115671585044,0.0006895978851735668,1D-CNN
S290,0.04189871725513332,0.053522226303200054,0.9045790564416695,GRU
S291,0.020102353749396683,0.004718711828921149,0.9751789344216824,GRU
S292,0.1073143140217672,0.848565615738591,0.04412007023964087,ANN
S293,0.15536627587865715,0.8406075228093904,0.004026201311953813,ANN
S294,0.07427838595396251,0.9194777524182907,0.006243861627747142,ANN
S295,0.05909405190806996,0.8952973408278341,0.045608607264096025,ANN
S296,0.7129968440795518,0.24578789083938635,0.041215265081059174,1D-CNN
S297,0.06446715764427977,0.47225293145181335,0.4632799109039063,ANN
S298,0.23869567930992652,0.2821057745452998,0.47919854614477364,GRU
S299,0.8898312937081041,0.018053573144669578,0.0921151331472274,1D-CNN
S300,0.17353373126823599,0.12470757317937059,0.701758695552393,GRU
S301,0.4087944929757773,0.36653444990177225,0.2246710571224496,1D-CNN
S302,0.025109475004652482,0.01538056112900018,0.9595099638663473,GRU
S303,0.06417445195269497,0.2285896851075238,0.7072358629397832,GRU
S304,0.03428744343381238,0.5486806274348307,0.4170319291313559,ANN
S305,0.07658993603162108,0.8403027416404784,0.0831073223279016,ANN
S306,0.37829624069077356,0.10238930797032629,0.5193144513389021,GRU
S307,0.0667542345065333,0.2295054230187397,0.7037403424747269,GRU
S308,0.08636837075628873,0.8519972319415027,0.06163439730220872,ANN
S309,0.9487080178921959,0.02309220565234698,0.028199776455457223,1D-CNN
S310,0.013147303716429283,0.9820813383739048,0.004771357909666776,ANN
S311,0.7410834195550641,0.06265037211910224,0.19626620832583308,1D-CNN
S312,0.010993746801618152,0.9804438525189408,0.008562400679441006,ANN
S313,0.22108553096624753,0.6897239961410334,0.08919047289271892,ANN
S314,0.2578352156429657,0.48200160563029987,0.2601631787267343,ANN
S315,0.7277102401929743,0.010759772955875338,0.2615299868511483,1D-CNN
S316,0.03574897725996161,0.8974453029411898,0.06680571979884918,ANN
S317,0.2128289780054126,0.06739791570896363,0.7197731062856227,GRU
S318,0.24689338332693786,0.236125549631072,0.5169810670419909,GRU
S319,0.9601153076728692,0.03012657492978445,0.009758117397345929,1D-CNN
S320,0.014474744056199109,0.9703508857708391,0.015174370172961837,ANN
S321,0.9916376801421225,0.0053802598222648336,0.0029820600356119994,1D-CNN
S322,0.9972391790582613,0.001929262281224737,0.0008315586605120475,1D-CNN
S323,0.7620591689388266,0.12857305575142905,0.1093677753097445,1D-CNN
S324,0.9973015029445135,0.0002586298227545236,0.0024398672327317888,1D-CNN
S325,0.6749640481970127,0.054718560922227655,0.2703173908807588,1D-CNN
S326,0.5765688598223677,0.38634061882262605,0.037090521355005346,1D-CNN
S327,0.5925060156569839,0.1706364852930538,0.2368574990499612,1D-CNN
S328,0.2933460207141036,0.44974807889221774,0.2569059003936811,ANN
S329,0.012724683522041935,0.11916138858252136,0.8681139278954367,GRU
S330,0.0040950734724627316,0.0050227361198188734,0.9908821904077182,GRU
S331,0.0002457436394122308,0.0028433800553304273,0.9969108763052568,GRU
S332,0.057137406942038095,0.11283632222056202,0.8300262708373993,GRU
S333,0.20498576178289457,0.6037761120718207,0.19123812614528451,ANN
S334,0.8830301854836151,0.04331389754177463,0.07365591697461031,1D-CNN
S335,0.029149676568247643,0.0015841409796653603,0.9692661824520871,GRU
S336,0.0026161826899480808,0.0005320509153611286,0.9968517663946921,GRU
S337,0.008620570886506215,0.0036638925724066644,0.9877155365410869,GRU
S338,0.039745955927696155,0.9549891227216126,0.005264921350690981,ANN
S339,0.3614984412901297,0.05157965858552256,0.5869219001243464,GRU
S340,0.22464036779196933,0.2814470544790897,0.4939125777289412,GRU
S341,0.7554503947910177,0.23148407872980414,0.013065526479178058,1D-CNN
S342,0.999991229580386,8.598308890888816e-06,1.7211072305131077e-07,1D-CNN
S343,0.2194465296913194,0.7677035839068631,0.0128498864018172,ANN
S344,0.5659815736162762,0.3951356469731689,0.03888277941055481,1D-CNN
S345,0.30081586421627443,0.5296734887130384,0.1695106470706871,ANN
S346,0.056097396854615254,0.14860701260987727,0.7952955905355099,GRU
S347,0.8107491221780612,0.0029122206883758503,0.18633865713356224,1D-CNN
S348,0.06102673275410779,0.011615977489011982,0.9273572897568801,GRU
S349,0.013014292138739648,0.5457948156765008,0.4411908921847589,ANN
S350,0.019657480359079355,0.007035490680848848,0.9733070289600729,GRU
S351,0.3407199826795481,0.3646208345197594,0.2946591828006924,ANN
S352,0.9949946696491518,0.00400713649616076,0.0009981938546895098,1D-CNN
S353,0.9459114719729406,0.04214321174496886,0.011945316282091275,1D-CNN
S354,0.558059500311644,0.40630965560343907,0.0356308440849165,1D-CNN
S355,0.3302658406214657,0.6310447359893675,0.038689423389166096,ANN
S356,0.1799311660694051,0.7700151839003535,0.0500536500302405,ANN
S357,0.08081266489641542,0.8481087776370776,0.0710785574665062,ANN
S358,0.17086684539950017,0.5074740702005668,0.3216590843999352,ANN
S359,0.7264680385028522,0.06566242675011012,0.20786953474703845,1D-CNN
S360,0.11607236232619919,0.8292176301711188,0.05471000750268423,ANN
S361,0.08398220682369312,0.06734648207544755,0.8486713111008595,GRU
S362,0.004157479817150377,0.020094910228832384,0.9757476099540173,GRU
S363,0.21924729271097387,0.19143453670648647,0.5893181705825393,GRU
S364,0.9665683750606887,0.0116427114502635,0.02178891348904854,1D-CNN
S365,0.6740583282762863,0.13289961431559172,0.1930420574081232,1D-CNN
S366,0.9922766743366134,0.002728458266674783,0.004994867396713985,1D-CNN
S367,0.002583399645898459,0.00764209750008058,0.9897745028540196,GRU
S368,0.2875928096335556,0.3570054508238036,0.35540173954264076,ANN
S369,0.8743884425601199,0.026933551803558248,0.09867800563631986,1D-CNN
S370,0.009540105821080717,0.003844160972420687,0.9866157332064972,GRU
S371,0.00016357284675919546,4.896882016620548e-05,0.9997874583330754,GRU
S372,0.03285662861815806,0.04132391731331583,0.9258194540685295,GRU
S373,0.1412863232731052,0.18908744344818912,0.6696262332787063,GRU
S374,0.584444757650803,0.3063417654429406,0.10921347690625595,1D-CNN
S375,0.08140815810537524,0.009341159349688287,0.9092506825449365,GRU
S376,0.0487635220314296,0.9395702890638672,0.011666188904702758,ANN
S377,0.8787675635852104,0.1058355667450075,0.015396869669781515,1D-CNN
S378,0.08465731448404831,0.06217275666986917,0.8531699288460851,GRU
S379,0.05226982187191152,0.10195151734967807,0.8457786607784102,GRU
S380,0.8096217465418207,0.09030349834407853,0.10007475511410105,1D-CNN
S381,0.5658171794566911,0.1617838263649193,0.27239899417838886,1D-CNN
S382,0.7141252017669596,0.009875135403251946,0.27599966282978894,1D-CNN
S383,0.1572897372267226,0.02582164673891756,0.8168886160343596,GRU
S384,0.7646368279473611,0.2028717249731371,0.032491447079501475,1D-CNN
S385,0.5545898710343037,0.4425203207728436,0.0028898081928531885,1D-CNN
S386,0.42117969599196853,0.5556735233906896,0.023146780617343356,ANN
S387,0.8132593467260031,0.1313281229293727,0.05541253034462206,1D-CNN
S388,0.525060482917369,0.4602483551663578,0.014691161916272039,1D-CNN
S389,0.010335898789763464,0.9709494476545886,0.018714653555647658,ANN
S390,0.04339208553785579,0.933343545270414,0.023264369191731887,ANN
S391,0.055302431922991876,0.8876769457982437,0.057020622278765,ANN
S392,0.40197902160020055,0.5146520637720619,0.083368914627737,ANN
S393,0.3026288718980585,0.2614280030366738,0.4359431250652691,GRU
S394,0.016379453726136056,0.8816513079845959,0.1019692382892654,ANN
S395,0.012321490457249675,0.47465089826549645,0.5130276112772532,GRU
S396,0.0044621641410283784,0.022487451875751335,0.9730503839832203,GRU
S397,0.0033940786749051496,0.008699084638195662,0.9879068366868995,GRU
S398,0.17081528275553046,0.23662768989686356,0.5925570273476074,GRU
S399,0.128488556172333,0.13469734490146384,0.7368140989262032,GRU
S400,0.052465590638460714,0.6669278817519563,0.28060652760958293,ANN
S401,0.5105473645058034,0.3332448819857543,0.15620775350844218,1D-CNN
S402,0.9993938721012362,0.0002749223994571629,0.0003312054993069303,1D-CNN
S403,0.014869413991098392,0.9682381808354318,0.016892405173469616,ANN
S404,0.32670297821696875,0.6093576410824105,0.06393938070062065,ANN
S405,0.9959764557323688,0.0034770890346256167,0.0005464552330050743,1D-CNN
S406,0.2193615112681141,0.17830828759329503,0.602330201138591,GRU
S407,0.9977972751895969,2.153192048995613e-05,0.002181192889911026,1D-CNN
S408,0.07841786683384586,0.8782568401729957,0.0433252929931602,ANN
S409,0.22472641540420946,0.7686272833985064,0.006646301197284218,ANN
S410,0.03765835722699656,0.014111814023516654,0.9482298287494869,GRU
S411,0.031151579617181034,0.021086515540632497,0.9477619048421869,GRU
S412,0.18325908046178108,0.7131262633864515,0.10361465615176679,ANN
S413,0.9364295208225621,0.04257167186342659,0.020998807314010066,1D-CNN
S414,0.3385539605486527,0.5715107084884472,0.0899353309629013,ANN
S415,0.3096507980076838,0.572813704514708,0.11753549747760801,ANN
S416,0.48961967702664255,0.2460614540928254,0.2643188688805316,1D-CNN
S417,0.0006196189108747444,0.9768183923471873,0.022561988741937135,ANN
S418,0.0002775884427987268,1.0258329426917618e-05,0.999712153227773,GRU
S419,0.7922110012299145,0.007847494150286726,0.1999415046197974,1D-CNN
S420,0.4319369748229455,0.08515250871438912,0.48291051646266603,GRU
S421,0.03685167919977511,0.8923474918584511,0.07080082894177066,ANN
S422,0.0008997295493765875,0.0007479728554547477,0.9983522975951683,GRU
S423,0.001956342190412109,0.022734492912021974,0.9753091648975653,GRU
S424,0.003297854585323622,0.11788200716277598,0.8788201382519003,GRU
S425,0.05806896860423026,0.9407993301658096,0.001131701229960165,ANN
S426,0.14596043503072867,0.6464925607767092,0.20754700419256178,ANN
S427,0.026579133412569796,0.00702899283658942,0.9663918737508408,GRU
S428,0.11750457347301418,0.09046621895942199,0.7920292075675626,GRU
S429,0.19617459270597,0.4863591900192652,0.3174662172747635,ANN
S430,0.9836661488072802,0.009382654716450351,0.006951196476269258,1D-CNN
S431,0.9902924252095215,0.0017452660991483598,0.00796230869132962,1D-CNN
S432,0.9079031865421336,0.08505050790932875,0.007046305548537244,1D-CNN
S433,0.16571691362601582,0.02826580166325729,0.8060172847107286,GRU
S434,0.0151673773335491,0.0023421363402011714,0.9824904863262494,GRU
S435,0.35185701671688574,0.29796497384671206,0.35017800943640337,1D-CNN
S436,0.9986797519361014,0.00020553585067404907,0.0011147122132232079,1D-CNN
S437,0.03038580299969132,0.9631798508671793,0.006434346133129884,ANN
S438,0.4516920788570297,0.5049877642500761,0.04332015689289345,ANN
S439,0.4599696417464211,0.20678137745206218,0.3332489808015152,1D-CNN
S440,9.820241399427631e-05,0.00025533134396805854,0.9996464662420362,GRU
S441,0.010269994670985572,0.7695450420484565,0.22018496328055798,ANN
S442,0.8562951141887123,0.06338845321475715,0.08031643259652929,1D-CNN
S443,0.30751932386873815,0.23236231656804282,0.46011835956321834,GRU
S444,0.2510644195384231,0.4366242619973341,0.31231131846424215,ANN
S445,0.958031751643532,0.021950713087105566,0.02001753526936013,1D-CNN
S446,0.0042048996055315535,0.9115481494441986,0.08424695095026982,ANN
S447,0.0004749807257883778,0.0115983698726247,0.9879266494015858,GRU
S448,0.16072270735681454,0.39300578463689756,0.446271508006287,GRU
S449,0.0402673659078751,0.04275427627670082,0.916978357815424,GRU
S450,0.001621481284445853,0.0437580277792842,0.9546204909362717,GRU
S451,0.12151337294561942,0.054051512117696175,0.8244351149366846,GRU
S452,0.13761391376569088,0.34585019495772884,0.5165358912765791,GRU
S453,0.9814070386975634,0.007510968076101984,0.011081993226333124,1D-CNN
S454,0.1573071768565601,0.7120410007359541,0.13065182240748688,ANN
S455,0.6506310105305281,0.01097628638712879,0.33839270308234426,1D-CNN
S456,0.0016605600395230699,0.0005377599029543494,0.9978016800575218,GRU
S457,0.04295282839349544,0.031866747592588174,0.925180424013916,GRU
S458,0.0018927759391146927,0.0006265349165577659,0.9974806891443275,GRU
S459,0.21268517611322726,0.25557095451711376,0.5317438693696579,GRU
S460,0.10468211352090016,0.019774732410992903,0.8755431540681066,GRU
S461,0.22359862362013322,0.7061767858148924,0.07022459056497349,ANN
S462,0.9669526052911332,0.030459313141288167,0.002588081567578322,1D-CNN
S463,0.09718874054819104,0.897687733254769,0.005123526197040637,ANN
S464,0.6602205148312184,0.2866109581423683,0.053168527026411914,1D-CNN
S465,0.04211461258712854,0.10070519973050863,0.8571801876823627,GRU
S466,0.00023374329957004356,0.0003290017069333287,0.9994372549934973,GRU
S467,0.05305634620974924,0.03304144922719157,0.9139022045630589,GRU
S468,0.1726314611264619,0.544394316700361,0.28297422217317997,ANN
S469,0.04707414243035461,0.03280062750802631,0.9201252300616191,GRU
S470,0.0019592474890421344,0.0035984256715095096,0.9944423268394482,GRU
S471,0.001733649589026596,0.0015897168222253949,0.99667663358875,GRU
S472,0.00010924828096814885,0.0008414495295459913,0.9990493021894853,GRU
S473,0.037644524873860205,0.10501750458401769,0.8573379705421247,GRU
S474,0.16959159343276972,0.43652731338555334,0.3938810931816754,ANN
S475,0.13872497687792204,0.06427602920649221,0.796998993915585,GRU
S476,0.3235932974298927,0.35546263028724023,0.32094407228286753,ANN
S477,0.053923959543858375,0.01584681558572128,0.9302292248704204,GRU
S478,0.2685450656093541,0.24398534302783972,0.48746959136280604,GRU
S479,0.011208590626280485,0.0038869716999988596,0.9849044376737206,GRU
S480,0.31974905079860816,0.10106306889042786,0.5791878803109628,GRU
S481,0.32881218702650705,0.07202140609208825,0.5991664068814038,GRU
S482,0.24708362172078402,0.1276592197349956,0.6252571585442205,GRU
S483,0.3757923224557631,0.37142652296367396,0.2527811545805628,1D-CNN
S484,0.08816532750380213,0.8971480726330574,0.014686599863138102,ANN
S485,0.8826223088788219,0.07840561884118517,0.03897207227999192,1D-CNN
S486,0.21189248144866632,0.321987224227938,0.46612029432339575,GRU
S487,0.05234287852795957,0.6920859635350176,0.25557115793702306,ANN
S488,0.3943885176130162,0.22160881037152613,0.38400267201545774,1D-CNN
S489,0.0018932563091899276,0.9663895933762947,0.031717150314516204,ANN
S490,0.5588572705508266,0.06926238153531426,0.3718803479138589,1D-CNN
S491,0.14222692183063237,0.3029856219611963,0.5547874562081706,GRU
S492,0.7694442077329158,0.08738907983844153,0.1431667124286403,1D-CNN
S493,0.00778418845925615,0.27177566151078325,0.7204401500299605,GRU
S494,0.8593756836265135,0.008518078657387056,0.13210623771609922,1D-CNN
S495,0.4778398018528219,0.09118215134357233,0.43097804680360574,1D-CNN
S496,0.00015871389475447263,0.0024270685592409974,0.9974142175460046,GRU
S497,0.8559954750435117,0.06387617528491889,0.08012834967156941,1D-CNN
S498,0.9506644678703995,0.010352376179492006,0.03898315595010937,1D-CNN
S499,0.05316777422524482,0.084043591231787,0.8627886345429683,GRU
S500,0.10104848250557834,0.05302492544069667,0.845926592053725,GRU
S501,0.07474590056024949,0.8039735866977846,0.12128051274196405,ANN
S502,0.4784675205404387,0.08390731408721354,0.43762516537234714,1D-CNN
S503,0.32459479342219016,0.3581035172447563,0.31730168933305325,ANN
S504,0.658447744366116,0.02928203325734542,0.312270222376538,1D-CNN
S505,0.10210166436518346,0.10788548226362225,0.7900128533711942,GRU
S506,0.020381222975509414,0.013747028960648375,0.9658717480638415,GRU
S507,0.24456727348474475,0.5235306886365588,0.23190203787869718,ANN
S508,0.5150377537841963,0.4097363022992622,0.07522594391653967,1D-CNN
S509,0.533056581731579,0.41999659941637146,0.046946818852048475,1D-CNN
S510,0.07676260254620547,0.9192627027402972,0.0039746947134966385,ANN
S511,0.5174420532724628,0.44426906123124155,0.03828888549629476,1D-CNN
S512,0.48735180333052375,0.45844766616010263,0.05420053050937459,1D-CNN
S513,0.11038463204444209,0.6756700341338333,0.21394533382172634,ANN
S514,0.15641760290930204,0.16697723617474733,0.6766051609159514,GRU
S515,0.8445895171641319,0.002111393232337119,0.15329908960353084,1D-CNN
S516,0.0029681040988227872,0.006480874016001796,0.9905510218851764,GRU
S517,0.011915578455883136,0.009430961030752872,0.978653460513364,GRU
S518,7.060319517094379e-08,2.5635734934291035e-07,0.9999996730394558,GRU
S519,0.008852718896495644,0.028639867617856255,0.9625074134856473,GRU
S520,0.000193464324038186,0.050836447994420005,0.9489700876815416,GRU
S521,0.005266325523185618,0.15836429760288537,0.8363693768739291,GRU
S522,0.02593334457182485,0.5417241452132666,0.43234251021490705,ANN
S523,0.2932071711667496,0.43794429162135373,0.26884853721189683,ANN
S524,0.17035566893511342,0.02989538563919965,0.7997489454256866,GRU
S525,0.0595800009575344,0.03238406853859342,0.9080359305038722,GRU
S526,0.00933114944866033,0.9839465393295,0.006722311221839285,ANN
S527,0.8569803419061834,0.022267350836391787,0.12075230725742418,1D-CNN
S528,0.005679927569796296,0.0008607095137656949,0.9934593629164381,GRU
S529,0.02004044799632599,0.0046772652367172,0.9752822867669559,GRU
S530,0.011181941395377712,0.00400187863307535,0.9848161799715486,GRU
S531,0.08852728942218915,0.044795810459612125,0.8666769001181975,GRU
S532,0.022443474874040838,0.9711219534977207,0.006434571628238005,ANN
S533,0.18015189659913267,0.804031071608727,0.01581703179214009,ANN
S534,0.9889095229682738,0.010086629225626205,0.0010038478061001244,1D-CNN
S535,0.1735681590726167,0.24465340907041333,0.5817784318569685,GRU
S536,0.01591991388276966,0.9655316597858971,0.018548426331333086,ANN
S537,0.23431184307267688,0.3220244304622747,0.44366372646504904,GRU
S538,0.2848478960130314,0.04185227489222835,0.6732998290947407,GRU
S539,0.5465516828616649,0.02446427330434252,0.428984043833992,1D-CNN
S540,0.029513902468161466,0.00977724877597969,0.9607088487558587,GRU
S541,7.493030848214622e-09,1.3655838287793873e-08,0.9999999788511307,GRU
S542,0.0882188851644741,0.07000900136437449,0.8417721134711508,GRU
S543,0.9979196975364997,0.0005033723570393072,0.001576930106460784,1D-CNN
S544,0.8261343293272773,0.05363982666122288,0.12022584401149893,1D-CNN
S545,0.6830424517329428,0.12772357680442084,0.18923397146263643,1D-CNN
S546,0.04332964647120557,0.11669182056501955,0.8399785329637743,GRU
S547,0.021480868018047102,0.08734062453200085,0.8911785074499532,GRU
S548,0.2108954836012585,0.6452344583388303,0.14387005805991113,ANN
S549,0.7373171970598834,0.17627940341736692,0.08640339952274949,1D-CNN
S550,0.01671837543972853,0.004288205106086128,0.9789934194541843,GRU
S551,0.0514599827283935,0.039842252382357744,0.9086977648892506,GRU
S552,0.012345956254889809,0.9735980991220948,0.014055944623016308,ANN
S553,0.8552701447331138,0.11667588766566771,0.028053967601218185,1D-CNN
S554,0.06888121905824456,0.004493779190282362,0.9266250017514726,GRU
S555,0.0005239357478408454,0.9990014832225592,0.0004745810295998328,ANN
S556,0.3135996839277673,0.3932619952610582,0.29313832081117386,ANN
S557,0.2673782830530373,0.22174735802302908,0.5108743589239336,GRU
S558,0.005926057449177928,0.9904197532936687,0.003654189257153206,ANN
S559,0.33552461560925717,0.41461611560921047,0.24985926878153175,ANN
S560,0.002100557171715944,0.9967225046935368,0.0011769381347473276,ANN
S561,0.0015270061801009385,0.9949934432404068,0.003479550579490739,ANN
S562,0.04184980124355888,0.893044390926459,0.06510580782998117,ANN
S563,0.6893744523148445,0.1393219646872549,0.17130358299789988,1D-CNN
S564,0.015292824665123902,0.8967129240453194,0.0879942512895608,ANN
S565,0.012612580171388723,0.9864506983027702,0.0009367215258368377,ANN
S566,0.05655002631380679,0.22835726261845293,0.7150927110677417,GRU
S567,0.00010138788672841998,0.0008162908620124033,0.999082321251258,GRU
S568,0.0001130120872553731,0.9946841765335649,0.005202811379176048,ANN
S569,0.013183495160049755,0.09867913534325891,0.8881373694966908,GRU
S570,0.0019037887582376387,0.0021937300448467336,0.995902481196915,GRU
S571,0.0002985372805456226,0.001710175159889601,0.9979912875595653,GRU
S572,0.028184615150249778,0.9442692741561601,0.027546110693589823,ANN
S573,0.49963593831295955,0.4715249383248631,0.028839123362176908,1D-CNN
S574,0.2427632286022888,0.6896215357161252,0.06761523568158657,ANN
S575,0.3977100006104928,0.4707409621220082,0.13154903726749848,ANN
S576,0.9831581111264904,0.006554135400422813,0.01028775347308677,1D-CNN
S577,0.026445901460533463,0.02360187425935058,0.9499522242801164,GRU
S578,0.11902015244930159,0.024445858590766575,0.8565339889599315,GRU
