Segment,1D-CNN,ANN,GRU,Selected
S1,0.5733407996071391,0.012257065350619612,0.4144021350422438,1D-CNN
S2,0.35951912313635476,0.25608122339655925,0.3843996534670862,GRU
S3,0.2764595515587721,0.09051542217645575,0.6330250262647797,GRU
S4,0.19636358303488083,0.4783361532076337,0.3253002637574929,ANN
S5,0.8156190731289296,0.14283976178967214,0.041541165081404895,1D-CNN
S6,0.9298443913401246,0.06022902375213797,0.009926584907736546,1D-CNN
S7,0.06922519461031489,0.929032596127282,0.001742209262405932,ANN
S8,0.15804886626505685,0.8391184068871833,0.002832726847771076,ANN
S9,0.06747823763939917,0.8569042637121597,0.07561749864844206,ANN
S10,0.11807384877429074,0.5120585729376972,0.3698675782880097,ANN
S11,0.19685884933773978,0.16355122377352843,0.639589926888725,GRU
S12,0.0302704893902799,0.7690251525074805,0.20070435810223772,ANN
S13,1.5560199048186374e-05,0.9988739528249025,0.0011104869760488088,ANN
S14,0.06374226655008935,0.059693134974269924,0.8765645984756404,GRU
S15,0.9745762280577183,0.0018734267510802573,0.023550345191200396,1D-CNN
S16,0.29846983979512137,0.04523691903064285,0.6562932411742363,GRU
S17,0.11502017494157117,0.09537602265112452,0.7896038024073044,GRU
S18,9.062336463860828e-05,0.9984012869915014,0.0015080896438590449,ANN
S19,0.01413603547802902,0.030381002728478,0.955482961793493,GRU
S20,0.01102270375529883,0.5122559723776633,0.476721323867031,ANN
S21,0.3786837871511912,0.3178881384052169,0.3034280744435972,1D-CNN
S22,0.6296158727044205,0.03922831603433467,0.3311558112612441,1D-CNN
S23,2.576727643743875e-05,4.021631896027183e-05,0.9999340164046018,GRU
S24,0.06744505085682308,0.3841984098393388,0.5483565393038351,GRU
S25,0.4511305043600224,0.5252572409130334,0.02361225472694048,ANN
S26,0.9999158411149317,5.130231010136948e-05,3.285657496656489e-05,1D-CNN
S27,0.0002910825768976619,7.178754321263199e-05,0.9996371298798896,GRU
S28,0.00024298388557149122,0.9996794987099418,7.751740448656671e-05,ANN
S29,0.27071437800743886,0.048171780737997244,0.6811138412545615,GRU
S30,0.10476258558778162,0.5775034844884279,0.31773392992378857,ANN
S31,0.6898773092536935,0.2797677919979166,0.03035489874838875,1D-CNN
S32,0.011918417790260762,0.9860314351081735,0.002050147101565584,ANN
S33,0.1089963684299267,0.8857487682851364,0.00525486328493784,ANN
S34,0.0668635441473172,0.15499470160953382,0.7781417542431421,GRU
S35,0.0008077425751783643,0.0024534917543865675,0.9967387656704343,GRU
S36,0.0670151063506389,0.8106677692562907,0.12231712439307058,ANN
S37,0.8625990265340037,0.06177400875559341,0.07562696471040585,1D-CNN
S38,0.018457360360688145,0.030481595755708375,0.9510610438836077,GRU
S39,0.06989969578006308,0.6696172818399374,0.26048302237999216,ANN
S40,0.0010871793083711537,0.0005099512794263937,0.9984028694122021,GRU
S41,0.3760477827841457,0.5691983147504759,0.05475390246537775,ANN
S42,0.9648946170322065,0.029132920552790244,0.0059724624150031,1D-CNN
S43,0.053889071837990826,0.05802098618571582,0.8880899419762934,GRU
S44,0.0009957918750688386,0.0011898191387420573,0.9978143889861912,GRU
S45,0.05772968971096038,0.9042651036643153,0.038005206624723,ANN
S46,0.6727660264112512,0.08301647615244663,0.2442174974363039,1D-CNN
S47,0.09727391147910745,0.061917920101228895,0.8408081684196638,GRU
S48,0.41607182606561344,0.41028724092065316,0.1736409330137335,1D-CNN
S49,0.5633931925748109,0.2763102579653769,0.16029654945981867,1D-CNN
S50,0.01505988852252825,0.0015530680124485508,0.9833870434650229,GRU
S51,0.006082245308579229,0.001502368396808012,0.9924153862946123,GRU
S52,0.21845276253492996,0.1533342305066681,0.628213006958402,GRU
S53,0.84027978146369,0.08912680545153137,0.07059341308478242,1D-CNN
S54,0.0001217239247765959,0.9998611399068411,1.713616838182004e-05,ANN
S55,0.43719354145928735,0.530922589963213,0.0318838685774981,ANN
S56,0.0025899714113254836,0.9955677472910274,0.0018422812976467452,ANN
S57,0.1358229795556645,0.8106775461680964,0.05349947427623961,ANN
S58,0.11711025465938253,0.6543242777138283,0.22856546762678856,ANN
S59,0.10229990314259785,0.07756004065356849,0.8201400562038298,GRU
S60,0.0677651291123478,0.004014562598264319,0.9282203082893853,GRU
S61,0.026530794692000103,0.009756425701074318,0.9637127796069254,GRU
S62,0.02462158208104447,0.22649781568441651,0.7488806022345392,GRU
S63,0.00024962923743094385,0.003726995769645674,0.9960233749929226,GRU
S64,5.3534679650001554e-05,0.9986505823589747,0.0012958829613750073,ANN
S65,0.5923194719375156,0.2727417268169686,0.1349388012455164,1D-CNN
S66,0.9744370198186109,0.005658442941059824,0.019904537240332393,1D-CNN
S67,0.008363692416745668,0.0017194392637284955,0.9899168683195255,GRU
S68,0.1958625341699127,0.6650794752081861,0.1390579906218957,ANN
S69,0.871153315071384,0.014312531370744846,0.11453415355787316,1D-CNN
S70,0.011867275556628778,0.9869266687139159,0.0012060557294563308,ANN
S71,0.48018374053645047,0.47334522125664474,0.04647103820690323,1D-CNN
S72,0.014946397484082814,0.001830068812822091,0.9832235337030932,GRU
S73,0.3953811245870866,0.5023412554333245,0.10227761997959356,ANN
S74,0.14050532320192816,0.8111396721661649,0.048355004631905826,ANN
S75,0.004315156492981177,0.0032825704351576498,0.9924022730718578,GRU
S76,0.046598610270864385,0.02488394176229943,0.9285174479668378,GRU
S77,0.8420153265516406,0.09872041102234347,0.059264262426019565,1D-CNN
S78,0.5386002388038503,0.13597445513621215,0.3254253060599437,1D-CNN
S79,0.01480549718087896,0.9754359694601531,0.009758533358967106,ANN
S80,0.24668943479967773,0.6719667438875875,0.0813438213127324,ANN
S81,0.007189057272540599,0.6529353682535767,0.3398755744738738,ANN
S82,0.26176116328405846,0.7009566120061383,0.037282224709801276,ANN
S83,0.19647791797350503,0.12236428360835187,0.6811577984181427,GRU
S84,0.03152756063787938,0.6288451444186215,0.33962729494349925,ANN
S85,0.09557350162895126,0.8254308938590016,0.07899560451204861,ANN
S86,0.2081728778464343,0.0020976258487046956,0.7897294963048604,GRU
S87,0.11937571309568136,0.8671030233934243,0.013521263510892431,ANN
S88,0.21710519832652936,0.2730820066594639,0.5098127950140068,GRU
S89,0.044558687502454106,0.422026876005008,0.5334144364925368,GRU
S90,0.9195708854395166,0.06596431127976318,0.014464803280720678,1D-CNN
S91,0.7858082481121141,0.17415797885681392,0.040033773031077795,1D-CNN
S92,0.00874735401962741,0.07866448718663033,0.912588158793731,GRU
S93,0.00033442069097517046,0.003938357692879241,0.9957272216161445,GRU
S94,0.007677583792985866,0.9893114231884973,0.0030109930185165646,ANN
S95,0.9987587825954035,0.0011708576885152758,7.035971608113743e-05,1D-CNN
S96,0.06219737178169974,0.023481225511326715,0.9143214027069795,GRU
S97,0.012278336025285764,0.035157922064172675,0.9525637419105449,GRU
S98,0.9885273321321038,0.009303316472129057,0.002169351395767126,1D-CNN
S99,0.6800828074685716,0.27603903823870096,0.04387815429272304,1D-CNN
S100,0.016531686172086325,0.9769285335671337,0.0065397802607814835,ANN
S101,0.945516531945537,0.00815383859105179,0.04632962946341713,1D-CNN
S102,0.07342315395738624,0.37502002987431354,0.5515568161682964,GRU
S103,0.9938618369471468,0.0036861620500770447,0.0024520010027767884,1D-CNN
S104,0.00023767364707435358,0.9997538384522293,8.487900696290131e-06,ANN
S105,0.16589189759443132,0.7738440833466445,0.06026401905892879,ANN
S106,0.17536640233387438,0.5468424829811652,0.2777911146849552,ANN
S107,0.11932292102326486,0.4810285993888688,0.39964847958786015,ANN
S108,0.9618304170580007,0.028705303376959184,0.009464279565022328,1D-CNN
S109,0.01756321678931516,0.010758492754436846,0.9716782904562448,GRU
S110,0.06392460136245849,0.593909936230607,0.3421654624069307,ANN
S111,0.06158932666435536,0.09903661031936857,0.8393740630162742,GRU
S112,0.016145296537621628,0.0034222157124079366,0.9804324877499688,GRU
S113,0.46044678425075086,0.2876084104842858,0.25194480526497004,1D-CNN
S114,0.00456549995032961,0.9952502743102739,0.00018422573939401522,ANN
S115,0.4506185102034176,0.4641745924447234,0.08520689735186086,ANN
S116,0.09497318964990308,0.10245471325313966,0.8025720970969562,GRU
S117,0.052737904320361906,0.6773331222350797,0.2699289734445558,ANN
S118,0.043137983921622935,0.2502365257733414,0.7066254903050344,GRU
S119,0.006065676327941786,0.98832239378152,0.00561192989053691,ANN
S120,0.3754985466797507,0.11477026648759293,0.5097311868326556,GRU
S121,0.8458499743318539,0.020166820637190882,0.13398320503095182,1D-CNN
S122,0.8556413002367925,0.13710831853876215,0.007250381224445964,1D-CNN
S123,0.020127525269755617,0.01161725897989736,0.9682552157503475,GRU
S124,0.01698417949287338,0.008219946065232795,0.9747958744418913,GRU
S125,0.026784482942763036,0.9585820029682515,0.01463351408898538,ANN
S126,0.8995320273942914,0.0769129054387075,0.023555067167000697,1D-CNN
S127,0.6354709452347939,0.27734145292150625,0.08718760184369508,1D-CNN
S128,0.08247412983337722,0.5433202156017355,0.37420565456488775,ANN
S129,0.0029646173044797866,0.9684171486668872,0.028618234028633636,ANN
S130,0.29702894094152227,0.40659943285574246,0.29637162620273444,ANN
S131,0.5736256517014161,0.003993874809300134,0.4223804734892829,1D-CNN
S132,0.08472062762353653,8.526735855209541e-05,0.9151941050179113,GRU
S133,0.08050074487165398,0.006157778301034288,0.9133414768273121,GRU
S134,0.7550885212183814,0.18297020282650064,0.061941275955116365,1D-CNN
S135,0.8678030685485699,0.12291622651680054,0.009280704934630441,1D-CNN
S136,0.9780465736522622,0.007964703564314194,0.013988722783422811,1D-CNN
S137,0.013357512604641455,0.07247347851147855,0.9141690088838795,GRU
S138,0.816482504242674,0.06387419344053806,0.11964330231678656,1D-CNN
S139,0.1612929320067182,0.2026409316603132,0.6360661363329703,GRU
S140,0.2705007353619476,0.0003492575270612908,0.7291500071109918,GRU
S141,0.28458858952194055,0.06563676517605872,0.6497746453020008,GRU
S142,0.3745148786604669,0.6063324087347517,0.019152712604778407,ANN
S143,0.08312321271050405,0.9158194430327452,0.001057344256753202,ANN
S144,4.347436729159868e-06,4.068044684844044e-06,0.9999915845185866,GRU
S145,0.0061663252759641875,0.9900308207758042,0.003802853948231095,ANN
S146,0.9946084962134617,0.004087746480286532,0.001303757306251499,1D-CNN
S147,0.042374215031296604,0.009605746224289573,0.9480200387444133,GRU
S148,0.015360034891773806,0.9686883752944824,0.01595158981374567,ANN
S149,0.16626716581150736,0.7913093823413773,0.04242345184711586,ANN
S150,0.6323497340324936,0.337020599875177,0.030629666092338092,1D-CNN
S151,0.04236452288006153,0.03179053255808705,0.9258449445618482,GRU
S152,0.05072532427563574,0.5267165747028442,0.42255810102151964,ANN
S153,0.22573986412415942,0.07670155999634702,0.6975585758794933,GRU
S154,0.0004500240043101309,0.00045948958608369914,0.9990904864096062,GRU
S155,0.028746230021991562,0.0006630672876680756,0.970590702690341,GRU
S156,0.7676666910573843,0.07538414602009155,0.15694916292251523,1D-CNN
S157,0.005556008651081371,0.14880457608280936,0.845639415266109,GRU
S158,0.01754098757129783,0.7502968201994948,0.2321621922292051,ANN
S159,0.8118599981631075,0.08438528419797645,0.10375471763891415,1D-CNN
S160,0.01629818056749104,0.5292151543957729,0.45448666503673407,ANN
S161,0.9259553172664937,0.05988953147806698,0.014155151255439145,1D-CNN
S162,0.15506390062222772,0.8402409470953933,0.004695152282378796,ANN
S163,0.06328116671220609,0.9285995772185502,0.008119256069240367,ANN
S164,0.07764216200315673,0.023534980498069222,0.8988228574987708,GRU
S165,0.09861596188398897,0.6924474400225419,0.20893659809346796,ANN
S166,0.8537829136377549,0.12705274445454318,0.019164341907701884,1D-CNN
S167,0.1252814770627949,0.6678569498237059,0.2068615731134973,ANN
S168,0.07954090372681441,0.017403690914503108,0.9030554053586861,GRU
S169,0.006868163277152665,0.9736530373993886,0.01947879932345254,ANN
S170,0.4933115257645829,0.5013210216320255,0.00536745260339331,ANN
S171,0.0008648783150474183,0.9989504983319617,0.0001846233529903469,ANN
S172,0.18578815833137735,0.779248342434501,0.03496349923411844,ANN
S173,0.0013898118039772304,0.013886539415605949,0.9847236487804145,GRU
S174,0.21398662458199944,0.4351752550621786,0.3508381203558129,ANN
S175,0.18729910608825742,0.7576871714229932,0.0550137224887506,ANN
S176,0.21714481936134583,0.6332715417455353,0.14958363889311801,ANN
S177,0.17065239373438507,0.48835413256677185,0.3409934736988391,ANN
S178,0.0049881542762287125,0.6285753889008991,0.3664364568228727,ANN
S179,0.12804951537494147,0.15195417299266764,0.7199963116323896,GRU
S180,0.4561919438490937,0.27400001279542063,0.26980804335548486,1D-CNN
S181,0.0015393294450219742,0.0008025174249605775,0.9976581531300175,GRU
S182,0.0026601450947717773,0.06813073489275791,0.929209120012469,GRU
S183,0.01980626494746064,0.10084092590910698,0.8793528091434293,GRU
S184,4.475143202443011e-05,1.6191907207179078e-05,0.9999390566607658,GRU
S185,0.0324238598896997,0.9618790724422888,0.005697067668010668,ANN
S186,0.991837233399987,0.00601103528959652,0.002151731310416802,1D-CNN
S187,0.014289250134403637,0.21520306768669153,0.770507682178911,GRU
S188,0.00146909641131772,0.0002662338109644016,0.9982646697777176,GRU
S189,0.20969838457370657,0.560122669626608,0.23017894579968778,ANN
S190,0.3131724956330435,0.03574622814039316,0.6510812762265615,GRU
S191,0.05439748692158823,0.019510986191294398,0.9260915268871164,GRU
S192,0.03941555449821692,0.005681028236276421,0.9549034172655066,GRU
S193,0.2626619250980292,0.13599384915675652,0.6013442257452128,GRU
S194,0.9013175030170498,0.07855657790833852,0.020125919074610452,1D-CNN
S195,9.010840899341772e-05,1.2506138705527578e-05,0.9998973854522982,GRU
S196,0.19143895955516943,0.08820156032200308,0.7203594801228241,GRU
S197,0.9588267615248185,0.017906499886014598,0.023266738589171033,1D-CNN
S198,0.9854441678081167,0.012930160786579442,0.001625671405303305,1D-CNN
S199,0.05080038316165716,0.9436076056051028,0.005592011233239239,ANN
S200,0.44009499396372853,0.5544261775994207,0.005478828436845312,ANN
S201,0.3061965607283339,0.6875668555221679,0.006236583749509244,ANN
S202,0.1011625552757876,0.8471133596471748,0.05172408507703616,ANN
S203,0.05498384653274985,0.7247110040025304,0.22030514946471974,ANN
S204,0.1936548579274764,0.06476827022533217,0.7415768718471967,GRU
S205,0.0029691797849908355,0.007619370871118321,0.9894114493438901,GRU
S206,0.037873929541114154,0.1266453785481238,0.8354806919107591,GRU
S207,0.024438402498473306,0.8447630216025668,0.13079857589895943,ANN
S208,0.29333804860500673,0.1247094781507434,0.5819524732442497,GRU
S209,0.30493914382920595,0.18575819677280725,0.5093026593979945,GRU
S210,0.11496948568250383,0.6258877944012756,0.2591427199162132,ANN
S211,0.8118986587592689,0.12121716649458382,0.06688417474614268,1D-CNN
S212,0.7147967411956427,0.1310376053816546,0.1541656534227098,1D-CNN
S213,0.006610898653547971,0.09359486911453589,0.8997942322319112,GRU
S214,0.01621925072740883,0.9569918401853158,0.02678890908727386,ANN
S215,0.22750188828363765,0.7303137338424476,0.0421843778739129,ANN
S216,0.3586712016130254,0.14374650042420783,0.4975822979627689,GRU
S217,0.00037141746933169625,0.0005651576069935343,0.999063424923674,GRU
S218,0.003610205876106942,0.9947392946423409,0.001650499481549421,ANN
S219,0.5581063451775597,0.3918378792431021,0.050055775579336104,1D-CNN
S220,0.9578978928599368,0.02732139686864597,0.014780710271417046,1D-CNN
S221,0.00010765031580717604,0.00020704413899977903,0.9996853055451904,GRU
S222,0.0006992887044633048,0.013545999410011639,0.9857547118855254,GRU
S223,0.40632869696138907,0.37635591968250715,0.21731538335610098,1D-CNN
S224,0.28136906833483155,0.5822448975991679,0.13638603406599417,ANN
S225,0.9818659188999876,0.0017828671519998437,0.01635121394801243,1D-CNN
S226,0.14944013417053686,0.36536608346021704,0.48519378236924315,GRU
S227,0.9423848749989747,0.03445926773075787,0.023155857270266426,1D-CNN
S228,0.010100960511739402,0.034061687485889156,0.9558373520023733,GRU
S229,0.21773012671233188,0.32702791922162305,0.45524195406604323,GRU
S230,0.44346411820809456,0.2029038265227886,0.3536320552691195,1D-CNN
S231,0.15028366988353226,0.4379044256912825,0.4118119044251841,ANN
S232,0.13236564038491022,0.4291316100977656,0.43850274951733015,GRU
S233,0.49483810213559754,0.24852040037739148,0.25664149748701093,1D-CNN
S234,0.013445408184357882,0.030275493655017888,0.9562790981606218,GRU
S235,0.0009299245203107408,0.0174030098004641,0.9816670656792247,GRU
S236,0.014891585711154919,0.9792669056680475,0.005841508620796053,ANN
S237,0.8586611109918069,0.09701762680130271,0.04432126220689205,1D-CNN
S238,0.26017771833618847,0.668764697628181,0.07105758403563406,ANN
S239,0.30874099326749505,0.4553690105668607,0.2358899961656443,ANN
S240,0.008543374968643278,0.9567212759688819,0.034735349062473754,ANN
S241,0.019999910152915655,0.1148368331934587,0.8651632566536228,GRU
S242,0.5416635097814424,0.05058431506362342,0.40775217515493223,1D-CNN
S243,0.31217791773017284,0.12874687375996074,0.5590752085098728,GRU
S244,0.21306107040944097,0.021025380842973562,0.7659135487475854,GRU
S245,0.32807811060222714,0.0985112709892509,0.5734106184085169,GRU
S246,0.7427942964905049,0.18466236502572553,0.07254333848376607,1D-CNN
S247,0.007190645557375501,0.7414956932320609,0.25131366121055576,ANN
S248,0.07371090773176285,0.04554347425372761,0.8807456180145086,GRU
S249,0.051805615810262697,0.003214532626320182,0.9449798515634152,GRU
S250,0.5100351516098075,0.012777749591835051,0.4771870987983581,1D-CNN
S251,0.6910571437924641,0.0733758875126925,0.23556696869485252,1D-CNN
S252,0.6673198590549254,0.0037759627219787345,0.32890417822309287,1D-CNN
S253,0.11542315984587107,0.1255879880547243,0.7589888520994106,GRU
S254,0.07543479249003567,0.916353863785897,0.00821134372406475,ANN
S255,0.4086091465363708,0.544806973102,0.046583880361633835,ANN
S256,0.1545462736156698,0.7932308484783384,0.05222287790599152,ANN
S257,0.19970839089751488,0.7105269925190684,0.08976461658341676,ANN
S258,0.4926239554918382,0.36575489609468287,0.141621148413487,1D-CNN
S259,0.047724833275082326,0.9009850615259002,0.05129010519901795,ANN
S260,0.45429510736895135,0.2600338461388616,0.2856710464921818,1D-CNN
S261,0.06407122283480975,0.8236424116613035,0.11228636550388381,ANN
S262,0.8824461794285567,0.013612684309883894,0.1039411362615594,1D-CNN
S263,0.027447438498531207,0.3921028367505088,0.5804497247509688,GRU
S264,0.016953115410774718,0.6568985629778418,0.3261483216113671,ANN
S265,0.007472136554155351,0.26946160605574326,0.7230662573900944,GRU
S266,0.1827953104299259,0.2257467501084122,0.5914579394616609,GRU
S267,0.5014086617173761,0.268023880073168,0.230567458209452,1D-CNN
S268,0.577992518455223,0.1971680143971637,0.2248394671476117,1D-CNN
S269,0.9290465785966568,0.02531900048749223,0.045634420915850765,1D-CNN
S270,0.12378751192955265,0.5276836414062402,0.34852884666420714,ANN
S271,0.3132645930066166,0.24285568808023555,0.4438797189131446,GRU
S272,0.3407131998401526,0.0998409809068539,0.5594458192529922,GRU
S273,0.2303678354206804,0.3513519862496172,0.41828017832970915,GRU
S274,0.2967229177692192,0.1408600336597064,0.5624170485710744,GRU
S275,0.1039177317640622,0.487192364885983,0.4088899033499555,ANN
S276,0.009800580554822922,0.0023149964138631934,0.987884423031314,GRU
S277,0.04619772531611393,0.25958814387415263,0.6942141308097322,GRU
S278,0.0005361112648156213,0.0004068449840589472,0.9990570437511254,GRU
S279,0.9684293306196131,0.0050788186486409,0.026491850731744027,1D-CNN
S280,0.7432728083795604,0.07038842288830739,0.18633876873213198,1D-CNN
S281,0.8393502228046517,0.01625005647587326,0.144399720719479,1D-CNN
S282,0.003539422776562999,0.0013134840568436318,0.9951470931665919,GRU
S283,0.020216759863320957,0.000224008782826758,0.9795592313538536,GRU
S284,0.04117676459954818,0.002848352469251449,0.9559748829311967,GRU
S285,0.5539708375505212,0.17895220694855524,0.2670769555009229,1D-CNN
S286,0.06206742605560898,0.894364029196324,0.04356854474806905,ANN
S287,0.9072614312545111,0.006332898623392789,0.08640567012209513,1D-CNN
S288,0.09898519053968229,0.8409733067533819,0.060041502706935056,ANN
S289,0.9991714471048972,0.00048622408752499815,0.00034232880757656593,1D-CNN
S290,0.034995938195655565,0.043185039264428966,0.9218190225399231,GRU
S291,0.02011952988258994,0.0007451787605847012,0.9791352913568259,GRU
S292,0.20778870169187214,0.7583913822539995,0.03381991605412535,ANN
S293,0.04775365047417318,0.9515330971138934,0.0007132524119359158,ANN
S294,0.01768755631663748,0.9809572743543227,0.0013551693290404943,ANN
S295,0.027537573212480057,0.9486233669098448,0.023839059877675265,ANN
S296,0.5602193680270218,0.3964709718238631,0.04330966014910615,1D-CNN
S297,0.04669668436517678,0.4789525401239126,0.4743507755109083,ANN
S298,0.15171574594249668,0.24300131214069612,0.6052829419168068,GRU
S299,0.8305314628086037,0.01582331654436048,0.15364522064703923,1D-CNN
S300,0.10547058721634966,0.05844551734720644,0.8360838954364432,GRU
S301,0.38870820650493826,0.2584925520137475,0.35279924148131164,1D-CNN
S302,0.007922185159210771,0.002609000238127163,0.989468814602662,GRU
S303,0.03173975943809687,0.07544892319043037,0.8928113173714769,GRU
S304,0.014389333185492527,0.7870852902633704,0.19852537655113445,ANN
S305,0.03582667731189059,0.9365155727894915,0.027657749898619622,ANN
S306,0.358318989784579,0.10027499223549251,0.5414060179799344,GRU
S307,0.06236567255544579,0.21026343566076347,0.7273708917837901,GRU
S308,0.09413759610902768,0.8425794424254339,0.06328296146553865,ANN
S309,0.9438225004545328,0.016028573189191434,0.04014892635627672,1D-CNN
S310,0.01115120615606018,0.9864070154723291,0.0024417783716127123,ANN
S311,0.7689757391012906,0.04564755700135178,0.1853767038973559,1D-CNN
S312,0.001628282888759561,0.9974304885863281,0.0009412285249123584,ANN
S313,0.0931444184930665,0.8671105818244416,0.0397449996824919,ANN
S314,0.2440628514329115,0.5602294461822112,0.19570770238487661,ANN
S315,0.5807651979077282,0.014225500312233599,0.40500930178003053,1D-CNN
S316,0.023028089845240567,0.8880796320615674,0.08889227809319422,ANN
S317,0.17990739410202772,0.046200354705727316,0.7738922511922419,GRU
S318,0.24607300326569545,0.2279573708421209,0.5259696258921857,GRU
S319,0.9621465741528277,0.03182312816577509,0.006030297681395673,1D-CNN
S320,0.011216297282224603,0.9790271244327359,0.009756578285039352,ANN
S321,0.9891214308854619,0.007630526510974803,0.0032480426035606936,1D-CNN
S322,0.9961517070316797,0.0030044078915876724,0.0008438850767257238,1D-CNN
S323,0.6807569553673686,0.18829930004735665,0.13094374458527638,1D-CNN
S324,0.996157271473894,0.0002793709538563332,0.0035633575722491015,1D-CNN
S325,0.391821753711459,0.03305700604085541,0.5751212402476832,GRU
S326,0.7330317976449324,0.25498007933961764,0.011988123015448285,1D-CNN
S327,0.6495723081301745,0.10098192882390002,0.24944576304592272,1D-CNN
S328,0.3863290208911582,0.2977307418951638,0.3159402372136851,1D-CNN
S329,0.0020897167996991443,0.034011218596823656,0.9638990646034771,GRU
S330,0.0018071311211023617,0.0026140747959255014,0.9955787940829717,GRU
S331,0.00023494258020280234,0.0025233196498813584,0.9972417377699144,GRU
S332,0.049685225942502784,0.09438722828000912,0.8559275457774868,GRU
S333,0.28405717283774096,0.44628695392872264,0.2696558732335362,ANN
S334,0.9118055140394241,0.011558241453740823,0.07663624450683504,1D-CNN
S335,0.015376094526485518,0.0001007826750346439,0.9845231227984799,GRU
S336,0.0014025682213653907,7.236814157851245e-05,0.998525063637058,GRU
S337,0.006422636367029504,0.0011861259468876546,0.9923912376860824,GRU
S338,0.04797762191846846,0.947317029117293,0.004705348964237973,ANN
S339,0.3344801441987149,0.028671760537172228,0.6368480952641099,GRU
S340,0.23813654136127962,0.2119305405774234,0.5499329180612984,GRU
S341,0.854053372896265,0.13832297857620254,0.007623648527532087,1D-CNN
S342,0.9999713731573696,2.8544825347510527e-05,8.201728270516676e-08,1D-CNN
S343,0.07403925618348622,0.9215554382005934,0.004405305615919528,ANN
S344,0.3054324524775794,0.665034464673176,0.029533082849244125,ANN
S345,0.20723717301389066,0.6286594177241754,0.16410340926193384,ANN
S346,0.034156389449008756,0.1846366119625845,0.781206998588413,GRU
S347,0.6370149296762593,0.002398143551972904,0.3605869267717652,1D-CNN
S348,0.02081388920852482,0.003226233654155032,0.9759598771373201,GRU
S349,0.008562198642951673,0.5958546333411149,0.39558316801593235,ANN
S350,0.021817273237028336,0.007366948585360742,0.9708157781776152,GRU
S351,0.35247796080601934,0.39138340953144385,0.25613862966253687,ANN
S352,0.9949976964299297,0.004065460816685922,0.0009368427533909778,1D-CNN
S353,0.9878378262299996,0.009622009568242816,0.002540164201758263,1D-CNN
S354,0.2678789999297831,0.7184309028241552,0.013690097246060727,ANN
S355,0.09105815047040183,0.8990610589776827,0.009880790551913952,ANN
S356,0.03534097642540066,0.9564424285685269,0.008216595006071201,ANN
S357,0.04568719682250546,0.9196519254575446,0.03466087771994848,ANN
S358,0.11636506754530594,0.5753981236850197,0.3082368087696805,ANN
S359,0.610009766697711,0.07687362679304623,0.3131166065092459,1D-CNN
S360,0.07536624311320363,0.8297271369436777,0.09490661994312607,ANN
S361,0.04389962831137356,0.032453131059412534,0.9236472406292144,GRU
S362,0.0014170064449440163,0.004964959483146734,0.9936180340719095,GRU
S363,0.15022451453756028,0.09122269823504503,0.7585527872273939,GRU
S364,0.9625452260923952,0.008545543530022993,0.028909230377584152,1D-CNN
S365,0.6686755458202535,0.11620825588337771,0.21511619829637232,1D-CNN
S366,0.992146517186947,0.002286552248920114,0.00556693056413942,1D-CNN
S367,0.0020797631085913834,0.00490305643795603,0.9930171804534493,GRU
S368,0.2720589293480538,0.31528842970366067,0.4126526409482857,GRU
S369,0.8600664019890386,0.021495050470527983,0.1184385475404277,1D-CNN
S370,0.002641021325587478,0.0009533617775893907,0.9964056168968211,GRU
S371,6.22401912310881e-05,1.7397470527454184e-05,0.9999203623382431,GRU
S372,0.03543196561562499,0.04767598109441077,0.9168920532899759,GRU
S373,0.16630078489527178,0.2008013297186226,0.6328978853861077,GRU
S374,0.6850321229553514,0.2101384183618722,0.10482945868277523,1D-CNN
S375,0.06902172768196853,0.0023302256657849966,0.9286480466522465,GRU
S376,0.033387294659232916,0.9624952950719808,0.004117410268785174,ANN
S377,0.814665635016371,0.17635868907787694,0.008975675905749856,1D-CNN
S378,0.07709120108477996,0.07197897337042808,0.8509298255447993,GRU
S379,0.02102882652373225,0.06026356274766823,0.9187076107285991,GRU
S380,0.9492095789530147,0.028981361391373264,0.021809059655612865,1D-CNN
S381,0.8634065665420856,0.04866230320410168,0.08793113025381107,1D-CNN
S382,0.9027089551069687,0.001076157377371648,0.09621488751566043,1D-CNN
S383,0.20834699078604735,0.005424534291177468,0.7862284749227746,GRU
S384,0.9631233887142105,0.030172410028463378,0.006704201257325687,1D-CNN
S385,0.5335489542673454,0.46565978200534003,0.0007912637273154824,1D-CNN
S386,0.1830266622413948,0.8110139790068144,0.005959358751794065,ANN
S387,0.671778168281289,0.2816849790599394,0.046536852658762916,1D-CNN
S388,0.22380125154423958,0.7671947246416937,0.009004023814063617,ANN
S389,0.0029092461561634904,0.9892403374789918,0.007850416364844164,ANN
S390,0.02809111640666019,0.9522387459934911,0.019670137599852713,ANN
S391,0.044621836297886304,0.8922975173699297,0.06308064633218584,ANN
S392,0.34024902212373415,0.5623304221635246,0.09742055571273955,ANN
S393,0.24715150733398922,0.22762182447898707,0.5252266681870273,GRU
S394,0.014865012329179918,0.8134164055671105,0.1717185821037003,ANN
S395,0.009825737539161153,0.2865115605636262,0.7036627018972108,GRU
S396,0.0028021242165127834,0.008534980569968695,0.9886628952135185,GRU
S397,0.0018658706094845487,0.0027348219451017266,0.9953993074454145,GRU
S398,0.17309662755328437,0.12514317595594357,0.7017601964907761,GRU
S399,0.08893989168191159,0.10761743992793475,0.8034426683901538,GRU
S400,0.042935682407447245,0.7099187598495379,0.247145557743015,ANN
S401,0.5362526111488809,0.3651752367892934,0.09857215206182553,1D-CNN
S402,0.9998236820523279,8.62414737907213e-05,9.007647388222054e-05,1D-CNN
S403,0.0022450948667802435,0.9960037707931648,0.001751134340054915,ANN
S404,0.1242370389652754,0.8556639733485166,0.020098987686207527,ANN
S405,0.9923855493613368,0.0072243654864154565,0.0003900851522450157,1D-CNN
S406,0.20247418443969958,0.2683881522594529,0.5291376633008475,GRU
S407,0.9938910744327881,1.4567873512985622e-05,0.006094357693689554,1D-CNN
S408,0.06077308764479163,0.9138248309646456,0.025402081390566298,ANN
S409,0.1791916410598252,0.8174269266329234,0.003381432307251967,ANN
S410,0.025377712072778922,0.008675344041624955,0.9659469438855967,GRU
S411,0.01592546062796569,0.009095126348600284,0.9749794130234349,GRU
S412,0.25674412372536526,0.6778356326713696,0.06542024360326334,ANN
S413,0.9694880909220022,0.023240287426359873,0.00727162165163568,1D-CNN
S414,0.2626319971231845,0.6916283254696308,0.04573967740718819,ANN
S415,0.22276201131967943,0.7000104558132987,0.07722753286702178,ANN
S416,0.3657095076271532,0.36560681819233837,0.26868367418050665,1D-CNN
S417,0.00033331290631577595,0.9776273793020663,0.022039307791615982,ANN
S418,0.0001699884154148477,5.489766825479066e-06,0.9998245218177567,GRU
S419,0.6933242664395692,0.004754020935048098,0.3019217126253783,1D-CNN
S420,0.3245601277174734,0.041562142402255406,0.633877729880273,GRU
S421,0.0418475881985005,0.810063026752355,0.14808938504913174,ANN
S422,0.0004626486989944616,0.00021581770977997672,0.9993215335912249,GRU
S423,0.00036755657908240817,0.00308373076155452,0.9965487126593622,GRU
S424,0.0022089975896589444,0.17273169271631675,0.8250593096940241,GRU
S425,0.036305693189996546,0.9629972990503922,0.0006970077596113193,ANN
S426,0.14819207399332968,0.6547789243571105,0.19702900164955894,ANN
S427,0.0209502465448756,0.003922379024866248,0.9751273744302582,GRU
S428,0.09395930089921742,0.04967515318208072,0.856365545918699,GRU
S429,0.2246050228165375,0.34800733507208204,0.42738764211137614,GRU
S430,0.9842657634087535,0.004583483934302196,0.011150752656943359,1D-CNN
S431,0.9820801918682406,0.0006289606510010493,0.01729084748075704,1D-CNN
S432,0.9711067424387946,0.017829478544282813,0.011063779016921156,1D-CNN
S433,0.11279335583153015,0.002460549768634465,0.8847460943998386,GRU
S434,0.008030251023020851,0.00022346940571007555,0.9917462795712682,GRU
S435,0.5131045904482175,0.09679933271392784,0.3900960768378583,1D-CNN
S436,0.9989561243985476,4.801913877906708e-05,0.0009958564626706033,1D-CNN
S437,0.015015292626279975,0.9825478818361455,0.002436825537575307,ANN
S438,0.2898269487575142,0.6831345968626943,0.027038454379789335,ANN
S439,0.39542063934927324,0.3108327527582062,0.2937466078925159,1D-CNN
S440,3.9381212857087684e-05,0.0002401161236737721,0.9997205026634657,GRU
S441,0.004963071788844788,0.6495499240632068,0.3454870041479485,ANN
S442,0.7802161573296187,0.062160521657688234,0.15762332101268736,1D-CNN
S443,0.2407998871561916,0.16293623632220589,0.5962638765216003,GRU
S444,0.2180444602887098,0.32278276802576944,0.45917277168551873,GRU
S445,0.9371290739192851,0.024938971175060488,0.037931954905645604,1D-CNN
S446,0.003648873716206994,0.8366068272568926,0.15974429902689988,ANN
S447,0.0002860627576817494,0.0037058408738361343,0.99600809636848,GRU
S448,0.1757566649259477,0.15145639489472534,0.6727869401793243,GRU
S449,0.013776201644111589,0.006413732102583405,0.9798100662533049,GRU
S450,0.0006119186388253684,0.040547542661254814,0.958840538699924,GRU
S451,0.11857906025855433,0.06197075139312924,0.8194501883483176,GRU
S452,0.1356659209822173,0.43495537286101976,0.4293787061567592,ANN
S453,0.9829408166441855,0.005948024230939604,0.01111115912487046,1D-CNN
S454,0.2717609273460191,0.47668163852566425,0.25155743412832043,ANN
S455,0.6297383102059002,0.0016563518610583376,0.3686053379330443,1D-CNN
S456,0.0007525311062005363,0.00010211247653887498,0.9991453564172591,GRU
S457,0.03238592360527359,0.013004713715920747,0.9546093626788046,GRU
S458,0.001569157793142509,0.00033271020506623353,0.9980981320017914,GRU
S459,0.21892499190926729,0.1418402297273904,0.6392347783633392,GRU
S460,0.091567223982574,0.008114313080282046,0.9003184629371432,GRU
S461,0.3095590411504716,0.6117693158541634,0.07867164299536186,ANN
S462,0.9646038131724505,0.03350800219764576,0.0018881846299026003,1D-CNN
S463,0.02841389074931448,0.9704764213015147,0.0011096879491719319,ANN
S464,0.3822858088146093,0.5729615539532648,0.044752637232120744,ANN
S465,0.02439061301287142,0.14054827377660564,0.8350611132105223,GRU
S466,5.338917604900338e-05,0.00014558150442581605,0.9998010293195263,GRU
S467,0.008877354531006151,0.010510744175051817,0.9806119012939413,GRU
S468,0.1876847442777784,0.3764130169689802,0.43590223875325107,GRU
S469,0.01008506638331299,0.006883159905207726,0.9830317737114791,GRU
S470,0.0014318324983963158,0.002629248256523384,0.9959389192450797,GRU
S471,0.0016502533220293047,0.0014530469340482473,0.9968966997439282,GRU
S472,0.00010331488460692212,0.0007623507466294068,0.9991343343687621,GRU
S473,0.035304869611836605,0.08921378591969818,0.8754813444684721,GRU
S474,0.17979229141066483,0.36043052424082633,0.45977718434850445,GRU
S475,0.12091032896181175,0.03849118924457695,0.8405984817936097,GRU
S476,0.31861847494630435,0.20811962272826753,0.47326190232542936,GRU
S477,0.034333026090774314,0.0055178350740569355,0.9601491388351686,GRU
S478,0.21849849305859637,0.09274399623475665,0.6887575107066467,GRU
S479,0.008023228692883737,0.0013016081885290852,0.9906751631185869,GRU
S480,0.26796081841937036,0.04395881428871735,0.6880803672919095,GRU
S481,0.3127341405228826,0.03845913582941807,0.6488067236476969,GRU
S482,0.2397879470316161,0.06854237877248666,0.6916696741958972,GRU
S483,0.44738968526030404,0.2356501504927371,0.3169601642469582,1D-CNN
S484,0.08408738802367902,0.9042515580955911,0.011661053880723245,ANN
S485,0.849363078157329,0.1166538068788656,0.03398311496380211,1D-CNN
S486,0.16661060122566052,0.4433581481694212,0.39003125060491906,ANN
S487,0.01570262447128738,0.7644196857143649,0.21987768981434816,ANN
S488,0.2535763213226706,0.1829370593852289,0.5634866192921013,GRU
S489,0.0016896914389669972,0.9263005058547206,0.07200980270631496,ANN
S490,0.3196057225635269,0.024567242988748853,0.6558270344477237,GRU
S491,0.07173052514935366,0.07128519982579003,0.8569842750248547,GRU
S492,0.6256580015888712,0.043979770258715266,0.3303622281524038,1D-CNN
S493,0.0017243037051870066,0.07686437018017556,0.9214113261146374,GRU
S494,0.862916511732868,0.0012559835524822498,0.13582750471464897,1D-CNN
S495,0.5898963002787618,0.017286852281004735,0.3928168474402331,1D-CNN
S496,2.2148123691545147e-05,0.0003203471596595209,0.9996575047166489,GRU
S497,0.9321506182166015,0.0177239781919593,0.05012540359143891,1D-CNN
S498,0.9748904317529049,0.004602582964057422,0.020506985283039837,1D-CNN
S499,0.024162069604932515,0.04336998399526742,0.9324679463998006,GRU
S500,0.089031840731624,0.03156768895871534,0.8794004703096606,GRU
S501,0.07714364779642145,0.7847888126791466,0.13806753952442608,ANN
S502,0.48582259352509605,0.050151459030001885,0.4640259474449001,1D-CNN
S503,0.38402731762155623,0.2320155749774504,0.38395710740099187,1D-CNN
S504,0.6665451357527046,0.015583126826588837,0.31787173742070507,1D-CNN
S505,0.08602965005913298,0.06114536688768635,0.8528249830531803,GRU
S506,0.021683417967767724,0.009562430669173783,0.9687541513630568,GRU
S507,0.2865328324524129,0.36218835774329683,0.3512788098042934,ANN
S508,0.6357798446733863,0.2335089011460227,0.13071125418058452,1D-CNN
S509,0.7807973195629184,0.1399906878746742,0.07921199256240385,1D-CNN
S510,0.06515672634768012,0.9325848461528823,0.002258427499435894,ANN
S511,0.25377944435005334,0.7310453076298684,0.015175248020076039,ANN
S512,0.30469677304178194,0.660848534819194,0.034454692139027174,ANN
S513,0.04876675833187717,0.7794239763628661,0.17180926530526078,ANN
S514,0.08180962239803351,0.13307043051487605,0.7851199470870927,GRU
S515,0.6272726942183648,0.0021003537488140903,0.3706269520328202,1D-CNN
S516,0.0007973290133851984,0.001640093328535206,0.9975625776580812,GRU
S517,0.002099848904517538,0.0009392802684327039,0.9969608708270498,GRU
S518,1.4184418916364549e-09,4.452173386543329e-09,0.9999999941293852,GRU
S519,0.003479310787780488,0.00911155679685082,0.9874091324153671,GRU
S520,0.0003207293422590308,0.12479545994136944,0.8748838107163701,GRU
S521,0.0037358208837870183,0.2264974050971036,0.7697667740191095,GRU
S522,0.02646918079923085,0.5134315675435808,0.46009925165718407,ANN
S523,0.41837283905594674,0.2789853398060336,0.3026418211380203,1D-CNN
S524,0.13248118830644948,0.009500031896109592,0.8580187797974405,GRU
S525,0.03712002608932525,0.00879987331763038,0.9540801005930444,GRU
S526,0.023757850162506353,0.9612700130487756,0.01497213678871688,ANN
S527,0.8625247325484695,0.00528200800794431,0.13219325944358493,1D-CNN
S528,0.0017927042676739357,5.15653833606637e-05,0.9981557303489653,GRU
S529,0.017767154134665692,0.001092433968484007,0.9811404118968484,GRU
S530,0.009762456647889195,0.0014168799107446997,0.9888206634413701,GRU
S531,0.08222170115791008,0.017879623624342592,0.8998986752177446,GRU
S532,0.04817940726135125,0.9396676671673818,0.012152925571264158,ANN
S533,0.11679043500864571,0.8757145901583719,0.007494974832981811,ANN
S534,0.9747858184087517,0.024379678715360387,0.0008345028758879884,1D-CNN
S535,0.11551480275493345,0.41078353690989255,0.47370166033516997,GRU
S536,0.0059099877597838845,0.9800332936930267,0.014056718547188892,ANN
S537,0.15636564305061026,0.2918207068009485,0.5518136501484432,GRU
S538,0.170730794855923,0.026830506737301193,0.8024386984067775,GRU
S539,0.32688078147367416,0.013304811796833897,0.6598144067294899,GRU
S540,0.008547008631841914,0.001922959405208066,0.9895300319629498,GRU
S541,5.427618506334512e-10,7.415525244936661e-10,0.9999999987156852,GRU
S542,0.04158084670947388,0.012889842287471235,0.9455293110030537,GRU
S543,0.9999822813577269,1.8562093046416082e-06,1.586243296833589e-05,1D-CNN
S544,0.9154098387297694,0.013603002711144282,0.07098715855908438,1D-CNN
S545,0.73695446042944,0.08384851823913216,0.17919702133142754,1D-CNN
S546,0.028887989231601338,0.08488669473919641,0.8862253160292011,GRU
S547,0.01846401173194878,0.07805466039815981,0.9034813278698947,GRU
S548,0.20794371729400607,0.6894740609207756,0.10258222178521842,ANN
S549,0.7563843693329786,0.17346230390320871,0.07015332676381177,1D-CNN
S550,0.016595981108580304,0.003580060894424258,0.979823957996992,GRU
S551,0.05038484981340494,0.027784999098314816,0.9218301510882848,GRU
S552,0.01581605116475075,0.970696659614364,0.013487289220888892,ANN
S553,0.8645629193860763,0.09943594316545006,0.036001137448472935,1D-CNN
S554,0.034459956922006686,0.0013892688159663296,0.9641507742620262,GRU
S555,0.0004169015749636351,0.9992513805794542,0.0003317178455822266,ANN
S556,0.3201934066566874,0.38563096689027443,0.29417562645303663,ANN
S557,0.2566238569907918,0.2676327303675387,0.4757434126416694,GRU
S558,0.0015471768360686194,0.9975761033891004,0.000876719774830773,ANN
S559,0.34166578955349364,0.45218312335101496,0.20615108709548927,ANN
S560,0.001202649788466235,0.9979251981863498,0.0008721520251837813,ANN
S561,0.0006245063002933533,0.9961786947513008,0.0031967989484025286,ANN
S562,0.04315669604480001,0.8295716402048252,0.12727166375037208,ANN
S563,0.5893393629406567,0.11146920350295833,0.2991914335563833,1D-CNN
S564,0.01877815264044526,0.7687954149025952,0.21242643245697737,ANN
S565,0.026513398801493615,0.9702318866438558,0.003254714554622695,ANN
S566,0.0358865181054664,0.07610713326063223,0.8880063486339045,GRU
S567,4.558764673247473e-05,0.00018141812537928552,0.9997729942278861,GRU
S568,0.0002772319887660994,0.982950459733971,0.016772308277237517,ANN
S569,0.01441863654504094,0.02294081366007251,0.9626405497948852,GRU
S570,0.0009615690414119471,0.00033550702709526936,0.998702923931492,GRU
S571,1.748857050347784e-05,0.00012462728332777458,0.9998578841461692,GRU
S572,0.013602052619076542,0.9808904995645729,0.005507447816350158,ANN
S573,0.6587173486691453,0.3390385948371926,0.0022440564936611843,1D-CNN
S574,0.21040948329239778,0.7670586041871329,0.02253191252047026,ANN
S575,0.3634774084623735,0.5571537059575252,0.07936888558009995,ANN
