Segment,1D-CNN,ANN,GRU,Selected
S1,0.9924274529086432,0.0006753864254105735,0.0068971606659463496,1D-CNN
S2,0.5569066318077464,0.12044525683273687,0.32264811135951704,1D-CNN
S3,0.43092226311784254,0.32754075736745414,0.2415369795147033,1D-CNN
S4,0.2339682633986692,0.58733145680545,0.17870027979588107,ANN
S5,0.1886007918125609,0.6209958087460405,0.1904033994413985,ANN
S6,0.005287740761542732,0.01639038119314393,0.9783218780453133,GRU
S7,0.0631576102625233,0.15123529810079311,0.7856070916366835,GRU
S8,0.28992299720042364,0.34349061605974,0.36658638673983684,GRU
S9,0.30292650374305463,0.24474935556580485,0.4523241406911405,GRU
S10,0.3631062924804904,0.19546854844779776,0.4414251590717116,GRU
S11,0.23052308059215873,0.7184328466941422,0.051044072713699304,ANN
S12,0.3454268097710202,0.3924854895883016,0.26208770064067805,ANN
S13,0.0010862179387142745,0.9973727489117532,0.0015410331495325444,ANN
S14,0.21775293148901112,0.33379085435116823,0.44845621415982084,GRU
S15,0.0,0.0,0.0,1D-CNN
S16,0.0,0.0,0.0,1D-CNN
S17,0.015695164068174727,0.007535451368418862,0.9767693845634065,GRU
S18,0.48286129954839685,0.3983511258407585,0.11878757461084463,1D-CNN
S19,0.4391101986087519,0.38066929820433804,0.1802205031869098,1D-CNN
S20,0.13969631354176393,0.07077692980490419,0.7895267566533317,GRU
S21,0.2287856524076457,0.6156304861889869,0.15558386140336802,ANN
S22,0.3480147356637396,0.31973061291651433,0.33225465141974597,1D-CNN
S23,0.11002715136710585,0.7125360602060103,0.17743678842688326,ANN
S24,0.18872514443637795,0.07217457058751936,0.7391002849761036,GRU
S25,0.24738150980782161,0.6709070616513251,0.08171142854085336,ANN
S26,0.18748488221229756,0.49005549260717984,0.32245962518052246,ANN
S27,0.22125118861815868,0.020338512349353667,0.7584102990324875,GRU
S28,0.4120915062617083,0.4291536447138752,0.15875484902441597,ANN
S29,0.36967952661651643,0.19290091249980285,0.43741956088368067,GRU
S30,0.9368661482830463,0.002169098592194118,0.06096475312476019,1D-CNN
S31,0.1552770108782505,0.7180601917786333,0.1266627973431169,ANN
S32,0.2145856361262447,0.436763206337747,0.3486511575360084,ANN
S33,0.9981317587558227,0.00015356842784947197,0.001714672816328524,1D-CNN
S34,0.31562729099001074,0.6566933524381665,0.027679356571822564,ANN
S35,0.23336515766267013,0.564237812316338,0.2023970300209926,ANN
S36,0.0769591498163798,0.8232522919230474,0.09978855826057306,ANN
S37,0.023640577241085984,0.24232373107533312,0.7340356916835808,GRU
S38,0.000790432098299152,0.0016271435693062384,0.9975824243323949,GRU
S39,0.0,0.0,0.0,1D-CNN
S40,0.0,0.0,0.0,1D-CNN
S41,0.00021652205451902425,2.4171171612835585e-05,0.9997593067738682,GRU
S42,0.0015974115532168436,0.9980188983419016,0.0003836901048815994,ANN
S43,0.33940298278428216,0.3772423965708108,0.28335462064490724,ANN
S44,0.09348487127973379,0.8337408759556523,0.07277425276461355,ANN
S45,0.27262332971977743,0.28061160903357363,0.4467650612466489,GRU
S46,0.9802336748373108,0.018722204424765885,0.001044120737922913,1D-CNN
S47,0.16787558370038475,0.5554498130081245,0.2766746032914908,ANN
S48,0.537458577802417,0.2105280818136793,0.2520133403839038,1D-CNN
S49,0.25125064971590705,0.10450888514029788,0.6442404651437945,GRU
S50,0.7952007174802326,0.07018664118787765,0.1346126413318896,1D-CNN
S51,0.08046455723196096,0.7414503731297565,0.17808506963828252,ANN
S52,0.04764377813047148,0.037376662711631134,0.9149795591578976,GRU
S53,0.17490010003006795,0.6906017788009348,0.1344981211689971,ANN
S54,0.3689722871581332,0.48365963727219274,0.14736807556967357,ANN
S55,0.018769531257954237,0.9710767368017112,0.010153731940333994,ANN
S56,0.4201049164530461,0.5275257314338524,0.05236935211310142,ANN
S57,0.205419846672187,0.2756155921826688,0.518964561145144,GRU
S58,0.016370825911842718,0.05019864805346025,0.933430526034697,GRU
S59,0.0009904134685004525,0.9966331058331461,0.0023764806983536018,ANN
S60,0.0004856285379209041,0.002144939733319908,0.9973694317287591,GRU
S61,0.33152064503650064,0.3597192816670358,0.3087600732964633,ANN
S62,0.1603069181946455,0.2521137722121327,0.5875793095932216,GRU
S63,0.33169223524243646,0.510739227449895,0.15756853730766848,ANN
S64,0.3831034787666446,0.3270946255427292,0.2898018956906269,1D-CNN
S65,0.23851311474971001,0.47513397621040687,0.2863529090398832,ANN
S66,0.23608933554365133,0.27929969094962254,0.48461097350672594,GRU
S67,0.0,0.0,0.0,1D-CNN
S68,5.87108801057255e-05,1.6568638490761213e-05,0.9999247204814037,GRU
S69,0.0895094285535303,0.2533955544139356,0.6570950170325344,GRU
S70,0.41053548608849566,0.49196341634583607,0.09750109756566826,ANN
S71,0.3882816802792661,0.3419893110027918,0.26972900871794203,1D-CNN
S72,0.1412203294996641,0.06480105458332683,0.7939786159170082,GRU
S73,0.1015678409983629,0.6029648684909742,0.2954672905106629,ANN
S74,0.4886656494195333,0.2462648260021161,0.2650695245783507,1D-CNN
S75,0.1075150833909028,0.23637918526251603,0.6561057313465812,GRU
S76,0.01460427658891445,0.3270441544242219,0.6583515689868639,GRU
S77,0.9475831089101256,0.02813944800460034,0.024277443085274138,1D-CNN
S78,0.9994189687484066,0.00021152889540409633,0.00036950235618975484,1D-CNN
S79,0.38499715920062155,0.391562455182277,0.22344038561710142,ANN
S80,0.01992760838132991,0.9567092089268912,0.023363182691778457,ANN
S81,0.378115548727993,0.27980220128449534,0.3420822499875117,1D-CNN
S82,0.48023493491525215,0.44537290436276583,0.07439216072198161,1D-CNN
S83,0.3747653235542459,0.36970457038573634,0.2555301060600173,1D-CNN
S84,0.04829908174653318,0.3170168216775012,0.6346840965759656,GRU
S85,0.1440719448641979,0.8197136245874542,0.03621443054834775,ANN
S86,0.4988325479466119,0.22573557730613594,0.2754318747472518,1D-CNN
S87,0.46133560737718476,0.36182326103945994,0.17684113158335485,1D-CNN
S88,0.4242378806702343,0.1245893796583135,0.4511727396714522,GRU
S89,0.3453286652053478,0.33271348051223726,0.3219578542824152,1D-CNN
S90,0.2520269848275421,0.23873934855838289,0.5092336666140749,GRU
S91,0.16499577295785464,0.3454874776926254,0.4895167493495196,GRU
S92,0.04885051933481242,0.9250461857233726,0.026103294941815073,ANN
S93,0.3719691395315825,0.3748226566340806,0.25320820383433684,ANN
S94,0.07851088631040556,0.15615546035629388,0.7653336533333005,GRU
S95,0.19492151376458547,0.06223559545575999,0.7428428907796546,GRU
S96,0.012581843240403033,0.011002755662122011,0.9764154010974757,GRU
S97,0.12240971017306196,0.7812268897940645,0.09636340003287325,ANN
S98,0.03185960674147259,0.9354810320939384,0.032659361164588535,ANN
S99,0.3142670039573284,0.4463574799834114,0.2393755160592597,ANN
S100,0.2200540481948673,0.1988948975772677,0.5810510542278643,GRU
S101,0.06184399357566156,0.8927168499425122,0.04543915648182642,ANN
S102,0.19812695356146387,0.6976356214771139,0.10423742496142172,ANN
S103,0.3303116499411474,0.3769734098792503,0.29271494017960253,ANN
S104,0.11524747273184002,0.3164356786312721,0.5683168486368869,GRU
S105,0.2598298261834446,0.29409582206790413,0.446074351748651,GRU
S106,0.13588019301584894,0.1483786298069089,0.7157411771772421,GRU
S107,0.4305109116944714,0.28142627192233743,0.28806281638319026,1D-CNN
S108,0.05897510678723369,0.04262738075409158,0.8983975124586748,GRU
S109,0.8089102573719686,0.06982952174736168,0.12126022088066941,1D-CNN
S110,0.35479134672406226,0.3751820927468186,0.27002656052911905,ANN
S111,0.2897282528939883,0.22838580264220176,0.48188594446381,GRU
S112,0.26648599418743174,0.5138319117841479,0.2196820940284202,ANN
S113,0.3608340266806737,0.24158788814927581,0.3975780851700507,GRU
S114,0.0030112581500642663,0.0002098847778996241,0.9967788570720361,GRU
S115,0.1898106458619928,0.4716093901328121,0.33857996400519486,ANN
S116,0.23195701647544845,0.4810313207857253,0.2870116627388264,ANN
S117,0.24978202309009037,0.1575786614164301,0.5926393154934796,GRU
S118,0.9293162905382449,0.05145932835919086,0.01922438110256427,1D-CNN
S119,0.03409936413714556,0.9516707222720845,0.014229913590769985,ANN
S120,0.2207015051598815,0.21054604110552116,0.5687524537345972,GRU
S121,0.8946321949146231,0.029512952911194122,0.07585485217418285,1D-CNN
S122,0.17352823493862798,0.007915158570932087,0.81855660649044,GRU
S123,0.3599668781893863,0.4603605935564483,0.17967252825416546,ANN
S124,0.05924086332529546,0.8743866169391697,0.06637251973553497,ANN
S125,0.9998161196410319,5.900817963286116e-05,0.00012487217933605316,1D-CNN
S126,0.7548618600165738,0.0507550385597022,0.19438310142372453,1D-CNN
S127,0.33655439904859624,0.3509861341242447,0.31245946682715875,ANN
S128,0.0885390754006347,0.7984349322917212,0.11302599230764383,ANN
S129,0.1404381108771073,0.493041335099692,0.36652055402320033,ANN
S130,0.9993458752312991,0.00020188388180137162,0.0004522408868994353,1D-CNN
S131,0.4809657308695461,0.47766636732301426,0.04136790180743961,1D-CNN
S132,0.34980796226830496,0.3935392083350113,0.2566528293966836,ANN
S133,0.18519408710646967,0.16505936880682925,0.6497465440867013,GRU
S134,0.8176247323197068,0.060198422315271706,0.12217684536502141,1D-CNN
S135,0.35664877438575887,0.41213012218160316,0.23122110343263771,ANN
S136,0.1274054479293161,0.5358825280887326,0.33671202398195205,ANN
S137,0.2420261576792758,0.27696600905453433,0.4810078332661899,GRU
S138,0.011981128985145632,0.9822109128516453,0.005807958163208966,ANN
S139,0.11674265040748949,0.09418810926238293,0.7890692403301268,GRU
S140,0.4040366666859815,0.28574580150996537,0.3102175318040531,1D-CNN
S141,0.10376289616285414,0.7853355349715828,0.11090156886556395,ANN
S142,0.09066895893921655,0.8005663694064958,0.10876467165428766,ANN
S143,0.25740234533808376,0.3208559454145975,0.4217417092473194,GRU
S144,0.1735870645424896,0.01185655110403985,0.8145563843534704,GRU
S145,0.2868369493002039,0.5639041271425375,0.14925892355725828,ANN
S146,0.2813580409882025,0.4568860831163154,0.2617558758954812,ANN
S147,0.553570871891896,0.2417727611460364,0.20465636696206677,1D-CNN
S148,0.2669360712034555,0.31946051884703974,0.41360340994950473,GRU
S149,0.1882919836751183,0.18847481863066673,0.6232331976942141,GRU
S150,0.2038689787547707,0.004915987071098685,0.79121503417413,GRU
S151,0.5775803244768138,0.22090545600591857,0.20151421951726717,1D-CNN
S152,0.011200814280473526,0.9752878117650707,0.01351137395445649,ANN
S153,0.07404722686959282,0.7854220710794523,0.14053070205095483,ANN
S154,0.02705165900156074,0.0035914615715193637,0.96935687942692,GRU
S155,0.2604367624673615,0.009480275083656516,0.7300829624489816,GRU
S156,0.48366331758899933,0.31942052916971786,0.19691615324128284,1D-CNN
S157,0.6318145610384373,0.15566177675970796,0.2125236622018547,1D-CNN
S158,0.26140507952258174,0.558475702851248,0.18011921762616998,ANN
S159,0.02198665548501891,0.241516892993824,0.7364964515211581,GRU
S160,0.010117537641137653,0.0820491984203057,0.9078332639385559,GRU
S161,0.004317461652451649,0.009478301541727603,0.9862042368058214,GRU
S162,0.7302644666319479,0.008226051215567715,0.26150948215248415,1D-CNN
S163,0.606133793014767,0.34362083117631365,0.05024537580891939,1D-CNN
S164,0.40845133282047774,0.3304526993929193,0.2610959677866028,1D-CNN
S165,0.020070775222258287,0.9578879262386244,0.022041298539117234,ANN
S166,0.05442289309972354,0.12544895494366448,0.820128151956612,GRU
S167,0.39977723201231785,0.24747129109409852,0.35275147689358327,1D-CNN
S168,0.7850768654208312,0.1231486304786074,0.0917745041005621,1D-CNN
S169,0.2827736707557406,0.4552813014977455,0.2619450277465138,ANN
S170,0.19588324033894133,0.12315416155048671,0.6809625981105718,GRU
S171,0.7850553684562482,0.10697492625620138,0.1079697052875509,1D-CNN
S172,0.7248918688863307,0.13806071266273237,0.13704741845093646,1D-CNN
S173,0.05522253986060287,0.8789589800966192,0.0658184800427778,ANN
S174,0.9937596550493114,0.0042773571187303076,0.0019629878319582946,1D-CNN
S175,0.0755007964925563,0.5288974352746687,0.395601768232775,ANN
S176,0.0106127155299866,0.4655649870036199,0.5238222974663928,GRU
S177,0.09006769615170186,0.2919665301514853,0.6179657736968129,GRU
S178,0.21639784531663692,0.11111412795502722,0.6724880267283354,GRU
S179,0.9516590048137278,0.010631688157752194,0.0377093070285199,1D-CNN
S180,0.999964277449623,2.894992914940259e-05,6.772621227299838e-06,1D-CNN
S181,0.325555407179117,0.38570961676109056,0.2887349760597926,ANN
S182,0.2340244551690828,0.3992996280900771,0.36667591674083966,ANN
S183,0.6259495352612608,0.09160789142839283,0.2824425733103455,1D-CNN
S184,0.14189902454163295,0.07601803244687826,0.7820829430114888,GRU
S185,0.446278158060858,0.16059361274614098,0.39312822919300083,1D-CNN
S186,0.3093674559097445,0.30917935037736904,0.38145319371288583,GRU
S187,0.10348523380361199,0.593004655240036,0.30351011095635116,ANN
S188,0.7139437969463363,0.14357167824469957,0.142484524808964,1D-CNN
S189,0.009246485987142186,0.003135727749805754,0.9876177862630516,GRU
S190,0.820801483713525,0.017129710320469074,0.1620688059660066,1D-CNN
S191,0.036674247155415986,0.9431500560304922,0.020175696814091693,ANN
S192,0.004766865777376432,0.9907189319486026,0.0045142022740203664,ANN
S193,0.04778025656784891,0.5836327325895111,0.3685870108426401,ANN
S194,0.07042995280750562,0.6642971570477358,0.2652728901447585,ANN
S195,0.28265767126132224,0.16623049784482818,0.5511118308938496,GRU
S196,6.485178205369044e-06,0.9999905508896477,2.9639321470451676e-06,ANN
S197,0.2973450020897131,0.345818624106856,0.35683637380343025,GRU
S198,0.2326119518751197,0.11852703927592032,0.6488610088489596,GRU
S199,0.743834814638588,0.09675474988280051,0.15941043547861086,1D-CNN
S200,0.9938297562037416,0.0010429976813621051,0.005127246114896809,1D-CNN
S201,0.3588887185960011,0.37876730852291496,0.2623439728810845,ANN
S202,0.29549068515493804,0.3273340871952168,0.37717522764984496,GRU
S203,0.13012292260579197,0.5335043945600069,0.3363726828342012,ANN
S204,0.9846512791272249,0.007824061580716742,0.007524659292058068,1D-CNN
S205,0.13243867923151328,0.6024040519911075,0.2651572687773788,ANN
S206,0.0007578112733546484,0.9988769444322482,0.0003652442943967744,ANN
S207,0.3529272815588558,0.3659473930241722,0.281125325416972,ANN
S208,0.0008632691614595546,0.9979119829916682,0.0012247478468719853,ANN
S209,0.025614533313792685,0.027248881749949074,0.9471365849362583,GRU
S210,0.5714084374180675,0.3008413475406583,0.12775021504127496,1D-CNN
S211,0.2862540413648716,0.5189717052489814,0.19477425338614748,ANN
S212,0.045554696092118346,0.9161996942167717,0.038245609691109794,ANN
S213,0.11844359861536406,0.0818587172488276,0.7996976841358083,GRU
S214,0.9935893729815999,0.0019791076922987833,0.004431519326101233,1D-CNN
S215,0.9393566077024771,0.022696478997276115,0.03794691330024616,1D-CNN
S216,0.00027984043785174,0.9994491139839758,0.00027104557817224324,ANN
S217,0.12389719199355093,0.7293851934264584,0.14671761457999047,ANN
S218,0.22608006266761177,0.29875535102074924,0.47516458631163905,GRU
S219,0.05814824789845731,0.9407302385720834,0.0011215135294591096,ANN
S220,0.8758244223778332,0.08769972544541361,0.03647585217675297,1D-CNN
S221,0.1983884653230466,0.75640087600259,0.04521065867436319,ANN
S222,0.21288782510053772,0.5611468592673926,0.22596531563206967,ANN
S223,0.2094543125383066,0.12617955416424534,0.6643661332974479,GRU
S224,0.2869160432358799,0.47699537921124663,0.23608857755287346,ANN
S225,0.3879598242778963,0.14646716604169382,0.46557300968040977,GRU
S226,0.28858318432554136,0.4449517497702209,0.2664650659042369,ANN
S227,0.2550734605206265,0.3949879589922465,0.34993858048712695,ANN
S228,0.11205562440472164,0.13399647923608973,0.7539478963591881,GRU
S229,0.2812105788235245,0.3989203887937783,0.31986903238269704,ANN
S230,0.22028869823874633,0.44953392681101983,0.3301773749502339,ANN
S231,0.6605468073343563,0.03918507033431894,0.30026812233132466,1D-CNN
S232,0.2965353610475089,0.03656526420312292,0.6668993747493681,GRU
S233,0.4336847656730824,0.29276850179583996,0.2735467325310777,1D-CNN
S234,0.34826425293144075,0.34412358085400163,0.30761216621455717,1D-CNN
S235,0.4677379364295643,0.1532387613185574,0.3790233022518784,1D-CNN
S236,0.00011707144515425377,0.9998078759126922,7.505264215357551e-05,ANN
S237,0.30630500316109793,0.3415885917378578,0.352106405101044,GRU
S238,0.016007077449038926,0.966916651574259,0.017076270976701873,ANN
S239,0.9496297136268339,0.0002996301312334615,0.050070656241932514,1D-CNN
S240,0.06917582477970942,0.00648771629194948,0.9243364589283406,GRU
S241,0.3427254352157857,0.4957448808059198,0.16152968397829431,ANN
S242,0.3171053952669155,0.4577249041064414,0.2251697006266428,ANN
S243,0.1439229664767656,0.1952045689635972,0.6608724645596373,GRU
S244,0.42442229636402434,0.2787363855512,0.2968413180847756,1D-CNN
S245,0.0012672536355148808,0.0006000198589222124,0.998132726505563,GRU
S246,0.00047342500375270553,0.9992696227125053,0.00025695228374176155,ANN
S247,0.48505240183660164,0.20070459275716046,0.31424300540623784,1D-CNN
S248,0.11832288800847193,0.7505665112700394,0.1311106007214893,ANN
S249,0.0029154394032637624,0.01518005462001233,0.9819045059767241,GRU
S250,0.002086831894046983,0.9856769375763665,0.012236230529585971,ANN
S251,0.5519130718147294,0.014984331581318958,0.4331025966039524,1D-CNN
S252,0.5205264279348002,0.17291665417772692,0.30655691788747363,1D-CNN
S253,0.29122876871244385,0.4607452529182016,0.2480259783693546,ANN
S254,0.0019409392088701998,0.9961669182132746,0.0018921425778551017,ANN
S255,0.09415268835610636,0.7187324928206619,0.18711481882323203,ANN
S256,0.25941802816329834,0.3552285144657426,0.3853534573709592,GRU
S257,0.0365089723580158,0.005540592484127284,0.9579504351578568,GRU
S258,0.5745660934262914,0.0030856266166789815,0.42234827995702895,1D-CNN
S259,0.44137910854572876,0.39755712362851864,0.1610637678257519,1D-CNN
S260,0.3542008313538068,0.36333470198643775,0.282464466659756,ANN
S261,0.006077372939804126,0.749275206906046,0.24464742015414986,ANN
S262,0.49213098256751814,0.24756385305743567,0.260305164375047,1D-CNN
S263,0.2815209530518954,0.4230873898549737,0.295391657093131,ANN
S264,0.21363887428478706,0.3912338844374585,0.3951272412777544,GRU
S265,0.7109456497467095,0.08021143260059396,0.20884291765269652,1D-CNN
S266,0.46184689859825656,0.2894447713003607,0.24870833010138277,1D-CNN
S267,0.15781472772017227,0.6387689514552087,0.2034163208246198,ANN
S268,0.8123264058706143,0.1147562759907538,0.07291731813863153,1D-CNN
S269,0.4748968767039845,0.24079649640371156,0.284306626892304,1D-CNN
S270,0.09467074558637019,0.8550197890642774,0.05030946534935241,ANN
S271,0.08222568888297076,0.8223503287718745,0.09542398234515452,ANN
S272,0.060928358726883076,0.16921954342017376,0.7698520978529431,GRU
S273,0.016725394138607276,0.8933378781669702,0.08993672769442168,ANN
S274,0.6608030747990525,0.15582470660624548,0.18337221859470182,1D-CNN
S275,0.1545459562087874,0.8004648525942991,0.04498919119691306,ANN
S276,0.11083414476244655,0.061956520753591704,0.8272093344839616,GRU
S277,0.5863388237513677,0.15687621185592068,0.2567849643927114,1D-CNN
S278,0.3348335722110351,0.34116728414650654,0.3239991436424579,ANN
S279,0.005147074117499856,0.9898401509992097,0.0050127748832906,ANN
S280,0.11621778854738175,0.03884169533113604,0.8449405161214821,GRU
S281,0.1498366364553044,0.11032203867592416,0.7398413248687707,GRU
S282,0.5554952068446054,0.018447496915813422,0.426057296239582,1D-CNN
S283,0.03748006347292788,0.42071320056803485,0.5418067359590373,GRU
S284,0.9877166969289591,0.0036472038668522006,0.008636099204188546,1D-CNN
S285,0.006335029427229637,0.9930508132688608,0.0006141573039101105,ANN
S286,0.3220899440111996,0.5586472205829631,0.1192628354058373,ANN
S287,0.06588027096036216,0.9275866663892987,0.006533062650338699,ANN
S288,0.03171886529866328,0.06368849458702204,0.9045926401143147,GRU
S289,0.05013020290506,0.04807884538904447,0.9017909517058956,GRU
S290,0.4643256018111851,0.3621702868900673,0.17350411129874754,1D-CNN
S291,0.18037886596170827,0.6706296651471596,0.1489914688911321,ANN
S292,0.286269525205783,0.32719944666089634,0.38653102813332074,GRU
S293,0.8088032067060746,0.0031212591654919747,0.18807553412843386,1D-CNN
S294,0.4714780483815723,0.3495372637113397,0.17898468790708796,1D-CNN
S295,0.11416666389377388,0.7836312807410986,0.1022020553651274,ANN
S296,0.00010730588069140803,0.9998140064825327,7.868763677571027e-05,ANN
S297,0.11294017086184598,0.27774297282295496,0.6093168563151992,GRU
S298,0.16288461283583683,0.8063041372539577,0.030811249910205243,ANN
S299,0.39289857222535324,0.329965393466632,0.27713603430801453,1D-CNN
S300,0.012324648639347449,0.7267556551730265,0.2609196961876258,ANN
S301,0.037782806769360425,0.09257236351898641,0.8696448297116531,GRU
S302,0.00505770184333316,0.9175074272442788,0.07743487091238808,ANN
S303,0.8661112411620288,0.06414296734905457,0.06974579148891631,1D-CNN
S304,0.27381767312998,0.5790847296115779,0.14709759725844215,ANN
S305,0.9660772924254688,0.021128233285626657,0.012794474288904574,1D-CNN
S306,0.6142524739566656,0.01910525520449622,0.36664227083883805,1D-CNN
S307,0.8909823734032838,0.077277446084865,0.03174018051185112,1D-CNN
S308,0.20684553293382424,0.6625815993484125,0.13057286771776333,ANN
S309,0.015051553895919953,0.8838070549638126,0.10114139114026827,ANN
S310,0.23788294341014377,0.3583621081419769,0.40375494844787896,GRU
S311,0.2864508213222962,0.5418323251470418,0.17171685353066202,ANN
S312,0.15182511225151502,0.6514096611705709,0.1967652265779135,ANN
S313,0.0390487101551222,0.36536673997203023,0.5955845498728476,GRU
S314,0.9209754713149866,0.018336845455608743,0.060687683229404515,1D-CNN
S315,0.06744939788433789,0.8908668259482934,0.04168377616736852,ANN
S316,0.24947750121749976,0.36121062104111024,0.38931187774139014,GRU
S317,0.1415702638690308,0.003893045340186256,0.8545366907907829,GRU
S318,0.16280480520358923,0.6470431076915709,0.19015208710484058,ANN
S319,0.16845467923755955,0.14657157008184346,0.684973750680597,GRU
S320,0.47232138263666046,0.3475146692651526,0.18016394809818703,1D-CNN
S321,0.3220497911613482,0.12498655961034501,0.5529636492283069,GRU
S322,0.9933371928548479,0.0006883487442275089,0.005974458400924819,1D-CNN
S323,0.2926043685433521,0.6146073645805044,0.092788266876143,ANN
S324,0.1098842090997877,0.3870867044794223,0.5030290864207895,GRU
S325,0.2715513702446139,0.3666804528984169,0.361768176856969,ANN
S326,0.0014442515815162415,0.8655320018184056,0.13302374660007796,ANN
S327,0.15373904175050804,0.13482982997787812,0.7114311282716134,GRU
S328,0.16606548186141654,0.5405645955585286,0.29336992258005457,ANN
S329,0.01834960866380471,0.8861568728681977,0.09549351846799836,ANN
S330,0.9164652478138653,0.01015719325967644,0.07337755892645777,1D-CNN
S331,0.5081714111769687,0.29071305092539995,0.20111553789763112,1D-CNN
S332,0.1640926586175495,0.6794262923268442,0.1564810490556063,ANN
S333,0.28690181040077156,0.6768081788035908,0.03629001079563745,ANN
S334,0.9779287029731628,0.011404476072586019,0.010666820954250865,1D-CNN
S335,0.639088777275763,0.16110843164438202,0.19980279107985466,1D-CNN
S336,0.2814751471562694,0.26442302367128245,0.45410182917244873,GRU
S337,0.013845675742915797,0.01074635120056081,0.975407973056524,GRU
S338,0.953944801159658,0.017882008486963016,0.028173190353378876,1D-CNN
S339,0.3953011926718193,0.296177314257863,0.30852149307031784,1D-CNN
S340,0.03205236286045177,0.8827157858993107,0.08523185124023766,ANN
S341,0.2953009135856385,0.13984790423827428,0.5648511821760865,GRU
S342,0.44579826533181827,0.37624977360061096,0.17795196106757055,1D-CNN
S343,0.04287642343269027,0.9129130922006963,0.044210484366613484,ANN
S344,0.2248685964816799,0.4612671181924255,0.3138642853258949,ANN
S345,0.06869099728161708,0.5513426377752084,0.3799663649431743,ANN
S346,0.9947005644235448,0.0011410378972966414,0.004158397679158241,1D-CNN
S347,0.7971669828691402,0.18791105305002415,0.01492196408083546,1D-CNN
S348,0.34262855346947413,0.3681577186246451,0.28921372790588046,ANN
S349,0.0033096698068076184,0.992077957804649,0.004612372388542876,ANN
S350,0.4765509409446248,0.2631039254832319,0.2603451335721433,1D-CNN
S351,0.38835800973689644,0.4241148137933222,0.18752717646978184,ANN
S352,0.007990930139891871,0.9585366217215282,0.03347244813857989,ANN
S353,0.356235260483674,0.2808151110769249,0.3629496284394009,GRU
S354,0.042244691234080714,0.9374003938423644,0.020354914923554367,ANN
S355,0.369931416736696,0.3176779322688783,0.31239065099442576,1D-CNN
S356,0.061832031318677906,0.9351320987963859,0.0030358698849361756,ANN
S357,0.005239503942724358,0.007205829482923369,0.9875546665743523,GRU
S358,3.274092043546045e-05,0.9996745738115947,0.0002926852679702869,ANN
S359,0.05922581088459784,0.2024956323165277,0.7382785567988743,GRU
S360,0.011361308340002426,0.022551719054257312,0.9660869726057403,GRU
S361,0.08184807072008435,0.4052732179958032,0.5128787112841123,GRU
S362,0.2685387736840251,0.11801219311208734,0.6134490332038872,GRU
S363,0.3389411726910576,0.38639640858209284,0.27466241872685027,ANN
S364,0.0921501798731741,0.8134052836880274,0.0944445364387985,ANN
S365,0.00781755701069029,0.9793684139744547,0.012814029014854835,ANN
S366,0.18708751012004113,0.25364025204679946,0.5592722378331595,GRU
S367,0.07890090472814455,0.15849593594971453,0.7626031593221411,GRU
S368,0.5559198107825859,0.31400315178283933,0.13007703743457477,1D-CNN
S369,0.36810832945459293,0.3627004144524567,0.2691912560929509,1D-CNN
S370,0.060916638050974165,0.853982220160014,0.08510114178901189,ANN
S371,0.2795232437748266,0.1105794435641159,0.609897312661058,GRU
S372,0.10697732559059954,0.11399150988781555,0.7790311645215848,GRU
S373,0.45988971416367186,0.12824421346875445,0.4118660723675731,1D-CNN
S374,0.22565843655976467,0.6061355996968624,0.16820596374337254,ANN
S375,0.06444168364722087,0.8357265873033485,0.09983172904943038,ANN
S376,0.045186563531044666,0.5108505459692069,0.44396289049974846,ANN
S377,0.27335260505438186,0.38602399966886075,0.34062339527675817,ANN
S378,0.0050757655203396215,0.0003129864385066306,0.9946112480411535,GRU
S379,0.0029107498245738122,0.9951589434441339,0.0019303067312922883,ANN
S380,0.3051119989018411,0.41805323828123253,0.2768347628169265,ANN
S381,0.0024205048521767467,0.9883266683041284,0.009252826843693551,ANN
S382,0.925236102610302,0.044064143572279835,0.03069975381741805,1D-CNN
S383,0.23314451682435272,0.5307419596271254,0.23611352354852194,ANN
S384,0.24321311063778364,0.41181315768012133,0.344973731682095,ANN
S385,0.18679559737416188,0.5310416817187322,0.2821627209071051,ANN
S386,0.26360224252865605,0.37220393665251505,0.3641938208188288,ANN
S387,0.11824804609127261,0.33954391505464093,0.5422080388540865,GRU
S388,0.6814628639246076,0.25996312233543345,0.05857401373995879,1D-CNN
S389,0.00803234662379981,0.9892607307260617,0.0027069226501383404,ANN
S390,0.4510804595080593,0.15134943694504235,0.3975701035468983,1D-CNN
S391,0.13075358910086501,0.012183088412242813,0.8570633224868922,GRU
S392,0.45661758743645475,0.439486556354267,0.10389585620927826,1D-CNN
S393,0.3011568059664478,0.4165890349653229,0.28225415906822926,ANN
S394,0.01142807865479704,0.003517792673880442,0.9850541286713226,GRU
S395,0.3679509078877943,0.41120373212294775,0.22084535998925767,ANN
S396,0.30449988446000764,0.2782417779360799,0.41725833760391207,GRU
S397,0.1603908822088268,0.6239657334463893,0.21564338434478378,ANN
S398,0.27010466986561915,0.42526660337379835,0.3046287267605821,ANN
S399,0.1902568167897876,0.5949048220760138,0.21483836113419857,ANN
S400,0.9526031185779223,0.005801638679826838,0.04159524274225038,1D-CNN
S401,0.5194953925458016,0.4058367995088357,0.07466780794536262,1D-CNN
S402,0.9999279166135596,8.790963449197459e-06,6.329242299073439e-05,1D-CNN
S403,0.41008258841625284,0.34568859436029054,0.24422881722345588,1D-CNN
S404,0.2999888788785761,0.35950537910960456,0.3405057420118194,ANN
S405,0.002467376477096418,0.16500466695552765,0.8325279565673759,GRU
S406,0.0,0.0,0.0,1D-CNN
S407,0.0,0.0,0.0,1D-CNN
S408,0.012673358501721771,0.00153439330774106,0.9857922481905371,GRU
S409,0.8583373154722951,0.01505748378521157,0.1266052007424935,1D-CNN
S410,0.11502424427230336,0.7166754238139037,0.1683003319137927,ANN
S411,0.22304153122823048,0.2507002517307321,0.5262582170410368,GRU
S412,0.3529709788758869,0.5344301891548174,0.11259883196929553,ANN
S413,0.31001563444314495,0.4453910447008113,0.24459332085604343,ANN
S414,0.2249846871906876,0.35082640087111444,0.4241889119381979,GRU
S415,0.06011492665696776,0.03624850145224031,0.9036365718907918,GRU
S416,0.2771919793746418,0.46875147818724133,0.25405654243811704,ANN
S417,0.3621750579197036,0.17433641655766002,0.4634885255226357,GRU
S418,0.5286054946523532,0.1053109360833234,0.36608356926432334,1D-CNN
S419,0.4248534310449624,0.19447036091908854,0.38067620803594887,1D-CNN
S420,0.1335280271494599,0.7319812341747259,0.13449073867581463,ANN
S421,0.2383435691459639,0.365964768932752,0.3956916619212843,GRU
S422,0.5297636867372585,0.08095529002194483,0.3892810232407971,1D-CNN
S423,0.13807839029409882,0.6526852326145323,0.2092363770913691,ANN
S424,0.04913003434676174,0.8395415366717434,0.11132842898149467,ANN
S425,0.0003067482601547551,0.999167392334546,0.0005258594052988681,ANN
S426,0.21347249360715737,0.29162349091743794,0.4949040154754041,GRU
S427,0.7859530594247127,0.016530860376455847,0.19751608019883188,1D-CNN
S428,0.09957988935736142,0.868602097466995,0.03181801317564445,ANN
S429,0.43481750042235,0.1602162174323214,0.4049662821453287,1D-CNN
S430,0.8993312320697254,0.004957979858938408,0.09571078807133601,1D-CNN
S431,0.017595669121040117,0.9723577673300493,0.010046563548910434,ANN
S432,0.001082505970704504,0.997501510306695,0.0014159837226006419,ANN
S433,0.06940987842582307,0.7770502855642074,0.15353983600997023,ANN
S434,0.05030224119409075,0.0005184207963811184,0.9491793380095276,GRU
S435,0.36680743708701546,0.4507969297587493,0.18239563315423532,ANN
S436,0.29246495423113306,0.3139607501263119,0.3935742956425549,GRU
S437,0.2822658688869253,0.11766432189200485,0.6000698092210698,GRU
S438,0.7057225492686159,0.12080892745113825,0.17346852328024595,1D-CNN
S439,0.28621916056601543,0.47214256857181525,0.24163827086216996,ANN
S440,0.04397304849572119,0.04014967570769638,0.9158772757965823,GRU
S441,0.08996974216310281,0.3032353404023751,0.6067949174345221,GRU
S442,0.008834274556017851,0.9368654441648256,0.054300281279156724,ANN
S443,0.05420890440476552,0.93967180348304,0.006119292112195164,ANN
S444,0.4959729898542939,0.35604348220801424,0.14798352793769104,1D-CNN
S445,0.24329601714408836,0.4591194205219156,0.2975845623339956,ANN
S446,0.1513689799533937,0.6760574613331464,0.17257355871346,ANN
S447,0.2267609271057224,0.4234424696492649,0.3497966032450128,ANN
S448,0.002814831229699858,0.002436608232982948,0.9947485605373173,GRU
S449,0.4282228684967288,0.3880171217050764,0.18376000979819496,1D-CNN
S450,0.38143714679240476,0.33168476763331733,0.28687808557427774,1D-CNN
S451,0.04151377375755595,0.8822688267390961,0.07621739950334802,ANN
S452,0.3368106775670892,0.12258793299080896,0.5406013894421025,GRU
S453,0.29617258449891815,0.2958349470272648,0.4079924684738166,GRU
S454,0.0026455930713287523,0.9942449445971171,0.003109462331553993,ANN
S455,0.0616571068121397,0.04693863034017362,0.8914042628476868,GRU
S456,0.06043576524948488,0.8895666070413752,0.04999762770914001,ANN
S457,0.24198242770467104,0.36077886825220673,0.39723870404312295,GRU
S458,0.16613229192329024,0.4309582607618809,0.4029094473148283,ANN
S459,0.006619800710512549,0.0010527811224619553,0.9923274181670261,GRU
S460,0.384040156470345,0.32321050416473857,0.29274933936491604,1D-CNN
S461,0.245007378870539,0.3776216494812641,0.377370971648197,ANN
S462,0.043001763255138,0.2090464056959898,0.7479518310488729,GRU
S463,0.40217197567000185,0.09504283617800502,0.5027851881519932,GRU
S464,0.3106818849104785,0.426672942830176,0.26264517225934536,ANN
S465,0.2844556666346689,0.32532618478193354,0.3902181485833974,GRU
S466,0.40948239755185584,0.10629803374761555,0.4842195687005283,GRU
S467,0.10807543660488061,0.014198808202046028,0.8777257551930734,GRU
S468,0.12280083591067341,0.618249515618724,0.25894964847060276,ANN
S469,0.25960896930219307,0.5715696040610787,0.1688214266367282,ANN
S470,0.3381826800106286,0.3717226220101915,0.29009469797917975,ANN
S471,0.033075277941716906,0.9078092079006063,0.0591155141576777,ANN
S472,0.011782900941760698,0.949056700212791,0.039160398845447926,ANN
S473,0.5029313124292529,0.4534662389752109,0.04360244859553631,1D-CNN
S474,0.2630056033941823,0.46769801141935186,0.2692963851864661,ANN
S475,0.07661426853013752,0.8398232566896257,0.08356247478023685,ANN
S476,0.0037216106728849155,0.8656511752963439,0.13062721403077135,ANN
S477,0.9933778324254123,0.002572498809257813,0.004049668765329475,1D-CNN
S478,0.1144024940980638,0.8644036204635753,0.02119388543836082,ANN
S479,0.9790096387334517,0.000562554794830053,0.020427806471718792,1D-CNN
S480,0.2309450500562588,0.5068985400554042,0.2621564098883368,ANN
S481,0.24209493901515736,0.3033188607995787,0.45458620018526413,GRU
S482,0.0032609672651826844,0.10140227874053746,0.8953367539942797,GRU
S483,0.9054498565864612,0.02199652651536977,0.07255361689816905,1D-CNN
S484,0.4451461266238766,0.3111030064910147,0.2437508668851085,1D-CNN
S485,0.37146818241171137,0.2830353977645741,0.3454964198237145,1D-CNN
S486,0.22508193565155682,0.6314550440276383,0.14346302032080563,ANN
S487,0.1223111191887483,0.6862955240473693,0.19139335676388244,ANN
S488,0.00131772556065042,0.9968201740032536,0.0018621004360959647,ANN
S489,0.4146768213144099,0.08002726209506487,0.5052959165905253,GRU
S490,0.9504699932701371,0.00607020113160374,0.043459805598259106,1D-CNN
S491,0.328812053978032,0.4464033824435299,0.22478456357843812,ANN
S492,0.162671522044352,0.6433871281606361,0.1939413497950123,ANN
S493,0.17390593183787484,0.4624283131703457,0.3636657549917794,ANN
S494,0.9924622746102272,0.0009329881075161134,0.006604737282255889,1D-CNN
S495,0.3219869493270215,0.40362441005863053,0.274388640614348,ANN
S496,0.29419978809178227,0.3054728565196043,0.4003273553886136,GRU
S497,0.003129562555641392,0.987903736092953,0.008966701351405384,ANN
S498,0.12473292105719856,0.8076058402520904,0.06766123869071043,ANN
S499,0.24191197831656422,0.2769884232096927,0.48109959847374323,GRU
S500,0.12727195200071845,0.2148434367072697,0.6578846112920119,GRU
S501,0.7132509778483951,0.032711031173517355,0.2540379909780877,1D-CNN
S502,0.21892922239565563,0.6205865161221684,0.16048426148217665,ANN
S503,0.30418734449311213,0.30742524712424063,0.38838740838264746,GRU
S504,0.24149991350669434,0.27429803571824646,0.48420205077505934,GRU
S505,0.3178758900654183,0.2841321149809788,0.3979919949536029,GRU
S506,0.7344091008923512,0.016458657199028538,0.24913224190862074,1D-CNN
S507,0.9912612178945952,0.0036504028296321053,0.00508837927577231,1D-CNN
S508,0.3714681648154969,0.007237420209413411,0.6212944149750899,GRU
S509,0.02248447995971574,0.9642750505800657,0.013240469460218597,ANN
S510,0.24530797280899516,0.5163515871323804,0.23834044005862395,ANN
S511,0.25451439795151204,0.6520112123260156,0.09347438972247328,ANN
S512,0.9986844924576721,0.0007490013013470801,0.0005665062409808115,1D-CNN
S513,0.9867831563804933,0.006074270005012925,0.007142573614494386,1D-CNN
S514,0.16509956238605356,0.7079974112706334,0.12690302634331305,ANN
S515,0.24781116477956494,0.5822321503377449,0.16995668488269008,ANN
S516,0.006694128954140006,0.9789676233395284,0.014338247706332144,ANN
S517,0.029530883846708142,0.7448761165050525,0.225592999648239,ANN
S518,0.5246414854134901,0.2765581012314058,0.19880041335510384,1D-CNN
S519,0.4265078300514564,0.3649329366087606,0.2085592333397829,1D-CNN
S520,0.08732377563755125,0.8370192233751736,0.0756570009872749,ANN
S521,0.21288920627725838,0.31969742716038135,0.46741336656235954,GRU
S522,0.29599349539986014,0.308982636852827,0.3950238677473127,GRU
S523,0.2284924742422096,0.19417057630631884,0.5773369494514715,GRU
S524,0.2642130644412907,0.4505785653489802,0.2852083702097285,ANN
S525,0.022423852247973632,0.0027692748107080696,0.9748068729413186,GRU
S526,0.244659707569962,0.3862965790417993,0.36904371338823866,ANN
S527,0.23533809958566787,0.2916996270319959,0.47296227338233576,GRU
S528,0.0026986976534037806,0.0003218627911785494,0.9969794395554171,GRU
S529,0.054949585205623826,0.9205377802319941,0.024512634562381924,ANN
S530,0.7221802646628545,0.16855045406999622,0.10926928126714933,1D-CNN
S531,0.430516446041075,0.3662452931111689,0.20323826084775568,1D-CNN
S532,0.28666241508434087,0.5188292006753078,0.19450838424035127,ANN
S533,0.0360871264412677,0.8981830195632553,0.06572985399547703,ANN
S534,0.2490831866522841,0.14321713481036985,0.6076996785373461,GRU
S535,0.6982388183768158,0.07007482639186582,0.23168635523131928,1D-CNN
S536,0.24272610537692885,0.5987365295648261,0.15853736505824514,ANN
S537,0.12682531705050068,0.7575882316881741,0.11558645126132575,ANN
S538,0.03740338120271624,0.9123697349547192,0.05022688384256466,ANN
S539,0.11267576810377877,0.6219676924197183,0.26535653947650445,ANN
S540,0.041458172164499096,0.932510100509229,0.026031727326271993,ANN
S541,0.25505319956632044,0.4172212635492339,0.32772553688444567,ANN
S542,0.3111146033220786,0.2825612536932315,0.40632414298469,GRU
S543,0.04370770802999796,0.003448588499504709,0.9528437034704973,GRU
S544,0.280373464409968,0.36329726713830196,0.35632926845173074,ANN
S545,0.23621891356837918,0.10135875043297526,0.6624223359986448,GRU
S546,0.5608751391370448,0.1912395091341699,0.2478853517287858,1D-CNN
S547,0.3598186842615063,0.38434040209192866,0.25584091364656486,ANN
S548,0.04642298928111699,0.9025175624765204,0.051059448242362596,ANN
S549,0.010072975778831955,0.9831176145457001,0.006809409675468053,ANN
S550,0.9812346676821485,0.002741682957558441,0.01602364936029316,1D-CNN
S551,0.298482689953875,0.46616273184779294,0.2353545781983326,ANN
S552,0.001693286570381379,0.9970777540273598,0.001228959402259554,ANN
S553,0.6141821778729112,0.1863206078250152,0.1994972143020733,1D-CNN
S554,0.9957216099422782,0.0013935873429843646,0.0028848027147369594,1D-CNN
S555,0.22896263076548234,0.49309093259537773,0.27794643663913876,ANN
S556,0.0008967122168393318,0.997949646482076,0.0011536413010846222,ANN
S557,0.6681473991897198,0.15588775487449358,0.1759648459357866,1D-CNN
S558,0.6688103451739045,0.24229733764470357,0.08889231718139265,1D-CNN
S559,0.7559022855165746,0.23733813285808592,0.006759581625339388,1D-CNN
S560,0.22385192534538012,0.5547055774315396,0.22144249722308051,ANN
S561,0.48059917191188695,0.30596114707863664,0.2134396810094772,1D-CNN
S562,0.15122639533066254,0.36180372834225677,0.4869698763270799,GRU
S563,0.08994729782349094,0.046080777691059546,0.8639719244854493,GRU
S564,0.23879963125690068,0.5821193895343166,0.1790809792087826,ANN
S565,0.016095409843495175,0.12389146274691724,0.8600131274095874,GRU
S566,0.2958028874799423,0.3580442574949423,0.34615285502511556,ANN
S567,0.1351822693744955,0.5425667509959585,0.3222509796295459,ANN
S568,0.34061517241803224,0.3178382946366201,0.3415465329453476,GRU
S569,0.26763908602347397,0.20104841618127398,0.5313124977952515,GRU
S570,0.5542375035520128,0.023413982982751762,0.4223485134652349,1D-CNN
S571,0.8762977053327361,0.0803591246025101,0.04334317006475398,1D-CNN
S572,0.4007166331880081,0.4696826137597399,0.12960075305225208,ANN
S573,0.3951788012525517,0.22419994702688023,0.3806212517205681,1D-CNN
S574,0.20682431690883096,0.27737137200116146,0.5158043110900075,GRU
S575,0.027887512692616807,0.695313226684709,0.2767992606226742,ANN
S576,0.19126153982542415,0.7182931135882722,0.09044534658630364,ANN
S577,0.2466197980265781,0.5360420179605879,0.21733818401283406,ANN
S578,0.32901187391433157,0.2490944689325176,0.4218936571531507,GRU
S579,0.9937380923141498,0.00033893120238285597,0.0059229764834669695,1D-CNN
S580,0.2425999812661156,0.5114517409670211,0.24594827776686293,ANN
S581,0.19303947677871006,0.4086632449045578,0.3982972783167323,ANN
S582,0.9950510111063177,0.00015214999036501406,0.0047968389033174325,1D-CNN
S583,0.022227591806057136,0.9645639221143367,0.013208486079606752,ANN
S584,0.061026476123907436,0.8813621498413626,0.05761137403472938,ANN
S585,0.0973534321088347,0.6302294698624722,0.2724170980286932,ANN
S586,7.921225525367367e-05,0.9983103506796394,0.0016104370651078628,ANN
S587,0.0,0.0,0.0,1D-CNN
S588,0.0,0.0,0.0,1D-CNN
S589,0.0,0.0,0.0,1D-CNN
