Segment,1D-CNN,ANN,BiLSTM,LSTM,CNN-LSTM,GRU,Selected
S1,0.9806709401899653,0.0005639066951457232,0.0017610781362547817,0.0016506776564500858,0.004412769409356999,0.010940627912815385,1D-CNN
S2,0.5213772213506096,0.11179300112424394,0.008956681270983749,0.009704057325862955,0.07883889012655025,0.26933014880174894,1D-CNN
S3,0.13406141803382005,0.1431158550911124,0.08490067799433675,0.1511699646423258,0.40810781916729394,0.0786442650711075,CNN-LSTM
S4,0.14189884216127116,0.4084691822047766,0.10591482908807613,0.17494297383661994,0.079361717643509,0.08941245506574313,ANN
S5,3.7544491592485453e-05,0.00015369813612476664,0.8456320127203353,0.15411609078516242,3.0637342101573766e-05,3.0016524673631566e-05,BiLSTM
S6,0.0036755754558235685,0.01331434222326313,0.06455993463568054,0.05299221481904139,0.007616890131113204,0.8578410427350783,GRU
S7,0.0005179996364735844,0.001153603624764568,0.5156541770266992,0.47223905967440294,0.003067645432756855,0.0073675146048969575,BiLSTM
S8,0.04038558822786295,0.05971641611410525,0.4723965870609089,0.3018303483261258,0.0655120205985188,0.060159039672477946,BiLSTM
S9,0.2593739717850814,0.22559410986407127,0.06818956696873418,0.04393137050225228,0.05093791126311043,0.3519730696167501,GRU
S10,0.2625524297153236,0.14790026104736997,0.0013056905432579419,0.0010846561624668549,0.2316339015481813,0.35552306098339753,GRU
S11,0.21269977570287035,0.6166624731001487,0.011819722412891238,0.03304362440471076,0.08867326825867101,0.037101136120700054,ANN
S12,0.018852172110542114,0.02359655163934971,0.7975245325126756,0.12747586304312278,0.019400825302041055,0.013150055392268671,BiLSTM
S13,0.0009557845823078091,0.9857912560561602,0.00865881040879315,0.00185612886704863,0.0011447358713143872,0.0015932842143733445,ANN
S14,0.05461038768824364,0.08779799780933437,0.4840783331096531,0.16197629681256262,0.07810914261458603,0.13342784196562288,BiLSTM
S15,0.0,0.0,0.0,0.0,0.0,0.0,1D-CNN
S16,0.0,0.0,0.0,0.0,0.0,0.0,1D-CNN
S17,0.010790391073361534,0.005574449202876635,0.0002018942342125391,6.729441691027868e-05,0.0028683182420936298,0.9804976528305428,GRU
S18,0.22696006481433095,0.1517121930066517,0.307858031183901,0.014944319634102001,0.2630343942518117,0.0354909971092017,BiLSTM
S19,0.06647843861516475,0.047770387084918736,0.05393198938114323,0.7596286360851431,0.056947260860821566,0.015243287972808679,LSTM
S20,0.18860648477004407,0.09101382102875134,0.03225938073869358,0.01664949375118975,0.08028543336389014,0.5911853863474246,GRU
S21,0.07581206552035966,0.17591252484091027,0.32219265693220905,0.29873865030558466,0.09427457662582676,0.03306952577510799,BiLSTM
S22,0.10349602198349422,0.08959883109090983,0.10279919808020463,0.5176983901340664,0.08989502566341935,0.0965125330479037,LSTM
S23,0.02193801505084982,0.17847562006856288,0.2360205536628968,0.4549758369046652,0.03950180837312569,0.06908816593989157,LSTM
S24,0.10530549959318547,0.09920312954806722,0.05753894857175996,0.025803733594037658,0.02108926800427395,0.6910594206886755,GRU
S25,0.3019058844132697,0.5082420152740542,0.02011009423211338,0.0026154886391286775,0.10128474705903742,0.06584177038239354,ANN
S26,0.0053774421128218826,0.04367490109579785,0.08053058319723422,0.8473815814174094,0.003580483746361674,0.019455008430437418,LSTM
S27,0.24247832222300758,0.013587544829655076,0.0046914831510623855,0.002187186986014583,0.028167640774088263,0.7088878220361732,GRU
S28,0.20320907049633904,0.1577168331896659,0.1004443407316153,0.05665282077857169,0.4233929524470215,0.05858398235677823,CNN-LSTM
S29,0.16307733566248592,0.054681699047848024,0.0691622827238915,0.37744481027908633,0.21355432506674651,0.12207954721994368,LSTM
S30,0.9367154316212231,0.0013023642838358778,0.001074262277561521,0.002086672645668028,0.029827335017025863,0.028993934154685784,1D-CNN
S31,0.0014038135337209945,0.006445290061057019,0.039699729967092694,0.9490840858719489,0.0023044992293127027,0.0010625813368663614,LSTM
S32,0.1046853440529555,0.265434515417872,0.17616887813830334,0.16292692661524838,0.08301867446398575,0.2077656613116338,ANN
S33,0.99697893502753,0.00013283303446587303,0.0001508879031640307,0.00017035725865929136,0.0006270041788199401,0.0019399825973542904,1D-CNN
S34,0.329839068918595,0.5660679526252157,0.0038088711996233974,0.004987599831521597,0.06839676067269025,0.026899746752355194,ANN
S35,0.027659601220581052,0.0793375656274185,0.28807726597417127,0.5180225275420011,0.062155291245516074,0.024747748390315776,LSTM
S36,0.02534963170092645,0.3455115293478701,0.3467208376647263,0.23112264582239586,0.020702748584420404,0.03059260687966055,BiLSTM
S37,0.009530294317173173,0.10420174464760043,0.2514614104300999,0.19534022499297762,0.024494676469647564,0.4149716491425104,GRU
S38,0.0009431033402997793,0.0019833410062724765,0.004790025264850409,0.0036115330693001677,0.0011701648241256195,0.9875018324951532,GRU
S39,0.0,0.0,0.0,0.0,0.0,0.0,1D-CNN
S40,0.0,0.0,0.0,0.0,0.0,0.0,1D-CNN
S41,0.00021624960440266063,2.232038843830314e-05,2.2677016602674185e-06,2.792458266422912e-06,0.0020642702690671813,0.9976920995781703,GRU
S42,0.0016388897898019774,0.9970813261590733,5.460680518195569e-05,0.0002569586248291347,0.0005989786769285858,0.00036923994418614387,ANN
S43,0.13372160247443612,0.15047820277271454,0.15752930267561915,0.3271953023283161,0.12237780376215683,0.10869778598675389,LSTM
S44,0.09125995278181064,0.7257730873233645,0.07351353903797773,0.022740371004131045,0.0118556483276554,0.07485740152506425,ANN
S45,0.03328392401918191,0.033662169923958096,0.22637697545431568,0.44327218078196207,0.17144301209222831,0.09196173772835549,LSTM
S46,0.970436881212677,0.027178688080148696,0.0005597635702988063,0.0006265819698664623,0.00047948917246988656,0.0007185959945335883,1D-CNN
S47,0.016137518808918113,0.1171384067927144,0.18731650021213794,0.17284799918541222,0.44770060690520674,0.058858968095601566,CNN-LSTM
S48,0.11892840343249332,0.03842046915456831,0.5789823706087763,0.16483028925746862,0.04109943744069169,0.05773903010600309,BiLSTM
S49,0.14519070516006974,0.05754537491482896,0.1428588452345574,0.07416815882538473,0.06308253654133249,0.5171543793238241,GRU
S50,0.7299216653176711,0.055408142008566724,0.005466776455663688,0.004127339668768081,0.08099590942704891,0.12408016712228256,1D-CNN
S51,0.05737516389260867,0.5478711241774448,0.0010783128855709147,0.0010782625366619126,0.2610506509025198,0.13154648560519297,ANN
S52,0.005983062502496416,0.0038043829631973095,0.0024438406896798125,0.005225298270729656,0.8972744506170645,0.08526896495682869,CNN-LSTM
S53,0.11946545827962661,0.40431417212107146,0.025584887826234918,0.21970600796866813,0.16278962717740386,0.06813984662698734,ANN
S54,0.20339664723255851,0.2089488058958223,0.39388783562749796,0.10736754499043569,0.048208242141252806,0.038190924112429886,BiLSTM
S55,0.02549637854606387,0.966236468506535,0.002181261937110592,0.0009949025579859716,0.001391843171257319,0.0036991452810462688,ANN
S56,0.4306928754612403,0.5191246690222773,0.008525377400903781,0.007297174080123101,0.01648089698518248,0.017879007050272826,ANN
S57,0.0641033678121862,0.08736693618971045,0.11688373410379227,0.11026204059198176,0.4297629873805756,0.19162093392175486,CNN-LSTM
S58,0.003168214220587299,0.011886716436649899,0.31006825902627755,0.43840757731976676,0.05039467357409475,0.18607455942262133,LSTM
S59,0.0010188775029656668,0.9843840801288576,0.0060971833633829,0.0041806812787493165,0.0013244625151416292,0.0029947152109152256,ANN
S60,0.00024444297778505186,0.0009348559147043212,0.4358923966882786,0.09330652648794725,0.006239929014035241,0.4633818489172469,GRU
S61,0.00021883843560387186,0.00021572654410974786,0.03847488796310631,0.022159042700002286,0.938800876403656,0.00013062795351983483,CNN-LSTM
S62,0.23191885892226632,0.20675836076001963,0.02564405520860128,0.016243346295534217,0.040656957451627736,0.4787784213619431,GRU
S63,0.32053921000875774,0.4490888130519639,0.018258514906649058,0.027454893153247586,0.03334610031998338,0.1513124685594034,ANN
S64,0.021621582336820648,0.014234472208634634,0.8256823201260862,0.05872717148182205,0.06578901928592691,0.01394543456071315,BiLSTM
S65,0.034057518918532696,0.04907009565437949,0.7811410402274936,0.04737737494621668,0.04164877566925019,0.04670519458412683,BiLSTM
S66,0.020474444371539925,0.026090602004924884,0.8206418214541826,0.030716909665971168,0.03760585279650122,0.06447036970688959,BiLSTM
S67,0.0,0.0,0.0,0.0,0.0,0.0,1D-CNN
S68,3.273775541795257e-05,1.1030717824232171e-05,8.017915790058652e-07,1.3773289526893683e-06,2.827493110695778e-05,0.9999257774751191,GRU
S69,0.079122015210142,0.20906914781926839,0.0009035507630485966,0.002124709078622458,0.10378941400430833,0.6049911631246077,GRU
S70,0.2817821161959353,0.3496444246672699,0.011324215678305419,0.121782448271348,0.17917871012935718,0.056288085057784605,ANN
S71,0.09962072773447314,0.08973592749026203,0.06035500633272602,0.6037104135253931,0.08856938657791334,0.05800853833923266,LSTM
S72,0.20192288238916983,0.15092544928060228,0.001807441284937601,0.0021762283978760677,0.0005691335696193831,0.642598865077792,GRU
S73,0.044650417740055987,0.3255905404318242,0.05473629594221022,0.058920753257124966,0.06473873738932466,0.4513632552394546,GRU
S74,0.27466264199489926,0.18609434937822134,0.09008909177798725,0.08176856839456978,0.1845849035606296,0.18280044489370395,1D-CNN
S75,0.005030656804944993,0.012380925247534329,0.09545918597879949,0.06335873966545202,0.7776448187194666,0.04612567358380963,CNN-LSTM
S76,0.00897449554660961,0.20565467186445374,0.20343210038172296,0.1568228201426198,0.042217564287789694,0.3828983477768044,GRU
S77,0.8899664391907366,0.019005747676596504,0.027897906680831308,0.021748345816985506,0.014695998114836541,0.02668556252001531,1D-CNN
S78,0.9993111339941909,0.00019584963200210254,5.2776144718450566e-05,6.024648578690979e-05,6.221528176785995e-05,0.00031777846154107105,1D-CNN
S79,0.10999947905071535,0.13632346401104062,0.1492452746072757,0.3825376829315615,0.13842640685434268,0.0834676925450691,LSTM
S80,0.0028041904218872563,0.17640087203072974,0.7911705856747657,0.0193312786884333,0.007014947306770494,0.003278125877408878,BiLSTM
S81,0.19336489807046486,0.11473424423496253,0.1559068262541084,0.16305893837662613,0.17069333391788155,0.20224175914595202,GRU
S82,0.390737723541649,0.37537994607286806,0.04829140213119919,0.06263481057432495,0.062274702617962016,0.060681415061995335,1D-CNN
S83,0.03735495042131213,0.039760769270456735,0.0635033880162219,0.7545697478526181,0.07657420715872837,0.028236937280662844,LSTM
S84,0.00617321327813587,0.05356604459311063,0.8512380763893306,0.0032189039164930064,0.004360619592412959,0.0814431422305076,BiLSTM
S85,0.11438872109853113,0.5041388552670146,0.16170271972088818,0.1281543655207016,0.038552804649554066,0.05306253374333477,ANN
S86,0.3137301634755822,0.09859873130926183,0.1640470246691381,0.2267686743218157,0.09286393454513182,0.1039914716790647,1D-CNN
S87,0.203069284864046,0.12628394224125516,0.17187319607644153,0.2774771596441356,0.18919970305273603,0.03209671412137796,LSTM
S88,0.5328758455219264,0.06962723161693858,0.02877874533975817,0.015040760204595813,0.07310236019113153,0.2805750571256476,1D-CNN
S89,0.0011438554742928357,0.0007442180995353345,0.0019956985083791393,0.994616502304525,0.0005549423749203864,0.000944783238349234,LSTM
S90,0.1029427094143866,0.10982340856598484,0.30042943024190083,0.04407353264167366,0.1844735591597641,0.2582573599763001,BiLSTM
S91,0.08628686785457552,0.17895533372206202,0.005393276554806984,0.014962139357976524,0.4175466595046207,0.2968557230059547,CNN-LSTM
S92,0.046892067515706064,0.8833839207793897,0.0016395074180360048,0.013731509760095495,0.033557499546315955,0.020795494980458077,ANN
S93,0.0034868832865623377,0.003820760892352671,0.0009635688304870808,0.9864023355674267,0.0032176312672733106,0.00210882015589179,LSTM
S94,0.074836112401497,0.1755159401298079,0.07840492632683098,0.04671886033044361,0.08012233695103727,0.5444018238603908,GRU
S95,0.022694960770894643,0.0053003698514180195,0.012261936791829058,0.8936053938680009,0.01658515734375753,0.04955218137409822,LSTM
S96,0.00013994316365722762,0.00011986800110055052,0.23310259911386547,0.7505510946702387,0.0016705203960276473,0.01441597465510927,LSTM
S97,0.07267178661937286,0.37959893605711215,0.1659489225985981,0.2602368746383587,0.05298641444425061,0.06855706564229794,ANN
S98,0.025008028830271024,0.8687291444779524,0.028639763566919326,0.027070551610053315,0.028021453133476745,0.02253105838132809,ANN
S99,0.007089784136684897,0.016331921697982907,0.1544216942290057,0.024483325886790433,0.7941903586533403,0.003482915396193427,CNN-LSTM
S100,0.32269845888006926,0.08852846602967573,0.0025602641885136557,0.001343051022453565,0.19136311721892693,0.3935066426603502,GRU
S101,0.06357270386214552,0.8579759698637773,0.0007833159139857218,0.0008996377099807085,0.01988487644509605,0.056883496205011784,ANN
S102,0.00022917356720777597,0.0008370126898844606,0.00014008556689568938,0.9985768436763018,0.0001522190059744881,6.466549374300136e-05,LSTM
S103,0.00843574153108671,0.013376591317222703,0.9505140300751113,0.014526941892047155,0.008231616653974634,0.0049150785305478555,BiLSTM
S104,0.00018353434410104636,0.0005205189205852954,0.9841775688022165,0.005940708691182697,0.003404217572983554,0.005773451668930821,BiLSTM
S105,0.010088319686722058,0.01424097241979303,0.8543775159757372,0.05719919253881794,0.024838200520919552,0.039255798858018165,BiLSTM
S106,0.03411472965110687,0.02824880186575876,0.3218804025783572,0.10581686578584862,0.08970436702957464,0.4202348330893494,GRU
S107,0.08305707590820008,0.06385386013454965,0.0823840498000094,0.18060852357086188,0.42623975309311135,0.16385673749327234,CNN-LSTM
S108,0.02138411154992861,0.02288934941681154,0.0030722989301718373,0.0018703856639931077,0.015437929412428426,0.935345925026667,GRU
S109,0.23304463972731754,0.013927141292478032,0.007775172268061568,0.00598710169817158,0.7199187286620491,0.019347216351922526,CNN-LSTM
S110,0.00320809145414661,0.0036610481882669394,0.03967270116052692,0.9469427378453141,0.004392989304077988,0.0021224320476675115,LSTM
S111,0.24435732175467123,0.16771854952840065,0.05727131590106184,0.08672832219638875,0.12695664920577726,0.3169678414137066,GRU
S112,0.0704825335475327,0.2180301871907414,0.19140020487495304,0.07976644284349903,0.36913996436576985,0.07118066717750372,CNN-LSTM
S113,0.08535759879578363,0.036852925370092965,0.3856668267015565,0.3139497453044949,0.08272767094256044,0.09544523288551142,BiLSTM
S114,0.00038089211847268465,2.4520073502219345e-05,7.581045124574647e-05,2.1696282529877207e-05,0.0001693486168588866,0.9993277324573906,GRU
S115,0.0002788086953471238,0.0016653360375621896,0.9109800888441084,0.0853660636708341,0.0006458677254676678,0.0010638350266812728,BiLSTM
S116,0.033642682589876204,0.08477899346425201,0.4137103231530679,0.38081244788976326,0.03590974470659452,0.05114580819645372,BiLSTM
S117,0.14304079479547852,0.1032289357287867,0.12853279708990506,0.08080849768207914,0.10245286304092795,0.44193611166283026,GRU
S118,0.907614934633484,0.049185703041941586,0.0007069276517157549,0.0004950013383748212,0.022495512579007948,0.019501920755483473,1D-CNN
S119,0.0476089956477015,0.8051911114657238,0.021704233680518808,0.02219079366854895,0.09104950895465819,0.012255356582849115,ANN
S120,0.20366092804641578,0.204891600483283,0.015231696658780753,0.036556992383134854,0.12546942840041536,0.4141893540279785,GRU
S121,0.39666317340933926,0.011550195243872298,0.007195783574200664,0.01213866555678418,0.5561112438084923,0.01634093840731256,CNN-LSTM
S122,0.1997028661504302,0.007930420524689905,0.004765788786886156,0.006584120782157178,0.03055261251403118,0.7504641912418057,GRU
S123,0.1131010963611021,0.14964850882284275,0.22338248056084017,0.2240128708804656,0.2489544751873084,0.04090056818743924,CNN-LSTM
S124,0.0315942358678729,0.49606753083427846,0.12603423068851613,0.276680186266058,0.036351332840756,0.033272483502519754,ANN
S125,0.999696468317464,4.043791915166173e-05,3.233791093786874e-05,4.7158436648535686e-05,4.8841628404047794e-05,0.00013475578738771714,1D-CNN
S126,0.6388116380046786,0.03370852615178637,0.03308889499637024,0.04397990726891021,0.10560563724564857,0.1448053963326152,1D-CNN
S127,0.01374906050432511,0.01540505739106441,0.25125805224965425,0.5368243635950504,0.16822124403274508,0.014542222227161837,LSTM
S128,0.006397402295201294,0.06137352609717831,0.7289999801480854,0.18055039541482235,0.01430940610003264,0.00836928994467403,BiLSTM
S129,0.12136012902852007,0.41880112814206477,0.05345529796844589,0.036631051899563005,0.01817280802968427,0.35157958493171554,ANN
S130,0.99926080227391,0.00023163638184134223,5.1829834176370884e-05,4.7060685659796396e-05,5.756499896497389e-05,0.0003511058254449339,1D-CNN
S131,0.4445871460866428,0.37828621948450597,0.0016785337131885096,0.0018415813866006295,0.1400681952108642,0.03353832411819364,1D-CNN
S132,0.04915888678587593,0.10089801962241039,0.06460008288738228,0.6337983261671254,0.11279083404605364,0.03875385049115037,LSTM
S133,0.18060993572300482,0.18045993535941374,0.021978636263909848,0.028781637549781792,0.13081534858998606,0.4573545065138966,GRU
S134,0.03779245282921171,0.002470423438551924,0.000936056971399072,0.0020256636934113804,0.9536993671954794,0.00307603587193904,CNN-LSTM
S135,0.02292821976843217,0.028968353903076123,0.18553252663412304,0.7150051618480563,0.033501946488602,0.014063791357719095,LSTM
S136,0.06652145340101308,0.30884320499880963,0.3373497076572438,0.06145408171316058,0.012976399183431608,0.21285515304634103,BiLSTM
S137,0.056503408777399525,0.07026783180223821,0.22428042823506633,0.3119065600009256,0.14352601230430534,0.19351575888007005,LSTM
S138,0.00805115105194607,0.976045053982968,0.0036142802041975374,0.0036480849120795805,0.004960438243446407,0.003680991605362905,ANN
S139,0.08934995573200458,0.08498388118593711,0.046505951489808066,0.07403227690117802,0.07073674687667116,0.6343911878144148,GRU
S140,0.03421511472962717,0.01626437466551177,0.21795181973361555,0.5588107239104462,0.14470508090846387,0.028052886052345263,LSTM
S141,0.042140583293025335,0.3491550792084682,0.43267127938733013,0.10049234780888996,0.028390160792258392,0.0471505495100224,BiLSTM
S142,0.005051002730345864,0.039420677670937716,0.7870605044467698,0.1531217166538445,0.009297512278610198,0.006048586219491272,BiLSTM
S143,0.08213389863568321,0.14919140746176987,0.4474385993936603,0.1107571579399646,0.06116384441049888,0.14931509215842248,BiLSTM
S144,0.16887003804583967,0.009903340011340744,0.0016494942676531428,0.0017919260192648862,0.08663601616541394,0.7311491854904947,GRU
S145,0.15770903761300897,0.2745670751525625,0.03383521081238184,0.34744842792399633,0.12320272803408108,0.06323752046397695,LSTM
S146,0.029250991857600064,0.05483676110693392,0.7742804603851635,0.0824221519738456,0.038394743871064195,0.02081489080539408,BiLSTM
S147,0.0753148099514993,0.00883990744272334,0.8336714253079993,0.057032504119821206,0.012989990685170661,0.012151362492793092,BiLSTM
S148,0.02141369842518979,0.03242757548454305,0.6908418093881413,0.15119018667113482,0.05554648854752885,0.04858024148345773,BiLSTM
S149,0.03159651861971973,0.03648415013763508,0.37547810290999906,0.28772450588182447,0.030429709942338873,0.23828701250847986,BiLSTM
S150,0.11788256490508517,0.003450531659156487,0.0019977349887662665,0.002520857228239679,0.010595242505338321,0.863553068713415,GRU
S151,0.013464998909779648,0.0033188881012581914,0.001530545188204508,0.0035440772264853197,0.9756548572925006,0.0024866332817719463,CNN-LSTM
S152,0.0013990203518887568,0.16652827251574467,0.5933160270206239,0.234011943780414,0.0029881300590742523,0.00175660627225349,BiLSTM
S153,0.03571910549233703,0.33865468573860574,0.3049715170964775,0.1883219217889462,0.04586730719412415,0.08646546268951114,ANN
S154,0.021915135661111227,0.0034196422567717103,0.0028859305344362523,0.0018792839121702634,0.003088661878109849,0.9668113457574076,GRU
S155,0.2638533426994742,0.009367011801189463,0.0017559066778323575,0.0015479414218721092,0.015289949432318768,0.7081858479673142,GRU
S156,0.1635612652370688,0.09807114412280404,0.01114081004560261,0.018340566273029185,0.6460635795751843,0.06282263474631136,CNN-LSTM
S157,0.21722961474438468,0.047166563032232225,0.01290680043531982,0.02676402084301755,0.6336457629730307,0.06228723797202428,CNN-LSTM
S158,0.006781986018274953,0.022072030670586353,0.04803721974173509,0.9135291831190603,0.0059214456999253685,0.0036581347504095717,LSTM
S159,0.013230655770526267,0.1838653125149144,0.32419250501668195,0.07961129302406623,0.012923984624113143,0.386176249049701,GRU
S160,0.003533731710754803,0.02861720996889451,0.32553966332908724,0.17833698658915617,0.01461053379709476,0.4493618746050066,GRU
S161,0.0042516342947066755,0.010341040232994937,0.032701234739236446,0.024050712320292898,0.005419750048939326,0.9232356283638287,GRU
S162,0.7499249488551505,0.007955663687663556,0.002254534348898864,0.0021751131370222705,0.0023196545884285272,0.2353700853828311,1D-CNN
S163,0.5282552534077418,0.2687462999880054,0.004167740237053996,0.006048439030275995,0.15279050932849014,0.03999175800843253,1D-CNN
S164,0.08535535669840069,0.07314159899717665,0.12184677977822088,0.5575016436405134,0.11100334321550769,0.051151277670180184,LSTM
S165,0.010740739507564663,0.8231106532634719,0.12057636505075002,0.028524345875409304,0.007549961220165734,0.009497935082635014,ANN
S166,0.002570774742952873,0.0054683786412855285,0.8281734559114611,0.07782833333849917,0.009488377219537485,0.07647068014626753,BiLSTM
S167,0.23333751016352297,0.15026071612755323,0.12672533366894168,0.12082100947983487,0.1233018614113759,0.2455535691487738,GRU
S168,0.5698835397096007,0.08580624688470605,0.04868016332130562,0.08542610434730215,0.14227620231511695,0.0679277434219698,1D-CNN
S169,0.004639779406123839,0.0071541756974132864,0.6851814502972705,0.2500675801904367,0.04892036799714372,0.0040366464116175374,BiLSTM
S170,0.16421021560614066,0.0821371437864081,0.0663934130499153,0.05303425205596015,0.048849129112321824,0.5853758463892628,GRU
S171,0.6546460293006002,0.06844509611658542,0.04264966746326909,0.0708110873653318,0.09665347351003484,0.06679464624418494,1D-CNN
S172,0.4788078977886144,0.10470845409696342,0.06633123605919053,0.11193641552441867,0.12185379019995814,0.11636220633085534,1D-CNN
S173,0.0006429427197545516,0.05894054586467434,0.012809224199231988,0.8779744975782728,0.048675383809904244,0.0009574058281750605,LSTM
S174,0.992580310356495,0.005350887990564732,0.0004054986010886193,0.00023006805629189822,0.00031137237540573804,0.0011218626201572712,1D-CNN
S175,0.003581148900194949,0.03549893574327906,0.09959717309634208,0.15757596291306908,0.6795691776148178,0.024177601732293063,CNN-LSTM
S176,0.003498173943724964,0.20779445649167652,0.4970612076588446,0.04805247380640865,0.034227314744105015,0.20936637335523836,BiLSTM
S177,0.0012039187149204952,0.003312206197861791,0.10338597451865658,0.5388784659807718,0.34411432969813915,0.009105104889649801,LSTM
S178,0.15447377376203586,0.09495142011444625,0.11627261337525649,0.06729484254551615,0.07341794432282428,0.493589405879922,GRU
S179,0.9504782306746931,0.00769192203426196,0.004217373196925107,0.004889833836504473,0.004641931088626083,0.028080709168989578,1D-CNN
S180,0.9999780885987771,1.1980702578838387e-05,2.765231814278823e-07,4.864063667460723e-07,5.5187074186352635e-06,3.6490616778493874e-06,1D-CNN
S181,0.022038944166297297,0.0421654694243882,0.2658665270067559,0.6110675037942963,0.03702580541463778,0.02183575019362964,LSTM
S182,0.06164534753983303,0.10603045877612514,0.5704416429568423,0.05821764053189905,0.08181522668798825,0.12184968350731251,BiLSTM
S183,0.08565053578773209,0.011044925061772862,0.028504352042305253,0.2467619292646418,0.5588427226509919,0.06919553519254831,CNN-LSTM
S184,0.08965171662912577,0.036585495618800895,0.02742169325779339,0.03728094825473379,0.053687585553885794,0.7553725606856667,GRU
S185,0.026987756972568912,0.0032503868669156912,0.028356895209850616,0.8741694336440838,0.04180274944040463,0.025432777866177873,LSTM
S186,0.00933417872359733,0.009199662692021384,0.8541415258326862,0.09920624668636999,0.013798179296367072,0.01432020676895707,BiLSTM
S187,0.07702848663433812,0.37617118951434503,0.09852749849751417,0.04707507124741609,0.058738388102703286,0.3424593660036906,ANN
S188,0.002005857926746868,0.00040292142089955326,0.00015050226992974032,0.0001628233864710128,0.9966157918320113,0.0006621031639360891,CNN-LSTM
S189,0.014620638500280723,0.0028090395452286363,0.000790978196075392,0.001310733416861198,0.030563008409674568,0.949905601931875,GRU
S190,0.0005235353833819349,1.4361983587279382e-05,1.0072350427914642e-05,1.99143254559232e-05,0.9993376738039785,9.444215316705823e-05,CNN-LSTM
S191,0.04014386731871187,0.7605692848076897,0.02799965263208688,0.09518823187293789,0.05954282236591655,0.016556141002654602,ANN
S192,0.003570350744333392,0.9038728966218798,0.0712588851439747,0.015809482625692546,0.0028735892653459845,0.0026147955987720164,ANN
S193,0.0031209971521833795,0.03723288344064297,0.7603679859669943,0.14959563447125046,0.010370939048631976,0.039311559920302955,BiLSTM
S194,0.014730819930376686,0.14386591522987352,0.4890260585889133,0.26656270055900116,0.02752615839612065,0.058288347295711335,BiLSTM
S195,0.18381593091021026,0.12315890227727087,0.17542403610109344,0.11602231516849204,0.061253684588249056,0.34032513095469213,GRU
S196,3.648460369873667e-06,0.9999915051583709,2.3575504482950957e-07,1.5148145710002575e-07,2.3448564950285264e-06,2.1142882611147364e-06,ANN
S197,0.00978694479081566,0.013290932307661672,0.45921841166381533,0.494396966580732,0.006624849164810879,0.01668189549216295,LSTM
S198,0.14522457973998723,0.07694283915507216,0.060848690027940605,0.023370191046673844,0.1059955416998772,0.5876181583304511,GRU
S199,0.47745677271896564,0.05280982961327217,0.009638878255924079,0.011557011522587523,0.35658070368552797,0.0919568042037205,1D-CNN
S200,0.554359141455833,0.00037100483776273096,0.00010131861414867326,0.0002965355529511631,0.4430938363711442,0.0017781631681557898,1D-CNN
S201,0.025247329981906087,0.03478627240439864,0.2900907710030912,0.6044854614344161,0.028149585816649607,0.017240579359537836,LSTM
S202,0.035152330965802246,0.04167763967988252,0.734645484776223,0.09453429734683237,0.04013625201261645,0.05385399521864591,BiLSTM
S203,0.049157932317984335,0.2026692858100757,0.3133719029445978,0.16508874160626638,0.08549019717291363,0.18422194014816934,BiLSTM
S204,0.975671604282302,0.00938185937210916,0.0006170175286235173,0.0004813601204249852,0.004517038041533282,0.009331120655010293,1D-CNN
S205,0.1421042899320093,0.5722781044671176,0.0007076080757518114,0.0005203210466940908,0.0156869447642193,0.268702731714201,ANN
S206,0.0008093512735161113,0.9967348051758856,0.000355513161205455,0.00020839686528373257,0.0015785466739617322,0.0003133868501412452,ANN
S207,0.03271784976226878,0.03754619767841151,0.08345794220070467,0.7868794957217796,0.03616659561379235,0.02323191902304097,LSTM
S208,0.0007354196421483103,0.9910059233267352,0.0022760035382705566,0.0037522177759493325,0.0009391446980117217,0.0012912910188859084,ANN
S209,0.018731742896078287,0.021947918173313864,0.01990980375359929,0.018654999353637552,0.013843613345862331,0.9069119224775025,GRU
S210,0.5414402355446053,0.28877929517257106,0.008164539005056788,0.005463982866098678,0.050429838589143336,0.10572210882253175,1D-CNN
S211,0.07912920515947133,0.07136936478925865,0.30165539226603694,0.1520010198326435,0.3619869850489972,0.03385803290359258,CNN-LSTM
S212,0.018588382042436496,0.6046425191984287,0.08154435811320594,0.25668337995990514,0.02440017267459347,0.01414118801143323,ANN
S213,0.04483983994001645,0.029981895416819875,0.03364855739863941,0.036119526771893694,0.10662672047668705,0.7487834599959418,GRU
S214,0.97940422842366,0.0008305559079407084,0.00024129820519429928,0.00023823676692595128,0.01771194455473267,0.001573736141545878,1D-CNN
S215,0.648841518882611,0.012294141563712129,0.003190520201289459,0.010043689911460173,0.30763722038401947,0.01799290905690909,1D-CNN
S216,0.00013214166907298328,0.54833028454675,0.009284090396293467,0.44195418002345255,0.00018619841430802956,0.0001131049501239835,ANN
S217,0.048047411719277275,0.3355938316487723,0.2845130284628412,0.22942221487302492,0.040825161337967514,0.061598351958125123,ANN
S218,0.09681254873402956,0.15490252304059923,0.23224191225591895,0.16177437135763814,0.08719875503642074,0.26706988957540106,GRU
S219,0.04017954103323452,0.9577820300498422,6.658207853069958e-05,4.116444716112707e-05,0.0008565118246716164,0.0010741705665596368,ANN
S220,0.7820952486729028,0.08395581868745315,0.0003047388090734625,9.310063607120368e-05,0.054649544283825104,0.07890154891067168,1D-CNN
S221,0.19468755186603642,0.42963383233281777,0.007893442336904406,0.001280629863693382,0.3506176324961242,0.01588691110442943,ANN
S222,0.022960847497695794,0.07583563019738822,0.5863167906496028,0.26445283587477836,0.029310712204031458,0.02112318357651038,BiLSTM
S223,0.11901916529011596,0.08401801926780698,0.08168154198367282,0.06738319222602203,0.17069679040794591,0.4772012908244377,GRU
S224,0.06797736134795165,0.1461293248660336,0.35468640595079565,0.20820490782218856,0.14489573588629182,0.07810626412673521,BiLSTM
S225,0.33190327403020364,0.07665085898063957,0.05743146475991352,0.06662989372649003,0.17335459838714928,0.2940299101155981,1D-CNN
S226,0.06786102123282649,0.13983106536081294,0.3451687265711729,0.07446395895738431,0.28579202192439923,0.08688320595340408,BiLSTM
S227,0.040093482543990235,0.08791789083740556,0.3467570513205384,0.40099454997319484,0.061840273110935526,0.062396752213932614,LSTM
S228,0.04068555720378976,0.04362059761888483,0.03609788815922452,0.013627077210270832,0.045019240167346375,0.8209496396404847,GRU
S229,0.003394851654983259,0.006652988048614552,0.07671530419789835,0.9029154687965334,0.005174238437167079,0.0051471488648049115,LSTM
S230,0.1274795288483072,0.32579736371832985,0.11900108852133395,0.1134398507886162,0.08822635190319408,0.22605581622022022,ANN
S231,0.11279902719464402,0.008132344242333986,0.011220483083419209,0.0034766211441050695,0.7957908994019612,0.06858062493353632,CNN-LSTM
S232,0.30182829811265843,0.03488664315483813,0.0014838301143915904,0.0007829965054170444,0.019648865819478126,0.6413693662932123,GRU
S233,0.002094292665516041,0.0014025075031700051,0.9881592542932428,0.004083001547036799,0.003154691398517101,0.0011062525925163592,BiLSTM
S234,0.10625465036438388,0.10610594133410738,0.13665907396006283,0.46652280511266814,0.09808962665250262,0.08636790257627353,LSTM
S235,0.42535787195592917,0.08897350801318327,0.03446818121000848,0.047679523281955315,0.043634864804494126,0.3598860507344283,1D-CNN
S236,7.218927181177506e-05,0.9753558836424632,0.0004582369172763604,0.0001762055242130741,0.023889080919637058,4.84037245993071e-05,ANN
S237,0.03899267054303186,0.04852118731689929,0.25053100255700383,0.5765835560979418,0.03862350115071984,0.04674808233441041,LSTM
S238,0.02088899458254686,0.8617013375964788,0.04177031919638884,0.04405902879587749,0.01157415048717774,0.020006169341523636,ANN
S239,0.9376382578834142,0.00041368673407357956,2.959573553783846e-05,1.9784676248227703e-05,8.449415031193118e-05,0.06181418082042557,1D-CNN
S240,0.0850991146451478,0.005515994028724629,0.00033705679450980167,0.00021281738658416588,0.009554603660952584,0.8992804134840799,GRU
S241,0.15973215143866665,0.21656045218364564,0.3263459639174254,0.1098339515821711,0.1312581460185447,0.0562693348595455,BiLSTM
S242,0.09844213635233852,0.18820445329801505,0.1520750809732505,0.41217484815768174,0.10589122490242195,0.043212256316280465,LSTM
S243,0.02021588137404123,0.046103603534314905,0.3092865116462444,0.05888684542080206,0.11157214554918289,0.45393501247541834,GRU
S244,0.03892004575645295,0.14141229104481653,0.009681763787273586,0.0014507830242480569,0.6308672543258459,0.17766786206136886,CNN-LSTM
S245,0.0013669201925441857,0.0006418638887242734,3.485463043160785e-05,3.370819671802749e-05,0.0002784068338283912,0.9976442462577655,GRU
S246,0.00044289261141998123,0.9895669145694013,0.00011233773674258086,9.76876034103684e-05,0.009582100405506885,0.00019806707351825028,ANN
S247,0.07232681774831344,0.02771356384366328,0.5915504951778726,0.09739612188999652,0.17102004926511835,0.03999295207503445,BiLSTM
S248,0.0004217959041155485,0.003860933529737698,0.002368571789230203,0.9925051723245214,0.0004309432556277924,0.00041258319676542535,LSTM
S249,0.002152940059836682,0.013753121225492854,0.026461000249490465,0.11709347282036921,0.005501860423469083,0.835037605221338,GRU
S250,0.002043690876825918,0.9666044184386633,0.006528224508870424,0.010586174380766122,0.0022296765365936366,0.0120078152582746,ANN
S251,0.5540865757028719,0.01615778764931563,0.005089059992168246,0.004542852787759279,0.005075816233502415,0.415047907634375,1D-CNN
S252,0.18824964249678733,0.0548474074520906,0.0240041296005067,0.02814401787857064,0.5981261879875925,0.10662861458445264,CNN-LSTM
S253,0.0001658106148651378,0.00027311030138466865,0.005676232802694709,0.993455814934192,0.0003001320008911189,0.0001288993459721375,LSTM
S254,0.0006885462042021793,0.9957770399489178,0.0017153074829246453,0.0010557864759066597,0.0003537934458700439,0.0004095264421790204,ANN
S255,0.0017839035376971415,0.016029618922450133,0.522786196992503,0.4402749673459824,0.011370265470437365,0.007755047730933667,BiLSTM
S256,0.04913807599148871,0.08142602609750298,0.5992175024802813,0.14850794079176957,0.04114739439553934,0.08056306024341715,BiLSTM
S257,0.030771951331617073,0.004788977754422433,0.006619357186460084,0.00488396602194634,0.006845183910650499,0.9460905637949018,GRU
S258,0.5353508888386682,0.003222080924951011,0.0011568967429104546,0.0012849975881231103,0.006705895511530789,0.45227924039381595,1D-CNN
S259,0.18240182341608746,0.15832040330688027,0.02195124758853695,0.047211930258715194,0.5324623464515599,0.05765224897822026,CNN-LSTM
S260,0.0015873430409799564,0.0017687448281953383,0.9693395263843606,0.024426529777080444,0.0016653695039926463,0.001212486465401197,BiLSTM
S261,0.006523906764364309,0.6586341550219734,0.009774898588129289,0.00555539575762686,0.0019934005378693777,0.3175182433300285,ANN
S262,0.261212255261543,0.11950642374780267,0.1345543111821934,0.16575431357485737,0.17910971795367286,0.13986297827994024,1D-CNN
S263,0.01470800652653071,0.018051522425943486,0.029008599357297837,0.050117704778024554,0.8641311672944074,0.023982999617794046,CNN-LSTM
S264,0.03983214130805871,0.10879308793229957,0.3327532274047041,0.31093920477631154,0.10505671523390833,0.10262562334471342,BiLSTM
S265,0.641396550367434,0.04635945373022297,0.032791698592160176,0.044675327280065756,0.07726870628774003,0.15750826374237242,1D-CNN
S266,0.08142262627047339,0.053335664000132434,0.0559574533438094,0.10644848878809832,0.6579600902787786,0.044875677318707154,CNN-LSTM
S267,1.1099710885132773e-05,5.5501606017668884e-05,0.9994584358569258,0.0004154543029019709,4.381074407278951e-05,1.5697779199022883e-05,BiLSTM
S268,0.669493885832292,0.07261822380872869,0.09614158646167585,0.048559163022822836,0.02396946329345042,0.08921767758104261,1D-CNN
S269,0.2948155939392963,0.1331620569116752,0.11363706098408576,0.1474263327374837,0.14383678362519434,0.16712217180226438,1D-CNN
S270,0.08459418947934347,0.7074040540160204,0.029985120943793565,0.05507152657310207,0.0637250475040139,0.059220061483724225,ANN
S271,0.005566340803821987,0.07668312347077179,0.6002026299949884,0.2943830323516807,0.015836390237852018,0.007328483140880735,BiLSTM
S272,0.00019139726426136105,0.00039400915757701574,0.9946965130666985,0.0013574125097430597,0.0006302209543812691,0.0027304470473436607,BiLSTM
S273,0.015576786420262749,0.7725069548356637,0.06920187191742976,0.036637709834883764,0.020263419906460692,0.08581325708529135,ANN
S274,0.6790066406547907,0.1470295254612878,0.01526730688447639,0.014793315347931999,0.013694636598702646,0.13020857505281536,1D-CNN
S275,0.16997152584462388,0.7359940597413854,0.007652530156354681,0.012922460260348125,0.03431426025603042,0.039145163741257455,ANN
S276,0.05235824532644131,0.03643851477532099,0.0004813893228475072,0.0007586059590273198,0.5101339483525059,0.399829296263859,CNN-LSTM
S277,0.17917653946679096,0.05458060825810401,0.05275906571316699,0.5191570470072713,0.12427830454637553,0.07004843500830298,LSTM
S278,0.005053194302140763,0.0052477845729849105,0.9689085948050336,0.011369361556948215,0.004711711344060978,0.004709353418831627,BiLSTM
S279,0.00929524027140447,0.9297352276195049,0.03474629154112338,0.01050828596130862,0.0038965460001767747,0.011818408606474868,ANN
S280,0.09532236707757079,0.03125673333878314,0.033777708471622314,0.07201017620635454,0.006280226326093667,0.7613527885795881,GRU
S281,0.11639225021650078,0.07219321121713301,0.277788969801145,0.18074766088311486,0.07872638366993086,0.2741515242121731,BiLSTM
S282,0.6285513570454286,0.015562560787174958,0.002319559157975191,0.001853478659273532,0.0021233047720668947,0.3495897395780786,1D-CNN
S283,0.02452427657659799,0.38918901613810564,0.00037752035233010525,0.0002453550022085998,0.01927010340037854,0.5663937285303805,GRU
S284,0.982542932139241,0.0034626267080866916,0.00026012955244461816,0.0004131247894833591,0.006480195923014085,0.006840990887725499,1D-CNN
S285,0.006112346194597861,0.9920692456632167,9.905077568883758e-05,0.0005457942115269782,0.0007246654361742168,0.000448897718791548,ANN
S286,0.0004168987147091537,0.000687719264586731,0.00010711631300900311,0.9985027556124901,0.0001711350691253472,0.00011437502607029153,LSTM
S287,0.0556683140030087,0.8471605949778416,0.09157436301379057,0.0016198200551488194,0.0010981288353407702,0.0028787791148683537,ANN
S288,0.0029718596904411807,0.006167384429105257,0.8350204165906342,0.020266150814681246,0.006879347574224208,0.12869484090091302,BiLSTM
S289,0.0038039606211226614,0.004045559974200414,0.4309091253762324,0.4382254513380389,0.023751713556690812,0.0992641891337193,LSTM
S290,0.296103599130356,0.2395051971858344,0.11360746261682776,0.13501690753320575,0.07693766827658553,0.1388291652571982,1D-CNN
S291,0.10975825541074859,0.49655290738112806,0.09124518490627888,0.07241041921009342,0.13566914220447757,0.09436409088726622,ANN
S292,0.06916199948534597,0.0921553189443686,0.49139449897605797,0.1486964692368991,0.09075877737096864,0.10783293598636104,BiLSTM
S293,0.7379825400493256,0.0016902017565640205,0.0016939865401340692,0.001602318416283971,0.08208556882962097,0.17494538440807678,1D-CNN
S294,0.2140254784847295,0.14370189816681972,0.02087633411235967,0.048821750737079145,0.5024395616740723,0.07013497682494739,CNN-LSTM
S295,0.009432181919420414,0.06824028634267061,0.1067882959570529,0.7925750362349414,0.014839009390901822,0.008125190155018296,LSTM
S296,8.805905167653094e-05,0.9823645206611253,0.017209527054699202,0.0002363136304282328,4.8826468392013695e-05,5.275313367531938e-05,ANN
S297,0.08674942949716218,0.2201497172740581,0.06599812077521813,0.05428467154138638,0.077307815224958,0.49551024568721663,GRU
S298,0.14527734275510104,0.7603399930960871,0.010602441656841783,0.016167170858199544,0.04281651307965687,0.024796538554108672,ANN
S299,0.00021079866770518153,0.0001558694515294132,0.0015538824316928136,0.9975397146949095,0.0004191719168226418,0.00012056283734141992,LSTM
S300,0.011939496922261148,0.7152159343300757,0.030887220106677077,0.017252286806663568,0.008520052621229594,0.21618500921308892,ANN
S301,0.0036311237516172953,0.008932950528218797,0.20751922296171108,0.34363109560591587,0.3105121709385352,0.12577343621399345,LSTM
S302,0.0046861027624694775,0.8623595992895922,0.03530718190777898,0.02174206967881573,0.009628553823896149,0.06627649253744858,ANN
S303,0.7799344886827322,0.04333810112933952,0.044163174170976205,0.04277130162271344,0.03821645574748951,0.05157647864675671,1D-CNN
S304,0.2728413128602612,0.5133016484558913,0.02503089828154521,0.02375901875074748,0.02558537642318381,0.13948174522837173,ANN
S305,0.8020746300975149,0.025078261484051362,0.0034055752477570966,0.12078596463911938,0.03558921531025031,0.013066353221266612,1D-CNN
