Segment,1D-CNN,ANN,GRU,Selected
S1,0.197072241455362,0.11597135631765401,0.6869564022269834,GRU
S2,0.4209421971579399,0.28415519315684834,0.2949026096852114,1D-CNN
S3,0.24260179404675303,0.5041555322530842,0.25324267370016285,ANN
S4,0.323488634512726,0.4927051812917338,0.18380618419554012,ANN
S5,0.29500616454382805,0.540077049137257,0.16491678631891557,ANN
S6,0.2008278289701952,0.3551003298060172,0.44407184122378746,GRU
S7,0.29684092726063716,0.2593317076620391,0.44382736507732395,GRU
S8,0.23080681683365517,0.4037859023008536,0.3654072808654912,ANN
S9,0.3315088224631314,0.4153092661515596,0.25318191138530904,ANN
S10,0.23949869075078617,0.3480299807693392,0.41247132847987406,GRU
S11,0.4587774792378198,0.3648508105188218,0.1763717102433586,1D-CNN
S12,0.3465470392741205,0.4671736231523191,0.18627933757356052,ANN
S13,0.254957671225378,0.3402719844040114,0.4047703443706111,GRU
S14,0.26018349731215007,0.30249555614226814,0.4373209465455813,GRU
S15,0.3005676525357541,0.3784789465257076,0.32095340093853814,ANN
S16,0.30416615095516714,0.28040350496548705,0.41543034407934526,GRU
S17,0.14842445064494866,0.16154302928479003,0.6900325200702613,GRU
S18,0.5842186760577965,0.3033994156034717,0.1123819083387318,1D-CNN
S19,0.5345237401697833,0.35332193024326036,0.11215432958695608,1D-CNN
S20,0.4838099470871369,0.4009436504338788,0.11524640247898392,1D-CNN
S21,0.5664384573190362,0.2839910057828854,0.14957053689807823,1D-CNN
S22,0.4231344283237504,0.22798441152215168,0.3488811601540974,1D-CNN
S23,0.10477902033373071,0.21233368504604208,0.682887294620227,GRU
S24,0.0558867424793391,0.6806084893945313,0.2635047681261295,ANN
S25,0.5334909995001503,0.21839603233826593,0.2481129681615845,1D-CNN
S26,0.03931030026139617,0.740599226019479,0.22009047371912466,ANN
S27,0.5529860860487109,0.16362518144886143,0.2833887325024278,1D-CNN
S28,0.5416293481936499,0.27621833705636123,0.1821523147499887,1D-CNN
S29,0.595021921712858,0.20542990358712984,0.19954817470001218,1D-CNN
S30,0.7008902373700351,0.16022207246221698,0.13888769016774782,1D-CNN
S31,0.362117018890271,0.34391049462793355,0.2939724864817954,1D-CNN
S32,0.2756655689774845,0.38630177686347444,0.3380326541590408,ANN
S33,0.3755782473477122,0.23037105744749087,0.39405069520479763,GRU
S34,0.4089224472182498,0.26263844585937646,0.32843910692237355,1D-CNN
S35,0.2650797407528342,0.4409495720518961,0.29397068719527025,ANN
S36,0.2694397508008372,0.49563849559904316,0.23492175360011971,ANN
S37,0.2190629149231822,0.29213709520508385,0.48879998987173456,GRU
S38,0.37055670023179277,0.404556625109719,0.22488667465848824,ANN
S39,0.3381442888078869,0.36824653808378394,0.2936091731083289,ANN
S40,0.3052641129535408,0.3481421809128796,0.3465937061335798,ANN
S41,0.37712264697746367,0.31633782154955536,0.306539531472981,1D-CNN
S42,0.37540604754532614,0.34021898018349755,0.2843749722711765,1D-CNN
S43,0.3558529496435733,0.3555546032792573,0.28859244707716947,1D-CNN
S44,0.3999701700462905,0.23403247060396937,0.3659973593497399,1D-CNN
S45,0.15256593963311074,0.1453046222855857,0.7021294380813035,GRU
S46,0.3974205747719608,0.4847648184010322,0.11781460682700712,ANN
S47,0.04749925121949551,0.5526606893247301,0.39984005945577433,ANN
S48,0.41340186968150755,0.2605456246919561,0.3260525056265362,1D-CNN
S49,0.21892971457888877,0.19060858228529662,0.5904617031358139,GRU
S50,0.3926204105903666,0.23584014290808997,0.3715394465015442,1D-CNN
S51,0.3690575117097274,0.29248414457358146,0.33845834371669165,1D-CNN
S52,0.45668450712222664,0.367118182273102,0.17619731060467192,1D-CNN
S53,0.45597813071482823,0.3299763392894827,0.2140455299956889,1D-CNN
S54,0.568848136949589,0.35307047522742946,0.07808138782298128,1D-CNN
S55,0.6028754808843417,0.3779047871930108,0.01921973192264735,1D-CNN
S56,0.6208387953098169,0.3575259962839406,0.021635208406241883,1D-CNN
S57,0.27172806945631034,0.2753362441235025,0.4529356864201863,GRU
S58,0.25885726396882974,0.46180233618780636,0.27934039984336384,ANN
S59,0.22613088845302842,0.24616440170170992,0.5277047098452623,GRU
S60,0.39478056948893075,0.27495633600471747,0.33026309450635155,1D-CNN
S61,0.44629690280714224,0.3797835736834852,0.1739195235093724,1D-CNN
S62,0.5930011815761576,0.20078760764945705,0.20621121077438612,1D-CNN
S63,0.3582738912683967,0.29493364679641004,0.34679246193519403,1D-CNN
S64,0.5388400623829391,0.211913486461847,0.24924645115521388,1D-CNN
S65,0.31760667687808547,0.15766284769638456,0.5247304754255299,GRU
S66,0.1965711499407131,0.22992237510953206,0.5735064749497548,GRU
S67,0.32192440367313113,0.3013778536928788,0.3766977426339903,GRU
S68,0.12005258812036147,0.19659925342731893,0.6833481584523194,GRU
S69,0.37204904659133176,0.40545102775570147,0.22249992565296686,ANN
S70,0.3837891150627227,0.4095284004928359,0.2066824844444412,ANN
S71,0.3755588426694097,0.39702405304599353,0.22741710428459727,ANN
S72,0.11089966896343312,0.8571190922295765,0.031981238806990255,ANN
S73,0.027043124720269686,0.053274374021066315,0.919682501258664,GRU
S74,0.16691207846749415,0.37216180820424943,0.4609261133282563,GRU
S75,0.1691938053336519,0.1940733654174635,0.6367328292488845,GRU
S76,0.24953591143705467,0.41070697112146987,0.3397571174414753,ANN
S77,0.35449855289395577,0.13034064273634788,0.5151608043696965,GRU
S78,0.3566053143858014,0.29573470382363193,0.34765998179056645,1D-CNN
S79,0.25712220216325654,0.36114878929445016,0.38172900854229336,GRU
S80,0.24721618890928548,0.49989258131466063,0.25289122977605355,ANN
S81,0.36791339100488596,0.17632998855465587,0.4557566204404584,GRU
S82,0.3245747455854086,0.32842996053176277,0.3469952938828279,GRU
S83,0.2821249994189059,0.34729148812389277,0.3705835124572011,GRU
S84,0.2271796686908546,0.5317721127897931,0.24104821851935274,ANN
S85,0.17901692039895586,0.08825345060457838,0.7327296289964658,GRU
S86,0.6428761971472423,0.21659213034686592,0.1405316725058917,1D-CNN
S87,0.582160222673709,0.34938465229172205,0.06845512503456959,1D-CNN
S88,0.8037326203598253,0.0807839396716289,0.11548343996854563,1D-CNN
S89,0.4465870506584727,0.2092946486708826,0.3441183006706454,1D-CNN
S90,0.19170776784214177,0.325075783178739,0.48321644897911936,GRU
S91,0.27874951866468756,0.2584656683383106,0.46278481299700136,GRU
S92,0.4302154842896937,0.37232519327569524,0.19745932243461056,1D-CNN
S93,0.3379218206988015,0.42243460492017565,0.23964357438102268,ANN
S94,0.3243984470874229,0.5381638216625501,0.13743773125002773,ANN
S95,0.5430528474404143,0.2627612578641264,0.19418589469546002,1D-CNN
S96,0.24371891437965726,0.16956423172323531,0.5867168538971074,GRU
S97,0.3136050635337381,0.18872016289611415,0.4976747735701472,GRU
S98,0.2984686214767327,0.49739846668696147,0.20413291183630508,ANN
S99,0.22952360011669012,0.6946580992327336,0.07581830065057672,ANN
S100,0.8596450779331254,0.03154360867910348,0.10881131338777074,1D-CNN
S101,0.33784857007546726,0.29209094302335364,0.3700604869011797,GRU
S102,0.3547157243236396,0.516162445959863,0.12912182971649735,ANN
S103,0.31819205112822496,0.5514603043315244,0.13034764454025058,ANN
S104,0.009076892121301389,0.010592192663645743,0.9803309152150527,GRU
S105,0.10727324282446378,0.1500387204027653,0.742688036772771,GRU
S106,0.08147284740008802,0.037591964519815065,0.880935188080097,GRU
S107,0.041206696396171485,0.06476950777260775,0.8940237958312206,GRU
S108,0.054764583577247256,0.12108934548493816,0.8241460709378142,GRU
S109,0.7085193030812451,0.18975483159148424,0.10172586532727079,1D-CNN
S110,0.3545768082473188,0.44488051850558025,0.20054267324710162,ANN
S111,0.3519099299138807,0.357411339249875,0.29067873083624435,ANN
S112,0.1481656928553768,0.4972540329502906,0.35458027419433275,ANN
S113,0.45289890804187405,0.15432068987402073,0.3927804020841054,1D-CNN
S114,0.0021170360623334163,0.001356545577218909,0.9965264183604478,GRU
S115,0.05739041761260764,0.49835683138265296,0.44425275100473927,ANN
S116,0.22626763493602065,0.3858341345714914,0.38789823049248784,GRU
S117,0.223612791155815,0.3144928804608623,0.4618943283833227,GRU
S118,0.3084401385150999,0.3232524236562076,0.3683074378286927,GRU
S119,0.6462036552205785,0.18326778021116566,0.17052856456825569,1D-CNN
S120,0.37863311876973904,0.43302848926957027,0.18833839196069044,ANN
S121,0.6139953868314508,0.31171547101374875,0.07428914215480027,1D-CNN
S122,0.47752020803900924,0.28242509443907604,0.2400546975219155,1D-CNN
S123,0.383228903564199,0.4290804547526905,0.18769064168311014,ANN
S124,0.39522863115793744,0.32100109755055245,0.28377027129151,1D-CNN
S125,0.3568456147574659,0.1517606990922507,0.491393686150284,GRU
S126,0.49949685656182125,0.18320978904046376,0.31729335439771483,1D-CNN
S127,0.26932733382394114,0.3462493552999466,0.3844233108761122,GRU
S128,0.32331642112023146,0.3252365018672574,0.3514470770125112,GRU
S129,0.3061198318587548,0.31346536964831967,0.38041479849292564,GRU
S130,0.36936045067365675,0.44261010145968327,0.18802944786665995,ANN
S131,0.46278676106012434,0.1980074109105964,0.3392058280292794,1D-CNN
S132,0.15079382041520129,0.6693243084219502,0.17988187116284862,ANN
S133,0.37075061965561185,0.4817345480802067,0.1475148322641817,ANN
S134,0.4959439185337681,0.3984085126984897,0.10564756876774269,1D-CNN
S135,0.3382632662445079,0.4203676780974455,0.24136905565804664,ANN
S136,0.25823045654127036,0.29826106224250565,0.443508481216224,GRU
S137,0.1601583475768915,0.19585562010199667,0.6439860323211114,GRU
S138,0.2583035170451326,0.5832290394992122,0.15846744345565475,ANN
S139,0.27929726971377106,0.38428204521516,0.3364206850710691,ANN
S140,0.421862037744059,0.14357857265513965,0.4345593896008014,GRU
S141,0.28506608745125894,0.3826280756576722,0.3323058368910688,ANN
S142,0.352414645086564,0.2821790009636801,0.36540635394975607,GRU
S143,0.20501579681378873,0.5129628777570479,0.28202132542916347,ANN
S144,0.41033561831673016,0.2631745967793042,0.32648978490396563,1D-CNN
S145,0.45750843134565233,0.3318107138878872,0.2106808547664614,1D-CNN
S146,0.3108464697284617,0.5240019465389647,0.16515158373257371,ANN
S147,0.8781358749425928,0.023296877111156356,0.09856724794625074,1D-CNN
S148,0.19717068481284247,0.3347333006267888,0.468096014560368,GRU
S149,0.0652885285439527,0.07270897074239271,0.8620025007136545,GRU
S150,0.1816223630718466,0.22699586194349042,0.5913817749846624,GRU
S151,0.543135174479874,0.306075854932537,0.15078897058758847,1D-CNN
S152,0.17457480740925793,0.5146208992733295,0.310804293317413,ANN
S153,0.21735179511008587,0.20286059738504758,0.5797876075048661,GRU
S154,0.2227831168470708,0.35962962628853445,0.41758725686439485,GRU
S155,0.42999245956274434,0.23049611971094935,0.3395114207263063,1D-CNN
S156,0.3780478076569984,0.2894133766633918,0.33253881567960986,1D-CNN
S157,0.43516863168373826,0.2950417251188395,0.2697896431974216,1D-CNN
S158,0.2279752131299225,0.6539959358034125,0.11802885106666494,ANN
S159,0.2488705677764916,0.5601078223133761,0.19102160991013237,ANN
S160,0.2257177740977743,0.27148742096747536,0.5027948049347505,GRU
S161,0.30901800587526984,0.417759832032238,0.27322216209249306,ANN
S162,0.3945680368962474,0.3659809422093048,0.23945102089444792,1D-CNN
S163,0.40659879939048876,0.27630228338601415,0.31709891722349787,1D-CNN
S164,0.3336683847319479,0.38982707453745913,0.27650454073059305,ANN
S165,0.17975703779756308,0.710731254919279,0.10951170728315777,ANN
S166,0.1318676323858424,0.13082283807828785,0.7373095295358697,GRU
S167,0.31367903016373394,0.30648347184051955,0.37983749799574607,GRU
S168,0.3083374577605043,0.32495918879865143,0.36670335344084437,GRU
S169,0.4504735736842547,0.24659221499159367,0.30293421132415177,1D-CNN
S170,0.4294478398365008,0.11981052195469702,0.45074163820880225,GRU
S171,0.5241093883633867,0.20164755577187587,0.27424305586473785,1D-CNN
S172,0.2166006118538774,0.325982685338357,0.45741670280776564,GRU
S173,0.00953480953762719,0.9723095357960776,0.018155654666295096,ANN
S174,0.40470119096708956,0.5202235110530216,0.07507529797988854,ANN
S175,0.17435102670377756,0.4832103600520505,0.3424386132441725,ANN
S176,0.2232747532176797,0.36992894595521303,0.40679630082710716,GRU
S177,0.3095754246129516,0.25327738935703203,0.4371471860300161,GRU
S178,0.2844900655488538,0.40964846780388336,0.3058614666472628,ANN
S179,0.5422838938782879,0.20684830118422476,0.2508678049374873,1D-CNN
S180,0.784729316517097,0.08245688126688179,0.1328138022160211,1D-CNN
S181,0.18182034098700675,0.5924159945918228,0.2257636644211705,ANN
S182,0.33540924668516,0.3606023959825063,0.3039883573323337,ANN
S183,0.17494822628357135,0.1125519920704273,0.7124997816460008,GRU
S184,0.23186341545907152,0.07590528787247444,0.692231296668454,GRU
S185,0.27051385579832704,0.03326812569731293,0.6962180185043606,GRU
S186,0.2440606340048676,0.23500841300773567,0.5209309529873964,GRU
S187,0.24697117616009087,0.2065134686819385,0.5465153551579705,GRU
S188,0.28269598107156146,0.22136467700677526,0.4959393419216633,GRU
S189,0.6773230254849186,0.1454160358150418,0.17726093870003912,1D-CNN
S190,0.274166780513471,0.5214678671210388,0.2043653523654902,ANN
S191,0.5273508332208292,0.23596974567814835,0.23667942110102216,1D-CNN
S192,0.2847298937942754,0.5494463268391139,0.16582377936661072,ANN
S193,0.14318917990311555,0.17918279100244244,0.6776280290944422,GRU
S194,0.2794667475323881,0.36691945515189606,0.35361379731571546,ANN
S195,0.3042107490979084,0.42676903606144756,0.26902021484064387,ANN
S196,0.1247501870710756,0.6343500169082633,0.24089979602066103,ANN
S197,0.207390996488407,0.369362188869925,0.4232468146416678,GRU
S198,0.24007383553872455,0.21159360120561363,0.5483325632556616,GRU
S199,0.3209488784158448,0.24084418411726927,0.4382069374668856,GRU
S200,0.6487232290810093,0.1785101282070596,0.1727666427119318,1D-CNN
S201,0.29766220519271425,0.5340853619012376,0.1682524329060484,ANN
S202,0.2641114038157826,0.33779279338143725,0.3980958028027801,GRU
S203,0.2040044422093856,0.21421969561610177,0.5817758621745128,GRU
S204,0.21566291936179974,0.37829794716496756,0.4060391334732322,GRU
S205,0.4652996142662003,0.28787184959432816,0.24682853613947126,1D-CNN
S206,0.41439227153264985,0.38329014437786185,0.20231758408948786,1D-CNN
S207,0.3840110031618396,0.4071773626301286,0.2088116342080318,ANN
S208,0.23378953255371684,0.34174799457209126,0.42446247287419175,GRU
S209,0.2278905253444429,0.2977157987368005,0.4743936759187567,GRU
S210,0.3396163175566845,0.42233612016814953,0.2380475622751663,ANN
S211,0.5666313536456301,0.17321322698154334,0.26015541937282627,1D-CNN
S212,0.20260662418270467,0.6878453193106243,0.10954805650667063,ANN
S213,0.04718396550705698,0.04288451111343133,0.9099315233795117,GRU
S214,0.9106208816756621,0.047432173493164906,0.041946944831172714,1D-CNN
S215,0.5757159079167867,0.24681516540406687,0.1774689266791458,1D-CNN
S216,0.24896997527536174,0.5179839666693867,0.23304605805525228,ANN
S217,0.22242876172316547,0.4636244441026236,0.313946794174211,ANN
S218,0.198314681114951,0.3517467005261114,0.4499386183589376,GRU
S219,0.148755719884508,0.4722644843506107,0.37897979576488094,ANN
S220,0.12476593802657991,0.11449559704117106,0.760738464932249,GRU
S221,0.7757436087577115,0.18695258935622408,0.03730380188606459,1D-CNN
S222,0.1754469887499048,0.587793990064044,0.236759021186052,ANN
S223,0.1602601688831553,0.24146633038060228,0.5982735007362421,GRU
S224,0.1600266406299132,0.27764003134916543,0.5623333280209211,GRU
S225,0.573129980695455,0.17777986358774608,0.249090155716799,1D-CNN
S226,0.24298305131466835,0.3185108726782339,0.4385060760070973,GRU
S227,0.15074551819205215,0.5128211885867497,0.3364332932211973,ANN
S228,0.055111608214564435,0.04739204678860132,0.897496344996834,GRU
S229,0.181252453999796,0.40241128197241327,0.4163362640277902,GRU
S230,0.2062529549305459,0.42184312492532305,0.37190392014413093,ANN
S231,0.22061429252220865,0.3219590941703513,0.4574266133074399,GRU
S232,0.47304329602546097,0.24735206519778177,0.2796046387767581,1D-CNN
S233,0.3742838379548388,0.373956939703285,0.25175922234187614,1D-CNN
S234,0.41384741482015486,0.3364859202890239,0.2496666648908212,1D-CNN
S235,0.2641919834267399,0.12831166037628958,0.6074963561969712,GRU
S236,0.14069806648103866,0.69369178716878,0.165610146350182,ANN
S237,0.2707888809493292,0.3877672200747953,0.3414438989758752,ANN
S238,0.4548251927388496,0.1832962223821229,0.36187858487902747,1D-CNN
S239,0.1755589664125434,0.4804490137834106,0.34399201980404664,ANN
S240,0.5419645781177742,0.18286925736290294,0.27516616451932285,1D-CNN
S241,0.4290738324995301,0.3960850851264221,0.17484108237404794,1D-CNN
S242,0.313502880163955,0.5996870489102956,0.08681007092574908,ANN
S243,0.015520375106351837,0.059158219740890125,0.9253214051527581,GRU
S244,0.0030647789295607745,0.323220771548486,0.6737144495219534,GRU
S245,0.5263403872252164,0.2598096779820586,0.21384993479272477,1D-CNN
S246,0.418756861365495,0.4051210084159073,0.1761221302185976,1D-CNN
S247,0.41246904558739633,0.3294554953595962,0.25807545905300777,1D-CNN
S248,0.2528720911875758,0.6244842109606306,0.1226436978517943,ANN
S249,0.22449873939656764,0.34421496857184547,0.43128629203158764,GRU
S250,0.32154071026441966,0.34814577914975386,0.33031351058582653,ANN
S251,0.28541593621168654,0.4835350208098188,0.23104904297849463,ANN
S252,0.39815502546384224,0.2480616695640261,0.3537833049721317,1D-CNN
S253,0.3247922230959737,0.4078922203724638,0.26731555653156247,ANN
S254,0.023736301724357138,0.9672575402225275,0.00900615805311577,ANN
S255,0.1181976350880409,0.21812831958478793,0.663674045327171,GRU
S256,0.24518578253289888,0.48683989529690014,0.267974322170201,ANN
S257,0.27187913612852505,0.2894981063302048,0.43862275754127017,GRU
S258,0.4162610155260082,0.24939787148127315,0.3343411129927183,1D-CNN
S259,0.3599099778437275,0.4089300284032652,0.2311599937530066,ANN
S260,0.34001251986599373,0.44069215271052936,0.21929532742347693,ANN
S261,0.3189667612853185,0.14636051344006212,0.5346727252746194,GRU
S262,0.3202460849731437,0.26799583673528937,0.4117580782915677,GRU
S263,0.21671912437751298,0.15170501552483115,0.6315758600976555,GRU
S264,0.15591155858164465,0.4556346627661941,0.3884537786521613,ANN
S265,0.4906638406576513,0.25895608434228834,0.25038007500005993,1D-CNN
S266,0.3231903071174645,0.3472628034343033,0.3295468894482316,ANN
S267,0.2115980824521287,0.48836601596327933,0.30003590158459187,ANN
S268,0.2147231123710686,0.12622974347667104,0.6590471441522603,GRU
S269,0.3737803813139211,0.27975405877588866,0.3464655599101902,1D-CNN
S270,0.28345188677998695,0.23165152361964655,0.4848965896003665,GRU
S271,0.1769261456421358,0.5720923665073412,0.25098148785052254,ANN
S272,0.2911598905377551,0.15498498320853316,0.5538551262537119,GRU
S273,0.33682275319035765,0.29715457099478954,0.36602267581485204,GRU
S274,0.4590629590980001,0.3626350521035894,0.17830198879841047,1D-CNN
S275,0.42297260988699037,0.30631056692857533,0.27071682318443385,1D-CNN
S276,0.296552410682955,0.4063455788567685,0.2971020104602765,ANN
S277,0.328254158293004,0.4223064770283046,0.24943936467869143,ANN
S278,0.3545718249259784,0.3769770477391957,0.268451127334826,ANN
S279,0.20716783376478942,0.044891406147595556,0.747940760087615,GRU
S280,0.31312448187564856,0.28603708242001047,0.4008384357043409,GRU
S281,0.5641409492898722,0.343404187155256,0.09245486355487151,1D-CNN
S282,0.5515645858832574,0.23348953784316417,0.21494587627357867,1D-CNN
S283,0.15090867387407036,0.3860682645513618,0.4630230615745675,GRU
S284,0.4314399627128735,0.33324719670645636,0.23531284058066987,1D-CNN
S285,0.40673397071528267,0.3963490978620672,0.19691693142265018,1D-CNN
S286,0.4410218945994078,0.3777871583110544,0.18119094708953776,1D-CNN
S287,0.41997741557291624,0.5194542709183457,0.0605683135087377,ANN
S288,0.14380348848440447,0.15815579462341672,0.6980407168921788,GRU
S289,0.19217349042633797,0.25663856148987396,0.5511879480837877,GRU
S290,0.2675592501673076,0.2948535533214389,0.4375871965112531,GRU
S291,0.25802397767890445,0.4736409072014328,0.2683351151196627,ANN
S292,0.2515830869197075,0.3900527263300733,0.3583641867502185,ANN
S293,0.47669239542919567,0.07019683633161296,0.4531107682391914,1D-CNN
S294,0.47687163033489366,0.2901344063911312,0.23299396327397498,1D-CNN
S295,0.31097722488020174,0.3974757002971846,0.2915470748226136,ANN
S296,0.33434574900858044,0.41073435060240193,0.2549199003890176,ANN
S297,0.3357082521429401,0.35157612267203764,0.31271562518502233,ANN
S298,0.34234634439677336,0.42372875213702926,0.23392490346619796,ANN
S299,0.4363702354541839,0.3092574155528469,0.2543723489929691,1D-CNN
S300,0.295732115468691,0.47325055781452363,0.23101732671678546,ANN
S301,0.23563220847712243,0.26966161429043245,0.4947061772324447,GRU
S302,0.4234225098475604,0.3461255239248238,0.23045196622761568,1D-CNN
S303,0.4876807726938315,0.22262264523433337,0.2896965820718352,1D-CNN
S304,0.3082592160149208,0.40831292155908255,0.2834278624259967,ANN
S305,0.16441727926278382,0.5132322155056126,0.3223505052316042,ANN
S306,0.12619756950842292,0.8431651474785127,0.03063728301306448,ANN
S307,0.5238206781713336,0.3937367423417311,0.08244257948693537,1D-CNN
S308,0.32169553482198887,0.4729121305787188,0.20539233459929254,ANN
S309,0.23897435981157455,0.3669233327376046,0.3941023074508208,GRU
S310,0.16317583769387645,0.3445799156738382,0.49224424663228533,GRU
S311,0.4666844810748325,0.31179882962193783,0.2215166893032295,1D-CNN
S312,0.2637860175393296,0.4113242538553679,0.32488972860530224,ANN
S313,0.09551635244288377,0.06912361771204009,0.8353600298450762,GRU
S314,0.5426229166194327,0.26828581349488867,0.18909126988567865,1D-CNN
S315,0.1699239798087212,0.7658495522737298,0.06422646791754924,ANN
S316,0.2095074370457018,0.4373672446758002,0.3531253182784981,ANN
S317,0.24453961491107915,0.0869535476582745,0.6685068374306463,GRU
S318,0.1097651657464403,0.6146319293848466,0.2756029048687137,ANN
S319,0.32056424034209663,0.2995058052789508,0.3799299543789522,GRU
S320,0.30946819284582705,0.2875540787524951,0.4029777284016777,GRU
S321,0.536483645230784,0.23271057588381455,0.2308057788854009,1D-CNN
S322,0.37710952619958127,0.38218539314514577,0.2407050806552728,ANN
S323,0.5253500571301979,0.25950189864664014,0.21514804422316197,1D-CNN
S324,0.20178472413038342,0.6667708245740397,0.13144445129557666,ANN
S325,0.4984417123015033,0.33694053242969557,0.1646177552688007,1D-CNN
S326,0.27337044772150454,0.32410893443171307,0.4025206178467818,GRU
S327,0.18067462838924153,0.026999979033567895,0.7923253925771911,GRU
S328,0.25652185016643697,0.43304542505584076,0.31043272477772144,ANN
S329,0.4396792367491704,0.263954126794664,0.2963666364561656,1D-CNN
S330,0.3421571184229501,0.31407982276786034,0.3437630588091896,GRU
S331,0.36102461853231116,0.28025474655725735,0.3587206349104315,1D-CNN
S332,0.2342089485597559,0.47293879040732845,0.29285226103291495,ANN
S333,0.1510457160726965,0.7888923640101905,0.06006191991711224,ANN
S334,0.4165539632497149,0.25672676552861184,0.32671927122167305,1D-CNN
S335,0.4459987285062262,0.2119190351627368,0.34208223633103635,1D-CNN
S336,0.339263778487739,0.26062464643495287,0.4001115750773082,GRU
S337,0.686561150951196,0.023967351673570062,0.2894714973752341,1D-CNN
S338,0.2629330686973564,0.29777969695595397,0.43928723434668976,GRU
S339,0.31112817341123933,0.2871008133720924,0.40177101321666886,GRU
S340,0.28226337224844783,0.32768937494109235,0.39004725281046004,GRU
S341,0.30365081988776543,0.08726440071821447,0.6090847793940202,GRU
S342,0.36521719517641016,0.1306982622123574,0.5040845426112318,GRU
S343,0.08123702243446726,0.808193226868475,0.11056975069705802,ANN
S344,0.2392504256013142,0.2685456334401212,0.4922039409585647,GRU
S345,0.30061666214040117,0.24788014434705935,0.4515031935125391,GRU
S346,0.4147843564066206,0.24223878330184245,0.34297686029153684,1D-CNN
S347,0.45418464938705666,0.24236179420340123,0.30345355640954197,1D-CNN
S348,0.17516405370949636,0.6237982181035344,0.20103772818696924,ANN
S349,0.2745956000902233,0.5645571043395375,0.16084729557023908,ANN
S350,0.4056083801417756,0.22797136167503831,0.3664202581831863,1D-CNN
S351,0.33712713750218926,0.3295935409082801,0.3332793215895306,1D-CNN
S352,0.313985900235612,0.3469920075657397,0.33902209219864815,ANN
S353,0.3606115727847969,0.19230274673577707,0.44708568047942554,GRU
S354,0.34533253580637013,0.26023893658305625,0.39442852761057373,GRU
S355,0.20884825827008416,0.48147201441582127,0.30967972731409527,ANN
S356,0.0038942851368076,0.9943738865072294,0.001731828355963082,ANN
S357,0.3239667864512328,0.2078694797110333,0.4681637338377331,GRU
S358,0.17869302104168613,0.5035612373937537,0.3177457415645601,ANN
S359,0.6797331670137287,0.10808212749235417,0.21218470549391774,1D-CNN
S360,0.10121644164476268,0.7323033682233763,0.16648019013186108,ANN
S361,0.5529871943270472,0.33375969264314326,0.11325311302980953,1D-CNN
S362,0.3640176554870788,0.11492368033313592,0.521058664179785,GRU
S363,0.22431584005477856,0.38532977422036124,0.39035438572486014,GRU
S364,0.3361420527122377,0.3587392522519769,0.3051186950357855,ANN
S365,0.3716850145080625,0.21713939854702338,0.41117558694491385,GRU
S366,0.28657573734005626,0.30790220061902285,0.4055220620409208,GRU
S367,0.2866309243614395,0.3822705804396831,0.331098495198877,ANN
S368,0.388073853011164,0.3970610845215423,0.21486506246729356,ANN
S369,0.3499292759199263,0.44355023140742905,0.20652049267264533,ANN
S370,0.2209631846637218,0.7032229533220297,0.07581386201424849,ANN
S371,0.04453696555630862,0.018338420555133527,0.9371246138885578,GRU
S372,0.1584400959003796,0.35111105039467927,0.4904488537049416,GRU
S373,0.37564674826985495,0.31778833179110194,0.30656491993904333,1D-CNN
S374,0.5181809952278238,0.2576180007523338,0.22420100401984244,1D-CNN
S375,0.23233548587036704,0.38092658835821375,0.38673792577141924,GRU
S376,0.1905436761107979,0.12058095694522183,0.68887536694398,GRU
S377,0.2811588691586045,0.40237802617403284,0.31646310466736244,ANN
S378,0.3886679995210358,0.2600299378089079,0.35130206267005637,1D-CNN
S379,0.402098391697615,0.2813615395399884,0.31654006876239676,1D-CNN
S380,0.3855896337792965,0.3317832776522181,0.282627088568485,1D-CNN
S381,0.29593337589126284,0.08162380833682563,0.6224428157719116,GRU
S382,0.28947742714545427,0.21884547144484554,0.4916771014096998,GRU
S383,0.22230544025037288,0.3644362571629029,0.4132583025867237,GRU
S384,0.2717211407077451,0.2724702969176741,0.4558085623745801,GRU
S385,0.20830200208913138,0.18648148186086963,0.6052165160499983,GRU
S386,0.1985325080784397,0.3819729919868514,0.41949449993470894,GRU
S387,0.2629361138850266,0.17185495240180898,0.5652089337131637,GRU
S388,0.15380264583816372,0.35389524273784,0.4923021114239963,GRU
S389,0.7076982305971786,0.22151421158608767,0.07078755781673378,1D-CNN
S390,0.6104021754390857,0.28438235167067394,0.10521547289024018,1D-CNN
S391,0.6913890012353349,0.2004075586806121,0.10820344008405314,1D-CNN
S392,0.4459824097785235,0.44698689439966316,0.10703069582181392,ANN
S393,0.3088394120782217,0.4616678488342305,0.22949273908754736,ANN
S394,0.3834239189719462,0.29143821975567563,0.3251378612723781,1D-CNN
S395,0.32680634554755406,0.3486054089724791,0.32458824547996673,ANN
S396,0.2862251446599774,0.28577977878310856,0.4279950765569136,GRU
S397,0.5127531138510779,0.05045433149366713,0.43679255465525446,1D-CNN
S398,0.21119218169467552,0.5001457405190939,0.2886620777862303,ANN
S399,0.39979614094185106,0.3382601872029416,0.2619436718552082,1D-CNN
S400,0.20670899975437673,0.4282352054694204,0.3650557947762028,ANN
S401,0.4224537883373202,0.29647002739210715,0.28107618427057246,1D-CNN
S402,0.42410844513191714,0.34588312903451707,0.2300084258335655,1D-CNN
S403,0.4335422009071967,0.37860012221393846,0.1878576768788648,1D-CNN
S404,0.2866914533906729,0.3965161218939683,0.3167924247153588,ANN
S405,0.1854258130018021,0.18914722196064637,0.6254269650375515,GRU
S406,0.30393475569136275,0.37893444723716657,0.31713079707147046,ANN
S407,0.3134149521676458,0.3665317791179926,0.32005326871436174,ANN
S408,0.19485877460936135,0.15410834818230307,0.651032877208336,GRU
S409,0.024422434783374507,0.03572651666149835,0.9398510485551271,GRU
S410,0.05263913103934215,0.15205449450311412,0.7953063744575442,GRU
S411,0.6761230488030029,0.2618845152355653,0.061992435961432,1D-CNN
S412,0.5796092020290439,0.3336692343356201,0.08672156363533598,1D-CNN
S413,0.39861638921857706,0.4047102467866817,0.1966733639947409,ANN
S414,0.12847672370402527,0.28161496510488787,0.5899083111910873,GRU
S415,0.07835129822769504,0.27387092552338915,0.6477777762489157,GRU
S416,0.16780163454044456,0.3840718080789286,0.4481265573806273,GRU
S417,0.5567955990526059,0.22928803682358556,0.21391636412380818,1D-CNN
S418,0.4749193495573276,0.2732045029589407,0.2518761474837313,1D-CNN
S419,0.5608764877576942,0.2193639769185484,0.21975953532375742,1D-CNN
S420,0.2763845160861495,0.4103335025150579,0.31328198139879254,ANN
S421,0.20428876120714562,0.4305662357680085,0.3651450030248459,ANN
S422,0.25954285593779525,0.4265625751569932,0.3138945689052123,ANN
S423,0.06799610717834756,0.639049708090553,0.2929541847310998,ANN
S424,0.15660467974348982,0.21837519791004606,0.6250201223464642,GRU
S425,0.049490335759230945,0.1638260405548648,0.7866836236859042,GRU
S426,0.1614508352305995,0.4149171553957701,0.42363200937363027,GRU
S427,0.5967190389411839,0.2169258360474425,0.18635512501137416,1D-CNN
S428,0.6969983304774415,0.1699145572937431,0.13308711222881578,1D-CNN
S429,0.5117629940885454,0.29082625121996886,0.19741075469148575,1D-CNN
S430,0.8149783038732001,0.12446256095716482,0.06055913516963468,1D-CNN
S431,0.4417055676918223,0.38823128193592993,0.17006315037224762,1D-CNN
S432,0.20748115348970203,0.5378602983244288,0.2546585481858692,ANN
S433,0.18997074200369693,0.2614230912009184,0.5486061667953845,GRU
S434,0.41181484468184637,0.25067322461050706,0.3375119307076463,1D-CNN
S435,0.3639197576777422,0.2709466690715728,0.3651335732506845,GRU
S436,0.42901991795282274,0.2742905236527482,0.29668955839442906,1D-CNN
S437,0.2951921742617979,0.4495019520191628,0.2553058737190391,ANN
S438,0.3719201819399315,0.28275389445912785,0.3453259236009406,1D-CNN
S439,0.28217200904891615,0.37822910130920506,0.3395988896418789,ANN
S440,0.34146929601442483,0.5211470253784248,0.13738367860715034,ANN
S441,0.24771028478259113,0.23660634425602844,0.5156833709613811,GRU
S442,0.45686169425183415,0.2658762400885252,0.2772620656596414,1D-CNN
S443,0.3483251772744732,0.4803272648829392,0.1713475578425876,ANN
S444,0.4491133124673547,0.3304791969929335,0.22040749053971184,1D-CNN
S445,0.13249813145269831,0.5947736029638293,0.27272826558347196,ANN
S446,0.3736252037558503,0.17226046088228314,0.4541143353618666,GRU
S447,0.2203703594369519,0.29007973387439107,0.4895499066886566,GRU
S448,0.3233763247378676,0.3144686647380831,0.36215501052404914,GRU
S449,0.39190640029821655,0.34610725063176023,0.26198634907002283,1D-CNN
S450,0.47076969578264777,0.3040501096187062,0.22518019459864555,1D-CNN
S451,0.6282496567320416,0.08599325685810649,0.28575708640985226,1D-CNN
S452,0.06441626371573571,0.04167831330781314,0.8939054229764511,GRU
S453,0.2878479881940804,0.28309412095526454,0.42905789085065515,GRU
S454,0.6028113894067499,0.1018356139534788,0.2953529966397712,1D-CNN
S455,0.12175760228810475,0.5216753048620761,0.3565670928498189,ANN
S456,0.20385407554248347,0.5342122271046872,0.2619336973528292,ANN
S457,0.15604726378392092,0.45162373109946263,0.3923290051166171,ANN
S458,0.08795022808768937,0.07545428816532374,0.8365954837469862,GRU
S459,0.07960190527307277,0.14663739568910694,0.7737606990378202,GRU
S460,0.3298223264070949,0.3429623242841037,0.32721534930880203,ANN
S461,0.14296166172205937,0.4697692003227275,0.38726913795521317,ANN
S462,0.01615811131884559,0.007402042528719038,0.9764398461524354,GRU
S463,0.44401021335398494,0.33924637051451134,0.21674341613150327,1D-CNN
S464,0.3122153748986695,0.37426632200432597,0.3135183030970042,ANN
S465,0.2824440927379375,0.33944432339405095,0.3781115838680117,GRU
S466,0.2752207665289704,0.22235880342543515,0.5024204300455946,GRU
S467,0.10503764153338571,0.7593988202776104,0.13556353818900432,ANN
S468,0.3901132540010908,0.3214003274484058,0.2884864185505035,1D-CNN
S469,0.4353191617748665,0.3389185330619127,0.22576230516322068,1D-CNN
S470,0.358344325177234,0.3927292211046982,0.2489264537180674,ANN
S471,0.30985884725862056,0.46333964416771245,0.226801508573667,ANN
S472,0.13680523539874775,0.2773479373515975,0.5858468272496549,GRU
S473,0.39649088200479304,0.48434029403620704,0.11916882395899979,ANN
S474,0.20206625190175304,0.579661715040709,0.2182720330575376,ANN
S475,0.3891314975622834,0.24063906688024272,0.3702294355574738,1D-CNN
S476,0.193492997054601,0.25827298804059906,0.5482340149048007,GRU
S477,0.32644061161598864,0.19309475202949122,0.48046463635452025,GRU
S478,0.5078877538895695,0.43998879189837636,0.05212345421205389,1D-CNN
S479,0.723998638743483,0.25407472680360016,0.021926634452916725,1D-CNN
S480,0.2318852586670256,0.4257874210701133,0.3423273202628612,ANN
S481,0.18222771958825934,0.3098408820916856,0.5079313983200557,GRU
S482,0.17841411417377878,0.1908833793800072,0.6307025064462138,GRU
S483,0.2824510013820479,0.43055176501508313,0.28699723360286983,ANN
S484,0.4116285728646993,0.37632504755735235,0.2120463795779482,1D-CNN
S485,0.4544548099153587,0.3643914911087818,0.18115369897585942,1D-CNN
S486,0.37326740952664345,0.5288621051710474,0.09787048530230939,ANN
S487,0.20344108962021967,0.4282434836322419,0.3683154267475379,ANN
S488,0.24381867463814091,0.44176124764330793,0.31442007771855107,ANN
S489,0.10501401972235459,0.6804712821027136,0.21451469817493193,ANN
S490,0.4297397332862155,0.2473126319714812,0.32294763474230287,1D-CNN
S491,0.4005432895110342,0.34577747701288214,0.2536792334760838,1D-CNN
S492,0.28415270066335135,0.4105100265054225,0.3053372728312257,ANN
S493,0.2249250532221292,0.1731846904485457,0.601890256329325,GRU
S494,0.21112744997558125,0.625886060253469,0.16298648977095043,ANN
S495,0.26245778064945113,0.46527779152564647,0.2722644278249022,ANN
S496,0.20671641541334046,0.3226656791180719,0.47061790546858756,GRU
S497,0.21298809721489206,0.12818953320060952,0.6588223695844986,GRU
S498,0.10264494623064277,0.2788131722035191,0.6185418815658379,GRU
S499,0.06936459930466246,0.1511013015685518,0.7795340991267857,GRU
S500,0.11571411308775387,0.15811658470107767,0.7261693022111683,GRU
S501,0.5661269779034059,0.2332209519135606,0.20065207018303333,1D-CNN
S502,0.3807545586190007,0.40868254262507636,0.21056289875592338,ANN
S503,0.41640496693047196,0.37124712509476815,0.21234790797475925,1D-CNN
S504,0.1250850569464634,0.12633382172779511,0.7485811213257414,GRU
S505,0.24247111099483978,0.375857650871541,0.38167123813361903,GRU
S506,0.34144071280718,0.255702836530398,0.40285645066242187,GRU
S507,0.006723579054187341,0.8163374238868185,0.17693899705899427,ANN
S508,0.393335073743653,0.3159200814427776,0.29074484481356955,1D-CNN
S509,0.4388568324653847,0.30748859982762444,0.2536545677069909,1D-CNN
S510,0.33315175786017864,0.3854659255724165,0.28138231656740487,ANN
S511,0.24253148685092885,0.2009339299673922,0.5565345831816789,GRU
S512,0.2657827032382473,0.4781392003849673,0.2560780963767853,ANN
S513,0.545309109392728,0.31390639442717083,0.14078449618010128,1D-CNN
S514,0.23604756955809292,0.5652527055943753,0.19869972484753176,ANN
S515,0.28437465786382005,0.6323362910794472,0.0832890510567326,ANN
S516,0.08311043554387323,0.1495147835216852,0.7673747809344421,GRU
S517,0.35213466643702335,0.29794500333604573,0.349920330226931,1D-CNN
S518,0.4657844820761193,0.29762659187537677,0.23658892604850454,1D-CNN
S519,0.7250539951329338,0.16909664279625036,0.10584936207081581,1D-CNN
S520,0.29676731773046594,0.18063864430743112,0.5225940379621027,GRU
S521,0.09859537243066575,0.26194930456766385,0.6394553230016705,GRU
S522,0.24635263796691817,0.21743060948325835,0.5362167525498234,GRU
S523,0.1473211352319321,0.3073305423826948,0.545348322385373,GRU
S524,0.1280987321759981,0.39742931894406425,0.4744719488799369,GRU
S525,0.0005757991042968339,0.023142769581143828,0.9762814313145592,GRU
S526,0.13355634614473486,0.3131068265278966,0.5533368273273686,GRU
S527,0.12636183835972592,0.24417912649780976,0.6294590351424644,GRU
S528,0.12800590844153423,0.27324099483108766,0.598753096727378,GRU
S529,0.09586365439052867,0.4294934450066534,0.4746429006028177,GRU
S530,0.744364065047568,0.15846057452688148,0.09717536042555061,1D-CNN
S531,0.5207136845609273,0.38454828076508946,0.09473803467398315,1D-CNN
S532,0.4893502877549701,0.4246192145227741,0.08603049772225589,1D-CNN
S533,0.08319444071340158,0.34439227531941435,0.5724132839671842,GRU
S534,0.26649664137493656,0.3086763346995689,0.42482702392549443,GRU
S535,0.45610604489661755,0.23858042461030088,0.3053135304930816,1D-CNN
S536,0.6046942729009877,0.15911548716179083,0.23619023993722105,1D-CNN
S537,0.28946118050063124,0.4954666513954079,0.21507216810396076,ANN
S538,0.20303413846678853,0.36575841783093566,0.4312074437022757,GRU
S539,0.3066755082725276,0.37467982733737537,0.3186446643900977,ANN
S540,0.20305966171047188,0.6216503241464924,0.17529001414303574,ANN
S541,0.1381006406036092,0.5791168056434705,0.28278255375292033,ANN
S542,0.280897602884131,0.284920226692022,0.4341821704238471,GRU
S543,0.13555204881608116,0.27141406124401163,0.5930338899399069,GRU
S544,0.1284371811461075,0.19797621354815928,0.6735866053057339,GRU
S545,0.5497332052852935,0.2920420090532832,0.1582247856614232,1D-CNN
S546,0.5067827050499842,0.32215735691751657,0.17105993803249905,1D-CNN
S547,0.5144990838588493,0.2810205816412685,0.20448033449988126,1D-CNN
S548,0.29845972785402286,0.6228372213992034,0.07870305074677383,ANN
S549,0.23368794130430992,0.3775471885628941,0.3887648701327961,GRU
S550,0.4054842788033336,0.2715282927492597,0.3229874284474069,1D-CNN
S551,0.3594690273827059,0.3450127048133837,0.29551826780391016,1D-CNN
S552,0.4665408329871261,0.3234015064982038,0.21005766051467012,1D-CNN
S553,0.30468111008680615,0.2598845189604733,0.43543437095272014,GRU
S554,0.3142281865213549,0.16050968500525736,0.5252621284733874,GRU
S555,0.23511362849987708,0.3495808337807044,0.415305537719418,GRU
S556,0.2546974440778996,0.4546671701175068,0.29063538580459314,ANN
S557,0.40388958954678295,0.2446482305920464,0.35146217986117084,1D-CNN
S558,0.35277182421023107,0.2594305060158679,0.387797669773901,GRU
S559,0.2880978722574553,0.34535407283622804,0.3665480549063161,GRU
S560,0.058659648567188895,0.8859427455669842,0.05539760586582693,ANN
S561,0.3804916607155178,0.40398530590767684,0.2155230333768053,ANN
S562,0.19425025435989662,0.6156276278166429,0.19012211782346025,ANN
S563,0.3013236532895565,0.3894130595726948,0.30926328713774853,ANN
S564,0.30465382905487576,0.21821280741345386,0.4771333635316704,GRU
S565,0.36489383030179284,0.34401425062595453,0.2910919190722532,1D-CNN
S566,0.3469782470860602,0.5409653086376319,0.11205644427630784,ANN
S567,0.7895718451483631,0.09082063183065625,0.1196075230209806,1D-CNN
S568,0.28974168872995604,0.2722807011452885,0.4379776101247554,GRU
S569,0.21218868509983674,0.2448523825049546,0.5429589323952085,GRU
S570,0.18507711426396292,0.09573199653965755,0.7191908891963789,GRU
S571,0.7736426921652022,0.1854505236905955,0.04090678414420235,1D-CNN
S572,0.3605634068723339,0.605230110124384,0.034206483003282044,ANN
S573,0.27610908866338624,0.12457824614062084,0.5993126651959937,GRU
S574,0.1597146434921798,0.149864902024453,0.6904204544833673,GRU
S575,0.21263640102349265,0.1258125672970767,0.66155103167943,GRU
S576,0.10228514957091742,0.5990933559342438,0.2986214944948386,ANN
S577,0.09649335245771473,0.8141856201108716,0.08932102743141357,ANN
S578,0.29934525853151667,0.4659501770695596,0.23470456439892443,ANN
S579,0.417921077004917,0.18453655215836476,0.3975423708367184,1D-CNN
S580,0.2124351911413931,0.4767722673390342,0.3107925415195724,ANN
S581,0.20558463657817735,0.34421106968604837,0.4502042937357751,GRU
S582,0.41858748188291933,0.26780262273051214,0.3136098953865692,1D-CNN
S583,0.46316619458790126,0.2501747976562098,0.2866590077558889,1D-CNN
S584,0.2914447841954842,0.46129563783488886,0.2472595779696268,ANN
S585,0.2503843711033656,0.21071461090097726,0.5389010179956579,GRU
S586,0.3301113281568732,0.3370710277097318,0.3328176441333956,ANN
S587,0.33287887470646876,0.3999070039596796,0.26721412133385186,ANN
