Segment,1D-CNN,ANN,LSTM,CNN-LSTM,GRU,Selected
S1,0.9747319795215578,0.0004658244642114998,0.0024575931933450337,0.006770874257310449,0.015573728563592008,1D-CNN
S2,0.558236504286631,0.09290682831454565,0.009523320077485678,0.08421849785615079,0.2551148494651853,1D-CNN
S3,0.12584749277497603,0.15577269628972587,0.1882569692682167,0.4575360076165158,0.07258683405056081,CNN-LSTM
S4,0.14901628814392115,0.4951978912540267,0.19998687174346352,0.0777196177931242,0.0780793310654644,ANN
S5,0.0003506856753554325,0.0017280100776521784,0.9974694867362762,0.0002115629020238137,0.00024025460870091112,LSTM
S6,0.002916051251385639,0.013216978185768277,0.06028622798898081,0.007867156195372439,0.9157135863784926,GRU
S7,0.0008048073832096704,0.0017611945106266855,0.9788465641380133,0.005497668787334022,0.013089765180818516,LSTM
S8,0.07103665951787926,0.12219396453136087,0.5667774950681909,0.11798193299155105,0.122009947891017,LSTM
S9,0.29003097133690076,0.2723200898654593,0.03332893812330471,0.042481095726101155,0.3618389049482317,GRU
S10,0.23678717683977302,0.16353484422344608,0.0006404013286059114,0.18544262081462745,0.41359495679355157,GRU
S11,0.22823922573279307,0.6105729131671935,0.03559187809241073,0.09887582145185994,0.026720161555741653,ANN
S12,0.07102065660545792,0.09847583253849353,0.7204744583050684,0.07440497642007884,0.03562407613089871,LSTM
S13,0.0008932080151668806,0.9941804346855423,0.0020285549291537788,0.0011732567391366008,0.0017245456309969455,ANN
S14,0.08965467449792014,0.15195308749095368,0.34551585599021456,0.15185505357509105,0.2610213284458181,LSTM
S15,0.0,0.0,0.0,0.0,0.0,1D-CNN
S16,0.0,0.0,0.0,0.0,0.0,1D-CNN
S17,0.005710500255109524,0.002900944466018687,2.3012449142203477e-05,0.0014235666113683574,0.9899419762183611,GRU
S18,0.38187799912560094,0.20354533698103297,0.013723035679462483,0.36954813391913927,0.03130549429476323,1D-CNN
S19,0.048725405079583534,0.03205276624382781,0.8714332853519913,0.040727229785029864,0.007061313539566771,LSTM
S20,0.24836608152478862,0.11102090354540235,0.017440977806613266,0.08377414047641027,0.5393978966467816,GRU
S21,0.14970341896052614,0.2542285309128539,0.4214617811727732,0.13270475705197537,0.0419015119018728,LSTM
S22,0.12667604728297457,0.07706058182134709,0.5953451241095362,0.09457725422170041,0.1063409925644416,LSTM
S23,0.013812829830316366,0.1432471585691276,0.7224282836490151,0.04278991425768637,0.07772181369385336,LSTM
S24,0.06843668114083232,0.13853805713678444,0.023212610515547703,0.016198581352648986,0.7536140698541851,GRU
S25,0.35126380166943394,0.5252188319277732,0.0011295636571128326,0.052741637380671426,0.06964616536500828,ANN
S26,0.007259972130082747,0.1343585233931106,0.8142625197067236,0.00474820949741055,0.039370775272674255,LSTM
S27,0.3016653266884477,0.01231353997119228,0.0010045386792760934,0.022815966995282683,0.6622006276658046,GRU
S28,0.24819637002245518,0.16498638719413203,0.03282748869566188,0.507749831448018,0.0462399226397285,CNN-LSTM
S29,0.10538348586095132,0.02706254110770904,0.6343765027471936,0.17298781032581412,0.0601896599583318,LSTM
S30,0.9513959377732295,0.0008235271619103822,0.0015788279758156385,0.025158832754413,0.021042874334629126,1D-CNN
S31,0.0012422149286190952,0.005550278313736754,0.9900423794464752,0.0022833129717213106,0.0008818143394473584,LSTM
S32,0.1301232206314304,0.33166246302175767,0.19812740184093033,0.09787471103546837,0.24221220347041275,ANN
S33,0.9973650209303495,0.00011077791494978271,0.00014615225863227682,0.000608964170783597,0.0017690847252867213,1D-CNN
S34,0.34971663141406684,0.5416464791483503,0.005604733977551184,0.07653249333701538,0.026499662123030933,ANN
S35,0.031166839580955685,0.10579387632324927,0.751686847217301,0.08239150403092098,0.02896093284757394,LSTM
S36,0.03578777297132313,0.5747464119693089,0.3198340991399542,0.027280793789653358,0.042350922129759966,ANN
S37,0.009932362793945361,0.12334901181491362,0.30818447954683287,0.03192722887347496,0.5266069169708291,GRU
S38,0.0010960470232786379,0.002392251990316506,0.0038320838030683683,0.0011186034548304599,0.9915610137285058,GRU
S39,0.0,0.0,0.0,0.0,0.0,1D-CNN
S40,0.0,0.0,0.0,0.0,0.0,1D-CNN
S41,0.0002479568377868395,2.4619769863908682e-05,3.819830295148849e-06,0.0025472087129409893,0.9971763948491131,GRU
S42,0.001704100907584243,0.9970618536078223,0.0002833071775255907,0.0006106023928844575,0.00034013591418902985,ANN
S43,0.15870360017177054,0.17629856462337362,0.408321740147824,0.14145172293628097,0.11522437212074768,LSTM
S44,0.12117895057538094,0.7560478628928474,0.021827404328645286,0.012033073627052167,0.08891270857607347,ANN
S45,0.016436808638800874,0.016377263743423614,0.7102796611699678,0.18238044939161202,0.0745258170561995,LSTM
S46,0.9775723478594095,0.02131556117472193,0.00041163614453429583,0.00023750291940082598,0.00046295190193637906,1D-CNN
S47,0.00773378677570959,0.13139051775199642,0.2129122422969676,0.5952193821368901,0.052744071038434724,CNN-LSTM
S48,0.30123613399622495,0.08673871798755725,0.3878929411399099,0.10355580092269936,0.12057640595360644,LSTM
S49,0.1330325293567402,0.05045401089998422,0.07977232064369451,0.07580930465992801,0.6609318344396586,GRU
S50,0.7694097074369107,0.04834652480182101,0.0023832745029073897,0.05431876144043263,0.12554173181792902,1D-CNN
S51,0.06919468280150494,0.5460373759489,0.0005178187113834215,0.23969403309491433,0.14455608944329618,ANN
S52,0.007824742500865645,0.005307102306079908,0.005639388833098243,0.9015888887214358,0.07963987763852545,CNN-LSTM
S53,0.13198393785017742,0.42006636381160006,0.2268040486753576,0.15984166920652942,0.06130398045632933,ANN
S54,0.39767922388766086,0.37930541385100963,0.12505368554168333,0.05569708392327065,0.042264592796375226,1D-CNN
S55,0.025656351716740366,0.9722207189333941,0.0002716572033489399,0.0004558242120556748,0.0013954479344607943,ANN
S56,0.5271187993533262,0.45815620724934614,0.0019645359633224417,0.005749950347849956,0.007010507086155273,1D-CNN
S57,0.06621136246743353,0.08962169649525635,0.10158571552106231,0.5074217316084672,0.23515949390777927,CNN-LSTM
S58,0.0050791087114024575,0.02290899927589362,0.5843045972422857,0.08302455863791448,0.3046827361325066,LSTM
S59,0.000925407537006711,0.9854366506011744,0.007793166878998571,0.0019381219601233336,0.003906653022691524,ANN
S60,0.0004352203626394857,0.0015104003436494382,0.19363913294334456,0.010823313766897262,0.7935919325834685,GRU
S61,0.00030018503000365,0.000292494051710181,0.02284184664669595,0.9764163153517182,0.00014915891986996016,CNN-LSTM
S62,0.26678827192838334,0.20382866984885936,0.011892376922070173,0.033928747405969656,0.48356193389471464,GRU
S63,0.33567124563378126,0.45399474281059493,0.02323777417487878,0.031062684504593933,0.1560335528761559,ANN
S64,0.10376213549407512,0.04755490954436425,0.2749186768056408,0.5268177552880774,0.046946522867841685,CNN-LSTM
S65,0.1560544179909041,0.19489755319880825,0.19552222280949136,0.19168951125131298,0.26183629474948267,GRU
S66,0.09512356303726241,0.12492705449426163,0.16975283744346312,0.21152306398317147,0.3986734810418456,GRU
S67,0.0,0.0,0.0,0.0,0.0,1D-CNN
S68,1.8416994964349037e-05,7.2209425926218316e-06,7.239391464907098e-07,1.7037581741746185e-05,0.9999566005415564,GRU
S69,0.09554491180391232,0.2864375236630918,0.0025509672820141164,0.11759188395321454,0.49787471329777183,GRU
S70,0.2937770350134711,0.3676158238794824,0.12429257219210513,0.16813137207914738,0.04618319683579086,ANN
S71,0.10682431390253175,0.09764011787958622,0.6532116380427976,0.08920928429952506,0.053114645875556026,LSTM
S72,0.19022653139082524,0.3412163935617059,0.0013657805462131104,0.0003606438771565197,0.4668306506241078,GRU
S73,0.02245888173822297,0.20952293666859523,0.03196428575369232,0.050257257672149384,0.685796638167337,GRU
S74,0.24572218106143312,0.21134774963007327,0.06086129212457894,0.2197145610278667,0.2623542161560491,GRU
S75,0.0029776636341550125,0.007173588460383809,0.05364007073671511,0.8922448733041164,0.043963803864629544,CNN-LSTM
S76,0.008394910776073532,0.262064647820632,0.21065769617221175,0.05399198380037329,0.46489076143071484,GRU
S77,0.9144741097621438,0.01393734141108625,0.02570758151774112,0.015821869211389374,0.030059098097640347,1D-CNN
S78,0.9993039121586431,0.00018669356742572732,7.176892171306088e-05,7.437018026875987e-05,0.0003632551719484602,1D-CNN
S79,0.10598295997612893,0.13518980828810404,0.5207701928366987,0.15800902109896622,0.08004801780009996,LSTM
S80,0.01116483478939605,0.8571238871142641,0.08769348599482768,0.03072854529765132,0.013289246803859095,ANN
S81,0.24672041073747356,0.11181122159404269,0.18610228321371133,0.19791028649208733,0.2574557979626842,GRU
S82,0.4124642116237478,0.38554494133606887,0.06600251465214049,0.06918487578061396,0.06680345660742755,1D-CNN
S83,0.03362144789883775,0.038096073058251106,0.8182447372578446,0.08254221132511069,0.02749553045995613,LSTM
S84,0.03649354900723072,0.42227651795030124,0.017457319385651975,0.024898289614944037,0.498874324041873,GRU
S85,0.11399925677210718,0.4047714103835536,0.33365549216063584,0.07425132182425291,0.07332251885945015,ANN
S86,0.44879339493862735,0.09833359202577521,0.2797552947793439,0.08319478782092274,0.08992293043532695,1D-CNN
S87,0.35931663457847707,0.2005076872510258,0.24675576455819706,0.16036120185984276,0.0330587117524685,1D-CNN
S88,0.7073633902352817,0.044907937955812965,0.00585018166501321,0.03550777758009769,0.2063707125637976,1D-CNN
S89,0.0015435971187391544,0.0008973042517522254,0.9957093569221409,0.0006401611910887522,0.0012095805162804375,LSTM
S90,0.12045771860422602,0.1622587773338686,0.04316767390166211,0.22332746598986364,0.45078836417038065,GRU
S91,0.07810918457209183,0.155520420652078,0.013150691686087299,0.4283019133144565,0.32491778977528096,CNN-LSTM
S92,0.05151550618716531,0.8859103875758096,0.01400378201563629,0.032191155613023485,0.01637916860836347,ANN
S93,0.0033056980873990166,0.003865546882628677,0.9880562435652561,0.0029830030272833064,0.0017895084374359134,LSTM
S94,0.09498910575889236,0.2647635824753844,0.04318985012081649,0.07472597831774788,0.5223314833271583,GRU
S95,0.036389973709690465,0.007160999446549361,0.8668291816025013,0.0197532905004914,0.06986655474076303,LSTM
S96,0.00012733979112211527,8.743487086529184e-05,0.9798638048294293,0.0021707796659155513,0.017750640842667604,LSTM
S97,0.07803397813805653,0.3549783656396629,0.4140383743771801,0.06937197604144459,0.08357730580365583,LSTM
S98,0.02220647187076568,0.916525700509002,0.02273809562754183,0.02085892408439625,0.017670807908298357,ANN
S99,0.015564042424635766,0.04625254225921964,0.024851637775743035,0.9076667614524626,0.00566501608793872,CNN-LSTM
S100,0.5092825332969901,0.05082934633903241,0.000491149596228311,0.10038609811105784,0.3390108726566898,1D-CNN
S101,0.06585941201827068,0.8627760057173417,0.000565852618436866,0.01938043476961164,0.051418294876340385,ANN
S102,0.00010577829328542873,0.0004782837399822673,0.9993094008843482,7.816511262078226e-05,2.8371969763250686e-05,LSTM
S103,0.16534556686394247,0.27226762438849067,0.33997870760283505,0.14158736638008101,0.08082073476465025,LSTM
S104,0.002858886987563586,0.008700619058872858,0.4659061227949552,0.20280701822014435,0.31972735293846194,LSTM
S105,0.04518409819351403,0.06396269674642868,0.45026241118331606,0.15880838223206004,0.28178241164468126,LSTM
S106,0.027220633071700417,0.0177487664272862,0.14709853333192685,0.10682322410162115,0.7011088430674662,GRU
S107,0.0486007627583931,0.042949563902731185,0.19498132797929066,0.4604995352866807,0.2529688100729032,CNN-LSTM
S108,0.010427049920512733,0.012791421001967269,0.0007226276087125486,0.007860875619476826,0.9681980258493307,GRU
S109,0.269774168830963,0.009676089103904871,0.002949479336883313,0.7065117956085389,0.011088467119710286,CNN-LSTM
S110,0.003356613222885649,0.004129135089795194,0.9854771649820228,0.005289927761535417,0.0017471589437598298,LSTM
S111,0.24027780353925596,0.191374078349765,0.07716791666071339,0.13935936732333154,0.3518208341269403,GRU
S112,0.06763262298829222,0.29231875959471243,0.07150750736429018,0.46878922483041774,0.09975188522228687,CNN-LSTM
S113,0.10730420471655061,0.03504824971100879,0.6019524034827206,0.14817312965842383,0.1075220124312979,LSTM
S114,4.991995392936076e-05,2.5860954609809126e-06,2.2471105134465972e-06,2.4962396340785667e-05,0.9999202844437555,GRU
S115,0.0021681778017673017,0.022759224390764197,0.9531610911787503,0.006777192574926734,0.015134314053787724,LSTM
S116,0.053621361568860174,0.15871664867881505,0.6380790627220798,0.05454576869566325,0.09503715833458157,LSTM
S117,0.14574487036005876,0.11541766667573725,0.07541803727733318,0.10256104144784521,0.560858384239022,GRU
S118,0.9070737239573944,0.05182314314938521,0.00034881645457969523,0.019634451486516425,0.021119864952122647,1D-CNN
S119,0.06139358630004483,0.7396187362255382,0.03736210345645498,0.15108500305548175,0.010540570962467891,ANN
S120,0.21735370209707047,0.2267639816436315,0.05806900470505501,0.14617309705642498,0.3516402144978181,GRU
S121,0.5293496054283714,0.011113211217822253,0.010330687938741203,0.4382268513735353,0.01097964404152763,1D-CNN
S122,0.2394709668516535,0.007696324251657518,0.00641089636228067,0.03223733705605683,0.7141844754783574,GRU
S123,0.1504516774044194,0.2074688744603777,0.2700827104951343,0.32533734516830487,0.04665939247176243,CNN-LSTM
S124,0.04364937475967453,0.5608312817596633,0.31495239270265335,0.041354503149139694,0.039212447628868836,ANN
S125,0.999726951264981,3.336768824054781e-05,3.8622191210602e-05,4.651214621349614e-05,0.00015454670935074837,1D-CNN
S126,0.6964151072328579,0.02399332699937265,0.0395431146552101,0.10752949110461014,0.13251896000794797,1D-CNN
S127,0.011098023668427923,0.013684198415967288,0.7440274588057576,0.2181285024225524,0.01306181668729555,LSTM
S128,0.022447739929545484,0.20323173037827688,0.6908546927068687,0.053170851397639975,0.030294985587667262,LSTM
S129,0.12405039597424222,0.4424476660978633,0.04031807976542156,0.01896804536033339,0.3742158128021458,ANN
S130,0.9994085677907718,0.00022777681224170088,3.3667538374721745e-05,4.164177680446467e-05,0.0002883460818095222,1D-CNN
S131,0.5194742249966252,0.2929374382432185,0.001597642852994127,0.14966881691895859,0.036321876988200046,1D-CNN
S132,0.023747913016649635,0.0721582184735165,0.8045177047715961,0.07997819547216853,0.019597968266068067,LSTM
S133,0.21039555791778825,0.22328878049220915,0.03368877966463133,0.1333054396970263,0.39932144222834176,GRU
S134,0.05436804314765868,0.0034591719560230685,0.0019191715234381525,0.9373558480255355,0.002897765347346602,CNN-LSTM
S135,0.0316250198285811,0.04224163766115488,0.8681256673776288,0.04163566359210587,0.01637201154052466,LSTM
S136,0.09440760106181509,0.4371340387211852,0.08950907717002998,0.021121630620055336,0.35782765242691,ANN
S137,0.04576625234676368,0.05989177123225988,0.5031494181040961,0.16119682856205547,0.22999572975482585,LSTM
S138,0.006988005024949141,0.9859754469088914,0.001931177859837021,0.0026595824555633646,0.0024457877507594837,ANN
S139,0.08151210032600098,0.08135374489469556,0.10479575127011284,0.10862513570288176,0.6237132678063089,GRU
S140,0.0405966352120141,0.013995719872276963,0.7300668950586808,0.18354849050558983,0.031792259351437306,LSTM
S141,0.07054481536542538,0.6496794314398716,0.1511872034007938,0.045075249003353884,0.08351330079055956,ANN
S142,0.023864342761417197,0.18169181090247488,0.7212578133536108,0.043859539825467385,0.029326493157029513,LSTM
S143,0.13874243477274348,0.31874201278887754,0.16621468508294518,0.0951281908573564,0.28117267649808286,ANN
S144,0.18284938304588158,0.0092883310133621,0.0012285286531673117,0.06988816492766074,0.7367455923599284,GRU
S145,0.17624196530051978,0.27968791878985905,0.35285194069426074,0.1365293597080176,0.05468881550734264,LSTM
S146,0.09888853442993535,0.22744995004729252,0.46305987106805785,0.15025206462856777,0.06034957982614184,LSTM
S147,0.5720458721932095,0.02222400480484212,0.3060877916632618,0.05043118364550952,0.04921114769317479,1D-CNN
S148,0.05690394820973148,0.0969147870044069,0.5094300257975489,0.1798423143597316,0.15690892462858225,LSTM
S149,0.027397544016039062,0.0294645998454412,0.4104028123515785,0.026158809407081565,0.5065762343798597,GRU
S150,0.10263971726078096,0.0028717113005170304,0.003130337667025734,0.016257784469981596,0.8751004493016928,GRU
S151,0.008142722968722125,0.0021247661520662747,0.0031806246742110095,0.9853428553142807,0.0012090308907191545,CNN-LSTM
S152,0.0023901639078729386,0.4278729025298061,0.5586363142518002,0.006865348090149156,0.004235271220370363,LSTM
S153,0.043892636005068535,0.4446404258103723,0.2807382232167732,0.07050583064829201,0.16022288431948958,ANN
S154,0.01789255361785875,0.00326887593235422,0.0015352911141357278,0.0026007474538025845,0.9747025318818451,GRU
S155,0.28792317656053756,0.006916140314137197,0.001211089183764381,0.014436925902388102,0.6895126680391764,GRU
S156,0.13829927948751966,0.07643416217424924,0.022441786368209475,0.7111329478282459,0.05169182414177356,CNN-LSTM
S157,0.22221109225216826,0.04225148629819502,0.0306290198216893,0.6505631185367011,0.05434528309124512,CNN-LSTM
S158,0.008061361298458686,0.03477151337452261,0.947682144463791,0.005903564762910025,0.0035814161003205947,LSTM
S159,0.018840611204278067,0.35542561926244975,0.08141569573843827,0.015248910156384122,0.5290691636384474,GRU
S160,0.0037056206667424305,0.033987282573254694,0.37378185993331076,0.021404442912900654,0.5671207939137877,GRU
S161,0.004513741674029283,0.012115295057468473,0.02830612483511195,0.005269936519534544,0.949794901913856,GRU
S162,0.7867646647807649,0.008429085642510195,0.0013866425813959438,0.0014673802489257115,0.20195222674640195,1D-CNN
S163,0.547487538775431,0.239900312364442,0.006382641432425168,0.16777732874974038,0.03845217867796109,1D-CNN
S164,0.07554034516981441,0.0677931651897791,0.6996236265161346,0.11444083402013566,0.04260202910413968,LSTM
S165,0.00802981897689124,0.9582290090912707,0.02221849520450121,0.005185508797908558,0.00633716792942686,ANN
S166,0.008242971288741232,0.018900187608099483,0.5217310826792186,0.05981212930319889,0.3913136291207408,LSTM
S167,0.28156435266141094,0.17161904691810415,0.1349523356773627,0.12961248589799249,0.28225177884512803,GRU
S168,0.5732875542383473,0.09313043038681998,0.09298551672297907,0.1653693196142802,0.0752271790375793,1D-CNN
S169,0.012823316709900346,0.013815965550009981,0.8093562269506952,0.15488667332012707,0.00911781746926806,LSTM
S170,0.1842723659625322,0.04946542171686313,0.053624169559078824,0.0510346928756125,0.6616033498859132,GRU
S171,0.7246223803217567,0.05223249842994766,0.06417270817109756,0.09425976501652948,0.06471264806067477,1D-CNN
S172,0.4216665184471519,0.10546845156956532,0.16413970310961454,0.17750484074779796,0.1312204861258712,1D-CNN
S173,0.00044984094643974934,0.15628101733770508,0.7986835827172969,0.043761881788353746,0.0008236772102110196,LSTM
S174,0.9940343812821307,0.005058237514808963,0.00010280764736493091,0.00016589935418718702,0.0006386742015115425,1D-CNN
S175,0.002897963264232945,0.04005474355742799,0.12674326972505592,0.8064896927417216,0.023814330711564982,CNN-LSTM
S176,0.006001695216805131,0.3686493930839287,0.11112788570154611,0.07232206608744149,0.4418989599102796,GRU
S177,0.0011145746731960895,0.0031605292498221344,0.6105193562021185,0.3755802900258178,0.009625249849045326,LSTM
S178,0.17401418762323567,0.11393675021562563,0.06974495040700987,0.07477511372109208,0.5675289980330367,GRU
S179,0.9650629787673858,0.00567056969371301,0.0032030600219392458,0.0031897665962535133,0.022873624920708623,1D-CNN
S180,0.9999864154050714,6.446566562126726e-06,3.3286950821172245e-07,4.732877962169658e-06,2.0722808977066983e-06,1D-CNN
S181,0.019292736953915268,0.050236449242772874,0.8632651859362592,0.04743853918479866,0.01976708868225759,LSTM
S182,0.15577702248085054,0.27893956065749526,0.14476476360735488,0.19193465668307472,0.22858399657122264,ANN
S183,0.06377824672361465,0.006956037320028308,0.26735715986632336,0.5885168682141251,0.07339168787590981,CNN-LSTM
S184,0.0742715926734912,0.018899623536878837,0.023464187158896074,0.034623023249315,0.8487415733814189,GRU
S185,0.016425132334659427,0.0014616971254447983,0.9136298857122189,0.0413100523136632,0.027173232514014805,LSTM
S186,0.05512735916065219,0.05372298796377896,0.6861336596859448,0.09233376227287514,0.11268223091674884,LSTM
S187,0.08037314759782935,0.40878231771225176,0.049038664356017385,0.0615142605125604,0.4002916098213394,ANN
S188,0.0022065250988669667,0.00037696938635624545,0.00014822495809242204,0.9966277323343818,0.0006405482222974136,CNN-LSTM
S189,0.021279057939127745,0.002587368808323201,0.0024773555708246793,0.04374235781657622,0.9299138598651515,GRU
S190,0.0005063724212934815,1.6222722666738847e-05,2.09961758885007e-05,0.9993742109859389,8.219769421252576e-05,CNN-LSTM
S191,0.04952069267961469,0.7450362834842001,0.12094288660257044,0.06853051580769828,0.015969621425914814,ANN
S192,0.003040079470421004,0.9793335077810573,0.01338268706793555,0.002235979275375136,0.002007746405208172,ANN
S193,0.007225947845016217,0.10249673932725345,0.6892348188995392,0.04391923504809133,0.15712325888010087,LSTM
S194,0.023962306197181444,0.27099462441377986,0.5520669117647845,0.04739247813645651,0.10558367948779737,LSTM
S195,0.230467033417205,0.16985211985978252,0.1239058183505058,0.06178042901185123,0.4139945993606518,GRU
S196,2.1931350201348377e-06,0.9999950532918056,6.43241922507126e-08,1.1349238710205874e-06,1.554325111951818e-06,ANN
S197,0.018131216803818247,0.030982969849838345,0.9024049423773096,0.013472549206483365,0.035008321762542274,LSTM
S198,0.1407507336346816,0.06592870479357842,0.016923271725972498,0.0954662627752861,0.6809310270704801,GRU
S199,0.47947896844204974,0.0515029639464128,0.0091023956724769,0.3334501715297824,0.1264655004092822,1D-CNN
S200,0.5622333528932926,0.00024962623566008533,0.00030038093649678896,0.4360159734053664,0.0012006665291814907,1D-CNN
S201,0.02872953896317742,0.04477126079377639,0.8805418868207733,0.03160026892849955,0.014357044493766792,LSTM
S202,0.11937698877112778,0.15581533901068367,0.3777892116736689,0.1467003188508566,0.20031814169366025,LSTM
S203,0.056996788721860224,0.24142436363140113,0.27584058038599596,0.12944074919180093,0.29629751806894117,GRU
S204,0.9725936444004203,0.01124053307053941,0.00046682933728095256,0.004366361882983229,0.01133263130877254,1D-CNN
S205,0.17511198621312116,0.578317837662803,0.00043595862687094444,0.016389066794857996,0.2297451507023468,ANN
S206,0.0007967366169900755,0.9969568799664301,0.00027613592668010786,0.0017321516477171526,0.00023809584218074744,ANN
S207,0.02730573851121608,0.029440645281215837,0.8992376753291146,0.0295256862760986,0.014490254602354851,LSTM
S208,0.0006666377965407135,0.992559504036646,0.004389608454139075,0.0009766909031666102,0.0014075588095068463,ANN
S209,0.01543232588112842,0.019619022430353773,0.02080052101102332,0.01382754424367719,0.9303205864338169,GRU
S210,0.5377965375109988,0.327432660120433,0.003807410576254477,0.03608882935107049,0.09487456244124517,1D-CNN
S211,0.07443069003628434,0.06123471950339851,0.2402311130986431,0.5939627669957028,0.030140710365972014,CNN-LSTM
S212,0.01329300626653794,0.6039091765670358,0.356609255240399,0.01878161893191959,0.007406942994104295,ANN
S213,0.017968062018383923,0.011651770699661732,0.019722074331473067,0.07823932899502092,0.8724187639554571,GRU
S214,0.99173633315446,0.0002755173761437484,6.69292330043184e-05,0.007352825011602118,0.0005683952247891627,1D-CNN
S215,0.6244105297255859,0.00857776122437822,0.010766921212903891,0.34473433948611637,0.011510448351014922,1D-CNN
S216,0.00010197099816254628,0.5935260433162646,0.40611367224353645,0.00016380475809604338,9.4508683939309e-05,ANN
S217,0.05584399852697938,0.5364413422685411,0.27606344721754594,0.048441495984934815,0.08320971600199775,ANN
S218,0.10404773404729839,0.20146649550263446,0.2079711045799787,0.1089308566507468,0.3775838092193404,GRU
S219,0.02777554605728101,0.9706563164189733,2.3931346355316276e-05,0.000544914941473012,0.000999291235915888,ANN
S220,0.7885938958260608,0.07456981977722557,2.946848856856129e-05,0.027192309330970315,0.10961450657717708,1D-CNN
S221,0.2741138992422308,0.4047394293866195,0.0004137183868542974,0.3124723439656114,0.008260609018682344,ANN
S222,0.047212078744024825,0.27863242147126177,0.5501556715445622,0.06280456250960437,0.06119526573055307,LSTM
S223,0.08683663779305624,0.06875273919592002,0.03944518967468836,0.14213268154284972,0.6628327517934891,GRU
S224,0.09055833590487461,0.2173773565796731,0.29443975064135025,0.22539159659732644,0.17223296027677687,LSTM
S225,0.40754981326274836,0.07050509748271895,0.050440614499740376,0.1908852861868496,0.2806191885679409,1D-CNN
S226,0.0962084947324702,0.17767275550196984,0.07363644696103781,0.5208035307344713,0.13167877207005077,CNN-LSTM
S227,0.04358789145152135,0.15267413837145669,0.6069870518908739,0.09462669085323995,0.10212422743289985,LSTM
S228,0.021359233186724554,0.023096897058695137,0.006686655492496415,0.02553546193848417,0.9233217523235999,GRU
S229,0.003090712155843757,0.007461691821594035,0.9780817846811526,0.005245511966944873,0.006120299374462933,LSTM
S230,0.12862015493224543,0.42290856740429156,0.08938707696673821,0.07348882346547947,0.28559537723124423,ANN
S231,0.11237046204709521,0.0085765752175006,0.002832737362048165,0.7931619352827003,0.08305829009065417,CNN-LSTM
S232,0.36571425262918755,0.02926917929368728,0.0010481153149350755,0.024689129407558966,0.5792793233546336,GRU
S233,0.15760707583398134,0.10633418586680851,0.4120761955025402,0.24766530923249214,0.07631723356418407,LSTM
S234,0.12408716650120413,0.10681121004542024,0.5869407124447045,0.10390778683620376,0.07825312417246715,LSTM
S235,0.33651757279960154,0.06811949896530965,0.0641633869585272,0.05613375045466249,0.4750657908218987,GRU
S236,3.9861823803440323e-05,0.986147069123031,0.00012874220220413142,0.013655838233132846,2.8488617831615013e-05,ANN
S237,0.050933444024492236,0.0721626524026806,0.7594813465082574,0.04908671278971385,0.06833584427485352,LSTM
S238,0.02687584619953108,0.8857513205514542,0.04963057405498137,0.013124110748410023,0.024618148445623038,ANN
S239,0.9231146513722472,0.0005698619948241351,1.817243916683996e-05,8.32946199480437e-05,0.0762140195738113,1D-CNN
S240,0.10410791121598854,0.00473225097473827,9.038602229083088e-05,0.005731892589991028,0.8853375591969905,GRU
S241,0.2552013641652118,0.34997138235205183,0.1204903110814604,0.208227529097569,0.06610941330370548,ANN
S242,0.0774424560949335,0.17225378983363718,0.6478142819553899,0.07912776967269933,0.023361702443343412,LSTM
S243,0.010583325654357373,0.035026006587160236,0.05644404819400613,0.15628925768149668,0.7416573618829803,GRU
S244,0.015224832859126364,0.22319343347373108,0.0007483191829703623,0.3729839763394658,0.38784943814470185,GRU
S245,0.0023066363960696436,0.0006821401909575641,4.194558284371008e-05,0.00034336631231846396,0.9966259115178102,GRU
S246,0.0004800343192689797,0.9911034798222002,8.584255877366645e-05,0.00818438913541086,0.000146254164343176,ANN
S247,0.18109094313648355,0.06450632662723957,0.2512873161560674,0.4172910510869484,0.08582436299326074,CNN-LSTM
S248,0.0007056073118810323,0.008177687979455249,0.9901787306564752,0.0004553284617206349,0.00048264559048143157,LSTM
S249,0.0016193594712481966,0.011211313007791402,0.13847400666573031,0.005859474200495616,0.8428358466547337,GRU
S250,0.0019525970261053158,0.9724707141523983,0.011752552567187841,0.002167684003528335,0.01165645225077955,ANN
S251,0.57691990802615,0.022259497903581667,0.0036164278774590943,0.003968467881844115,0.3932356983109635,1D-CNN
S252,0.20516487517342188,0.04971666901732819,0.02191183791724707,0.6115302101203075,0.11167640777169496,CNN-LSTM
S253,7.214911850614129e-05,0.00013286711087424097,0.9995642990939642,0.00017672040318092252,5.396427347493325e-05,LSTM
S254,0.00016443753737189825,0.9994027174503931,0.00027502662946381125,7.380266095137301e-05,8.401572182068177e-05,ANN
S255,0.0019505043368386072,0.02240183798557792,0.9432368809342693,0.020164997960505745,0.012245778782809646,LSTM
S256,0.12238969223263937,0.2647563751424384,0.3399167450665951,0.0800355651280375,0.19290162243029077,LSTM
S257,0.02656942367542352,0.0042045413815963205,0.004380974903591961,0.005880809159401553,0.9589642508799864,GRU
S258,0.6050619277661954,0.0023093399787610857,0.0013021107801450657,0.0070181783139261706,0.3843084431609725,1D-CNN
S259,0.17282320272105117,0.16949617147020438,0.054304100877283025,0.5564303021636036,0.04694622276785628,CNN-LSTM
S260,0.04799836069555191,0.05852983685678889,0.8168978813662934,0.04800040858577293,0.028573512495597784,LSTM
S261,0.0075551964669008384,0.5541451891654293,0.00674549689663972,0.002381258301015464,0.42917285917001574,ANN
S262,0.26607967233288515,0.11886327770751365,0.22269322619172457,0.22595131278812527,0.1664125109797484,1D-CNN
S263,0.007994294068883264,0.009471845633543046,0.04768112424241491,0.9177386723617551,0.017114063693403684,CNN-LSTM
S264,0.037725496542405694,0.14121584877093907,0.5459641601346843,0.14686172733290292,0.1282327672190676,LSTM
S265,0.7163157473726931,0.05277955784942795,0.03490722985029352,0.06162870049988572,0.13436876442770074,1D-CNN
S266,0.07775283345629304,0.051119177952060904,0.11034267728033836,0.7183675460812271,0.04241776523007806,CNN-LSTM
S267,0.015939000495292996,0.1126712615177206,0.7675725663094011,0.0778869032080373,0.025930268469541533,LSTM
S268,0.6819748245720141,0.06760873689714204,0.08475481041943973,0.036373022475373405,0.12928860563604347,1D-CNN
S269,0.340665139646888,0.14239185253672854,0.16181983664089192,0.16123808280046145,0.19388508837502816,1D-CNN
S270,0.08508818329903028,0.6717383750588997,0.08399808242073424,0.0944983879903176,0.06467697123100535,ANN
S271,0.009098642657904487,0.19897967454031473,0.7435083223412362,0.0350824521741591,0.01333090828638066,LSTM
S272,0.02669335386866645,0.04869371380247182,0.2803400302795372,0.12646653824446738,0.5178063638048581,GRU
S273,0.01670015863252132,0.8205038947826521,0.04531443190228083,0.022562687304745203,0.0949188273777973,ANN
S274,0.7256412511737333,0.1462237481463149,0.010986800573560896,0.009953642024913768,0.10719455808148026,1D-CNN
S275,0.18075028568645654,0.7549707103547343,0.006157939280474932,0.019043136348521717,0.03907792832981198,ANN
S276,0.053007892711972315,0.03655527369632742,0.0007021482424901374,0.513622247407517,0.39611243794169404,CNN-LSTM
S277,0.18984115846754918,0.060081922625735536,0.553671851427149,0.12717185480519758,0.06923321267436795,LSTM
S278,0.1751380873882457,0.1858914616802017,0.3526444247379352,0.14554758834043854,0.14077843785317232,LSTM
S279,0.013287893062812804,0.9219089360654938,0.023808451555038065,0.010538885920443152,0.03045583339613367,ANN
S280,0.08963807079578237,0.028204708431484756,0.10676482355530742,0.007062760563634724,0.7683296366537895,GRU
S281,0.2288554352053881,0.12102752031995302,0.22372120591406527,0.08798580873112148,0.3384100298294747,GRU
S282,0.6984676097711232,0.0130772804107295,0.001190328970154104,0.0014470777021114577,0.28581770314588534,1D-CNN
S283,0.018805352678207328,0.39485160194881147,0.00012156614913183352,0.012213612099681529,0.5740078671241667,GRU
S284,0.9844401932059419,0.0030601853937085952,0.0004273227751599108,0.0063263985567203525,0.005745900068464788,1D-CNN
S285,0.006437451622078016,0.99185555840148,0.0006142199903937382,0.000707977391956743,0.0003847925940915388,ANN
S286,0.00046129800533312214,0.0007216612955983548,0.9985708666640243,0.00015177654707356273,9.439748796763632e-05,LSTM
S287,0.05789102221060992,0.9391996638892879,0.0007879374158698122,0.0005426058948403374,0.0015787705893920475,ANN
S288,0.010043887506538339,0.021487652508710396,0.10703078928609469,0.04024549377255799,0.8211921769260996,GRU
S289,0.0036320112131162166,0.004224293034792694,0.8264243354287995,0.033825550040865536,0.13189381028242386,LSTM
S290,0.3177819227421125,0.26445004122629395,0.17196752151872435,0.08096678473866065,0.16483372977420432,1D-CNN
S291,0.1156960881940142,0.6448745072028795,0.047511023737419424,0.09382507135460891,0.09809330951107739,ANN
S292,0.10309286417510075,0.15784371693467794,0.2909372293855634,0.2719015530782381,0.1762246364264148,LSTM
S293,0.7492383634804027,0.0008062935456516957,0.0011232919348721487,0.08040175225238679,0.1684302987866892,1D-CNN
S294,0.22145459301293033,0.11788228041032643,0.05900001334108033,0.5495114838249474,0.05215162941072075,CNN-LSTM
S295,0.006491476942381619,0.05247719803826171,0.9226873754874765,0.012777427811934968,0.005566521719948529,LSTM
S296,9.352378083618796e-05,0.999527072892213,0.00027108884296315826,5.107746711134652e-05,5.7237016875004955e-05,ANN
S297,0.09993622446186451,0.2534481628133603,0.052511238796576855,0.07985228215599727,0.5142520917722,GRU
S298,0.13863857980434535,0.7911358935076094,0.012632173091146387,0.03724853288707057,0.020344820709829025,ANN
S299,0.00020440139952581762,0.00013645259826455336,0.9991418643614551,0.0004166719996945553,0.00010060964105744339,LSTM
S300,0.009850918943253286,0.7947289768377074,0.012274417925021649,0.006254400472324257,0.17689128582169264,ANN
S301,0.003382678742765383,0.009067847479144658,0.5139960665591677,0.3458947585958367,0.12765864862308204,LSTM
S302,0.005717242965004761,0.906740059218449,0.02102114811113788,0.008171532604887767,0.05835001710052782,ANN
S303,0.8420094347576622,0.03696988786206632,0.03930029977305629,0.03380593413234997,0.04791444347486322,1D-CNN
S304,0.24015584299036624,0.6125739124190306,0.012025428407843406,0.01325556221140881,0.12198925397134999,ANN
S305,0.25629223286318975,0.011971936057175392,0.6942255509446695,0.032193280689238796,0.005316999446227292,LSTM
S306,0.005458154221367836,0.0006022260009058762,0.0002545738183417963,0.992417177316839,0.0012678686425476435,CNN-LSTM
S307,0.3798711266692136,0.027237597853273426,0.00336791950475455,0.5855785784012792,0.003944777571478386,CNN-LSTM
S308,0.09224111998552718,0.38201000694890913,0.406744141586259,0.07583054503276696,0.043174186446537685,LSTM
S309,0.01096194864856478,0.8566693672007856,0.015922784035572395,0.013626800783806257,0.1028190993312775,ANN
S310,0.06875879290724755,0.1704942601758306,0.1684012404881732,0.3486959413377706,0.243649765090978,CNN-LSTM
S311,0.0036105112004032186,0.005219364372381318,0.01214448971365349,0.9777086311746145,0.0013170035389456977,CNN-LSTM
S312,0.0322883401621435,0.18628504996785894,0.6514923947593003,0.08185324011881784,0.04808097499187753,LSTM
S313,0.009825694754976728,0.07410566444893286,0.22643627504525163,0.05347585977354926,0.6361565059772872,GRU
S314,0.95213670134277,0.01185338121140435,0.0026397373249913386,0.0023006967230590446,0.031069483397773434,1D-CNN
S315,0.024819783062932674,0.8944551155186523,0.0636389348445474,0.009067665263719778,0.00801850131014477,ANN
S316,0.15655204902943795,0.3702420623102223,0.07329738386228189,0.05390701678313627,0.34600148801491704,ANN
S317,0.07736058161975658,0.0010677326773449744,0.0004834319010012123,0.008133013834787232,0.91295523996711,GRU
S318,0.01084237342626831,0.1358805858713263,0.8196704202665052,0.010212624652178672,0.02339399578373685,LSTM
S319,0.13500664275779256,0.11226608526711558,0.018820216081607093,0.11910077576766265,0.6148062801258174,GRU
S320,0.21676740133414799,0.15186761803783694,0.25235927628314825,0.28040781804556125,0.09859788629930438,CNN-LSTM
S321,0.2736683666148942,0.06086084548601342,0.12553669411924895,0.27214577926441474,0.2677883145154288,1D-CNN
S322,0.9618955928421044,0.0006725286912093942,0.0007533389235738455,0.03238968205433499,0.0042888574887753935,1D-CNN
S323,0.20817756311986857,0.2732406932480334,0.20016171420940995,0.28201411671520393,0.03640591270748539,CNN-LSTM
S324,0.07801855061245573,0.6097189802067214,0.01830323622058326,0.025574172488579447,0.2683850604716599,ANN
S325,0.03639200504476721,0.0378501551067581,0.033396495071360686,0.8691966875944648,0.023164657182656808,CNN-LSTM
S326,0.0012578615313255147,0.8444347032013089,0.0025216269045687505,0.0018368210979056376,0.14994898726489367,ANN
S327,0.0013811294152194155,0.0003410989348200643,0.2038778193909007,0.7772766572776947,0.017123294981363578,CNN-LSTM
S328,0.00013227547206565423,0.0006104549350060699,0.9958269406447933,0.0031649635507710484,0.00026536539736374075,LSTM
S329,0.024309390581980422,0.8354482260739634,0.025705453231066606,0.017280857131730776,0.09725607298125814,ANN
S330,0.9036801423591936,0.009459802992239648,0.0067465663403927355,0.007533357272083348,0.07258013103608645,1D-CNN
S331,0.33386514530693406,0.16132542639172553,0.10683057913844352,0.26641007163470165,0.1315687775281893,1D-CNN
S332,0.006837713288556419,0.04523053437215328,0.9270992356568755,0.013264532505865735,0.007567984176553206,LSTM
S333,0.12015698719277972,0.8532721413218799,0.014508533550871588,0.003843759495893179,0.008218578438576356,ANN
S334,0.9786150514587961,0.008265071630704677,0.0014253608909701057,0.0026161290558538233,0.009078386963675423,1D-CNN
S335,0.3534936064421039,0.0542620512089187,0.10994354142994438,0.38969890948147956,0.09260189143755966,CNN-LSTM
S336,0.02947382789039881,0.02322457352332695,0.615498035288748,0.2787258561991074,0.05307770709841972,LSTM
S337,0.0238655591913088,0.001978543956459293,0.021357812689948737,0.007443326080436441,0.9453547580818524,GRU
S338,0.9325654507764832,0.01899352715605498,0.005206703219958934,0.004455519858414717,0.03877879898908139,1D-CNN
S339,0.01693826042261448,0.012028806187789768,0.39438184441391466,0.560974474450846,0.015676614524834643,CNN-LSTM
S340,0.026677202683839017,0.8115333161834493,0.036107206894316,0.03767390827996946,0.08800836595842651,ANN
S341,0.14659528402006494,0.03023335006817167,0.15630499217500465,0.22087672748040618,0.44598964625635473,GRU
S342,0.007159851765196759,0.0030459373628954857,0.01662296582239552,0.9696282554504358,0.0035429895990760404,CNN-LSTM
S343,0.004024728570622916,0.3963890241883016,0.5789638494633551,0.015525590555319903,0.00509680722240342,LSTM
S344,0.042350860275871025,0.0938273624320574,0.6212858510466079,0.14691853162909604,0.09561739461636533,LSTM
S345,0.05922516165853387,0.41800403515057155,0.056805035736796246,0.03631383187238173,0.42965193558171405,GRU
S346,0.9938030521092671,0.0007965057266776686,0.0006792053684151124,0.001061114336631899,0.0036601224590134154,1D-CNN
S347,7.099348221494266e-05,1.1009712386011595e-05,1.3769462663628017e-07,0.9999168434819441,1.0156288279194377e-06,CNN-LSTM
S348,0.0007650636024003611,0.001917081870695758,0.9952370753053073,0.0013728639539004645,0.0007079152676961072,LSTM
S349,0.002049152022985064,0.993142376947671,0.0017846221046504524,0.001024628557948586,0.0019992203667425733,ANN
S350,0.3740075988265364,0.14063087266330146,0.10424013331406001,0.19017904509443312,0.19094235010166855,1D-CNN
S351,0.008990011838433828,0.009670926702707411,0.08957358569916296,0.8874575456528477,0.004307930106853578,CNN-LSTM
S352,0.007250458838796487,0.9296434588652532,0.020672313821057317,0.010469296316274634,0.03196447215861415,ANN
S353,0.1894235258084322,0.09819319041365453,0.24835073318609743,0.24130320816794476,0.22272934242387202,LSTM
S354,0.04932003052186896,0.9062878966081513,0.008302825115262317,0.010123089372104436,0.025966158382609118,ANN
S355,0.05027025705743011,0.07533620368979087,0.7367932886206489,0.08239981176782275,0.055200438864310995,LSTM
S356,0.001640042923560956,0.9983036079613375,6.025600725492596e-06,3.408744838441991e-06,4.691476953752286e-05,ANN
S357,0.003983207457460254,0.004075243497199887,0.01918252213821751,0.013132847872137327,0.9596261790349888,GRU
S358,1.6406012309778764e-05,0.9993875359064958,0.00019031683667298976,0.00019048234769340582,0.000215258896828626,ANN
S359,0.0023585600807323583,0.0023668016894271993,0.9738921948100433,0.007853207832978949,0.013529235586818964,LSTM
S360,0.001490740322919998,0.011069124761273086,0.7187182249444081,0.09209201524388555,0.17662989472750715,LSTM
S361,0.08115854204992887,0.28700286775029704,0.12452810318821324,0.3306129435400466,0.17669754347151553,CNN-LSTM
S362,0.232154650905727,0.04730299655919953,0.017218140114443396,0.02974037774576889,0.6735838346748613,GRU
