Segment,1D-CNN,ANN,CNN-LSTM,GRU,Selected
S1,0.9840282041155566,0.0005658371934683279,0.004427876241774733,0.010978082449205435,1D-CNN
S2,0.5312915134009076,0.11391881026384135,0.08033805761915994,0.274451618716091,1D-CNN
S3,0.17548928672740982,0.1873417400596698,0.534221934572404,0.1029470386405157,CNN-LSTM
S4,0.19731680707704718,0.5679950138734603,0.11035608530033039,0.12433209374915982,ANN
S5,0.14904729685950296,0.6101638549375242,0.12162671085718958,0.11916213734578329,ANN
S6,0.004165204157449496,0.015087964931906152,0.008631547038622853,0.9721152838720207,GRU
S7,0.04278597207901082,0.0952858824678722,0.2533827875397226,0.6085453579133946,GRU
S8,0.178876910304135,0.2644975219540698,0.2901675658733866,0.2664580018684099,CNN-LSTM
S9,0.29212759116797715,0.2540820246639168,0.05737032599689905,0.3964200581712106,GRU
S10,0.2631815248061512,0.14825464104018887,0.23218891355279783,0.3563749206008604,GRU
S11,0.22269041293115774,0.6456274827748583,0.092838305349526,0.03884379894445883,ANN
S12,0.25136362051839634,0.3146223478672497,0.2586790349871104,0.17533499662724347,ANN
S13,0.0009659413974459759,0.9962669424586419,0.0011569006109871016,0.0016102155329230487,ANN
S14,0.1542904422686521,0.2480552232962919,0.22068135146793894,0.3769729829671141,GRU
S15,0.0,0.0,0.0,0.0,1D-CNN
S16,0.0,0.0,0.0,0.0,1D-CNN
S17,0.010793296506288975,0.005575950185385619,0.0028690905687136937,0.9807616627396123,GRU
S18,0.3351459726543366,0.2240294147357246,0.388415988403882,0.0524086242060527,CNN-LSTM
S19,0.35656866357456946,0.2562247765762621,0.3054465345812666,0.08176002526790434,1D-CNN
S20,0.19830537759343114,0.09569411235956667,0.08441402848841593,0.6215864815585858,GRU
S21,0.19999558646727303,0.46406503148299505,0.2487005084457518,0.08723887360398024,ANN
S22,0.27271505732071544,0.2360955511963881,0.23687603259337267,0.2543133588895247,1D-CNN
S23,0.07099598315742954,0.5775842566900166,0.12783607429596527,0.22358368585658503,ANN
S24,0.11487989845757385,0.10822269960431383,0.023006708825607555,0.7538906931125032,GRU
S25,0.3089264173109861,0.5200606977590536,0.10364002708329645,0.06737285784666015,ANN
S26,0.07459569404562208,0.6058567421575245,0.04966834871956621,0.2698792150772852,ANN
S27,0.24415780321269973,0.013681656431173871,0.02836273869777421,0.7137978016583516,GRU
S28,0.2410824370462672,0.1871115222155856,0.5023033890900119,0.06950265164813134,CNN-LSTM
S29,0.2946863496090359,0.09881170928730755,0.38590000407774405,0.22060193702591135,CNN-LSTM
S30,0.9396857170210141,0.001306494026431014,0.02992191624706111,0.02908587270549316,1D-CNN
S31,0.1251596366086416,0.5746419609881851,0.205461964268965,0.09473643813420476,ANN
S32,0.15839715469489332,0.4016232871980683,0.12561378042551022,0.31436577768152807,ANN
S33,0.9972993126065993,0.0001328757201481648,0.0006272056656058163,0.0019406060076462813,1D-CNN
S34,0.3327662374867934,0.571091542837913,0.0690037501620311,0.02713846951325822,ANN
S35,0.14264864242363484,0.40916699918024113,0.32055299152401334,0.12763136687210996,ANN
S36,0.060047945985344485,0.8184441453181514,0.049040457211061185,0.07246745148544298,ANN
S37,0.017227625617551517,0.18836235122873202,0.04427828793091289,0.7501317352228005,GRU
S38,0.0009510940121238983,0.002000145344057351,0.001180079329450925,0.9958686813143679,GRU
S39,0.0,0.0,0.0,0.0,1D-CNN
S40,0.0,0.0,0.0,0.0,1D-CNN
S41,0.00021625069866217577,2.2320501383237777e-05,0.0020642807146232915,0.9976971480853273,GRU
S42,0.0016394005703460458,0.9973920790510672,0.0005991653561405694,0.0003693550224426304,ANN
S43,0.2595148221184871,0.2920345202469149,0.23749980098136086,0.2109508566532362,ANN
S44,0.10097963774987116,0.8030718975029576,0.013118339829506496,0.08283012491766564,ANN
S45,0.10075325868695957,0.10189824109556123,0.5189725267202546,0.2783759734972218,CNN-LSTM
S46,0.9715895221091108,0.027210969692685067,0.0004800586879533201,0.0007194495102513929,1D-CNN
S47,0.025221355791799162,0.1830758166472818,0.6997120454924289,0.09199078206848867,CNN-LSTM
S48,0.4642243577313395,0.1499702098257815,0.16042727723873287,0.225378155204146,1D-CNN
S49,0.18543513749889995,0.07349598927832586,0.08056795939123564,0.6605009138315384,GRU
S50,0.7369924565284351,0.055944883719539526,0.08178052124458558,0.1252821385074395,1D-CNN
S51,0.05749916517903289,0.5490552031339716,0.2616148430431189,0.1318307886438764,ANN
S52,0.006029302057811919,0.0038337847915075967,0.9042089547402189,0.08592795841046133,CNN-LSTM
S53,0.15829338431720075,0.5357218693511361,0.21569850723990508,0.09028623909175809,ANN
S54,0.407817226147849,0.4189494939408186,0.09665917238562272,0.07657410752570665,ANN
S55,0.025577617265892992,0.9693151729433972,0.001396277979802053,0.0037109318109078034,ANN
S56,0.43761709446742825,0.5274705997414139,0.016745859204540334,0.01816644658661689,ANN
S57,0.08294367257544923,0.11304452163060814,0.5560725079964517,0.24793929779749255,CNN-LSTM
S58,0.012596063036496664,0.04725874549772336,0.20035718573515532,0.7397880057306245,GRU
S59,0.0010294581343249832,0.9946065112233775,0.001338216523431298,0.0030258141188610806,ANN
S60,0.000519206496795142,0.001985670723209177,0.013253854592118794,0.984241268187873,GRU
S61,0.00023296395595632914,0.0002296511989857472,0.9993983251559808,0.00013905968906461052,CNN-LSTM
S62,0.24205804128487232,0.21579755979058216,0.042434425260094895,0.49970997366445064,GRU
S63,0.3358940728246929,0.47060161679412016,0.03494348616193946,0.15856082421925147,ANN
S64,0.1870532679333663,0.12314568390295316,0.5691558952467229,0.12064515291695697,CNN-LSTM
S65,0.19860744203544045,0.2861537330908592,0.24287608323331267,0.27236274164038765,ANN
S66,0.13774400962689012,0.17552730948505013,0.2529973881405544,0.43373129274750855,GRU
S67,0.0,0.0,0.0,0.0,1D-CNN
S68,3.273782675802948e-05,1.1030741861685165e-05,2.8274992721925982e-05,0.999927956438659,GRU
S69,0.07936234501248447,0.20970418658613768,0.10410466999578777,0.6068287984055891,GRU
S70,0.32504819737081286,0.40333038694274065,0.2066906073424366,0.06493080834401006,ANN
S71,0.29654799959086786,0.26712322218320633,0.26365069812255143,0.17267808010337246,1D-CNN
S72,0.20273049371074772,0.1515290911269896,0.0005714098778261409,0.6451690052844363,GRU
S73,0.050376005923804056,0.3673414902636828,0.07304028009795112,0.5092422237145622,GRU
S74,0.33166115145389863,0.22471299972054873,0.22289031086019379,0.22073553796535855,1D-CNN
S75,0.005980461256022215,0.014718484410187452,0.9244667027825686,0.05483435155122198,CNN-LSTM
S76,0.014028236925190911,0.32146346796916464,0.06599122938529156,0.5985170657203529,GRU
S77,0.9364580731436434,0.019998603390105337,0.015463713541891152,0.02807960992436025,1D-CNN
S78,0.9994240915339974,0.00019587176994463872,6.2222314297452e-05,0.000317814381758275,1D-CNN
S79,0.23493266813293814,0.2911544255084367,0.295645810171088,0.17826709618753694,CNN-LSTM
S80,0.014797984225353738,0.9308844724933357,0.03701855579315972,0.017298987488150976,ANN
S81,0.2839283079001473,0.16847059703651,0.25063840414033,0.2969626909230124,GRU
S82,0.43948852066676486,0.4222146141718768,0.07004447044543817,0.06825239471591388,1D-CNN
S83,0.20532949105515894,0.21855358998433158,0.420906541342472,0.15521037761803805,CNN-LSTM
S84,0.042415041896944464,0.3680426907842828,0.02996103558642703,0.5595812317323465,GRU
S85,0.16107845156413644,0.7099118287176112,0.0542887971538354,0.07472092256441759,ANN
S86,0.515000407850179,0.1618536970600602,0.15243980252168987,0.1707060925680706,1D-CNN
S87,0.36878128765484663,0.22933628224987124,0.34359361713621805,0.05828881295906401,1D-CNN
S88,0.5572962935468522,0.07281808405491226,0.0764524696069532,0.2934331527912833,1D-CNN
S89,0.3376396920600054,0.2196759779533684,0.16380615977294263,0.2788781702136827,1D-CNN
S90,0.15704527036039204,0.16754218912888388,0.2814254660421845,0.39398707446853937,GRU
S91,0.08807976816916052,0.18267373354470645,0.42622259775332016,0.30302390053281436,CNN-LSTM
S92,0.04762409834952966,0.8971744039543506,0.03408136478995659,0.021120132906163137,ANN
S93,0.27598993995171517,0.30241665194646705,0.25467840109928674,0.1669150070025255,ANN
S94,0.08553908685614248,0.20061802738834966,0.09158134114185748,0.6222615446136514,GRU
S95,0.24109547652241187,0.056307442342508944,0.17618917491677047,0.5264079062183037,GRU
S96,0.008561149033238511,0.007333032889350508,0.1021955892642754,0.8819102288131351,GRU
S97,0.12664689418533653,0.6615363199956827,0.09234071619194911,0.11947606962703577,ANN
S98,0.026483429007230764,0.919981609923825,0.029674636484807383,0.023860324584135065,ANN
S99,0.008634548146530963,0.01989041718448511,0.9672332411109829,0.0042417935580177065,CNN-LSTM
S100,0.3239629885410369,0.08887537463135618,0.19211299479373292,0.3950486420338789,GRU
S101,0.06367987413709808,0.8594223378017013,0.01991839818550588,0.056979389875694376,ANN
S102,0.1786133508159764,0.6523511547918367,0.1186364860757726,0.050399008316414314,ANN
S103,0.24130366333881623,0.3826362479145595,0.23546468872772663,0.1405954000188976,ANN
S104,0.018573112529566598,0.05267491778256293,0.3444963740592417,0.5842555956286272,GRU
S105,0.11409120286346455,0.1610545386917192,0.28090110765675214,0.4439531507880639,GRU
S106,0.05960958731334048,0.04935989346934678,0.15674286015231176,0.7342876590650008,GRU
S107,0.112695032515588,0.08663937136508834,0.5783384775952841,0.22232711852403866,CNN-LSTM
S108,0.021490331480259722,0.023003046218977117,0.015514613252335285,0.9399920090484275,GRU
S109,0.23629661852880668,0.014121485038386459,0.7299647028888825,0.019617193543922735,CNN-LSTM
S110,0.23968596770163783,0.27352770030071216,0.3282131783026029,0.15857315369504674,CNN-LSTM
S111,0.28546404023890937,0.19593280212595726,0.14831377982551605,0.37028937780962096,GRU
S112,0.09670596622244766,0.29914957446474866,0.5064806148212206,0.09766384449158226,CNN-LSTM
S113,0.28416214358371006,0.12268628005282402,0.2754069074151016,0.3177446689483616,GRU
S114,0.00038092926164079075,2.4522464607647602e-05,0.0001693651310996372,0.9994251831426518,GRU
S115,0.07630550987343082,0.4557760126475653,0.17676373414840796,0.2911547433305934,ANN
S116,0.16372949333907785,0.41259556542842424,0.17476264834230593,0.24891229289019198,ANN
S117,0.18091345083493005,0.13056067687133913,0.12957912480250447,0.5589467474912327,GRU
S118,0.9087071360838364,0.04924489190513786,0.02252258312459788,0.019525388886429542,1D-CNN
S119,0.04979473698970431,0.8421576442942452,0.095229615532917,0.012818003183133213,ANN
S120,0.21478432675585013,0.2160822151301452,0.13232222285308826,0.43681123526091675,GRU
S121,0.40448364180615526,0.0117779147372283,0.5670753329875762,0.01666311046904018,CNN-LSTM
S122,0.20199549677214937,0.00802146340899342,0.030903362888191652,0.7590796769306686,GRU
S123,0.204669100515338,0.2708057364576232,0.45051100427155893,0.07401415875547993,CNN-LSTM
S124,0.052896364427182145,0.8305365890550035,0.06086089112583057,0.05570615539198303,ANN
S125,0.9997759468536498,4.044113407408683e-05,4.884551144377211e-05,0.00013476650083222343,1D-CNN
S126,0.6921552111063098,0.03652333590469338,0.11442417105939286,0.15689728192960703,1D-CNN
S127,0.06487928106168675,0.0726936249885492,0.793805028984618,0.06862206496514747,CNN-LSTM
S128,0.07072889837868915,0.6785382081919806,0.15820304605007762,0.0925298473792492,ANN
S129,0.1333754351425723,0.46026469443701146,0.019972013857631678,0.38638785656278196,ANN
S130,0.9993596294671772,0.0002316592907491986,5.757069216069105e-05,0.00035114054991670733,1D-CNN
S131,0.4461576724463104,0.3796225345004197,0.14056299312543907,0.03365679992783078,1D-CNN
S132,0.16299279666187366,0.3345407406708476,0.3739729412317282,0.12849352143555004,CNN-LSTM
S133,0.1902679910465083,0.19010996946412723,0.1378106551814416,0.48181138430792364,GRU
S134,0.037904716009917794,0.0024777618771062086,0.9565323488195371,0.0030851732934372073,CNN-LSTM
S135,0.23052168624014038,0.2912495543388143,0.33683056403325706,0.1413981953877882,CNN-LSTM
S136,0.11064849083354932,0.51371449044128,0.02158429969118117,0.35405271903399393,ANN
S137,0.12182368183786167,0.15150034608772533,0.30944800741668504,0.417227964657728,GRU
S138,0.008110049190276764,0.9831853046422386,0.0049967262941808125,0.003707919873304716,ANN
S139,0.10159617918188042,0.09663169444017364,0.08043186089516344,0.721340265482786,GRU
S140,0.15326780410484464,0.07285683563594528,0.6482114752182744,0.12566388504093826,CNN-LSTM
S141,0.09026842325916688,0.7479174707649201,0.060813943484629984,0.10100016249128303,ANN
S142,0.08443982413392105,0.6590127282600065,0.15543058351011013,0.10111686409595917,ANN
S143,0.18590563580826908,0.33768667897205024,0.13844105262856496,0.33796663259111503,GRU
S144,0.1694531977181475,0.009937539260553983,0.08693519671503565,0.7336740663062618,GRU
S145,0.2548971507572775,0.44376889370082906,0.19912634568521764,0.10220760985667912,ANN
S146,0.20412787936430107,0.38267802372167514,0.2679375004885343,0.1452565964254858,ANN
S147,0.6890898232407762,0.08088037745954346,0.11885139710115385,0.11117840219852665,1D-CNN
S148,0.1355571881076992,0.20527938997515127,0.351631261786241,0.3075321601309124,CNN-LSTM
S149,0.09381461805976397,0.10832670053279686,0.09035019491445623,0.7075084864929823,GRU
S150,0.11841764595846786,0.003466193976280296,0.010643335397829797,0.8674728246674221,GRU
S151,0.013533677211510173,0.0033358161084533857,0.9806311903113996,0.0024993163686376015,CNN-LSTM
S152,0.008102182839797042,0.9644195026159252,0.01730523509184677,0.010173079452430843,ANN
S153,0.07049268399794828,0.6683447812352837,0.09052045249469835,0.1706420822720692,ANN
S154,0.022020065997718292,0.0034360156079855683,0.0031034504851961617,0.9714404679090995,GRU
S155,0.26472796367921175,0.009398061569045197,0.015340632552023937,0.7105333421997186,GRU
S156,0.16852975434582437,0.10105024440520347,0.6656890077230441,0.06473099352592818,CNN-LSTM
S157,0.22620328482942248,0.04911499523009094,0.6598214206263077,0.06486029931417563,CNN-LSTM
S158,0.17645983002091642,0.5742900044106546,0.15406951575413216,0.09518064981429611,ANN
S159,0.02219178137506902,0.3083973227449045,0.02167740180437514,0.6477334940756523,GRU
S160,0.007122687755318326,0.05768164301111592,0.029449397603816086,0.9057462716297469,GRU
S161,0.004507440308466773,0.010963224573597479,0.005745837515427531,0.9787834976025078,GRU
S162,0.7532616323511367,0.007991061272137638,0.0023299755588048793,0.2364173308179207,1D-CNN
S163,0.5337077070190017,0.27152019901585217,0.15436755595316803,0.040404538011976764,1D-CNN
S164,0.26619347270469046,0.22810303874691867,0.3461805627123608,0.15952292583603345,CNN-LSTM
S165,0.012622809356504975,0.9673420389848815,0.008872919882661439,0.01116223177595207,ANN
S166,0.02734918805836622,0.05817534820771061,0.10094210457652911,0.8135333591573966,GRU
S167,0.3101021678065394,0.19969431307749302,0.1638663860407751,0.3263371330751926,GRU
S168,0.6581448951884757,0.09909558607575963,0.16431138949584842,0.07844812923992023,1D-CNN
S169,0.07165575189175473,0.11048754561203056,0.7555156064165494,0.06234109607966306,CNN-LSTM
S170,0.18648123396459285,0.09327699784740912,0.05547429458841072,0.6647674735995873,GRU
S171,0.7384287078842512,0.07720481240889923,0.10902334446722398,0.07534313523962578,1D-CNN
S172,0.5826810867447925,0.12742403812963293,0.14828890506110579,0.14160597006446615,1D-CNN
S173,0.0058868762991966615,0.539668141269141,0.44567883654428386,0.00876614588737882,ANN
S174,0.9932115625093503,0.00535429099939786,0.00031157039916287257,0.0011225760920917768,1D-CNN
S175,0.004820973868603023,0.04778897676448188,0.914841951143315,0.032548098223598255,CNN-LSTM
S176,0.007690215777412429,0.45680524567327485,0.0752436671526109,0.4602608713966978,GRU
S177,0.0033653873173840046,0.009258811739279995,0.9619237466315929,0.02545205431174154,CNN-LSTM
S178,0.18920580136384835,0.11630038611644562,0.08992530351129616,0.6045685090084101,GRU
S179,0.9592139910808278,0.0077626178017033715,0.004684594662081303,0.028338796455386707,1D-CNN
S180,0.9999788515121897,1.1980711719263986e-05,5.518711629017288e-06,3.6490644618244274e-06,1D-CNN
S181,0.17908235972747544,0.34262493278074274,0.3008614457403777,0.177431261751404,ANN
S182,0.16600750954269236,0.28553415788141917,0.22032387791094177,0.3281344546649467,GRU
S183,0.11818207650416827,0.015239976803743576,0.7711007618891863,0.09547718480289903,CNN-LSTM
S184,0.09585370450966163,0.03911643210236942,0.0574016221329942,0.8076282412549748,GRU
S185,0.27687227386898133,0.03334630601985733,0.4288619577871648,0.2609194623239964,CNN-LSTM
S186,0.2000800224900369,0.19719664394973255,0.2957667841691716,0.30695654939106254,GRU
S187,0.09015533510130223,0.4402765928287496,0.06874832018767549,0.40081975188227115,ANN
S188,0.002006486610481973,0.0004030477060867875,0.9969281550005654,0.0006623106828658083,CNN-LSTM
S189,0.014651431584187023,0.002814955770461253,0.030627378326376235,0.9519062343189689,GRU
S190,0.0005235510829385687,1.4362414268340988e-05,0.9993676415175358,9.444498525822022e-05,CNN-LSTM
S191,0.04578388757328026,0.8674256107630738,0.0679083024899853,0.018882199173660397,ANN
S192,0.003910863221609345,0.9900773121571864,0.003147650014410917,0.0028641746067927976,ANN
S193,0.03466373445238884,0.4135315482682505,0.11518609587714423,0.4366186214022174,GRU
S194,0.06027063190310352,0.5886223347515371,0.11262230943289298,0.2384847239124621,ANN
S195,0.2594241540348709,0.17381732843793252,0.08644890150238142,0.48030961602481853,GRU
S196,3.6484617818036154e-06,0.9999918923917369,2.344857402472424e-06,2.1142890793302587e-06,ANN
S197,0.21099546402284677,0.28653747308179134,0.14282425756834624,0.3596428053270148,GRU
S198,0.15858001081131604,0.08401880926018623,0.11574331410572893,0.6416578658227673,GRU
S199,0.4877960438998616,0.05395342036449172,0.36430241757448306,0.09394811816116327,1D-CNN
S200,0.5545797833336561,0.0003711525023324046,0.4432701932646557,0.0017788708993557948,1D-CNN
S201,0.23948423174062905,0.32996612821466786,0.26701365799665,0.163535982048053,ANN
S202,0.20578554109516917,0.2439854028865929,0.2349619530489604,0.31526710296927757,GRU
S203,0.09425546088588091,0.38859825954177346,0.16391897616104242,0.3532273034113014,ANN
S204,0.9767444385424309,0.009392175527784614,0.004522004910655939,0.00934138101913276,1D-CNN
S205,0.14227899845772685,0.5729816853652163,0.015706230902548312,0.26903308527450676,ANN
S206,0.0008098079323287643,0.9972971910613202,0.0015794373345110356,0.0003135636718397703,ANN
S207,0.2523307363208642,0.2895685314004978,0.27892858998244674,0.179172142296191,ANN
S208,0.0007398798013366875,0.9970161573772566,0.00094484040508016,0.0012991224163257818,ANN
S209,0.019483105004494447,0.022828286549366018,0.014398904253353014,0.943289704192786,GRU
S210,0.5489212204023985,0.2927693080910915,0.051126618832094524,0.10718285267441721,1D-CNN
S211,0.1448341426746342,0.13063091865580626,0.6625628872839979,0.061972051385561396,CNN-LSTM
S212,0.028088789923458573,0.9136715966877811,0.036870951048245955,0.021368662340512892,ANN
S213,0.04820286121878963,0.032230559827745496,0.11462380365826376,0.8049427752952013,GRU
S214,0.9798741123287984,0.0008309543796259239,0.017720442126452646,0.001574491165122751,1D-CNN
S215,0.6575435888963541,0.012459026944090637,0.31176315954282396,0.018234224616729976,1D-CNN
S216,0.0002407997167988697,0.9992137843981309,0.0003393064863514661,0.0002061093987193622,ANN
S217,0.09884981591552972,0.6904302915355336,0.08399119824722566,0.1267286943017098,ANN
S218,0.1597609739603797,0.2556215932076541,0.14389620162798605,0.44072123120398343,GRU
S219,0.04018387070568123,0.9578852388563545,0.0008566041207892828,0.0010742863171776084,ANN
S220,0.7824065208490293,0.08398923291727817,0.05467129468136849,0.07893295155232442,1D-CNN
S221,0.19649016684336387,0.4336118184624216,0.3538640064403995,0.016034008253814833,ANN
S222,0.15386175724773596,0.5081782510567421,0.1964125098756704,0.14154748181984816,ANN
S223,0.13986864815101666,0.09873608797935457,0.20059903175996774,0.5607962321096632,GRU
S224,0.15551592427666294,0.3343089018142764,0.3314867456352497,0.17868842827381093,ANN
S225,0.3789115564723653,0.08750710991376022,0.1979072393559427,0.3356740942579326,1D-CNN
S226,0.11692771033225631,0.24093545910344874,0.49243300716319227,0.14970382340110064,CNN-LSTM
S227,0.15894444820907677,0.3485369631217504,0.24515625640481026,0.2473623322643645,ANN
S228,0.04281450708595059,0.04590312912497565,0.04737495832967043,0.8639074054594034,GRU
S229,0.16666570872105038,0.3266195642473486,0.25402232670646807,0.25269240032513013,ANN
S230,0.16608432546376317,0.42445901612500075,0.11494405632300995,0.29451260208822333,ANN
S231,0.114481574832082,0.00825364898167506,0.8076611799441257,0.06960359624211722,CNN-LSTM
S232,0.302514045002736,0.03496590479862192,0.019693507586713406,0.6428265426119284,GRU
S233,0.26996155356478796,0.1807880582672777,0.40665061048251433,0.1425997776854188,CNN-LSTM
S234,0.2677666284898796,0.2673918748623763,0.2471903914652156,0.21765110518252706,1D-CNN
S235,0.4634273662958938,0.09693662961744412,0.04754018159353414,0.3920958224931279,1D-CNN
S236,7.223510082550394e-05,0.9759750836573708,0.02390424678833139,4.8434453472220173e-05,ANN
S237,0.2255405095979513,0.28065513752575644,0.22340516847587727,0.2703991844004152,ANN
S238,0.02285021350955633,0.9426044641708715,0.012660820451584481,0.02188450186798882,ANN
S239,0.9376845611332412,0.0004137071631029771,8.449832287377209e-05,0.061817233380782044,1D-CNN
S240,0.08514593419599832,0.005519028800167282,0.009559860381352422,0.8997751766224817,GRU
S241,0.2833034080015155,0.38409495890083145,0.23280147271598464,0.09980016038166743,ANN
S242,0.22591421765234956,0.43190917427199027,0.2430090824569083,0.09916752561875294,ANN
S243,0.03199593052961249,0.07296875503745863,0.17658664255002218,0.7184486718829044,GRU
S244,0.03935820279144664,0.14300429303123677,0.6379694794198096,0.17966802475751756,CNN-LSTM
S245,0.0013670139188859249,0.0006419078997459228,0.0002784259234974099,0.9977126522578676,GRU
S246,0.0004429856496318643,0.9897747923568393,0.009584113312168106,0.00019810868136150157,ANN
S247,0.23252220267315005,0.08909584452167914,0.5498093210014516,0.12857263180372103,CNN-LSTM
S248,0.08228147667134794,0.7531683192203541,0.0840658884750556,0.08048431563324204,ANN
S249,0.002513808516875233,0.01605837241603656,0.006424063469850862,0.9750037555972338,GRU
S250,0.0020792764432780134,0.9834353228358395,0.002268500560059877,0.01221690016082183,ANN
S251,0.5594753938994312,0.016314931647959174,0.0051251815350290865,0.41908449291757943,1D-CNN
S252,0.1986066092460698,0.05786495780560776,0.6310334113889251,0.11249502155939331,CNN-LSTM
S253,0.19103656031776334,0.3146605095597202,0.3457932119615,0.14850971816101666,CNN-LSTM
S254,0.0006904595324413448,0.9985440994705869,0.0003547765650662338,0.00041066443190538026,ANN
S255,0.04829344254495696,0.43395030285562775,0.3078133153580295,0.20994293924138563,ANN
S256,0.19478014996367274,0.3227674925034656,0.16310560577027433,0.3193467517625893,ANN
S257,0.03113005036242976,0.004844707996354808,0.006924842613399717,0.9571003990278163,GRU
S258,0.5366613591693096,0.0032299681659047745,0.006722310683881253,0.4533863619809042,1D-CNN
S259,0.19595467118957072,0.1700839497740664,0.5720254439657115,0.06193593507064702,CNN-LSTM
S260,0.25462902491343176,0.283728065891802,0.2671454134201655,0.19449749577460024,ANN
S261,0.0066254772812673135,0.6688884112509209,0.0020244357335487645,0.32246167573426326,ANN
S262,0.37332496083840144,0.17079876639369243,0.25598388702659175,0.19989238574132154,1D-CNN
S263,0.015971795689875046,0.01960260403463215,0.9383818553781281,0.026043744897365856,CNN-LSTM
S264,0.11179145464655152,0.30533476624771255,0.2948483970659907,0.2880253820397424,ANN
S265,0.6952559619604468,0.050252354149242805,0.08375712137638817,0.17073456251392227,1D-CNN
S266,0.09721012882746116,0.06367722347014532,0.7855357665185293,0.053576881183861336,CNN-LSTM
S267,0.08801621562412483,0.440105276010343,0.3474014717021942,0.12447703666333579,ANN
S268,0.7827598181908497,0.08490387868919533,0.028024651347470942,0.10431165177248637,1D-CNN
S269,0.3989727825558692,0.18020768734456208,0.19465375297836668,0.22616577712120114,1D-CNN
S270,0.09245839018312921,0.7731670513766403,0.06964917263026991,0.06472538580995656,ANN
S271,0.0528043995507315,0.7274449109850453,0.15022994585359653,0.06952074361062453,ANN
S272,0.04850320691329719,0.0998483848211928,0.1597083295282047,0.691940078737305,GRU
S273,0.017420572530809655,0.8639467136664108,0.022661951360105775,0.09597076244267572,ANN
S274,0.7000505972008122,0.15158630408396193,0.01411906446176263,0.13424403425346257,1D-CNN
S275,0.1735421540000688,0.7514552441891564,0.035035107251988135,0.03996749455878394,ANN
S276,0.05242324990899277,0.03648375445871811,0.5107672973913816,0.4003256982409074,CNN-LSTM
S277,0.41855473843091323,0.12749979590439078,0.29031296958208413,0.16363249608260885,1D-CNN
S278,0.25622062271476254,0.2660872610011231,0.23890583706945004,0.23878627921466436,ANN
S279,0.009735831198947886,0.9738043311979082,0.004081240829606298,0.01237859677353417,ANN
S280,0.10659927934799009,0.034954495475077015,0.007023195300627245,0.8514230298763057,GRU
S281,0.21495867830096937,0.13332981565930396,0.1453955856135189,0.5063159204262065,GRU
S282,0.6311853172439821,0.01562777608778885,0.0021322025338747948,0.3510547041343543,1D-CNN
S283,0.024539561664770282,0.38943158347372764,0.019282113753819226,0.5667467411076829,GRU
S284,0.9832048790930931,0.003464959507120691,0.006484561682324494,0.006845599717460787,1D-CNN
S285,0.006116290253710248,0.9927093893366941,0.0007251330345768543,0.00044918737501878933,ANN
S286,0.2998995001677418,0.49471647771611416,0.12310741165913376,0.08227661045700917,ANN
S287,0.06138945401939446,0.9342249235287463,0.001210985654081061,0.0031746367977778566,ANN
S288,0.020536170258394933,0.04261791264656819,0.04753772646311298,0.889308190631924,GRU
S289,0.029067728706436428,0.030913895149884532,0.18149724320098695,0.7585211329426923,GRU
S290,0.39408198425264096,0.318755609938608,0.10239574617551475,0.18476665963323546,1D-CNN
S291,0.13123571575413764,0.5937182216143235,0.16221683659533542,0.11282922603620507,ANN
S292,0.19216522336752193,0.2560516986383832,0.252171435988497,0.2996116420055971,GRU
S293,0.7404232007156873,0.0016957916028294924,0.08235704275786006,0.17552396492362582,1D-CNN
S294,0.230060236358956,0.15446802358088393,0.540082260921447,0.07538947913871169,CNN-LSTM
S295,0.0937251016440113,0.6780857100004122,0.14745131882954318,0.08073786952603691,ANN
S296,8.962259315856352e-05,0.9998069941977793,4.969341173626519e-05,5.3689797325883716e-05,ANN
S297,0.09861058615143359,0.25025055250856065,0.0878780300643846,0.5632608312756195,GRU
S298,0.14927333201188894,0.7812538560997633,0.04399422133777007,0.025478590550577097,ANN
S299,0.2325661953329525,0.17196486915907885,0.46245651809433336,0.13301241741363454,CNN-LSTM
S300,0.012543326473761102,0.7513873509034935,0.008950946785910924,0.22711837583683359,ANN
S301,0.008089843664430583,0.019901875611701602,0.6917954579975024,0.2802128227263673,CNN-LSTM
S302,0.0049696156139164595,0.9145330238515471,0.010211088797688525,0.07028627173684765,ANN
S303,0.8541933388194567,0.04746439327781119,0.04185510758464914,0.05648716031808291,1D-CNN
S304,0.2868360183998635,0.539630159148888,0.026897713640039702,0.14663610881120873,ANN
S305,0.9158105529078443,0.02863441337482743,0.040635843259212025,0.014919190458126329,1D-CNN
S306,0.0043287036052323015,0.00029335060997055893,0.9937661249937352,0.0016118207910592655,CNN-LSTM
S307,0.28138948158719973,0.02358820754193917,0.689597140607765,0.005425170263096952,CNN-LSTM
S308,0.1625443361043782,0.5991479273881889,0.14557198229691143,0.09273575421052112,ANN
S309,0.013069271194784475,0.882475302556739,0.013125886474127794,0.09132953977435011,ANN
S310,0.1130882891190352,0.20490700535890918,0.39515002446124503,0.2868546810608101,CNN-LSTM
S311,0.004376778644432894,0.006157688103519587,0.9876874562255052,0.0017780770265415898,CNN-LSTM
S312,0.09874110967784447,0.5526380076250351,0.21241174447127942,0.1362091382258393,ANN
S313,0.020577680379489944,0.1671093670433589,0.06742213853583381,0.7448908140413162,GRU
S314,0.9368323851066133,0.01520232630836049,0.004277514043974688,0.04368777454105091,1D-CNN
S315,0.04321008503333691,0.905264558243585,0.030479949245445934,0.02104540747763219,ANN
S316,0.1877979354918754,0.354529619401377,0.09312681034068777,0.36454563476606,GRU
S317,0.1010200110966926,0.002048900477246929,0.014625717025541943,0.8823053714005185,GRU
S318,0.09952605340264833,0.6945315718120755,0.07654268809190162,0.12939968669337437,ANN
S319,0.15054072622505787,0.12584798628694635,0.15646892785594887,0.5671423596320424,GRU
S320,0.3022879033959927,0.21880459166113503,0.3465494156249404,0.13235808931793017,CNN-LSTM
S321,0.30053544803726706,0.0851334569185643,0.2582501285683128,0.35608096647585386,GRU
S322,0.9594324911036567,0.0006177435729346275,0.034871337646691467,0.005078427676715534,1D-CNN
S323,0.23107559290474128,0.37084734737100844,0.34455373682744755,0.05352332289680284,ANN
S324,0.09405683029315307,0.5021771378123199,0.03421227828663025,0.3695537536078979,ANN
S325,0.02518844428173402,0.02706818304712846,0.9219610841442168,0.025782288526919474,CNN-LSTM
S326,0.0014732679036401426,0.8401897030900666,0.0018734325156770449,0.15646359649061597,ANN
S327,0.004165368109575804,0.0018293288869094784,0.9608697421529254,0.03313556085058858,CNN-LSTM
S328,0.03454159707700522,0.12195870771065241,0.7790956019481267,0.06440409326421491,CNN-LSTM
S329,0.021755025840562263,0.8555336925740664,0.0193335397809856,0.10337774180438677,ANN
S330,0.910412700910848,0.009595582270525878,0.008266793478692193,0.07172492333993474,1D-CNN
S331,0.40135452166513974,0.21741850004962573,0.2273912865286386,0.15383569175659464,1D-CNN
S332,0.11501091183165624,0.595215479873548,0.17223720587755842,0.11753640241723964,ANN
S333,0.17609937148333402,0.7981567969565719,0.00860979021463424,0.017134041345458623,ANN
S334,0.9806186698320333,0.009601178637103004,0.0026498276319367607,0.007130323898925114,1D-CNN
S335,0.4315952001320838,0.07133299880074899,0.39562126117513396,0.10145053989203286,1D-CNN
S336,0.09391841107727533,0.08156125407781374,0.6706752027836943,0.15384513206121772,CNN-LSTM
S337,0.01786427759745507,0.004179781926584532,0.008707976078175566,0.9692479643977857,GRU
S338,0.9494285859311538,0.01726545791988852,0.004407222695892326,0.028898733453065564,1D-CNN
S339,0.02875829949138807,0.022426493232615582,0.9215609405064555,0.027254266769540684,CNN-LSTM
S340,0.02948760402180196,0.8378147713152421,0.03965376081050362,0.09304386385244977,ANN
S341,0.21720301196771366,0.06343982139072246,0.24419218332662476,0.4751649833149399,GRU
S342,0.012626804364096833,0.007452160405031031,0.9741664400183745,0.005754595212497708,CNN-LSTM
S343,0.019426633803861164,0.9088150288930613,0.05023481167850719,0.021523525624568215,ANN
S344,0.12956872385930027,0.2945725863870013,0.3556079184669236,0.22025077128677403,CNN-LSTM
S345,0.0653768164514253,0.45382564514415324,0.0399629679861488,0.44083457041826896,ANN
S346,0.9938201030477732,0.0009787862347253073,0.0012733619584732584,0.003927748759028959,1D-CNN
S347,7.639234841243525e-05,1.3422750730215516e-05,0.9999089688195448,1.2160813126106164e-06,CNN-LSTM
S348,0.18215420530819507,0.3724839003958705,0.28324453500547453,0.16211735929045823,ANN
S349,0.0027456415444061305,0.9931413319118634,0.0014181892888488442,0.0026948372548814895,ANN
S350,0.33524783883642706,0.15833348207025216,0.27124684344277766,0.2351718356505422,1D-CNN
S351,0.009433247969535239,0.009938920634196062,0.9758718243334912,0.004756007062783104,CNN-LSTM
S352,0.0077976604566035125,0.9483685714810842,0.011050665396202874,0.03278310266611032,ANN
S353,0.25604844548024697,0.17151344016331072,0.29548126829136323,0.27695684606507887,CNN-LSTM
S354,0.0465564000342892,0.9234827117199718,0.007348785902502339,0.022612102343235154,ANN
S355,0.22712843834234245,0.2583551710681888,0.2957828547267773,0.21873353586269065,CNN-LSTM
S356,0.0065728871675978864,0.9931604886622767,2.0218850238393564e-05,0.00024640531988753887,ANN
S357,0.006052582992437473,0.006105924036061769,0.02231713107063195,0.9655243619008703,GRU
S358,3.0402762114430515e-05,0.9995354502540406,0.00018665620354617647,0.00024749078030035813,ANN
S359,0.06898483754149931,0.11943616220446171,0.2619673882806816,0.5496116119733584,GRU
S360,0.0061840805645046555,0.027305338662610947,0.3448386693256695,0.621671911447211,GRU
S361,0.06431720488445988,0.25295619461174523,0.4659593828422356,0.2167672176615573,CNN-LSTM
S362,0.2478684117591177,0.06694959554184322,0.040894628394116415,0.6442873643049202,GRU
S363,0.27587491661257,0.35632811753579086,0.12455156127671406,0.24324540457492427,ANN
S364,0.06671393200126742,0.6733072409961244,0.19840275026191492,0.06157607674069181,ANN
S365,0.009257208847498918,0.9329834737178893,0.04189527199801479,0.015864045436595864,ANN
S366,0.007955718035076099,0.01097435882452522,0.9544553969562116,0.026614526184184365,CNN-LSTM
S367,0.07158252426175829,0.1567244294938974,0.07209956113507951,0.6995934851092656,GRU
S368,0.5006656641949742,0.28405296066884017,0.11595778337190331,0.09932359176428153,1D-CNN
S369,0.2652901344315918,0.2932114492865666,0.2853455543793573,0.15615286190248398,ANN
S370,0.050591847502042334,0.8841345823883691,0.025230535986612065,0.040043034122975094,ANN
S371,0.017645928542965122,0.005259796577402671,0.8760778589522997,0.101016415927332,CNN-LSTM
S372,0.08276467943061327,0.09805452498491606,0.07601912663882891,0.7431616689456397,GRU
S373,0.38576293427703284,0.09434577985561206,0.2030371084791336,0.31685417738822225,1D-CNN
S374,0.05868918498448623,0.13475611680358077,0.7708726069493355,0.03568209126259603,CNN-LSTM
S375,0.04948986990936406,0.7549740277818368,0.10144647024747655,0.09408963206132005,ANN
S376,0.03299652435634196,0.3076048299007538,0.1562909019355839,0.5031077438073213,GRU
S377,0.1648169632032295,0.2605158144335675,0.3656318571900941,0.20903536517310817,CNN-LSTM
S378,0.005595471980340209,0.00029001537028022946,0.0007198522460672894,0.9933946604033123,GRU
S379,0.0032163372405642713,0.9896573438893048,0.0051342795298012335,0.0019920393403335688,ANN
S380,0.22035384593133764,0.317528339551297,0.26849136791187855,0.1936264466054877,ANN
S381,0.0036420082094669745,0.97288085001699,0.005382762839793494,0.018094378933746373,ANN
S382,0.8753277189960201,0.03769855416780728,0.0478142496274188,0.03915947720875181,1D-CNN
S383,0.11157621215757971,0.3086410493038662,0.4279087579425616,0.1518739805959917,CNN-LSTM
S384,0.20329929027826296,0.32213059199611305,0.16211980787482638,0.3124503098507991,ANN
S385,0.13168326964139354,0.35446571943020055,0.22660243093175372,0.2872485799966521,ANN
S386,0.18869298228261921,0.3266996462274825,0.1596769592216957,0.324930412268206,ANN
S387,0.1027071132508679,0.24527565757671949,0.05095049154578296,0.6010667376266264,GRU
S388,0.23368896970242184,0.12280294933717809,0.613036952226116,0.03047112873428407,CNN-LSTM
S389,0.015829816138433976,0.9553675579332408,0.027007027125639498,0.0017955988026857658,ANN
S390,0.4138304828228238,0.10053198417707472,0.29837810523956115,0.18725942776054333,1D-CNN
S391,0.22644952522497047,0.015630494560060243,0.07928162013007778,0.678638360084892,GRU
S392,0.30035037826246214,0.295571546213262,0.36603057908688597,0.03804749643738918,CNN-LSTM
S393,0.2135047695752715,0.33930557637697495,0.2569108110296203,0.19027884301813403,ANN
S394,0.013450960706204015,0.0033675192736712734,0.0024182343367463188,0.9807632856833801,GRU
S395,0.00041806321376497196,0.0005155657996749916,0.9988019401818238,0.00026443080473558146,CNN-LSTM
S396,0.20121895233348241,0.20635859610537416,0.26785533127279676,0.3245671202883458,GRU
S397,0.18640149128880887,0.31876827829623056,0.2619894555202872,0.23284077489467328,ANN
S398,0.15640680857240088,0.37810884950519585,0.2622762443712466,0.2032080975511604,ANN
S399,0.20060606104791584,0.5470308864430914,0.07186501661203,0.18049803589696337,ANN
S400,0.9195330740642229,0.007485335719735971,0.023275559469420514,0.04970603074662298,1D-CNN
S401,0.4541197810707416,0.3007419030028054,0.1936517869291356,0.05148652899731733,1D-CNN
S402,0.9981194279933138,9.20550292359436e-06,0.0018202980860546087,5.106841770622491e-05,1D-CNN
S403,0.34730162951465365,0.2589229708007571,0.2607653404528953,0.13301005923169187,1D-CNN
S404,0.2177600386293637,0.3027276363475568,0.23047191482200008,0.24904041020107712,ANN
S405,0.001649188716233902,0.10835937323638936,0.004758314682605999,0.8852331233647688,GRU
S406,0.0,0.0,0.0,0.0,1D-CNN
S407,0.0,0.0,0.0,0.0,1D-CNN
S408,0.008626791628412598,0.0009466261174552747,0.0012925375520053159,0.9891340447021257,GRU
S409,0.5480037017260532,0.011233390092634552,0.14146017167360117,0.29930273650770967,1D-CNN
S410,0.07170076473645906,0.5815575740147012,0.06914432727358456,0.277597333975255,ANN
S411,0.2761408554700691,0.20417793469496054,0.24284715719942787,0.2768340526355425,GRU
S412,0.27877489837271596,0.28172531960976016,0.3944821903780532,0.045017591639470694,CNN-LSTM
S413,0.2558632687265438,0.3501112253007834,0.23817968627563943,0.15584581969703004,ANN
S414,0.13562644263580448,0.26657343787656707,0.2153884154724505,0.38241170401518243,GRU
S415,0.025548677436137996,0.02630685123210934,0.04491486220195763,0.9032296091297957,GRU
S416,0.1672256835292556,0.3526626091307476,0.29578453657261705,0.18432717076737962,ANN
S417,0.3560955045419887,0.13884366941558304,0.1281722875209928,0.37688853852143517,GRU
S418,0.15318650902222514,0.02517891657989979,0.7304453677145036,0.09118920668337616,CNN-LSTM
S419,0.36539217060263174,0.12079461052242278,0.27704498415304774,0.23676823472189634,1D-CNN
S420,0.10021876982729432,0.6856682048489133,0.11808217702274827,0.09603084830104372,ANN
S421,0.1790382060386056,0.3341300564649117,0.14787622574460066,0.33895551175188227,GRU
S422,0.32729177126083425,0.06342999839718773,0.3472269089437183,0.2620513213982587,CNN-LSTM
S423,0.07316354377197301,0.6781827671167185,0.06809912459757934,0.1805545645137297,ANN
S424,0.035850919621949855,0.8047225449580986,0.015049844650000057,0.14437669076995052,ANN
S425,0.00021074500724593216,0.9983209263002251,0.0005242473849228002,0.0009440813076042794,ANN
S426,0.1343897180871093,0.32653281525140226,0.04409079491443594,0.49498667174705335,GRU
S427,0.7287670583835086,0.012295496698054109,0.11757594875975964,0.1413614961586776,1D-CNN
S428,0.140208453656174,0.6776927762422611,0.15916034977162455,0.02293842032994191,ANN
S429,0.3975291978419778,0.11991107499525441,0.21683950818709805,0.265720218975668,1D-CNN
S430,0.9536110363331837,0.0025545752976221746,0.010585382773698747,0.0332490055954948,1D-CNN
S431,0.01572681169474306,0.9411009964170537,0.03623879845150636,0.006933393436696831,ANN
S432,0.000810019564513072,0.9967752366638268,0.0011529772757069368,0.0012617664959520274,ANN
S433,0.05328758267226939,0.6325254942093012,0.13790333058599852,0.17628359253243042,ANN
S434,0.05415808391493993,0.0005624018801759967,0.0005132688997488149,0.9447662453051338,GRU
S435,0.003744641122130694,0.003946118590931593,0.9905640123990047,0.0017452278879308012,CNN-LSTM
S436,0.2404788038682694,0.218880406732321,0.2590454056095652,0.28159538378984184,GRU
S437,0.2298750300733997,0.10600454848326862,0.21561368394956285,0.4485067374937697,GRU
S438,0.5164558282574834,0.08027699359912109,0.27869955172702954,0.124567626416366,1D-CNN
S439,0.04910769338009101,0.08949667509517106,0.817285518606552,0.0441101129181867,CNN-LSTM
S440,0.05474429450625707,0.07510823750242461,0.007457346592086606,0.8626901213992316,GRU
S441,0.07122944348681898,0.22227538491297677,0.12249842802970942,0.5839967435704982,GRU
S442,0.010835355718002435,0.9087110472109032,0.02634660123941251,0.054106995831677995,ANN
S443,0.047358372921004616,0.9472574966209967,0.001253786296523185,0.004130344161474943,ANN
S444,0.5170836523109769,0.3155663484189963,0.018634300455989055,0.14871569881403668,1D-CNN
S445,0.06615591077305626,0.2039041739602709,0.6282737639843352,0.10166615128233747,CNN-LSTM
S446,0.15544189585758733,0.5037596123240314,0.17847178320967397,0.16232670860870388,ANN
S447,0.14865466317909568,0.30473063925246585,0.21757004035268152,0.3290446572157571,GRU
S448,0.0027716124221367246,0.0023723346479552396,0.002996717230769804,0.991859335699135,GRU
