Segment,1D-CNN,ANN,LSTM,CNN-LSTM,GRU,Selected
S1,0.9890917549899555,0.0006731163500645022,0.0008866007955735609,0.0024745495927127833,0.006873978271695328,1D-CNN
S2,0.5016992321224286,0.10850524920061161,0.011492337936316054,0.08763989811932439,0.29066328262131885,1D-CNN
S3,0.19354773686564986,0.14711417289293166,0.13495749843285318,0.41589481663372396,0.10848577517484036,CNN-LSTM
S4,0.16648743195919632,0.41793405879914397,0.18903500158923991,0.09938373717144894,0.12715977048097082,ANN
S5,0.0001921936702923085,0.0006328258888629605,0.9987697976810292,0.00021115214190080958,0.00019403061791566485,LSTM
S6,0.0049831010174969815,0.015446091040380305,0.04888580091578704,0.00872665736911392,0.9219583496572219,GRU
S7,0.0014554112834068264,0.003485083719766684,0.9693547981970435,0.007601086020912841,0.018103620778870948,LSTM
S8,0.08102074173861298,0.09599053804681279,0.5891133392072307,0.13143058962569507,0.10244479138164835,LSTM
S9,0.26188212884802203,0.2115875681981293,0.06589531852794592,0.06959753002731552,0.39103745439858684,GRU
S10,0.26601440081503286,0.14320172872332898,0.0015050521167516964,0.2658874268243175,0.32339139152056995,GRU
S11,0.20276811002965245,0.6319335579465155,0.03022445433936213,0.09017550947862225,0.04489836820584739,ANN
S12,0.11418618773085239,0.12974216397816274,0.5565948652477306,0.11283962998862516,0.08663715305462842,LSTM
S13,0.0010828552598023177,0.994285114109758,0.0019053457523526452,0.0011904224099151574,0.0015362624681712204,ANN
S14,0.1242360333603352,0.19043992396786283,0.2823592961919778,0.1471040294643066,0.255860717015517,LSTM
S15,0.0,0.0,0.0,0.0,0.0,1D-CNN
S16,0.0,0.0,0.0,0.0,0.0,1D-CNN
S17,0.015629648231490417,0.007503996367435687,0.0001400683902951092,0.0040342006011343775,0.9726920864096444,GRU
S18,0.2851630602914767,0.2352539460535508,0.022241978757684466,0.38718871995811666,0.0701522949391712,CNN-LSTM
S19,0.09656097673810586,0.08370973702109671,0.6881834889873105,0.09191504426460775,0.03963075298887874,LSTM
S20,0.12635248067628,0.06401629669939005,0.014013260100565401,0.08150703336440697,0.714110929159357,GRU
S21,0.08643499216038295,0.23258458599766435,0.4714207088623819,0.15078028472800806,0.058779428251562904,LSTM
S22,0.12671129982153082,0.11641312106545791,0.5305745536522787,0.10532793312068854,0.12097309234004415,LSTM
S23,0.058949235346653306,0.38175537023508493,0.4144066798481536,0.0498234250468734,0.09506528952323456,LSTM
S24,0.17741940805312523,0.06785089304537797,0.0304592120879546,0.02944661772087532,0.6948238690926668,GRU
S25,0.19316135478926524,0.5238601586146414,0.006370014313793034,0.21280624934745374,0.06380222293484616,ANN
S26,0.00269630516205794,0.007047710401073162,0.9829148610977912,0.00270368515382163,0.004637438185255891,LSTM
S27,0.21145399897376768,0.019437905831414023,0.0051253970188322225,0.0391554482303221,0.7248272499456647,GRU
S28,0.2118434407518396,0.22061455605358482,0.06757127543510623,0.4183597919785864,0.08161093578088174,CNN-LSTM
S29,0.20975981272966104,0.10945388199253227,0.22557377688883948,0.20701635151377173,0.24819617687519543,GRU
S30,0.8939009833759131,0.0020696226116773218,0.002707567816674297,0.04315294810213898,0.05816887809359554,1D-CNN
S31,0.0018443789204299506,0.008529112415454818,0.9852634445392197,0.0028585645721221306,0.0015044995527735115,LSTM
S32,0.14902563920680037,0.30332373210759245,0.19260647510308404,0.11291256197204524,0.24213159161047781,ANN
S33,0.9973837231912079,0.00015345333818859232,0.00016542482301310966,0.0005840108682695453,0.0017133877793211497,1D-CNN
S34,0.2973790905429929,0.6187261922159769,0.004120798835589592,0.053694862128891976,0.026079056276551094,ANN
S35,0.04863239037478393,0.11758496352933342,0.6993986927070978,0.09220520025672613,0.042178753132058926,LSTM
S36,0.04291438329174373,0.45906645909792415,0.4047651913615136,0.03760932298622786,0.05564464326259077,ANN
S37,0.018041550687621116,0.18493185815323426,0.20761949171129862,0.029220180026244803,0.5601869194216001,GRU
S38,0.0007867341737919151,0.0016195312088078755,0.0034406862540080248,0.0012376719695435883,0.9929153763938485,GRU
S39,0.0,0.0,0.0,0.0,0.0,1D-CNN
S40,0.0,0.0,0.0,0.0,0.0,1D-CNN
S41,0.00021603025970443515,2.411627070729897e-05,3.4639419792772905e-06,0.0022678742715123035,0.9974885152560968,GRU
S42,0.0015960543138992982,0.9971709324652394,0.0002513553478748145,0.0005982937700653074,0.00038336410292233593,ANN
S43,0.16199811201435152,0.1800589833209644,0.37444775933464375,0.1482490929870266,0.135246052343013,LSTM
S44,0.09062479357793861,0.8082333937742782,0.019790789238442692,0.010803227340314206,0.07054779606902621,ANN
S45,0.1050782979518009,0.10815725232712922,0.37958491787961757,0.23498109134707645,0.17219844049437677,LSTM
S46,0.9784778087587147,0.018688667846184392,0.0009413539294877053,0.00084991903293826,0.0010422504326756527,1D-CNN
S47,0.03774586366691659,0.12488970970929186,0.2243173590009336,0.5508383674310684,0.062208700191789174,CNN-LSTM
S48,0.25931801346077593,0.10157754701182012,0.41969200729242506,0.09781869181840422,0.12159374041657421,LSTM
S49,0.21069935738287068,0.08764138506610553,0.09178128094047017,0.06961648013552584,0.540261496475029,GRU
S50,0.695689500536113,0.061403502636446915,0.0069281377646479275,0.11821160966848203,0.11776724939431032,1D-CNN
S51,0.05359881270669038,0.4938927280258753,0.0021098893896878607,0.33177307038131904,0.11862549949642717,ANN
S52,0.005469971308408105,0.004291206127204886,0.004754675590728823,0.8804355523246842,0.10504859464897495,CNN-LSTM
S53,0.10719173723611126,0.4232519272161337,0.21141514137552184,0.17571078240792037,0.0824304117643116,ANN
S54,0.23453724301325113,0.30743825981161826,0.251246883929103,0.11310309254288685,0.09367452070314063,ANN
S55,0.01861738505107018,0.9632051687765268,0.003768411482060501,0.004337609110205076,0.010071425580137353,ANN
S56,0.38525828357304825,0.48376881553476797,0.031518126047284975,0.05142932711324603,0.048025447731652585,ANN
S57,0.07770806374092021,0.1042623405298362,0.15375696012507273,0.46795406244750143,0.19631857315666928,CNN-LSTM
S58,0.004496132952584648,0.013786707946426197,0.6588698331381752,0.06648715393160225,0.25636017203121214,LSTM
S59,0.000986672665749921,0.9928688114428349,0.0027828717609907163,0.0009941394262542869,0.002367504704169631,ANN
S60,0.0004118723016438183,0.0018191708185684035,0.14049995194223597,0.01137793520347127,0.8458910697340805,GRU
S61,0.00012149144407407202,0.00013182531961532685,0.02323647549075462,0.9763970573045837,0.00011315044097200517,CNN-LSTM
S62,0.14626972473571323,0.23003755844632479,0.02787157245839471,0.05969291706593147,0.5361282272936352,GRU
S63,0.2968348141902045,0.4570658205758987,0.0552384669176419,0.04985118351313981,0.1410097148031161,ANN
S64,0.141710884276877,0.12099307679768817,0.38690791124872065,0.24318971998893255,0.10719840768778126,LSTM
S65,0.14995556390655188,0.29872144937841566,0.2104943173314826,0.16079575171184163,0.18003291767170818,ANN
S66,0.14604654793842226,0.17277678218514292,0.17586813548531596,0.20552472750819695,0.2997838068829228,GRU
S67,0.0,0.0,0.0,0.0,0.0,1D-CNN
S68,5.870796542333916e-05,1.6567815946137637e-05,2.5907965738256856e-06,4.7053855159867654e-05,0.9998750795668975,GRU
S69,0.0791454588908478,0.22405580908158682,0.0026492490705676067,0.1131370969061885,0.5810123860508102,GRU
S70,0.28040345484861295,0.33602026201643065,0.12781745040383138,0.18916375012466805,0.0665950826064563,ANN
S71,0.1035166746501652,0.09117503616304554,0.6340606300211786,0.09933736450765802,0.07191029465795211,LSTM
S72,0.14063267882955882,0.06453140230815946,0.00333873926976726,0.0008224935513050583,0.7906746860412106,GRU
S73,0.08514183601044308,0.5054506962882513,0.10167439544674255,0.060050071928560746,0.24768300032600166,ANN
S74,0.34101970964683936,0.17185811926667846,0.11347848461902965,0.1886625395108163,0.18498114695663653,1D-CNN
S75,0.010474810469355103,0.023029579538371425,0.08408494332509697,0.8184886292473128,0.06392203741986371,CNN-LSTM
S76,0.010984781700349366,0.24599018108520088,0.1922073057295692,0.055630707096928314,0.49518702438795337,GRU
S77,0.9187555877886312,0.02728338532885982,0.01744254265387142,0.012979613303141563,0.023538870925496155,1D-CNN
S78,0.9992513212927183,0.0002114934125062901,8.335600531759046e-05,8.438891541145171e-05,0.0003694403740462809,1D-CNN
S79,0.18408543351313772,0.1872246134474378,0.3741157186650234,0.14773677007707872,0.10683746429732195,LSTM
S80,0.017210931007819237,0.8262836098692524,0.09680424396651591,0.03952307246428648,0.020178142692125735,ANN
S81,0.24699623876075247,0.1827750579068766,0.16999947570321333,0.1767710033430332,0.2234582242861244,1D-CNN
S82,0.4163540578602879,0.38612937650023965,0.06750823276447317,0.06551182140180165,0.0644965114731974,1D-CNN
S83,0.04894033198238629,0.04827945189401834,0.7893423358639848,0.08006838891108256,0.033369491348527784,LSTM
S84,0.04551834700752278,0.29876513537183824,0.024883104186351174,0.032690138170576144,0.5981432752637119,GRU
S85,0.13213748957143956,0.7518111914334795,0.06172755012578498,0.02110922495910914,0.03321454391018694,ANN
S86,0.3015070063823699,0.13644029129160465,0.25344816246423,0.14212654968418548,0.16647799017760898,1D-CNN
S87,0.11201684629352988,0.08785426481104813,0.4408265545828971,0.31636355929022314,0.04293877502230323,LSTM
S88,0.34193850780571783,0.10041985525078276,0.03981767335470324,0.1541757831808043,0.36364818040799307,GRU
S89,0.000558155665489716,0.0005377657079880077,0.9979558627681744,0.00042783449843455495,0.0005203813599134129,LSTM
S90,0.15458190354060092,0.1464318710770244,0.09581006688514869,0.29083536060199644,0.3123407978952297,GRU
S91,0.09272399600819106,0.19415636490659527,0.017156872279590524,0.4208651185511929,0.2750976482544292,CNN-LSTM
S92,0.0463415802591174,0.8775362604700271,0.014445644600802998,0.03691387234719982,0.024762642322852225,ANN
S93,0.0037683513725658537,0.0037972598328305414,0.986330099899459,0.003539082857715335,0.00256520603743,LSTM
S94,0.06632005216258133,0.13190830931848402,0.05750212905011612,0.09777358774189387,0.6464959217269245,GRU
S95,0.007945345805948675,0.002536832993880543,0.9456930834141529,0.013545147130554096,0.030279590655463363,LSTM
S96,0.00023221666780857725,0.00020307225322639482,0.9795419051819783,0.002001604511189838,0.018021201385796957,LSTM
S97,0.09514366330599412,0.607213170124086,0.17217035529682417,0.05057379488962119,0.07489901638347435,ANN
S98,0.029522454201767502,0.8668561464277186,0.03376978241718843,0.03958807660066293,0.0302635403526636,ANN
S99,0.003719237980876799,0.005282481684994747,0.033228850767720856,0.9549365056520012,0.0028329239144064514,CNN-LSTM
S100,0.14940677837454414,0.13504066898982678,0.003187448828710226,0.3178576325949316,0.39450747121198715,GRU
S101,0.06052438227282433,0.8736682863342342,0.001256503309363484,0.02008124069032406,0.04446958739325422,ANN
S102,0.00020265787937277847,0.0007135897114553987,0.9988305363870259,0.0001465948122890568,0.00010662120985677746,LSTM
S103,0.18830447669334685,0.21490547090078876,0.23736963188574894,0.1925491229420095,0.16687129757810598,LSTM
S104,0.055236403190165526,0.15166292426473,0.3099338285733247,0.21078101331574103,0.2723858306560382,LSTM
S105,0.12798557295372304,0.14486413220352287,0.31461789891009023,0.19280750011487466,0.21972489581778934,LSTM
S106,0.09381397118330517,0.10244310220622108,0.15420579066229304,0.1553773862444195,0.4941597497037615,GRU
S107,0.16057648425536938,0.1049693285229798,0.18455276668607107,0.44245672391348756,0.10744469662209197,CNN-LSTM
S108,0.05710438093248685,0.04127521460059038,0.004648626533124543,0.027071974863931193,0.8698998030698669,GRU
S109,0.20571834644201092,0.017758723685089812,0.008185419922863266,0.7374991667575436,0.030838343192492606,CNN-LSTM
S110,0.006547576851713927,0.006923882468749208,0.9735620124412738,0.007983262233064885,0.004983266005197867,LSTM
S111,0.22177699499156794,0.17482146288045278,0.09005529160649697,0.14447916343432382,0.36886708708715976,GRU
S112,0.11303807435297639,0.21795730776130928,0.10688965655456792,0.4689301733105933,0.09318478802055291,CNN-LSTM
S113,0.14341097861504454,0.09601742878780795,0.45377424714898557,0.14878269590240123,0.1580146495457612,LSTM
S114,0.0030073057394075144,0.00020960929476549205,0.00019924110985204699,0.001113303500955343,0.9954705403550196,GRU
S115,0.0034153332927316627,0.008485842529910442,0.9756998943159727,0.0063067350950301035,0.006092194766354656,LSTM
S116,0.05428825544857548,0.11258271734300043,0.7085063213619269,0.05744921525654982,0.06717349058994736,LSTM
S117,0.18558758728488986,0.11708065783945544,0.12098780714759153,0.13601401792789403,0.44032992980016844,GRU
S118,0.9046621115662902,0.05009414461705367,0.0006823991712830684,0.025846974329398736,0.018714370315974106,1D-CNN
S119,0.031545996746187195,0.880409423105154,0.014429635471535219,0.060450569939003385,0.013164374738118849,ANN
S120,0.19234071107458708,0.18349025409155423,0.020599943062472606,0.1079030051378537,0.4956660866335324,GRU
S121,0.27155938263427853,0.00895845166073333,0.012652098558310029,0.6838048541671677,0.023025212979509838,CNN-LSTM
S122,0.16756198811138232,0.007643019632115175,0.006240710664020893,0.028141283882026524,0.7904129977104561,GRU
S123,0.12071316634650461,0.1543797173475437,0.3330783469546617,0.3315764486374068,0.060252320713882916,LSTM
S124,0.03869020417703022,0.5710618454912679,0.3048945565088375,0.04200550528499923,0.043347888537865226,ANN
S125,0.9997217624802257,5.9002610764477325e-05,4.532789166576318e-05,4.90466227588074e-05,0.00012486039458458565,1D-CNN
S126,0.6357458459664029,0.04274597331687524,0.050926014422664145,0.10687241249422223,0.16370975379983504,1D-CNN
S127,0.027589953749375333,0.028773034120292976,0.6769713567806659,0.24105094859591175,0.025614706753754258,LSTM
S128,0.024217376134467148,0.21838943976670228,0.6714100643607569,0.05506803556422186,0.03091508417385144,LSTM
S129,0.13314367021939505,0.4674324691143688,0.03404903063188618,0.017891575889768557,0.34748325414458253,ANN
S130,0.9991893769027304,0.00020185226663077443,6.997270913669732e-05,8.662805587301785e-05,0.00045217006562998707,1D-CNN
S131,0.4120074459346278,0.4091811274242473,0.0023804660187789913,0.140994166536114,0.035436794086231134,1D-CNN
S132,0.11423441770416239,0.1285154346298891,0.5233090639190641,0.1501277070354406,0.08381337671144357,LSTM
S133,0.15668844775746452,0.13965292677676108,0.022603605940229407,0.13131944740551058,0.5497355721200341,GRU
S134,0.02135654842398892,0.0015723968104246742,0.002061404774806426,0.9718183623362034,0.003191287654576487,CNN-LSTM
S135,0.02597351160508971,0.030014028590808307,0.8906120602371536,0.03656135666348466,0.016839042903462925,LSTM
S136,0.11509076229727026,0.4840854897644387,0.07750311792569156,0.019154331439249692,0.304166298573349,ANN
S137,0.13021377322677433,0.1490119474703375,0.28640124331681743,0.17558346744602163,0.25878956854004925,LSTM
S138,0.011792564653120256,0.9667524410398877,0.005689981576954462,0.01004846279328515,0.005716549936752625,ANN
S139,0.10499402178797029,0.08470930171230653,0.049716833003371486,0.05092015423746105,0.7096596892588906,GRU
S140,0.044637693159640966,0.03156899970014543,0.7135388494163193,0.17598183808520973,0.034272619638684235,LSTM
S141,0.07782044718092904,0.5889885959104629,0.19478109701460825,0.055235526858428016,0.08317433303557273,ANN
S142,0.021869756267998825,0.19310016989402157,0.7165541131846697,0.04224143797347188,0.02623452267983817,LSTM
S143,0.1580429958705591,0.1970030023992208,0.25295986385172975,0.13304807767274174,0.2589460602057498,GRU
S144,0.15600651906124807,0.010655743679335502,0.00228574940120895,0.09899222040361012,0.7320597674545976,GRU
S145,0.1526286103599311,0.3000586343983063,0.3382160752946795,0.12967461754562898,0.07942206240145408,LSTM
S146,0.1571940903791182,0.25526120380315986,0.25586174715678006,0.18544055283432065,0.14624240582662007,LSTM
S147,0.28112191373503154,0.1227803425965835,0.38165136042172454,0.11051499440423805,0.10393138884242177,LSTM
S148,0.10960955099643414,0.13117719113061785,0.4237985180940366,0.16558050249965817,0.1698342372792532,LSTM
S149,0.10263896397490507,0.1027386282837599,0.3661568481648978,0.08873782142443686,0.33972773815200047,LSTM
S150,0.20018033272243907,0.004827041041567562,0.003962689343649486,0.014130529422944998,0.7768994074693983,GRU
S151,0.011679834565031673,0.004467152136803073,0.0045803902126516655,0.9751976007090237,0.004075022376489629,CNN-LSTM
S152,0.005024299980641435,0.43748056266886987,0.542961470239289,0.0084729295435605,0.006060737567639144,LSTM
S153,0.05291955943647179,0.5613200079242123,0.22575713669008,0.05956978676553718,0.10043350918369794,ANN
S154,0.026890934720952518,0.003570123320975058,0.0022802189524433747,0.0036611645538075915,0.9635975584518204,GRU
S155,0.254758917750521,0.009273593318425009,0.0023188003604938264,0.019482440996723024,0.714166247573838,GRU
S156,0.170285752432075,0.11245997613186398,0.01750444811131769,0.6304205727876656,0.06932925053707711,CNN-LSTM
S157,0.21868114118451532,0.05387703462337794,0.022824699025964575,0.631059281069246,0.07355784409689588,CNN-LSTM
S158,0.005867986482080361,0.012536588351254112,0.9711092196992355,0.006442913209592133,0.004043292257838286,LSTM
S159,0.018459920531334655,0.20277675495841846,0.1389849351832169,0.021418494801268305,0.6183598945257612,GRU
S160,0.007706878395826837,0.06249971259106286,0.21624803969548118,0.022017369420382696,0.6915279998972458,GRU
S161,0.004197925855630004,0.009215879679413463,0.0217142721185959,0.0059723193196314995,0.958899603026729,GRU
S162,0.7258836839627073,0.008176703966388765,0.0029387439291768155,0.0030601549210515504,0.2599407132206751,1D-CNN
S163,0.5135661927017482,0.2911437112299896,0.0056667310760422345,0.1470513674358542,0.04257199755636558,1D-CNN
S164,0.13160198515985425,0.10647102297657246,0.5375489373299618,0.1402535948564237,0.08412445967718875,LSTM
S165,0.01875982994748534,0.8953223981631548,0.04998914845747058,0.01532697711595385,0.02060164631593497,ANN
S166,0.025301589338888663,0.058322109689414314,0.4806089289693007,0.054483972238165465,0.3812833997642306,LSTM
S167,0.2859697649540811,0.17702185437334203,0.14718389285665703,0.13749331721199992,0.2523311706039196,1D-CNN
S168,0.6017509286989718,0.09439177999314184,0.09283734036759426,0.14067601965682827,0.07034393128346474,1D-CNN
S169,0.017418979110919924,0.02804552297668494,0.7806376123467192,0.1577619597762229,0.016135925789453057,LSTM
S170,0.17352598824496016,0.10909788684601036,0.05991413787963232,0.054221466857638345,0.6032405201717587,GRU
S171,0.6183245730191728,0.08425549108872762,0.09385379383742591,0.11852714403825504,0.08503899801642009,1D-CNN
S172,0.5990987569931777,0.11410253707619539,0.08247578651835398,0.09105783593269208,0.11326508347958102,1D-CNN
S173,0.0008791955438604794,0.013993865919383718,0.9322572658200456,0.05182177969144678,0.00104789302526384,LSTM
S174,0.992697747500998,0.004272786438296804,0.0005117497586625513,0.0005568260714371682,0.0019608902306064106,1D-CNN
S175,0.005657300441984359,0.03963046528441293,0.212912941752651,0.7121567170483387,0.029642575472614025,CNN-LSTM
S176,0.008858677390489685,0.388617787079967,0.09211991666929384,0.07315711676676011,0.43724650209348953,GRU
S177,0.0015374631922431645,0.004983893367482129,0.5660756996404708,0.41685421576833914,0.010548728031464878,LSTM
S178,0.17676987809878872,0.09076629587010637,0.08594753622884711,0.09717798038553495,0.5493383094167229,GRU
S179,0.9354935608921371,0.010451092001107089,0.00902816857819495,0.007958424140228565,0.03706875438833216,1D-CNN
S180,0.999957040893126,2.8949719646553446e-05,8.564635120778461e-07,6.380351500384802e-06,6.772572215661995e-06,1D-CNN
S181,0.054236280736638845,0.06425774106699518,0.7682536346963238,0.06515020520120152,0.04810213829884169,LSTM
S182,0.15890109888597528,0.2711218775936578,0.13881995748416595,0.1821864784835228,0.2489705875526777,ANN
S183,0.13108254080939652,0.01918396690176158,0.2297414512039045,0.5608446369306852,0.059147404154252514,CNN-LSTM
S184,0.1243456821449643,0.06661436983417568,0.044980254302900445,0.07872279759171193,0.6853368961262477,GRU
S185,0.02156776808408916,0.007761181525317813,0.9141670077540575,0.03750490875244578,0.01899913388408994,LSTM
S186,0.07497141617636434,0.07492583110306913,0.6626180825006651,0.09504415784100609,0.0924405123788953,LSTM
S187,0.09162527159210072,0.5250431447530043,0.05215637676948348,0.06244898068681249,0.26872622619859854,ANN
S188,0.002246022784457271,0.0004516675709202936,0.00017289534267265805,0.9966811668481265,0.0004482474538224114,CNN-LSTM
S189,0.009140149668507328,0.003099666294067956,0.0006373773379489659,0.010862809737222482,0.9762599969622535,GRU
S190,0.0006078419785962471,1.2685353548420867e-05,1.637238144002338e-05,0.9992430807376673,0.00012001954874814931,CNN-LSTM
S191,0.03198291525778762,0.822503272925296,0.07488716162608745,0.053031807719015105,0.01759484247181382,ANN
S192,0.004628480986090494,0.9619578048215465,0.02461806477530998,0.004412496970882491,0.004383152446169614,ANN
S193,0.020811444921108358,0.25421044885338095,0.5188333636765179,0.04560085212649503,0.16054389042249798,LSTM
S194,0.0325911976165139,0.3074010283750168,0.4749381941833096,0.062315540664561714,0.12275403916059792,LSTM
S195,0.21219657782328516,0.12479244810561853,0.16011619300375693,0.08916447616617403,0.4137303049011646,GRU
S196,6.485142579028029e-06,0.9999850572985699,3.7073497283850605e-07,5.1229080139859945e-06,2.9639158646772694e-06,ANN
S197,0.01042528169226069,0.01212482653283754,0.9552549294257963,0.009683839953231358,0.012511122395873264,LSTM
S198,0.18115598058476587,0.09230773334194717,0.05417339184621769,0.16703609836079675,0.5053267958662723,GRU
S199,0.44795597796328035,0.05826813662573902,0.018814697151948057,0.3789602265978488,0.09600096166118477,1D-CNN
S200,0.5970333260217462,0.0006265704672752284,0.00020286114990729126,0.3990571003325184,0.0030801420285522726,1D-CNN
S201,0.048546823392680356,0.0512357972847902,0.8122471477628368,0.052483001508503636,0.035487230051187375,LSTM
S202,0.14632256656549217,0.16209094285886766,0.34826748469829,0.15654747591960785,0.1867715299577416,LSTM
S203,0.09002204164724432,0.36909065569920607,0.19734160020570007,0.11083531555597134,0.23271038689187812,ANN
S204,0.9796390154966412,0.007784234019286743,0.00047831862142698223,0.0046120760561996895,0.007486355806444811,1D-CNN
S205,0.12967329186156965,0.5898255472321833,0.000815286906948941,0.020065224632352906,0.25962064936694507,ANN
S206,0.0007565391420778857,0.9972001382837309,0.0001921546868212531,0.001486536725433311,0.00036463116193636045,ANN
S207,0.045504388874135805,0.04718312624089714,0.8224414882714786,0.04862433391958014,0.03624666269390836,LSTM
S208,0.0008593436989053936,0.9933742718158719,0.0035876363939757925,0.0009595694249104998,0.001219178666336153,ANN
S209,0.024854314669340124,0.026440156964959934,0.016011893772429807,0.01366729792469759,0.9190263366685725,GRU
S210,0.5283844542324728,0.2781896115309386,0.007873941708551777,0.06742068183603515,0.11813131069200226,1D-CNN
S211,0.12070364795270716,0.21883281615557448,0.1957747484561085,0.3825590721698397,0.08212971526577025,CNN-LSTM
S212,0.03278366917455003,0.6593477785975895,0.24510627254658943,0.03523863177992381,0.02752364790134644,ANN
S213,0.10063072488811277,0.06954788736123428,0.04485019039134983,0.105540999470224,0.6794301978890781,GRU
S214,0.9614310591175254,0.0019150522906708053,0.000652164784450757,0.03171363414471043,0.004288089662642217,1D-CNN
S215,0.6927218515412158,0.016737357064974312,0.006303035994529199,0.25625407398790095,0.027983681411379573,1D-CNN
S216,0.00016514104239977962,0.5898006370197783,0.40964296884103135,0.00023130212737070734,0.000159950969419686,ANN
S217,0.07399423703824466,0.43560552120820095,0.33776466822552104,0.06501245813504888,0.08762311539298424,ANN
S218,0.1516977290955218,0.20046220692894273,0.2126710697856134,0.11633774547399924,0.3188312487159226,GRU
S219,0.05806715970526403,0.9394183827877017,6.823190490062565e-05,0.0013262760321920944,0.0011199495699412637,ANN
S220,0.7826596134909427,0.07837076869130345,0.0002742469139291499,0.10609959527004865,0.03259577563377629,1D-CNN
S221,0.14051327964715318,0.5357386461054334,0.004230142182162435,0.2874964235818903,0.03202150848336038,ANN
S222,0.053734939341172024,0.14163887685912754,0.6865734516069574,0.06101690817150774,0.05703582402123656,LSTM
S223,0.15724361674538986,0.09472676506709832,0.0739112958644587,0.17535879631074197,0.49875952601231216,GRU
S224,0.12649548698879987,0.2102976261077493,0.35131045400533184,0.20780974867777466,0.1040866842203446,LSTM
S225,0.295440773061465,0.1115382832333791,0.06800911113534903,0.17046674493721103,0.35454508763259557,GRU
S226,0.1309228297525701,0.20186325935595736,0.12861755133557548,0.41770795595773863,0.1208884035981584,CNN-LSTM
S227,0.08158730174912138,0.1263400815270785,0.573653289662668,0.10648865226027736,0.11193067480085285,LSTM
S228,0.09919612943161141,0.11861905342364337,0.033921296236563626,0.08083862805482682,0.6674248928533547,GRU
S229,0.003588135792323852,0.0050900664239127875,0.9822470204327547,0.00499337497720712,0.004081402373801235,LSTM
S230,0.1587753891024863,0.32400629135695813,0.165971835661946,0.11326767879372776,0.23797880508488162,ANN
S231,0.11768888751306142,0.00698156025214535,0.0041833136864543145,0.8176478022824559,0.053498436265882715,CNN-LSTM
S232,0.2900407338232921,0.035764422915542445,0.0010065752850116005,0.020895120355166354,0.6522931476209878,GRU
S233,0.18226387278244255,0.12304126220160481,0.3272747060110569,0.2524571932647525,0.11496296574014454,LSTM
S234,0.1312924189304601,0.12973142365612791,0.49964861174626185,0.12336058938381729,0.11596695628333284,LSTM
S235,0.4187444548183276,0.13718767832944007,0.05466844930156005,0.050077131065993284,0.3393222864846788,1D-CNN
S236,0.0001132100738212381,0.9668311797978901,0.00023154142986106434,0.032751491520044314,7.257717838444675e-05,ANN
S237,0.051576591311128364,0.057517751949162185,0.7752355739556926,0.05638130863240406,0.059288774151612045,LSTM
S238,0.015187984559512707,0.9174388779712811,0.040959177030504265,0.010211493701479033,0.016202466737222837,ANN
S239,0.949528203745335,0.0002995981025190754,2.141096077307281e-05,8.548321072479919e-05,0.050065303980647666,1D-CNN
S240,0.06827038395349952,0.006402798718240664,0.0003568172510035109,0.012732160424134803,0.9122378396531214,GRU
S241,0.21567576317096065,0.3119702961018781,0.18107666412452184,0.1896272842557096,0.10164999234692958,ANN
S242,0.14798680481831822,0.21361114334704792,0.3848398935063346,0.14847992057707524,0.10508223775122481,LSTM
S243,0.09602473919747885,0.1302395877721971,0.13205020467162903,0.2007544091564167,0.44093105920227854,GRU
S244,0.07641898615156038,0.050187636629494006,0.0021456012659953755,0.8178002714974463,0.0534475044555037,CNN-LSTM
S245,0.0012668626939825686,0.0005998347557380574,3.8061453082947605e-05,0.00027043364257342805,0.9978248074546229,GRU
S246,0.0004683699825491134,0.9885998670157593,0.00011436049528881992,0.010563193844632736,0.00025420866176926316,ANN
S247,0.17194555846073892,0.07114749490280953,0.2259402893821115,0.4195710866884232,0.11139557056591677,CNN-LSTM
S248,0.00037453627493570335,0.0023758242378468593,0.9963850738624415,0.000449551447678458,0.0004150141770989649,LSTM
S249,0.002583307395799307,0.01345071597942161,0.1080689822178252,0.005852784460858303,0.8700442099460955,GRU
S250,0.0020632718568915085,0.9745487842551336,0.009085835958819528,0.002204022712922931,0.012098085216232088,ANN
S251,0.54572288736077,0.014816269288279393,0.005351757079177872,0.005864111451720892,0.42824497482005164,1D-CNN
S252,0.20373826615766133,0.06768098106320704,0.026169580610889524,0.5824223078624826,0.11998886430575952,CNN-LSTM
S253,0.0004555178770808843,0.0007206626612208948,0.9978436401113117,0.0005922359901641519,0.00038794336022233164,LSTM
S254,0.0019326018316168532,0.9918878458103402,0.0028342039076475795,0.0014613336420333453,0.0018840148083625785,ANN
S255,0.00859858696861434,0.06563895258426393,0.8825878028203464,0.026086212561004015,0.017088445065772014,LSTM
S256,0.1347237757225949,0.18448111356018718,0.364810895292514,0.11585829074497687,0.20012592467972737,LSTM
S257,0.03601830823402698,0.00546612941978944,0.0054350789360406255,0.00800447009255718,0.9450760133175856,GRU
S258,0.5695008208753015,0.003058424280893982,0.001512240118381406,0.007303582132436509,0.41862493259298666,1D-CNN
S259,0.17839391251956327,0.16068221028356022,0.048706449637881837,0.547119657521241,0.0650977700377534,CNN-LSTM
S260,0.058731373976426915,0.060245895469578085,0.7753203669016471,0.058865866507385865,0.04683649714496303,LSTM
S261,0.0060439087273865735,0.7451494267488252,0.0039521060400704916,0.0015542554666131238,0.24330030301710473,ANN
S262,0.3046571235836635,0.15325613311781175,0.1755703957539786,0.20537261662410033,0.16114373092044534,1D-CNN
S263,0.02375984656983705,0.03570779140810147,0.049594341831997825,0.8660075119118792,0.024930508278184646,CNN-LSTM
S264,0.1077267673436479,0.19727852333449078,0.3567661759759255,0.1389867963972352,0.19924173694870065,LSTM
S265,0.6134974377661466,0.06921697656853007,0.05257702590210991,0.08449141528644107,0.1802171444767726,1D-CNN
S266,0.1041848263826047,0.06529383078419711,0.11385714123073955,0.6605598209729378,0.05610438062952042,CNN-LSTM
S267,0.025026327674165454,0.10129625617418067,0.7583634806456345,0.08305608750429831,0.03225784800171973,LSTM
S268,0.7708876430129679,0.10890227681894213,0.03272320382726462,0.01828924948974348,0.06919762685108345,1D-CNN
S269,0.31367278613798494,0.1590478093758829,0.16652515395050652,0.17296768854821237,0.18778656198741286,1D-CNN
S270,0.08675917436205266,0.7835663541358332,0.03890141429562375,0.04466792040555384,0.04610513680093501,ANN
S271,0.019026137296562367,0.19028299396014262,0.7259315100960667,0.04267927863637231,0.022080080010854868,LSTM
S272,0.039581681036863325,0.10993228986990004,0.23629685566163058,0.11406015601676013,0.5001290174148459,GRU
S273,0.015878630097800026,0.8481104601908083,0.030859677626145516,0.0197677714964234,0.08538346058882203,ANN
S274,0.6319499724038338,0.14902082450145623,0.02215902117029728,0.021504671532697153,0.17536551039171638,1D-CNN
S275,0.14780888955486526,0.7655704742595799,0.013767586043434785,0.029825056683633454,0.043027993458486506,ANN
S276,0.05992690568337294,0.03349926670727883,0.0005390691339478067,0.45877100348121486,0.44726375499418575,CNN-LSTM
S277,0.1903401144212097,0.050925906498191745,0.5351903145011359,0.14018490079942572,0.0833587637800369,LSTM
S278,0.16189033061646074,0.1649526481507869,0.36284172784549584,0.15366335392561536,0.15665193946163983,LSTM
S279,0.005121175499767779,0.9848595559848843,0.0035287069844861583,0.00150300950962801,0.004987552021230402,ANN
S280,0.1101088769589965,0.036800007172320376,0.046663534229307704,0.005900807811259019,0.8005267738281162,GRU
S281,0.08652161569439058,0.06370431997642517,0.28409735411951226,0.1384629906583853,0.42721371955128706,GRU
S282,0.5521966635774019,0.01833795525640992,0.002854361709958309,0.0030836612046602416,0.4235273582515707,1D-CNN
S283,0.03619021815435209,0.4062347044841726,0.0005665935639234575,0.03384757757288338,0.5231609062246682,GRU
S284,0.9802713177414613,0.0036197113521994786,0.0005637522290901493,0.006974218132904463,0.008571000544343559,1D-CNN
S285,0.006327045119606298,0.9917992289991893,0.00047103362057740656,0.0007893090053461988,0.0006133832552809962,ANN
S286,0.00037456318662279763,0.0006496591620763166,0.9986441590095112,0.0001929261165925737,0.00013869252519640085,LSTM
S287,0.06540930198034448,0.9209554771154977,0.004357241407891322,0.0027916208106803517,0.006486358685586149,ANN
S288,0.02642691693208071,0.05306276060422104,0.1284243872139341,0.03841475777923666,0.7536711774705276,GRU
S289,0.014655920755491329,0.014056191820564747,0.6516583588524264,0.0559845409130554,0.2636449876584614,LSTM
S290,0.3695941382234231,0.28828049659793675,0.11818493800680704,0.0858345328521004,0.13810589431973197,1D-CNN
S291,0.13217591142703328,0.49141614649938603,0.09692089885142514,0.17031082077202436,0.10917622245013121,ANN
S292,0.13112192990807967,0.14986933338500474,0.3542730019502961,0.1876903634696738,0.17704537128694484,LSTM
S293,0.7331408748434751,0.0028292700328444178,0.0023910668324733995,0.09115743944848317,0.1704813488427246,1D-CNN
S294,0.21391488228606143,0.1585889796525374,0.04647840328130462,0.49981037300348813,0.08120736177660955,CNN-LSTM
S295,0.016277001209275666,0.11172409588947188,0.8367367428516965,0.020690980319574677,0.014571179729982101,LSTM
S296,0.00010726399860438567,0.9994237734680217,0.00031768807742650943,7.2617531397274e-05,7.865692454978387e-05,ANN
S297,0.0961608519584853,0.23647919680242313,0.06293952235449465,0.08562868659470181,0.518791742289895,GRU
S298,0.15198271450974465,0.7523380469572054,0.019166518193464252,0.04776367328557934,0.0287490470540066,ANN
S299,0.00020491978301598608,0.00017209641778281708,0.99906070585696,0.00041773515173194935,0.00014454279050863037,LSTM
S300,0.011876062732854086,0.700303595247022,0.025121042367442583,0.011276417683565578,0.2514228819691155,ANN
S301,0.006841401654519381,0.016762246510895834,0.4571167852636108,0.3618113929344321,0.15746817363654114,LSTM
S302,0.004883784227721858,0.8859573855465215,0.023433684493623718,0.010953003571146114,0.07477214216098818,ANN
S303,0.7803422774016814,0.05779103981297838,0.05087831556587286,0.04814933779338195,0.06283902942608505,1D-CNN
S304,0.2566306230868978,0.5427366074715783,0.0338714425718389,0.0288967850835163,0.13786454178616842,ANN
S305,0.9439452210926518,0.020644202070035398,0.007660164039845928,0.015249049856742752,0.012501362940729469,1D-CNN
S306,0.003473961892538659,0.00010805154450599426,9.036082296785971e-05,0.9942540463388604,0.0020735794011271956,CNN-LSTM
S307,0.20086249275173482,0.01742137770335892,0.0039062865812035325,0.7706543570996578,0.007155485864044991,CNN-LSTM
S308,0.09436564598370668,0.30227841884037204,0.4551288287306724,0.08865805104740349,0.05956905539784535,LSTM
S309,0.014548537352347745,0.854270598259958,0.01830830183533332,0.015111273781275447,0.09776128877108677,ANN
S310,0.12593312425852074,0.18971372746291912,0.16717635521469013,0.3034324978067969,0.2137442952570731,CNN-LSTM
S311,0.004969468008446867,0.009399932572478271,0.015560284154061391,0.9670912998577869,0.002979015407226416,CNN-LSTM
S312,0.04961771961977169,0.21288613883602997,0.5871530034207239,0.0860386123537833,0.06430452576969091,LSTM
S313,0.031986065506411435,0.299283751811105,0.13512050069046133,0.045747052185270996,0.4878626298067507,GRU
S314,0.9072249946809454,0.018063070124090634,0.007296198481481345,0.007634141209767255,0.05978159550371478,1D-CNN
S315,0.03083226799585962,0.40723039178733267,0.4900009113033361,0.052882065224774885,0.01905436368869594,LSTM
S316,0.1641862520274286,0.23772010610903013,0.23331731765039615,0.10856220564862934,0.25621411856451476,GRU
S317,0.13744949595175304,0.0037797282077608363,0.0025859743215170595,0.026521606639761733,0.8296631948792074,GRU
S318,0.008356393253791226,0.033211222809207054,0.9399818214224954,0.008690496674373905,0.009760065840133942,LSTM
S319,0.13961358752591005,0.12147708108228605,0.034153729474819,0.1370560691617434,0.5676995327552402,GRU
S320,0.22698341080930295,0.16700506865841105,0.2784996100355621,0.2409305509658232,0.08658135953090049,LSTM
S321,0.23907981438131756,0.09278616006563374,0.07084296501332396,0.18678793262157725,0.4105031279181474,GRU
S322,0.9569919023660398,0.0006631626994015292,0.0008453064530539099,0.03574376999575115,0.00575585848575317,1D-CNN
S323,0.15880287565123824,0.3335610379902873,0.18934032587493058,0.2679375116303902,0.05035824885315379,ANN
S324,0.10197641734319475,0.35923009909593745,0.031090995191108913,0.040873774099917375,0.46682871426984157,GRU
S325,0.016433716808547372,0.022190728467819238,0.05202528704625626,0.8874568198061468,0.02189344787123139,CNN-LSTM
S326,0.0014375127497938277,0.861493457159455,0.003083785619368492,0.0015821824216253793,0.13240306204975755,ANN
S327,0.008263703645468065,0.007247305205103172,0.12815811705308625,0.8180903859206823,0.03824048817565992,CNN-LSTM
S328,0.00016022559836847126,0.0005215550204012584,0.9954284067069185,0.0036067594421662543,0.00028305323214566545,LSTM
S329,0.017510706365878502,0.845643799778055,0.02700115165417792,0.018716569813144606,0.09112777238874371,ANN
S330,0.9003992310919947,0.009979133440008982,0.008513769257053898,0.00901664639176003,0.07209121981918162,1D-CNN
S331,0.3733662611533634,0.21359415839846313,0.06821593619628069,0.1970590223288053,0.1477646219230865,1D-CNN
S332,0.01770178694306601,0.0732943178056401,0.8715847920067451,0.0205384321996262,0.016880671044923617,LSTM
S333,0.2637997682703751,0.6223099132155273,0.061800987807277385,0.018721481180023394,0.03336784952679688,ANN
S334,0.9690082533648119,0.011300446961050651,0.004292714107524638,0.004829064996852702,0.010569520569760169,1D-CNN
S335,0.3308618612493375,0.0834072470870839,0.14764309337468923,0.3346481421877659,0.10343965610112477,CNN-LSTM
S336,0.039790337747376836,0.03737978832717913,0.603321687635298,0.25531472076744444,0.06419346552270165,LSTM
S337,0.013492264966621138,0.010472050661486836,0.01620103411335456,0.009323958877723621,0.950510691380815,GRU
S338,0.9426881803194621,0.01767099943365687,0.005991696522396935,0.0058083791491837875,0.02784074457529895,1D-CNN
S339,0.021350673266160164,0.015996878286219436,0.39500632580738965,0.5509825210213989,0.016663601618831753,CNN-LSTM
S340,0.029574407692540744,0.814473386641916,0.04036917203818116,0.03694042222478917,0.07864261140257303,ANN
S341,0.18393163378126848,0.0871059056170937,0.16902692768461258,0.20811135628508015,0.3518241766319454,GRU
S342,0.029354999135039438,0.024775358357179336,0.011461082137320224,0.9226907497160635,0.011717810654397502,CNN-LSTM
S343,0.016726922730244818,0.3561450683180687,0.5826660781866644,0.027214565041341576,0.01724736572368159,LSTM
S344,0.06511678297899492,0.13357236759882407,0.5652914034495937,0.14513155467875405,0.09088789129383268,LSTM
S345,0.06304453473828477,0.5060217707629474,0.04718757476198839,0.035013336082021014,0.34873278365475807,ANN
S346,0.9922686067749101,0.0011382481574080284,0.0009403248090885374,0.0015045895054480085,0.004148230753146628,1D-CNN
S347,8.532118365451791e-05,2.011221464578309e-05,1.2603307220279903e-07,0.9998928434632967,1.5971053307360903e-06,CNN-LSTM
S348,0.0015602304434405296,0.0016764828113981453,0.9935482397297146,0.001898052099610473,0.0013169949158364086,LSTM
S349,0.0032901243483052793,0.9862191804379277,0.0036255170953775552,0.002280044378526785,0.004585133739861921,ANN
S350,0.31398302515435944,0.1733501276683275,0.1404786961381666,0.20065569647896125,0.17153245456018518,1D-CNN
S351,0.00962778159158314,0.010514228352656842,0.09043893880835129,0.8847700658981428,0.004648985349267016,CNN-LSTM
S352,0.007735598584052951,0.9279088171145353,0.020810222596074887,0.011142447664957639,0.0324029140403783,ANN
S353,0.20288359259924152,0.1599302059938916,0.2125421896223078,0.21793644316721775,0.20670756861734133,CNN-LSTM
S354,0.041770615380005274,0.9268807550584395,0.00504459643832515,0.006177543911761592,0.020126489211467917,ANN
S355,0.08785034460587854,0.07544132388022588,0.671784010292153,0.0907386070598982,0.0741857141618454,LSTM
S356,0.06178211082778872,0.9343771138408713,0.0005248876308406065,0.00028246884477407715,0.0030334188557252207,ANN
S357,0.004523328987772462,0.006220882308202792,0.10543332727894805,0.03125422230222745,0.8525682391228503,GRU
S358,3.2721988820565854e-05,0.9990965370979163,0.0003928541289492207,0.00018537075424854824,0.00029251603006540095,ANN
S359,0.007968907276644616,0.027246041780671977,0.8263558360286511,0.03909290738877417,0.09933630752525886,LSTM
S360,0.002571666562997198,0.005104649930654723,0.6343434971272782,0.13930347327114487,0.21867671310792378,LSTM
S361,0.028262106073065403,0.13994068002826276,0.1781161308406906,0.47658426924912756,0.1770968138088537,CNN-LSTM
S362,0.2435777977453844,0.10704282927562668,0.0396563983683202,0.05329470733685085,0.5564282672738179,GRU
S363,0.23892201785586184,0.27237354759151505,0.19039527784379948,0.10469768487030058,0.19361147183852323,ANN
