Segment,1D-CNN,ANN,CNN-LSTM,GRU,Selected
S1,0.10308477831867273,0.06066243256297978,0.4769188316050998,0.35933395751324776,CNN-LSTM
S2,0.3146417560089061,0.2123975442651444,0.25252978168199497,0.22043091804395445,1D-CNN
S3,0.15815858494258797,0.32867244813844476,0.3480733085093829,0.16509565840958532,CNN-LSTM
S4,0.2558876622978925,0.3897422153106315,0.2089747985015347,0.14539532388994117,ANN
S5,0.2633887775045125,0.4821941058434154,0.10717534356682293,0.14724177308524936,ANN
S6,0.14510641895035564,0.25657468633935465,0.2774586087275244,0.32086028598276534,GRU
S7,0.20556328786386485,0.1795880337873762,0.3074968139977113,0.3073518643510477,CNN-LSTM
S8,0.18626822264936452,0.3258676818313228,0.19296914534543397,0.29489495017387823,ANN
S9,0.2919134647063805,0.36570479755617674,0.11943983108067822,0.22294190665676455,ANN
S10,0.20538289534318324,0.2984542624953979,0.1424466885420374,0.3537161536193812,GRU
S11,0.3183564738506226,0.2531785512036934,0.30607650057383506,0.12238847437184898,1D-CNN
S12,0.25143400499485774,0.3389535092932417,0.274459232081415,0.1351532536304866,ANN
S13,0.19126733584097547,0.2552694947576027,0.24980748795787885,0.303655681443543,GRU
S14,0.18004007160191723,0.20931889281885088,0.30802655256064343,0.30261448301858873,CNN-LSTM
S15,0.23938126881577887,0.3014322056116993,0.2035694234019306,0.2556171021705913,ANN
S16,0.24094301500650053,0.22211960697340363,0.2078572377305245,0.3290801402895714,GRU
S17,0.13009649317731656,0.14159514497692355,0.12348341117647087,0.6048249506692885,GRU
S18,0.43226766227206304,0.22448744193287,0.2600927016080203,0.08315219418704607,1D-CNN
S19,0.37124117090634373,0.2453916210507958,0.3054729977223754,0.07789421032048534,1D-CNN
S20,0.4089929624279852,0.3389412151298914,0.15464127000612676,0.09742455243599663,1D-CNN
S21,0.4699999908045989,0.23564037431054427,0.17025409427686536,0.12410554060799148,1D-CNN
S22,0.31108618331877314,0.16761292792355328,0.2648053136419486,0.25649557511572485,1D-CNN
S23,0.0603829996742334,0.12236557274659361,0.4237109730372737,0.3935404545418993,CNN-LSTM
S24,0.051029796675888785,0.6214588879022004,0.08690694050106561,0.24060437492084483,ANN
S25,0.5195454773376992,0.21268713244676227,0.026140126404225136,0.24162726381131294,1D-CNN
S26,0.03851281369087977,0.7255747176092658,0.020286962073895125,0.21562550662595917,ANN
S27,0.48323115529436356,0.14298512650066608,0.1261422891356497,0.24764142906932135,1D-CNN
S28,0.34475419286018716,0.17581659886532233,0.3634868678923093,0.11594234038218122,CNN-LSTM
S29,0.26139161829890084,0.09024483466264649,0.5607025409308506,0.08766100610760208,CNN-LSTM
S30,0.5457968601942899,0.12476804415458201,0.2212805499441759,0.10815454570695228,1D-CNN
S31,0.24672634208626343,0.2343214317975468,0.3186557681205623,0.20029645799562723,CNN-LSTM
S32,0.2166044649156952,0.3035369632263703,0.2142491145370907,0.2656094573208437,ANN
S33,0.2682862589814894,0.16456061983530526,0.2856714655971318,0.28148165558607463,CNN-LSTM
S34,0.2645660629544896,0.16992273247454065,0.3530165322196518,0.2124946723513178,CNN-LSTM
S35,0.18454043565272557,0.30697565153880874,0.30383048086351133,0.20465343194495428,ANN
S36,0.22110999717383945,0.4067351830434144,0.17937128238632488,0.19278353739642223,ANN
S37,0.13585151979032936,0.18116835697479758,0.3798515835600568,0.3031285396748163,CNN-LSTM
S38,0.3104468005854443,0.33893142356458655,0.16221512013883033,0.18840665571113965,ANN
S39,0.2725986799980042,0.2968659342122029,0.19383917155886565,0.2366962142309268,ANN
S40,0.24924166957845495,0.2842507020621081,0.18352122309120578,0.28298640526823127,ANN
S41,0.27626912827759287,0.23173992572753385,0.26742896378189956,0.22456198221297224,1D-CNN
S42,0.27790783972813365,0.2518593465276787,0.2597140042221097,0.21051880952207772,1D-CNN
S43,0.2651578043562985,0.26493549661098137,0.2548669201087581,0.2150397789239613,1D-CNN
S44,0.30670609917816866,0.17946134865924007,0.23317756636033093,0.2806549858022601,1D-CNN
S45,0.0567953869174293,0.05409223227311821,0.627732198588948,0.2613801822205037,CNN-LSTM
S46,0.37535415961638374,0.4578486937343788,0.05552408847538674,0.1112730581738516,ANN
S47,0.030152829059927933,0.3508325471562564,0.36519359177704125,0.25382103200677436,CNN-LSTM
S48,0.30404841950551015,0.1916258517594428,0.2645209376054463,0.23980479112959935,1D-CNN
S49,0.1463549262373064,0.12742219599665147,0.33149811792876105,0.394724759837281,GRU
S50,0.3552655405127159,0.21340173252545244,0.09514245584298973,0.3361902711188418,1D-CNN
S51,0.3196673806824901,0.2533416538627013,0.13382773540749268,0.293163230047316,1D-CNN
S52,0.3577344581633244,0.287574511438864,0.21667047472757614,0.13802055567023536,1D-CNN
S53,0.3535914432114461,0.25588246930195097,0.2245429782846658,0.16598310920193718,1D-CNN
S54,0.5223423580982057,0.32420544715872585,0.08175429579635694,0.0716978989467112,1D-CNN
S55,0.5953179017942809,0.3731674153670171,0.012535887309556619,0.018978795529145148,1D-CNN
S56,0.611964171704526,0.35241531591071557,0.014294569979091478,0.021325942405666636,1D-CNN
S57,0.19547278945274166,0.19806839898413822,0.280630853323857,0.3258279582392624,GRU
S58,0.19899181183458656,0.3550021435694459,0.23126819474323046,0.21473784985273686,ANN
S59,0.13478835334459296,0.1467295979970579,0.40393656847728154,0.3145454801810671,CNN-LSTM
S60,0.2952303829238128,0.20562173176630305,0.2521658720285852,0.24698201328129812,1D-CNN
S61,0.4002972718565067,0.3406394431267399,0.10306957243329413,0.15599371258345912,1D-CNN
S62,0.5375485275826185,0.1820115814304505,0.09351187774390128,0.18692801324302974,1D-CNN
S63,0.3124821933750712,0.25723759139905916,0.12781198688860404,0.30246822833726633,1D-CNN
S64,0.14399504253303252,0.056629960588771226,0.732768491829957,0.06660650504823859,CNN-LSTM
S65,0.22859133983055185,0.11347482348505857,0.28026909863013527,0.3776647380542542,GRU
S66,0.1413723617564618,0.1653582898593882,0.28080818676036406,0.41246116162378604,GRU
S67,0.24310642542203353,0.2275903655537484,0.24483380990006,0.28446939912415814,GRU
S68,0.10449620757050254,0.1711239775501567,0.12957971830030515,0.5948000965790358,GRU
S69,0.28680363978786927,0.3125524217343254,0.22912411034101793,0.17151982813678837,ANN
S70,0.2952481303535369,0.3150493065766691,0.23070217792580092,0.15900038514399323,ANN
S71,0.2878101692615041,0.3042600703949905,0.2336482687618339,0.1742814915816716,ANN
S72,0.10867531955378508,0.8399275860274471,0.0200573133395154,0.03133978107925261,ANN
S73,0.023457972848895066,0.04621170194845707,0.13257165761941098,0.7977586675832369,GRU
S74,0.12428621781048105,0.2771194510301651,0.2553791256353833,0.34321520552397067,GRU
S75,0.07451612181958754,0.08547354621445286,0.5595812643811577,0.280429067584802,CNN-LSTM
S76,0.18387122212496546,0.302630560388887,0.2631472517680206,0.2503509657181263,ANN
S77,0.23945267137717693,0.08804102255834308,0.3245313149450106,0.34797499111946956,GRU
S78,0.27537066026088286,0.22836636855575884,0.2277998976679096,0.26846307351544785,1D-CNN
S79,0.155733916688491,0.21874079714213257,0.3943194505248921,0.2312058356444844,CNN-LSTM
S80,0.18666687655808994,0.3774566187605517,0.24492454405327715,0.19095196062808112,ANN
S81,0.2561044343362311,0.12274326806089131,0.3039002096750805,0.31725208792779686,GRU
S82,0.23914225358716826,0.24198272347237523,0.26321361461487974,0.2556614083255763,CNN-LSTM
S83,0.18577859558155013,0.22869056288515427,0.34150253978130535,0.24402830175198986,CNN-LSTM
S84,0.1876966241995399,0.4393519498874028,0.17379655811120598,0.19915486780185127,ANN
S85,0.07236620438637224,0.035675774278880835,0.5957577405247648,0.29620028080998223,CNN-LSTM
S86,0.5549026801223298,0.1869528754621996,0.1368436371035262,0.12130080731194379,1D-CNN
S87,0.5616219049655379,0.33705853877237163,0.03527949335638897,0.06604006290570166,1D-CNN
S88,0.7804320874945553,0.0784419806747897,0.02899040336926826,0.11213552846138676,1D-CNN
S89,0.379193361510144,0.1777103506664135,0.15090829223319274,0.29218799559024977,1D-CNN
S90,0.16143419587389005,0.2737413733738066,0.157915207657,0.40690922309530364,GRU
S91,0.20344679879371746,0.18864252420382532,0.2701447530087143,0.3377659239937422,GRU
S92,0.3312100053781382,0.2866420056239095,0.23012997562144577,0.1520180133765065,1D-CNN
S93,0.2563377235693167,0.32044667834179186,0.24142891086693927,0.181786687221952,ANN
S94,0.28798362165136504,0.477753108239615,0.11225339012256125,0.12200987998645851,ANN
S95,0.49477681052698047,0.23940244068112512,0.08889749338572532,0.17692325540616907,1D-CNN
S96,0.14525590225691098,0.10105988504072504,0.40400234168680016,0.3496818710155638,CNN-LSTM
S97,0.18685994378697457,0.11244792616826736,0.40415520820545764,0.29653692183930064,CNN-LSTM
S98,0.25401922582775033,0.4233234730357798,0.14892485323603002,0.17373244790044004,ANN
S99,0.22395916060570362,0.6778172036906964,0.02424343077643225,0.07398020492716773,ANN
S100,0.8392974513402046,0.030796977787737455,0.02366979945007502,0.10623577142198294,1D-CNN
S101,0.26349221278757967,0.22780528239395081,0.22008782594899828,0.288614678869471,GRU
S102,0.25962808704437557,0.37779624431432113,0.26806716127562097,0.09450850736568171,ANN
S103,0.25581302939686024,0.4433508962369181,0.19604204916554382,0.10479402520067799,ANN
S104,0.0052542290680828736,0.006131372483479768,0.42114228109504565,0.5674721173533918,GRU
S105,0.07760615485041844,0.10854457143790411,0.27655627063116756,0.53729300308051,GRU
S106,0.06280885581205857,0.02898030883371992,0.22908235300009028,0.6791284823541313,GRU
S107,0.03263217788052135,0.05129190844490794,0.2080855604927067,0.707990353181864,GRU
S108,0.04934538827954506,0.1091070246346716,0.098954377879241,0.742593209206542,GRU
S109,0.4912147232843575,0.13155656689482245,0.30670241283739486,0.07052629698342491,1D-CNN
S110,0.23311246655641987,0.29248160787605315,0.3425614390611159,0.13184448650641128,CNN-LSTM
S111,0.2716153093603611,0.2758614725734303,0.22816810134675544,0.22435511671945413,ANN
S112,0.11224644747350604,0.3767066290104306,0.2424261965752838,0.2686207269407793,ANN
S113,0.2671237067873423,0.0910196822760212,0.4101913207469141,0.2316652901897221,CNN-LSTM
S114,0.002110023452138785,0.0013520520659776305,0.0033124661026802163,0.9932254583792033,GRU
S115,0.050950728056887724,0.4424369859523677,0.11220844565356888,0.39440384033717546,ANN
S116,0.18649705402866218,0.31801688943108486,0.17576787293774357,0.31971818360250837,GRU
S117,0.18474418111617177,0.2598273979198404,0.17382104949693766,0.3816073714670508,GRU
S118,0.25630731906622506,0.26861601893920195,0.16902086641464453,0.3060557955799296,GRU
S119,0.33301853159551675,0.09444633524064401,0.4846539029838165,0.08788123018002285,CNN-LSTM
S120,0.25293386386750855,0.28927096845500766,0.33198166951336594,0.12581349816411772,CNN-LSTM
S121,0.5503012911496903,0.27937901464606435,0.1037370915935647,0.0665826026106804,1D-CNN
S122,0.35564501526632203,0.21034309194129922,0.2552252045482663,0.17878668824411223,1D-CNN
S123,0.3023066846712581,0.338476269736246,0.21115896567385334,0.14805807991864287,ANN
S124,0.2989204118465912,0.24278043825391485,0.24367723317307075,0.2146219167264231,1D-CNN
S125,0.26839707477852665,0.11414495798242705,0.24786220236741294,0.3695957648716327,GRU
S126,0.34694698055400336,0.12725622249768398,0.3054070791513322,0.22038971779698016,1D-CNN
S127,0.14110151879954608,0.18140123106896916,0.47609655211682333,0.20140069801466146,CNN-LSTM
S128,0.24061071564363393,0.24203963162951167,0.25580422172816736,0.2615454309986862,GRU
S129,0.22319000768537345,0.2285455922149724,0.2709064083494124,0.27735799175024156,GRU
S130,0.3288878296645176,0.39411115995546214,0.10957486361986894,0.16742614676015147,ANN
S131,0.34090863015966244,0.1458607741076306,0.26335699539302027,0.2498736003396869,1D-CNN
S132,0.09316335943912617,0.4135215949510663,0.3821805218369907,0.11113452377281678,ANN
S133,0.29810223350168247,0.3873389203530616,0.19594946657516557,0.11860937957009018,ANN
S134,0.4445286128091963,0.3571048597688893,0.10367161246089712,0.09469491496101722,1D-CNN
S135,0.25901436261284577,0.3218832107141921,0.23428173124296095,0.18482069543000074,ANN
S136,0.1841236664874191,0.21266631785451556,0.28697927830216047,0.3162307373559047,GRU
S137,0.09555281310611036,0.11685032810670475,0.4033853710919708,0.3842114876952142,CNN-LSTM
S138,0.23981271072540025,0.5414782521588325,0.07158557704230434,0.14712346007346308,ANN
S139,0.12292154036462578,0.16912639704901197,0.5598899320047136,0.14806213058164922,CNN-LSTM
S140,0.2778884233907926,0.09457789423575365,0.3412812755638717,0.28625240680958275,CNN-LSTM
S141,0.22924815083167543,0.3077068183910221,0.19580700432887307,0.2672380264484295,ANN
S142,0.26555196429878253,0.2126279058901408,0.24647863532017839,0.27534149449089795,GRU
S143,0.17816755725908043,0.44578683357542476,0.13095693098758662,0.2450886781779091,ANN
S144,0.34429033898635997,0.22081551562459378,0.16095429297924382,0.27393985240980234,1D-CNN
S145,0.32718145219809636,0.23729029628025816,0.2848624642047134,0.15066578731693164,1D-CNN
S146,0.21373345137739924,0.3602960157793735,0.3124147378475779,0.11355579499564936,ANN
S147,0.8032302430831353,0.02130963646861071,0.08530073078309713,0.09015938966515684,1D-CNN
S148,0.12348962714065928,0.20964622872411914,0.3736917470369514,0.2931723970982699,CNN-LSTM
S149,0.06069000110116938,0.06758779241670364,0.07043392683735475,0.8012882796447721,GRU
S150,0.11277419495259114,0.14094781697185627,0.37907318765597414,0.36720480041957876,CNN-LSTM
S151,0.27886610679270657,0.15715090102574203,0.48656224104844803,0.07742075113310289,CNN-LSTM
S152,0.12576908550417504,0.37074879728328114,0.2795691006587623,0.2239130165537816,ANN
S153,0.1585920442976959,0.14801845473809766,0.2703439867272739,0.4230455142369335,GRU
S154,0.17883392120885308,0.28868424664424325,0.1972734570743369,0.3352083750725663,GRU
S155,0.3500740322921482,0.18765609549748716,0.1858600668296936,0.2764098053806706,1D-CNN
S156,0.23353282304891074,0.17878035928630898,0.38226642684092926,0.20542039082385094,CNN-LSTM
S157,0.30121990989443154,0.20422529425324742,0.3078087712136719,0.18674602463864812,CNN-LSTM
S158,0.20279218249982403,0.581752995629424,0.11046389773850845,0.10499092413224322,ANN
S159,0.21735531150361492,0.48917962168941964,0.12663311919302672,0.1668319476139387,ANN
S160,0.1368871752325134,0.16464430555344725,0.39354720389357484,0.3049213153204634,CNN-LSTM
S161,0.2512885864434785,0.3397157306963494,0.18681571408202252,0.2221799687781497,ANN
S162,0.35352206086599475,0.3279088137631719,0.10402762563619866,0.21454149973463457,1D-CNN
S163,0.2803762576643521,0.19052835452543168,0.31043510683098546,0.21866028097923157,CNN-LSTM
S164,0.21313708973096876,0.2490095315203417,0.36123079235633343,0.17662258639235706,CNN-LSTM
S165,0.15959674043926914,0.6310205875842817,0.11215303503720234,0.09722963693924586,ANN
S166,0.07262749569245984,0.07205206415783277,0.4492394048605265,0.4060810352891807,CNN-LSTM
S167,0.2424357767300911,0.23687448444292553,0.22712150505073792,0.2935682337762458,GRU
S168,0.21673990787997047,0.228423835224315,0.2970691609959399,0.2577670958997753,CNN-LSTM
S169,0.2659578787927999,0.1455871026786374,0.4096038162291514,0.1788512022994108,CNN-LSTM
S170,0.31615387644850046,0.08820293745037057,0.2638130941143708,0.33183009198675756,GRU
S171,0.4053491311997236,0.15595534702386518,0.22659440910705847,0.2121011126693537,1D-CNN
S172,0.10838846536713005,0.16312402212380017,0.4995929861904044,0.22889452631866508,CNN-LSTM
S173,0.009345859702233556,0.9530414291794403,0.01981684423249169,0.017795866885834215,ANN
S174,0.37975797040766857,0.48816022568095774,0.06163367224053836,0.07044813167083534,ANN
S175,0.1108324401796993,0.3071698764107105,0.36431438188199666,0.21768330152759358,CNN-LSTM
S176,0.1602197599268414,0.2654573616442386,0.28240986668727097,0.2919130117416487,GRU
S177,0.21664822637875686,0.17724952571621908,0.3001762764288452,0.30592597147617784,GRU
S178,0.2377484224408969,0.3423433320520609,0.16429973755948327,0.25560850794755885,ANN
S179,0.47933458983545024,0.18283697289477968,0.1160818249508363,0.2217466123189333,1D-CNN
S180,0.5226901903434958,0.05492263645228358,0.3339229472611295,0.08846422594309054,1D-CNN
S181,0.1186438914820052,0.38657137365933786,0.3474663459657479,0.14731838889290905,ANN
S182,0.24417355041039246,0.262513834021376,0.2720130621813417,0.2212995533868896,CNN-LSTM
S183,0.11257165280196489,0.0724223619905968,0.35654304594378095,0.45846293926365644,GRU
S184,0.20223566746522037,0.06620603136823575,0.1277810383979313,0.6037772627686125,GRU
S185,0.18395695932702835,0.022623252430920063,0.31997213679076153,0.4734476514512902,GRU
S186,0.17806427485429926,0.17145986208512237,0.2704096849525195,0.38006617810805904,GRU
S187,0.19087558004294225,0.15960720086538904,0.22713418217187567,0.4223830369197924,GRU
S188,0.21909371876621,0.171561017970815,0.22498467103871317,0.3843605922242621,GRU
S189,0.2665820120391724,0.05723310437081451,0.6064182051860451,0.06976667840396784,CNN-LSTM
S190,0.20149748955822147,0.3832501731733571,0.2650550545151806,0.15019728275324115,ANN
S191,0.37611898725187687,0.1682991590711733,0.28677653744338266,0.16880531623356673,1D-CNN
S192,0.23867770549349612,0.4605789256415121,0.16173991317558378,0.13900345568940792,ANN
S193,0.0861795474171591,0.10784258869268032,0.3981420420490583,0.407835821841102,GRU
S194,0.21597008762304987,0.2835529721494789,0.22720649404623458,0.27327044618123575,ANN
S195,0.26338383098246515,0.369494056327317,0.13420603393045694,0.23291607875976178,ANN
S196,0.1170105144327387,0.5949940721657021,0.06204137099952613,0.225954042402033,ANN
S197,0.18059391239129963,0.3216367340284354,0.12921045055398692,0.368558903026278,GRU
S198,0.20849457349190093,0.18376062321820041,0.13153979056468182,0.4762050127252169,GRU
S199,0.25899346026572384,0.19435203804821022,0.19303827592706865,0.35361622575899726,GRU
S200,0.35826347250665963,0.0985838883859113,0.4477406443204119,0.09541199478701695,CNN-LSTM
S201,0.22801010672281624,0.40911092588107933,0.23399711906589982,0.12888184833020444,ANN
S202,0.19931052401154453,0.2549138646930112,0.2453543424025592,0.30042126889288523,GRU
S203,0.13500700950831826,0.1417673074649427,0.33821534449847823,0.3850103385282606,GRU
S204,0.17959600280165672,0.3150323633750032,0.1672374493810717,0.33813418444226856,GRU
S205,0.3817445417954358,0.23617794631637234,0.17957262355038683,0.20250488833780494,1D-CNN
S206,0.2795635253445769,0.25858094214883126,0.32536501148875774,0.136490521017834,CNN-LSTM
S207,0.2760887647484161,0.2927444634566693,0.28103944294518207,0.15012732884973362,ANN
S208,0.17300218347532018,0.2528904892082762,0.2600088567456702,0.3140984705707329,GRU
S209,0.15460719772929213,0.2019785828869567,0.32157250725710246,0.32184171212664886,GRU
S210,0.3006716059488005,0.3739057075193345,0.11467267500002758,0.21075001153183728,ANN
S211,0.173609225891576,0.05307050881842692,0.693611684608348,0.07970858068164897,CNN-LSTM
S212,0.15521431105936928,0.5269493916246997,0.23391294985794017,0.08392334745799104,ANN
S213,0.03372312526241482,0.0306502373116428,0.2852842083107434,0.6503424291151991,GRU
S214,0.8300738482370263,0.04323666146252614,0.08845287326424892,0.038236617036198566,1D-CNN
S215,0.2808792293479531,0.12041573369221904,0.5121218200061423,0.08658321695368497,CNN-LSTM
S216,0.1906649801111393,0.3966799715253904,0.234184845380399,0.17847020298307142,ANN
S217,0.18258807032660546,0.38058159362637334,0.17911663531241395,0.2577137007346074,ANN
S218,0.15065897013047666,0.2672207390301067,0.24030349501382225,0.34181679582559465,GRU
S219,0.13300547366966395,0.4222611506110849,0.10587993676527145,0.33885343895397996,ANN
S220,0.12280043481684925,0.11269188789551866,0.015753524085331264,0.7487541532023009,GRU
S221,0.5865286014835172,0.1413521678308489,0.24391436183045845,0.028204868855175275,1D-CNN
S222,0.14351895713702925,0.48082660789155734,0.18198107496953386,0.19367336000187943,ANN
S223,0.12472020131165532,0.18791774365976477,0.2217641964261998,0.4655978586023799,GRU
S224,0.12324773279073604,0.21383004892834817,0.22982990641060955,0.4330923118703065,GRU
S225,0.40384961823802057,0.12527058862493737,0.2953612062869648,0.17551858685007735,1D-CNN
S226,0.1580883540665897,0.2072278677116745,0.34938526283521787,0.2852985153865176,CNN-LSTM
S227,0.11391063930170825,0.3875126115852807,0.24435140316022982,0.25422534595278073,ANN
S228,0.05019614726851124,0.0431651014554885,0.08919102717736026,0.8174477240986405,GRU
S229,0.14568816135075707,0.3234525022068276,0.19621413042539468,0.3346452060170196,GRU
S230,0.1796883012130516,0.36751121709631523,0.1287964757956547,0.32400400589497835,ANN
S231,0.1799583549540538,0.26262681482234945,0.18428514808967847,0.3731296821339183,GRU
S232,0.3310056854347201,0.17308128150721852,0.3002634468856219,0.19564958617243927,1D-CNN
S233,0.2577220650700079,0.2574969714808254,0.31142614525315215,0.1733548181960144,CNN-LSTM
S234,0.3069650891875893,0.24958336534921846,0.2582650556824497,0.1851864897807415,1D-CNN
S235,0.18407772914651976,0.08940210357153576,0.30324256338548455,0.42327760389645996,GRU
S236,0.11910388105053898,0.5872247300272656,0.1534789067866101,0.14019248213558552,ANN
S237,0.2212047354412549,0.316763173689863,0.1831099760604746,0.2789221148084077,ANN
S238,0.3549083597081969,0.1430293718661717,0.21968183518810216,0.2823804332375294,1D-CNN
S239,0.14926461793329607,0.40848975101784274,0.14977502440666335,0.292470606642198,ANN
S240,0.4986179203979929,0.16824326255359331,0.07998061030173245,0.2531582067466804,1D-CNN
S241,0.310116659438765,0.2862737695686893,0.27724173335808217,0.12636783763446371,1D-CNN
S242,0.23711051465467223,0.45355916578660604,0.2436735683874144,0.0656567511713073,ANN
S243,0.01201856651770259,0.0458105551027419,0.22562654347291555,0.7165443349066402,GRU
S244,0.0030325867868010946,0.3198256916880035,0.010503903707107676,0.6666378178180875,GRU
S245,0.4028613228245724,0.19885852025581335,0.2345992581941243,0.16368089872548963,1D-CNN
S246,0.3283729729974279,0.3176802632521809,0.21583858488513014,0.13810817886526086,1D-CNN
S247,0.29921261190099063,0.23899305978536126,0.2745816562431185,0.1872126720705298,1D-CNN
S248,0.22995026897914525,0.567877267946925,0.09064591549340863,0.11152654758052136,ANN
S249,0.1544949443307054,0.23688093995647555,0.31182266436785344,0.29680145134496566,CNN-LSTM
S250,0.23983756438799614,0.25968231411373416,0.25409891583941346,0.2463812056588579,ANN
S251,0.24901447946096064,0.42186579735617324,0.12753827706287416,0.2015814461199913,ANN
S252,0.2796203828948021,0.17421128602912975,0.29770977380217517,0.24845855727389207,CNN-LSTM
S253,0.1765312846463995,0.22169785031566516,0.456479336347177,0.14529152869075865,CNN-LSTM
S254,0.02348142301611934,0.9568711980177432,0.010737928393294769,0.008909450572842715,ANN
S255,0.06779139255314803,0.12510590866658586,0.4264572848462425,0.3806454139340237,CNN-LSTM
S256,0.2108972327465442,0.4187566899192328,0.13984721884008042,0.23049885849414276,ANN
S257,0.21403816096806394,0.2279087802212306,0.21274517781724184,0.3453078809934638,GRU
S258,0.3065144002455897,0.18364448302469688,0.2636485550820487,0.24619256164766387,1D-CNN
S259,0.2594643171431986,0.2948035817586355,0.2790855127226907,0.16664658837547483,ANN
S260,0.25395491501437667,0.3291524036621172,0.25310128252199104,0.16379139880151497,ANN
S261,0.22261894026755777,0.10215052586591258,0.30206226074941,0.3731682731171197,GRU
S262,0.22043601820932382,0.18447043670044372,0.3116667820379145,0.28342676305231956,CNN-LSTM
S263,0.09800074702083815,0.06860125930715479,0.5477983435826089,0.2855996500893988,CNN-LSTM
S264,0.08579896901710175,0.25073820484786474,0.44969462304379193,0.21376820309124067,CNN-LSTM
S265,0.3949731573928822,0.2084537187857195,0.19502289619816343,0.20155022762323493,1D-CNN
S266,0.20604848937672057,0.22139579835343612,0.3624546131520224,0.21010109911782043,CNN-LSTM
S267,0.1535483331100975,0.3543878414670692,0.2743396758104555,0.217724149612377,ANN
S268,0.12456748235454253,0.07322975700899578,0.41986924006916265,0.38233352056729875,CNN-LSTM
S269,0.2881370891292001,0.2156547646626352,0.22912730701291958,0.2670808391952449,1D-CNN
S270,0.14933992430155024,0.12204830031189387,0.4731383657450589,0.2554734096414962,CNN-LSTM
S271,0.12649193846565296,0.4090128802516699,0.28505796581639686,0.17943721546627986,ANN
S272,0.18041821821110346,0.09603697290968535,0.38034659280204536,0.34319821607716583,CNN-LSTM
S273,0.2439341631758294,0.2152056264694224,0.27577884550463233,0.26508136485011613,CNN-LSTM
S274,0.41079963694324706,0.3245096229060991,0.10513442916323365,0.15955631098742032,1D-CNN
S275,0.3647634072257031,0.2641563152090536,0.13761931931441068,0.23346095825083255,1D-CNN
S276,0.2085056964135227,0.2857011605771994,0.296901023554865,0.2088921194544119,CNN-LSTM
S277,0.25550157819824676,0.32870861994613493,0.22163490775893635,0.194154894096682,ANN
S278,0.27475957154101166,0.29212149650988267,0.22509474181043138,0.208024190138674,ANN
S279,0.10788154861767542,0.02337696121457809,0.4792553136402435,0.389486176527503,CNN-LSTM
S280,0.20094996167430562,0.1835664219080706,0.3582425734628152,0.25724104295480865,CNN-LSTM
S281,0.5290005101722489,0.32201347983883744,0.06229017617291816,0.08669583381599552,1D-CNN
S282,0.4904368236750013,0.20761279863131507,0.11082611859564537,0.191124259098038,1D-CNN
S283,0.13878854599413334,0.35506145350051044,0.08031432235665231,0.42583567814870377,GRU
S284,0.31483239167284316,0.24317870625069365,0.2702753131787039,0.17171358889775884,1D-CNN
S285,0.3042898851576292,0.2965206502389813,0.2518700008693525,0.1473194637340371,1D-CNN
S286,0.3599701480359683,0.30835679808333183,0.18378168421107743,0.14789136966962224,1D-CNN
S287,0.40257700612967595,0.4979323588681732,0.041431774181245475,0.05805886082090477,ANN
S288,0.0867260306151778,0.09538172148004419,0.3969128876551333,0.4209793602496447,GRU
S289,0.11098205162008723,0.1482112544023946,0.4224903165682591,0.31831637740925933,CNN-LSTM
S290,0.2046413234015983,0.22551723150529177,0.23515511695583735,0.33468632813727256,GRU
S291,0.22857595980431053,0.4195847453405229,0.11412899738814279,0.23771029746702377,ANN
S292,0.15441885394731877,0.23940995285640934,0.386211307612259,0.21995988558401308,CNN-LSTM
S293,0.3448775372380104,0.05078602526090065,0.2765197419868721,0.32781669551421666,1D-CNN
S294,0.31333819818794256,0.19063870934633212,0.3429296727761015,0.15309341968962373,CNN-LSTM
S295,0.19445855708548498,0.24854730498707336,0.37468553473523164,0.18230860319221007,CNN-LSTM
S296,0.26914388387029725,0.3306356928056466,0.19501329187412472,0.20520713144993127,ANN
S297,0.26118051803913384,0.27352569757676104,0.22200149572752645,0.24329228865657884,ANN
S298,0.2694340853191484,0.3334838260260409,0.2129780564945088,0.18410403216030127,ANN
S299,0.3038027972043256,0.21530631621413585,0.3037957850445026,0.17709510153703584,1D-CNN
S300,0.25456808837934236,0.40737709408518835,0.1391936314529446,0.19886118608252476,ANN
S301,0.1442489770178663,0.16508104835828494,0.3878214784382016,0.30284849618564713,CNN-LSTM
S302,0.3483757394362411,0.2847787553346618,0.17723849976312653,0.18960700546597034,1D-CNN
S303,0.3882896402412708,0.1772513325676428,0.20380367243832084,0.2306553547527657,1D-CNN
S304,0.27876724916915674,0.36924855455980177,0.09567262003396639,0.25631157623707496,ANN
S305,0.036017665553879814,0.11242994880126407,0.7809374676714257,0.07061491797343056,CNN-LSTM
S306,0.11861765094661544,0.7925213579274392,0.06006390290505226,0.02879708822089317,ANN
S307,0.46216640642590134,0.34739349336338854,0.11770110328723198,0.07273899692347771,1D-CNN
S308,0.25464488261996393,0.3743435669612642,0.2084289178559087,0.1625826325628633,ANN
S309,0.18202199306521014,0.27947816820050836,0.2383199887689633,0.3001798499653191,GRU
S310,0.10891067561723011,0.22998767434287998,0.33255635664913613,0.3285452933907537,CNN-LSTM
S311,0.26425564031538745,0.17655311610441507,0.4337595291217436,0.12543171445845294,CNN-LSTM
S312,0.1799008304482709,0.2805212176989756,0.31800467619005535,0.22157327566269822,CNN-LSTM
S313,0.05588914234220146,0.040446055682729846,0.41487356967884953,0.48879123229621896,GRU
S314,0.5008070684487989,0.2476110529939323,0.07706244408391082,0.17451943447335785,1D-CNN
S315,0.16713203886865793,0.753266238715931,0.01643052936499169,0.06317119305042032,ANN
S316,0.19421589692028876,0.40544466061000206,0.0729880539852973,0.3273513884844117,ANN
S317,0.22264327776528375,0.07916763454051279,0.08954106333142602,0.6086480243627775,GRU
S318,0.10027770791706213,0.5615067464456756,0.08643414114906298,0.25178140448819936,ANN
S319,0.25180106313669653,0.23525980347767625,0.214506699599488,0.29843243378613943,GRU
S320,0.21849623183260716,0.2030240396524943,0.2939622330057708,0.28451749550912736,CNN-LSTM
S321,0.30303057694896685,0.13144561013013378,0.4351541195284532,0.1303696933924453,CNN-LSTM
S322,0.28508207424267656,0.28891925834142973,0.24403375031210484,0.18196491710378895,ANN
S323,0.3812530967919455,0.18832376838954412,0.2742875124548441,0.15613562236366604,1D-CNN
S324,0.1755814794465417,0.5801856822167263,0.12985742501949982,0.11437541331723203,ANN
S325,0.4347087979143789,0.2938578578121581,0.12786432759177485,0.14356901668168823,1D-CNN
S326,0.19281745617567417,0.22860503314021988,0.29466605559315484,0.2839114550909511,CNN-LSTM
S327,0.05238631773533192,0.007828600468752986,0.7100516093356949,0.22973347246022022,CNN-LSTM
S328,0.2002336255495106,0.33802288354890764,0.21942857725533169,0.24231491364625035,ANN
S329,0.35501726894515645,0.21312872064255378,0.192553936433237,0.23930007397905292,1D-CNN
S330,0.27157931699857285,0.24929361149485008,0.20627307638572645,0.2728539951208507,GRU
S331,0.21603470351893173,0.16770255537809473,0.4016067258870413,0.2146560152159325,CNN-LSTM
S332,0.15548121681777796,0.3139636596511097,0.33614314152429375,0.19441198200681853,CNN-LSTM
S333,0.14444308200347306,0.7544076547778079,0.04371281914440865,0.05743644407430956,ANN
S334,0.35796922312418733,0.22062034914878575,0.14064141814540168,0.28076900958162476,1D-CNN
S335,0.29585174032013806,0.14057577152708173,0.33665339963854235,0.2269190885142378,CNN-LSTM
S336,0.2111139272048604,0.1621790952176452,0.3777292461167063,0.24897773146078903,CNN-LSTM
S337,0.5682696368157062,0.019837880736631043,0.17229567092691223,0.23959681152075002,1D-CNN
S338,0.22291291985851763,0.25245566125210495,0.15220660161580116,0.37242481727357585,GRU
S339,0.2142259890807489,0.197682051857224,0.31145422565898073,0.2766377334030475,CNN-LSTM
S340,0.21074917215209032,0.24466605051074214,0.2533598303127009,0.2912249470244667,GRU
S341,0.20704168928934152,0.05950047803657887,0.3181586357452692,0.4152991969288105,GRU
S342,0.08560727203343146,0.030635802024889785,0.7655990102216279,0.11815791572005076,CNN-LSTM
S343,0.06265480105054755,0.623326462767547,0.22874079855535873,0.08527793762654594,ANN
S344,0.1633564678991144,0.18335877998232297,0.3172155598530435,0.3360691922655192,GRU
S345,0.22288956507967142,0.18378854043558668,0.258558845365756,0.3347630491189853,GRU
S346,0.3331350777847167,0.1945546756315575,0.1968475362215969,0.27546271036212905,1D-CNN
S347,0.2841461035126853,0.15162590711988586,0.37438197460844674,0.189846014758982,CNN-LSTM
S348,0.13332568958215046,0.4748024827439897,0.23885245426400842,0.1530193734098509,ANN
S349,0.2350384946730925,0.4832293449617051,0.14405586034202156,0.13767630002318085,ANN
S350,0.31494255243817,0.17701281838320426,0.2235304597797372,0.2845141693988887,1D-CNN
S351,0.2451237524271746,0.23964610538857156,0.27290412085089855,0.24232602133335612,CNN-LSTM
S352,0.23874652381682823,0.26384348958465403,0.23962660859078347,0.25778337800773415,ANN
S353,0.24603318256874962,0.13120171499418426,0.31773353620135947,0.30503156623570676,CNN-LSTM
S354,0.22071365428935882,0.1663274691088737,0.3608663204178525,0.25209255618391435,CNN-LSTM
S355,0.14733322477735672,0.33965724737908454,0.29454415374235804,0.2184653741012007,ANN
S356,0.0038896422872569656,0.9931883728147415,0.0011922212646307585,0.0017297636333704137,ANN
S357,0.2927095499338962,0.18781364138502168,0.09648284276216113,0.4229939659189213,GRU
S358,0.11722928335713767,0.3303549441493409,0.34396272068291844,0.20845305181060234,CNN-LSTM
S359,0.4925270690962301,0.07831510371836706,0.2754111569102192,0.15374667027518368,1D-CNN
S360,0.09010867594983622,0.651938418619839,0.10974270103182632,0.14821020439849872,ANN
S361,0.5189159683487379,0.31319574102336994,0.06161304697077481,0.10627524365711735,1D-CNN
S362,0.31297672788442654,0.09880959586691655,0.14021552755279496,0.44799814869586185,GRU
S363,0.18934453465215678,0.3252560620309198,0.1559020771519375,0.32949732616498595,GRU
S364,0.24853335092761486,0.26524104244635266,0.2606299957941359,0.22559561083189641,ANN
S365,0.2687356928797125,0.15699612425120407,0.27698001697649016,0.2972881658925934,GRU
S366,0.21206251821402775,0.22784383853623671,0.2600123088494744,0.30008133440026125,GRU
S367,0.24087143382115056,0.32124259803188626,0.15964603485207612,0.27823993329488733,ANN
S368,0.29386265442814713,0.3006680902675055,0.24276615868863138,0.1627030966157159,ANN
S369,0.2373253056705443,0.30081991274458714,0.32179065313514577,0.14006412844972257,CNN-LSTM
S370,0.20570355071672308,0.6546586421805493,0.06905962172034118,0.07057818538238629,ANN
S371,0.019982790102245872,0.00822805963950628,0.5513212484810761,0.4204679017771718,CNN-LSTM
S372,0.10535051861494596,0.23346193424280332,0.3350766545787381,0.32611089256351283,CNN-LSTM
S373,0.27940915152975737,0.23637358385443077,0.25619174712238646,0.22802551749342517,1D-CNN
S374,0.33360337471535867,0.16585369828281132,0.3562029912565846,0.1443399357452449,CNN-LSTM
S375,0.16753358390631698,0.27468036711561794,0.27891521487254267,0.2788708341055224,CNN-LSTM
S376,0.1174520396797998,0.07432668262117073,0.3835951836496353,0.42462609404939433,GRU
S377,0.2411703963127385,0.34514887732453775,0.14222732139140942,0.2714534049713143,ANN
S378,0.3120250818507272,0.20875364765931206,0.19719379461328765,0.2820274758766729,1D-CNN
S379,0.2603333450373343,0.18216384911179398,0.35256307806098003,0.20493972778989192,CNN-LSTM
S380,0.25145982578933246,0.21637035306295127,0.3478563639673399,0.18431345718037662,CNN-LSTM
S381,0.19866537179849486,0.05479552342484972,0.32868210217865956,0.4178570025979951,GRU
S382,0.19723929836805312,0.1491132751332558,0.3186366884871275,0.33501073801156367,GRU
S383,0.1747456260077832,0.2864691112648473,0.21393904795593488,0.3248462147714345,GRU
S384,0.2143420455793306,0.2149330031841617,0.21116904992729316,0.3595559013092153,GRU
S385,0.15376901731114972,0.13766105906271123,0.2617976986829311,0.4467722249432077,GRU
S386,0.17121880584279187,0.32942191777654495,0.1375779840793443,0.36178129230131906,GRU
S387,0.23120908313405103,0.15111817615986672,0.12066440886415719,0.497008331841924,GRU
S388,0.1326466403636371,0.30521591312052815,0.13755293583692701,0.42458451067890746,GRU
S389,0.31492545040526954,0.09857374208220178,0.5550003705117007,0.031500437000828115,CNN-LSTM
S390,0.40285613669529174,0.1876880197157856,0.3400152343731387,0.06944060921578464,1D-CNN
S391,0.5818734980334853,0.1686631505469183,0.15839925571013416,0.0910640957094631,1D-CNN
S392,0.36444447368044025,0.3652653106933914,0.18282769524155668,0.0874625203846115,ANN
S393,0.23343720727330078,0.3489530451911347,0.24414696394326516,0.17346278359229866,ANN
S394,0.30188926263162347,0.22946421678808007,0.21264885236929712,0.2559976682109991,1D-CNN
S395,0.23004347475607154,0.24538813487365804,0.2960862667135771,0.22848212365669332,CNN-LSTM
S396,0.17460250641874517,0.17433082519218118,0.389981943668279,0.26108472472079464,CNN-LSTM
S397,0.3643926629524639,0.035855829470015574,0.28934090674621055,0.3104106008313092,1D-CNN
S398,0.17964917965717297,0.4254455409868511,0.1493568643705993,0.2455484149853772,ANN
S399,0.3495443858427973,0.2957430982509634,0.12569344711699557,0.2290190687892438,1D-CNN
S400,0.17783766321162792,0.368422992400555,0.13967140558493032,0.3140679388028867,ANN
S401,0.37710659118227335,0.26464622759704604,0.10734238491154931,0.25090479630913104,1D-CNN
S402,0.2817992862186751,0.22982239565328932,0.3355489864602374,0.1528293316677979,CNN-LSTM
S403,0.3279934020657106,0.2864273462827782,0.24345680448321536,0.142122447168296,1D-CNN
S404,0.21926116590711045,0.3032548970651174,0.23520159630177592,0.24228234072599622,ANN
S405,0.10676463131317476,0.10890734730845364,0.4242191549019276,0.3601088664764439,CNN-LSTM
S406,0.23616010295730194,0.2944355536767614,0.2229907947838782,0.24641354858205858,ANN
S407,0.2571148224528248,0.3006900361946715,0.17963447284641998,0.2625606685060837,ANN
S408,0.17640286940874308,0.13951208958230768,0.09471426286867139,0.5893707781402784,GRU
S409,0.023765251236076635,0.03476515145936121,0.026909010224698843,0.9145605870798631,GRU
S410,0.04960343470478175,0.143285518600538,0.057669955309321605,0.7494410913853587,GRU
S411,0.4369447071117433,0.1692429403335506,0.35374972368520324,0.04006262886950276,1D-CNN
S412,0.38360651965778103,0.22083447476727588,0.3381635103188733,0.05739549525606916,1D-CNN
S413,0.29094168951067717,0.29538946753600476,0.27012110545424095,0.14354773749907726,ANN
S414,0.09810993605501094,0.21505238787241154,0.2363602275457385,0.4504774485268399,GRU
S415,0.05952004698098439,0.20804773784993782,0.24034383185311833,0.49208838331595955,GRU
S416,0.14361615565783364,0.32871501355700006,0.14413136647236593,0.38353746431280006,GRU
S417,0.3893103208919409,0.16031771685041568,0.3008020868800744,0.14956987537756883,1D-CNN
S418,0.31195080797987124,0.17945439688069184,0.3431499300446689,0.16544486509476836,CNN-LSTM
S419,0.35184616432011817,0.13761028596039482,0.3726851240872113,0.13785842563227477,CNN-LSTM
S420,0.21288560489159924,0.3160600207537613,0.22974843921704308,0.2413059351375976,ANN
S421,0.16218627626492357,0.341829545844717,0.20609300625956015,0.2898911716307992,ANN
S422,0.20626041611615364,0.33899208642655315,0.20529341726289468,0.24945408019439766,ANN
S423,0.06590926411652545,0.6194368728146997,0.03069062551402408,0.2839632375547515,ANN
S424,0.1493306804135272,0.20823207162620863,0.04644816069275214,0.595989087267512,GRU
S425,0.04383477573623236,0.1451046479541807,0.11427604877268836,0.6967845275368988,GRU
S426,0.15438826568166641,0.396766854328311,0.04374439772235108,0.40510048226767137,GRU
S427,0.4368485536028371,0.1588079674557726,0.26791584465282053,0.13642763428856983,1D-CNN
S428,0.50335383508909,0.1227078176682069,0.27782634035250187,0.09611200689020115,1D-CNN
S429,0.3714839122246568,0.2111080223243579,0.27410946763301425,0.14329859781797102,1D-CNN
S430,0.7619373602172029,0.1163622082831908,0.06508264502738219,0.05661778647222411,1D-CNN
S431,0.34032857400203564,0.29912731065328485,0.22951260093809203,0.13103151440658717,1D-CNN
S432,0.16571662560227746,0.4295927229273986,0.2012931159528063,0.2033975355175177,ANN
S433,0.12896877091747774,0.17747688094503525,0.321112453648426,0.37244189448906095,GRU
S434,0.33617979965979555,0.2046338919490389,0.18366274552459125,0.2755235628665745,1D-CNN
S435,0.22952679906045081,0.17088800582011635,0.36929283387877776,0.23029236124065502,CNN-LSTM
S436,0.2475441414021285,0.1582654075744481,0.42300081874205697,0.17118963228136613,CNN-LSTM
S437,0.23474972018678839,0.35746360053004134,0.20475628876734636,0.20303039051582392,ANN
S438,0.26520214362649824,0.20162105357706142,0.2869380138415538,0.2462387889548866,CNN-LSTM
S439,0.20761639666584858,0.27829324174520215,0.26422043998752204,0.2498699216014279,ANN
S440,0.31186647370017945,0.4759674939478058,0.08669248643952715,0.1254735459124876,ANN
S441,0.14437170025575108,0.13790004820155569,0.41717518760893424,0.30055306393375925,CNN-LSTM
S442,0.34942965562871925,0.20335485374000367,0.23515221340464373,0.2120632772266328,1D-CNN
S443,0.3144158188452706,0.43356754020360644,0.09734971986386942,0.15466692108725358,ANN
S444,0.42312648979947587,0.3113568417893064,0.05786250807198546,0.20765416033923148,1D-CNN
S445,0.02391735625536679,0.107363115218364,0.819489105294249,0.04923042323202022,CNN-LSTM
S446,0.2663182496865328,0.12278642867557556,0.28720480575351764,0.32369051588437386,GRU
S447,0.16119125376642915,0.21218060411986933,0.26854385418132404,0.3580842879323773,GRU
S448,0.2503652874646271,0.24346877499331063,0.22577731172009538,0.28038862582196633,GRU
