Segment,1D-CNN,ANN,BiLSTM,LSTM,CNN-LSTM,GRU,Selected
S1,0.9538110964247152,0.0003851499407880055,0.004907995356578038,0.004515798788428324,0.01191654209754326,0.024463417391801603,1D-CNN
S2,0.5786025285577071,0.09546957262845188,0.0065787959300017095,0.00802023002542209,0.07556133225050432,0.23576754060791005,1D-CNN
S3,0.08481661834568475,0.14745015949918577,0.07449538034130487,0.20518245827918097,0.43685504995326563,0.05120033358135789,CNN-LSTM
S4,0.12836922652155494,0.48917032545688566,0.0771812903085573,0.18706199092711343,0.06272723971011136,0.05548992707575579,ANN
S5,7.395569035342055e-05,0.00045308225762831576,0.8332388794021656,0.16616081911108402,3.3139162776287053e-05,4.012437590102112e-05,BiLSTM
S6,0.0020863627976386726,0.011051018970306704,0.09034809489645433,0.06338937562043129,0.006660649262503629,0.8264644984526652,GRU
S7,0.0002609609421191278,0.0005311174397380105,0.5578895517847257,0.43444380038740377,0.002021379829817352,0.004853189616171032,BiLSTM
S8,0.03150114339780968,0.0676283285836323,0.5264719292307266,0.2583391550485995,0.05231830129994201,0.06374114243928725,BiLSTM
S9,0.28601672703752296,0.2890971541658071,0.047514643083583365,0.022124231446452983,0.030957760873651284,0.32428948339297986,GRU
S10,0.22910307788171197,0.16557426347534948,0.0007645394473357042,0.00045243336410354064,0.15837102523095314,0.44573466060053185,GRU
S11,0.2384109865182368,0.5933107759138593,0.01072387659533573,0.03874794850825698,0.09681949571462058,0.021986916749643984,ANN
S12,0.012593054445136824,0.01923515276887129,0.7714082582314452,0.1772172243118291,0.013739126129670995,0.005807184113046203,BiLSTM
S13,0.0007866186410397749,0.9834702983848973,0.010861148645457848,0.0019717103360642873,0.0011256911913364168,0.001784532801188482,ANN
S14,0.03479608457245872,0.06185373055330656,0.536969154832261,0.1750036528670211,0.07119283829114723,0.12018453888381847,BiLSTM
S15,0.0,0.0,0.0,0.0,0.0,0.0,1D-CNN
S16,0.0,0.0,0.0,0.0,0.0,0.0,1D-CNN
S17,0.0039225239620084345,0.0021441355172362444,6.358853697691073e-05,1.1000317168593108e-05,0.001007050170548888,0.9928517014960542,GRU
S18,0.3317721772393861,0.1432860370556582,0.2235445634793727,0.01006496022804378,0.2740438132104005,0.01728844878713307,1D-CNN
S19,0.031569491822265455,0.017213979102359344,0.019672802339961715,0.9052409588586106,0.02374674463710361,0.002556023239699181,LSTM
S20,0.335232543694252,0.14272583659201024,0.024904656990389174,0.018737589409039513,0.07461612465462213,0.40378324865964077,GRU
S21,0.14530028256354377,0.21277770872593388,0.22847120092403758,0.2955472779462106,0.09181687987188375,0.026086649968380747,LSTM
S22,0.10521743449619464,0.06031392449900646,0.07538625531608592,0.5907232869556224,0.0820849793929842,0.08627411934009566,LSTM
S23,0.003229720983798696,0.04207682388047057,0.39955696230291105,0.49833284870974554,0.02131513092282383,0.03548851320021657,LSTM
S24,0.03604019906719635,0.1797161936169352,0.09147776044113352,0.017447619560631143,0.01029322302925616,0.6650250042848473,GRU
S25,0.46852595443324824,0.43485493732490416,0.013465716410983946,0.0003957966027023965,0.02142210780272706,0.06133548742542062,1D-CNN
S26,0.006643165308359374,0.38201683978395445,0.2105959854225053,0.32207793168486115,0.002885020263615086,0.07578105753781245,ANN
S27,0.3388000353426925,0.008430153387254826,0.001976285327906433,0.00041984221146189197,0.01607526679906495,0.634298416931624,GRU
S28,0.23325681300556023,0.11555875165090679,0.08825072433133185,0.026965465811454814,0.5034476507268598,0.032520594473845504,CNN-LSTM
S29,0.05858762877829647,0.009668106923387475,0.023908468883341423,0.7590562767841121,0.12760898756517322,0.0211705310656957,LSTM
S30,0.9708153961050984,0.0005046338132566197,0.0003478269515661179,0.0011848596101597167,0.016933688706632182,0.010213594813287378,1D-CNN
S31,0.0009480115681910476,0.004205435796387834,0.03614343890255573,0.9562329936762011,0.001845659667780067,0.000624460388878036,LSTM
S32,0.09110558381270979,0.28927614817326147,0.17369972898145197,0.16704436373366935,0.07172479676768274,0.20714937853121765,ANN
S33,0.9969833476343655,9.589434695810224e-05,0.00011334298462287856,0.00015051353693716117,0.0006538096298744975,0.002003091867206596,1D-CNN
S34,0.3806719301772193,0.48632757225226253,0.00384457684327799,0.006657452743195522,0.09567347869372171,0.026824989290330524,ANN
S35,0.01869421969184837,0.0752803952227953,0.24237357506288176,0.587158104935134,0.0585732604968606,0.0179204445905,LSTM
S36,0.022193983297924467,0.45414553925443735,0.2917170344417056,0.19173257744705766,0.015765991872285185,0.02444487368658827,ANN
S37,0.004473710468807882,0.05926274735407462,0.3335785368013482,0.24723911081050895,0.022820906689804212,0.3326249878755049,BiLSTM
S38,0.0013122565679384213,0.00292599308055589,0.0057625458822299185,0.004017351404794518,0.0010562724201724526,0.9849255806443216,GRU
S39,0.0,0.0,0.0,0.0,0.0,0.0,1D-CNN
S40,0.0,0.0,0.0,0.0,0.0,0.0,1D-CNN
S41,0.00024821484572702673,2.278696667080057e-05,2.3164345993835156e-06,3.0794352804411608e-06,0.0023185851244381193,0.997405017193317,GRU
S42,0.0017498258471183984,0.9969663718800397,5.5281004450848776e-05,0.0002896210230725527,0.0006112977816797436,0.00032760246364532935,ANN
S43,0.13055292143264138,0.14683033004146637,0.15839061469342916,0.3555711560340703,0.11636625247346341,0.09228872532490973,LSTM
S44,0.11938972754348685,0.6642321989959901,0.08661582622854709,0.024538221926909336,0.012919774442744527,0.09230425086234598,ANN
S45,0.004198180856842259,0.004110076996108459,0.1834762011330478,0.6688258644613854,0.10729693240372845,0.032092744148893404,LSTM
S46,0.9680977336567197,0.03095286810147127,0.00022330793679858094,0.0002735850980184242,0.00013379016346523007,0.0003187150435065693,1D-CNN
S47,0.0030937930165819564,0.11531036500018889,0.22873213088920052,0.15350897555818382,0.45266011714574533,0.04669461839005334,CNN-LSTM
S48,0.11346939563313632,0.026946149531365544,0.651699254687754,0.12512294920253744,0.03573610640134092,0.04702614454387169,BiLSTM
S49,0.08737176212394522,0.031574358152385316,0.15115079817441604,0.06144028937370206,0.06547224648646191,0.6029905456890771,GRU
S50,0.7879410087847949,0.04258149854982134,0.0026603652022052036,0.0013858077976963475,0.03632687595920706,0.12910444370627977,1D-CNN
S51,0.07195923026461098,0.5884548779651876,0.00036961126678545174,0.0002570914208690012,0.18322548844311123,0.1557337006394323,ANN
S52,0.008514733254778523,0.004680850954554512,0.0022157351993259467,0.006165733317449331,0.9141106786222039,0.06431226865166391,CNN-LSTM
S53,0.14616147132927612,0.3987206312975669,0.023417487092277856,0.23420029003114654,0.14714621747420142,0.05035390277548573,ANN
S54,0.38494034660987647,0.28773956200841305,0.2219413432579758,0.05964820662359843,0.026497678722904292,0.01923286277721742,1D-CNN
S55,0.034742166476942754,0.9643433090644912,0.00019219661008724705,7.091622895380928e-05,0.0001446236971206249,0.0005067879224013533,ANN
S56,0.5424025245729087,0.4525273861983993,0.0005531622583214921,0.0004186506761641161,0.00169602243082727,0.0024022538633791495,1D-CNN
S57,0.05598867328865138,0.07698137953678702,0.07937644740640558,0.07467526599326879,0.477691753366289,0.2352864804086046,CNN-LSTM
S58,0.0034091347615092028,0.018814328040569702,0.336843451693831,0.3703386151639221,0.05994248397629891,0.21065198636385202,LSTM
S59,0.0009383924160825225,0.9594094775136509,0.020767357679933953,0.011496626510509719,0.0025355726404320523,0.004852573239530435,ANN
S60,0.00022582377731437595,0.0006785920339110404,0.5014048842185551,0.11242799301643384,0.005189457073140301,0.3800732498806306,BiLSTM
S61,0.0005365157757036332,0.00047493847173909597,0.04567242365240549,0.02161361989845133,0.9315316405262511,0.00017086167543203467,CNN-LSTM
S62,0.39132000808827405,0.16947798801780675,0.011926451133099768,0.006411599637164476,0.021377828942269566,0.3994861241813473,GRU
S63,0.35660906853442914,0.43885012965802306,0.008012645663753213,0.011362779639750012,0.02044186336372769,0.16472351314034053,ANN
S64,0.006497709843761136,0.0022962192576308133,0.9130795579614419,0.01712666748670853,0.058493249717804334,0.0025065957326644993,BiLSTM
S65,0.029871618702796414,0.02698293270494032,0.8069588597204247,0.03709018594915242,0.04184641767249171,0.057249985250191086,BiLSTM
S66,0.013137952743847043,0.018585488321792448,0.8164696307963235,0.029209637073389083,0.038130091446345334,0.084467199618355,BiLSTM
S67,0.0,0.0,0.0,0.0,0.0,0.0,1D-CNN
S68,1.0269662835767513e-05,4.8074851590565346e-06,2.787824251470391e-07,3.8485042484439366e-07,1.0237639738227923e-05,0.9999740215794172,GRU
S69,0.09629379050376709,0.26945300501707814,0.0007962567671472322,0.00206253321720088,0.10875387941193629,0.5226405350828538,GRU
S70,0.2940556152925478,0.3810104665986001,0.009468735161317885,0.11795634138429471,0.15862762264040522,0.03888121892283523,ANN
S71,0.10309770664281225,0.09637362652484936,0.054070900355941115,0.6237223234599251,0.07976650308706947,0.04296893992940534,LSTM
S72,0.1880457833416715,0.549432678052537,0.0005238668129518139,0.0006129091617253368,0.00017181199760855047,0.2612129506334878,ANN
S73,0.007886035396866766,0.09036757547539578,0.01628223323635808,0.0124025153892148,0.036277517383803824,0.8367841231183426,GRU
S74,0.19933520424125184,0.23050496822439331,0.048343404364990024,0.04417062719555202,0.21651544085444205,0.26113035511943355,GRU
S75,0.0014572159660556925,0.003929825965371088,0.05728236276083798,0.04118579020368862,0.8638184200926992,0.03232638501137278,CNN-LSTM
S76,0.006198106072457085,0.1979946934605967,0.27859923937463016,0.15532487139046253,0.03702816429571635,0.3248549254061385,GRU
S77,0.8629408698877747,0.009458072283642854,0.0457265262599677,0.031225805162628302,0.017451433691847183,0.03319729271415114,1D-CNN
S78,0.9993706703956949,0.00017288538704981842,3.72823042363188e-05,5.1872151769229055e-05,5.482940313429788e-05,0.00031246035815405467,1D-CNN
S79,0.05979579749665223,0.09294264692966928,0.1456434337052567,0.5027797758093034,0.1397898512056035,0.0590484948535405,LSTM
S80,0.0017059504031256458,0.17160350340243796,0.8031283954011825,0.016422697022058008,0.005114776692588929,0.002024677078584545,BiLSTM
S81,0.19069800522794547,0.06929713723582205,0.14503026756883342,0.17623919563905432,0.18868078465958352,0.23005460966873462,GRU
S82,0.3888487192528494,0.3765174369522019,0.04391391486314384,0.061516465132063956,0.06606554383408543,0.06313791996564555,1D-CNN
S83,0.025513262267557416,0.031191839400103408,0.06403000117876892,0.7776524446043732,0.07848123820098206,0.02313121434821496,LSTM
S84,0.0053539293211301185,0.08190083473857107,0.8332289856056614,0.0024429396955910143,0.0035927971165339153,0.07348051352245744,BiLSTM
S85,0.04738318568413566,0.13032156834378122,0.36834573725835995,0.33259653864011357,0.06511078960480049,0.056242180469012026,BiLSTM
S86,0.4551702584556638,0.06926265670710877,0.12386217034439993,0.24397244713793176,0.05298299921086307,0.05474946814400443,1D-CNN
S87,0.49419256682878926,0.2186624940618349,0.07779933497170867,0.11783784382686795,0.07275976497032344,0.0187479953404294,1D-CNN
S88,0.8368834795107986,0.023638888053121334,0.004136848329699233,0.001677674306133577,0.012781538117543581,0.12088157168269824,1D-CNN
S89,0.003156107307728795,0.0012389358861872731,0.002485856203807433,0.9900996317099495,0.0008284444893920231,0.002191024402956192,LSTM
S90,0.08736104754739656,0.13252986691888505,0.19829317188226697,0.021625772091607102,0.15426780945843202,0.4059223321014693,GRU
S91,0.07221725812542555,0.1424186167495298,0.0034369600798625213,0.011394374768971533,0.4221807447779219,0.34835204549827015,CNN-LSTM
S92,0.05204497513271238,0.89040277445866,0.001310583821736058,0.013290428928172955,0.029217889743429048,0.013733347915297194,ANN
S93,0.0030583705795788553,0.003888941321171137,0.0008759182357464907,0.9879941494654444,0.0027116906143138234,0.0014709297837126162,LSTM
S94,0.10120697175403845,0.33263881988016303,0.05989383519178901,0.03313296361934565,0.05781944753011542,0.4153079620245953,GRU
S95,0.09512494340430545,0.013692538625447214,0.014820332473381508,0.7495923213982515,0.022134583627869096,0.10463528047072498,LSTM
S96,7.11917228068342e-05,4.787892813754682e-05,0.2885130192540272,0.6965142869036965,0.0016807237109911272,0.01317289948033595,LSTM
S97,0.04269518837739794,0.1589625817108104,0.24318846688098708,0.44829125988854013,0.05206336960306582,0.05479913353914104,LSTM
S98,0.018749355273689417,0.9155072270556521,0.019746447998646607,0.018167815138036825,0.014716276033956595,0.013112878500021106,ANN
S99,0.02632822994973862,0.12689809719890519,0.15446434319494515,0.01624913770881164,0.6698796099240305,0.0061805820235332895,CNN-LSTM
S100,0.7176612518737858,0.021740373937477735,0.00041291066838297066,0.00013501972170629938,0.039430591602525475,0.22061985219608432,1D-CNN
S101,0.0690203137853425,0.8453671630921753,0.000437148691526167,0.0004042277341931409,0.019147612663975994,0.06562353403277117,ANN
S102,0.00011962655189972537,0.0005610467844323173,9.635076680392198e-05,0.9991245976121444,8.116956830844881e-05,1.7208716437279167e-05,LSTM
S103,0.004539501786400386,0.010385968603361929,0.9671548037448543,0.012751279871546683,0.003709549001791052,0.0014588969920078035,BiLSTM
S104,1.0641827190078313e-05,3.345295685979641e-05,0.9786899739088689,0.010004490008076888,0.003669408497275997,0.007592032801727508,BiLSTM
S105,0.0026361394352905202,0.004654043970938678,0.8797161977271108,0.06058946314384008,0.0151423948603511,0.03726176086250248,BiLSTM
S106,0.00894426614362813,0.004422395339069905,0.3009545568787354,0.0912083569640131,0.05572672676101147,0.5387436979135237,GRU
S107,0.020992737185403676,0.021817992451525884,0.10521655874273324,0.1593463049797763,0.3704619766144667,0.3221644300261206,CNN-LSTM
S108,0.0036913959306548428,0.006706104162481024,0.0009095882190662032,0.0002748707018647725,0.004237868047471418,0.9841801729384633,GRU
S109,0.3009446886682753,0.007472575592735413,0.0034643086216939152,0.0021244242757146605,0.6791435514294132,0.0068504514121687675,CNN-LSTM
S110,0.0016387127405364972,0.0021754556956864847,0.037458853625473985,0.9550850715919362,0.0029004466764545327,0.0007414596699119647,LSTM
S111,0.2672852744081794,0.18536254245616982,0.04346236979215999,0.07503104604249607,0.123634283649849,0.30522448365118154,GRU
S112,0.03901100949098951,0.2705054887017806,0.2292546026454811,0.04936400466893435,0.3413773557115602,0.07048753878125337,CNN-LSTM
S113,0.051137969371057204,0.010770978987980802,0.48665635435215426,0.33346433491332395,0.06596822161913242,0.05200214075635068,BiLSTM
S114,6.298653040921144e-06,3.013733808081609e-07,3.1583817571457857e-06,2.437698073600599e-07,3.782713598410059e-06,0.9999862151084153,GRU
S115,3.74820930396173e-05,0.0009458452509572553,0.9806500310028374,0.01766001312391865,0.0001469753618241747,0.0005596531674246991,BiLSTM
S116,0.02670390307053581,0.0960486327788453,0.5160875333420032,0.2756094307535702,0.027399425482424165,0.058151074572663976,BiLSTM
S117,0.10868478279735067,0.09845846504301593,0.12474751307697919,0.04873658874887066,0.07474589149527254,0.5446267588385506,GRU
S118,0.9093202505067419,0.05084341498683619,0.000517004730283355,0.00025282725574011594,0.0170751292537232,0.02199137326671429,1D-CNN
S119,0.08432115536594129,0.6155891743302774,0.0317757330086295,0.052289871405076,0.20709391840235036,0.008930147487727639,ANN
S120,0.21552382062837444,0.23712479101496445,0.01650827475672376,0.09650294232473364,0.15917085987823787,0.2751693113970322,GRU
S121,0.6636657757163339,0.012298317443461241,0.002941331032983262,0.008507214471463876,0.305899128913801,0.006688232421964396,1D-CNN
S122,0.28069062314768245,0.00785381816860957,0.003494648822156873,0.006651946399217801,0.03442150449627315,0.6668874589660627,GRU
S123,0.1507448396752197,0.215064312506603,0.144853640622734,0.19424802048269715,0.26121819684576186,0.03387098986697476,CNN-LSTM
S124,0.0367438209734953,0.502214608956888,0.09849500690472009,0.2946271437309742,0.036892355767407625,0.031027063666521148,ANN
S125,0.9997047630543092,2.286888756645139e-05,1.907280476658756e-05,4.0182054569274076e-05,4.63178888196073e-05,0.0001667953099365441,1D-CNN
S126,0.7036315458952862,0.019024920760419353,0.018302314095270025,0.03433786781242119,0.10684074525274243,0.1178626061839045,1D-CNN
S127,0.0058868290641577465,0.0077984941477409865,0.18838317433576562,0.6280071900154199,0.1620310107661226,0.00789330167079771,LSTM
S128,0.004926002369560843,0.04744455480446032,0.7750118817313721,0.1543272894264082,0.011477335025077053,0.0068129366430911735,BiLSTM
S129,0.11080434175630129,0.388466876172178,0.06830804192085566,0.04250574141255064,0.018879876179505352,0.3710351225585693,ANN
S130,0.9994371516999827,0.0002613749905174566,2.727239405777147e-05,2.26423918843013e-05,2.767008941661938e-05,0.00022388843413094655,1D-CNN
S131,0.5512459213066441,0.26632341640587953,0.001192442753376151,0.0012154530263724928,0.14621746890136625,0.03380529760633835,1D-CNN
S132,0.008898878383273509,0.04933077175166966,0.03309346440418427,0.8484635533950955,0.05232259946929471,0.007890732596475986,LSTM
S133,0.22828460002696702,0.2716020517578762,0.022012174991238656,0.040379267915124695,0.12500083584165264,0.31272106946709227,GRU
S134,0.09368162873680161,0.005291979001857825,0.0007599472241264945,0.0018363462541482805,0.8957103713979242,0.002719727385082783,CNN-LSTM
S135,0.027659827679594993,0.04039422409193241,0.19006875441693136,0.6905294416697106,0.03780003716125034,0.013547714980638476,LSTM
S136,0.04445852191679061,0.22722567696693602,0.45481054827959105,0.05782630382886056,0.011658466717073,0.2040204822907472,BiLSTM
S137,0.01679075270477373,0.0238786466287298,0.2392225678179344,0.46329079758736835,0.11140651262335174,0.1454107226378657,LSTM
S138,0.004744501065219832,0.9899387372050458,0.0012136633164732508,0.0012313002933564809,0.001305634173737516,0.0015661639461692634,ANN
S139,0.06524202231367804,0.07676417193959467,0.04489229687394807,0.14676986225201522,0.14192577202591866,0.5244058745949474,GRU
S140,0.02821722643350461,0.006538525419058074,0.2863246217521247,0.5184630254544613,0.13685944486494483,0.02359715607595796,LSTM
S141,0.03490674051926454,0.35192325960960424,0.4774641874080499,0.0712752246766193,0.021170195171103592,0.04326039261532836,BiLSTM
S142,0.004859532818908773,0.03270304293500715,0.812073829244318,0.1358906913062182,0.008511449337493732,0.005961454358051413,BiLSTM
S143,0.07537058096158547,0.25232230525881977,0.3810424079297058,0.07607377054513408,0.0457131106859599,0.1694778246187925,BiLSTM
S144,0.196851788466975,0.008585619155725704,0.0009372792533960373,0.000957883653378126,0.060832694902363454,0.7318347345681947,GRU
S145,0.18149240321938084,0.25506127665575373,0.02951493396349641,0.3612576967148193,0.12927659207631112,0.04339709737028459,LSTM
S146,0.01759177779621272,0.04671240596731294,0.7551385539970258,0.14260512808257897,0.029740407720919442,0.008211726435957589,BiLSTM
S147,0.20864812856991632,0.002178407647218954,0.7109970755839982,0.06227297119846723,0.008070208379140128,0.007833208621303366,BiLSTM
S148,0.011230667976012396,0.024202827277493417,0.6746781234551867,0.18359828169265022,0.060947963704895275,0.04534213589373703,BiLSTM
S149,0.007308028191066936,0.009066353020856326,0.38854148396421756,0.2794355307933941,0.007772641385799455,0.30787596264465406,BiLSTM
S150,0.057543663424407664,0.001954338071442615,0.0009471312682654675,0.0018958470614772458,0.011605603247386485,0.9260534169270245,GRU
S151,0.00938327206125497,0.0015779310564813015,0.00045631620816131817,0.0024599605380804996,0.9853850674541929,0.00073745268182979,CNN-LSTM
S152,0.0005708589087363924,0.1397000707555846,0.6500848253137176,0.20651462045457789,0.002076735042503724,0.0010528895248761467,BiLSTM
S153,0.022534264694033912,0.20404355668692095,0.44908398337135214,0.17812640771939478,0.0412923505361132,0.10491943699219548,BiLSTM
S154,0.014551998949165456,0.003124697335292538,0.00291504457674217,0.0012627536822890494,0.002189582751219496,0.9759559227053246,GRU
S155,0.2975715625712092,0.006971053433068081,0.0010500163277508629,0.0008067684075498928,0.011306260878587946,0.6822943383818382,GRU
S156,0.13169570501975822,0.06608156347063483,0.009961165571271812,0.023311557304141306,0.7225122719531,0.046437736681096506,CNN-LSTM
S157,0.2195744471235258,0.03679433015538115,0.01233695738261751,0.03572627708792051,0.6497917290111936,0.04577625923941583,CNN-LSTM
S158,0.009196251977574088,0.060425633096412856,0.041887101268640474,0.8799373198639447,0.005355431797504929,0.0031982619958571493,LSTM
S159,0.014296369164839022,0.34120044399955424,0.23557517026738264,0.04937354501609127,0.009741492812542196,0.34981297873960754,GRU
S160,0.0012428368783370886,0.011383185585248657,0.4819426549227667,0.22547872469722305,0.010389692336912872,0.26956290557948287,BiLSTM
S161,0.0044991896178241675,0.013379438448268458,0.046552028341120544,0.030855994180724405,0.0047067169377276565,0.9000066324743284,GRU
S162,0.8070237115520423,0.008142716014808461,0.0011518286996666642,0.0010190026652992339,0.001104366584109067,0.18155837448405124,1D-CNN
S163,0.560079589525596,0.2202388868829149,0.003605272109865498,0.006775467418699468,0.173375887291189,0.03592489677173472,1D-CNN
S164,0.04725144910072275,0.04491451978863845,0.09572188438446837,0.6997782463564154,0.08735160671904067,0.024982293650712837,LSTM
S165,0.004835272773633448,0.926526884577674,0.049544413909596824,0.013334125395681453,0.0026865165799256434,0.0030727867634785864,ANN
S166,0.0003670858900974978,0.0007767104542732452,0.9228617128871194,0.03703056077387682,0.004565413568914431,0.034398516425728894,BiLSTM
S167,0.2361860134762761,0.14976009913786778,0.09829891834247059,0.11388712896134476,0.11949423348307538,0.2823736065989801,GRU
S168,0.5493716456035775,0.08566446833550548,0.035644878247476766,0.0865780108615239,0.16923551810855111,0.0735054788433731,1D-CNN
S169,0.003029326190001227,0.003125707514241908,0.7192834448665135,0.22994219245767694,0.04259636218961938,0.002022966781972406,BiLSTM
S170,0.1746488608072341,0.03729880126479767,0.05146207196959799,0.047539828836999566,0.046049081158327274,0.6430013559630899,GRU
S171,0.7626902970653306,0.042182408154791386,0.020048868739624096,0.048133367233884,0.076413913989804,0.05053114481659555,1D-CNN
S172,0.2997738217888243,0.08609356991375336,0.08475693406922323,0.19816195268451361,0.21129713990298782,0.11991658164069886,1D-CNN
S173,0.00022484628981095758,0.449906856216957,0.007143028359430855,0.5141156430528383,0.028095255521119265,0.000514370559977733,LSTM
S174,0.9930782698721959,0.00632917851763734,8.859059151439454e-05,4.618038522868478e-05,9.26912347398427e-05,0.00036508939869520253,1D-CNN
S175,0.001775940481760535,0.03473461688318832,0.10883525488844194,0.09081032116142032,0.745039528057485,0.018804338527685184,CNN-LSTM
S176,0.001258168839110898,0.10464471020235586,0.7330304605534949,0.030773559952584628,0.017963027945664296,0.11233007250678143,BiLSTM
S177,0.000855114760227236,0.0020579330029575752,0.11574990761531571,0.5694276467808232,0.30376948670451226,0.00813991113616175,LSTM
S178,0.15329577378301612,0.12015440847023433,0.10049081391475467,0.05505035817707757,0.05694957180050584,0.5140590738544177,GRU
S179,0.9736551428023131,0.004144269881793356,0.0014242895764028044,0.0017226920639432791,0.0018474753314350507,0.017206130344113786,1D-CNN
S180,0.9999918503513893,2.667838987653886e-06,8.258499465262303e-08,1.8904170214593786e-07,4.093655484532844e-06,1.1165274438055247e-06,1D-CNN
S181,0.006997490584071589,0.029423749608243104,0.3186241563754434,0.6128813235784711,0.024063989455798778,0.008009290397993564,LSTM
S182,0.04116590496967226,0.07430825341660974,0.7082533398706838,0.0413548473936735,0.05871272814670667,0.0762049262026559,BiLSTM
S183,0.04071926057449677,0.003913166564285824,0.01789188012499825,0.2805903234082169,0.5729912860308543,0.08389408329711061,CNN-LSTM
S184,0.05094811061162743,0.009875784801061141,0.008166372048101722,0.018503249431470994,0.02246548437264859,0.8900409987351103,GRU
S185,0.020591145984345905,0.0006133023953392701,0.02093598851838947,0.8752868930931639,0.046129902155932774,0.03644276785283589,LSTM
S186,0.004837230808071004,0.004648894799543273,0.8963649728706369,0.0723991862692204,0.009447265336853932,0.012302449915670912,BiLSTM
S187,0.062311771350782655,0.2700882368343883,0.10299130266573775,0.04081739038738358,0.05335750429996155,0.4704337944617868,GRU
S188,0.001970385102412919,0.0003362511369131088,0.00014580108328123996,0.00013957609915638566,0.9964619326483816,0.0009460539298206943,CNN-LSTM
S189,0.03178756357628099,0.0021897425804151497,0.0013451901226608197,0.004757709393340248,0.11493384336899756,0.8449859509582468,GRU
S190,0.0004361299582211088,1.8366488039029305e-05,8.272566475181158e-06,2.553785840612503e-05,0.9994470140164314,6.46791124195118e-05,CNN-LSTM
S191,0.060461219379348716,0.6701431784428019,0.030397251432798103,0.149535824356366,0.07484555542601977,0.014616970962647947,ANN
S192,0.002424237058150957,0.9512610312666612,0.0346869264684114,0.008884332852871994,0.0015053094809285516,0.0012381628729704773,ANN
S193,0.0006098745335083576,0.008448855078635966,0.8518225497546731,0.11184402073281648,0.005621528655466817,0.021653171244919812,BiLSTM
S194,0.008807542196144364,0.10313659538681855,0.5782891344432628,0.2519727172401135,0.017023865273731727,0.04077014545991383,BiLSTM
S195,0.19557947687881397,0.16421702213468325,0.17705777169165576,0.08795644509937384,0.04157774883209271,0.33361153536342586,GRU
S196,1.2338249235347025e-06,0.9999970445739788,6.708186727040152e-08,2.6282599856192506e-08,5.194748261948639e-07,1.1087618010746487e-06,ANN
S197,0.011991076969048204,0.023926262119374157,0.5956792696819097,0.3290257402795856,0.006493069772615734,0.03288458117745574,BiLSTM
S198,0.1064087813478205,0.05182556132377503,0.031017402216476714,0.006884936076587568,0.05713030375011282,0.7467330152852363,GRU
S199,0.5087411783982626,0.04646698209271074,0.006299389712621533,0.0055658645320423444,0.3123372334446023,0.12058935181974967,1D-CNN
S200,0.5181436366563404,0.00014670361082394138,7.416827153680655e-05,0.0004358039660986728,0.48051172589885577,0.0006879615963226208,1D-CNN
S201,0.015650005690296027,0.03183940357594602,0.24104895450324337,0.6864025517290301,0.017753146125289623,0.007305938376192653,LSTM
S202,0.02329477550951708,0.032542406635796904,0.7834008218369628,0.08329541848657306,0.030550399545655534,0.04691617798550778,BiLSTM
S203,0.025559309821955957,0.10886542388055062,0.40146132549171704,0.18950075966928862,0.08199042929136043,0.1926227518451674,BiLSTM
S204,0.9668319805038484,0.013522031103081072,0.0008101314755692738,0.0004689137276343818,0.004268339961283595,0.014098603228606687,1D-CNN
S205,0.1910671036890672,0.5586805241392113,0.0004665308629277478,0.00027702540260612327,0.01275739374535693,0.2367514221607944,ANN
S206,0.0008523314963075586,0.9964643750064849,0.00033988238171255806,0.00029946855201058096,0.0018393136926694827,0.0002046288707769116,ANN
S207,0.019886183935092065,0.023729720974717938,0.053279956282363684,0.8714526002214107,0.02224436554747927,0.009407173038928207,LSTM
S208,0.000570150320511856,0.9895802202824081,0.00281629011094446,0.004588138406285536,0.0009553100871674546,0.0014898907926880923,ANN
S209,0.01147267070131933,0.016064359476294178,0.029163300473631974,0.023904711038051762,0.013815563491367736,0.9055793948192985,GRU
S210,0.5451481103353291,0.33623518308121325,0.005306210498332502,0.0026136225006412645,0.026703196239362778,0.08399367734515305,1D-CNN
S211,0.04347547165370254,0.01779397451592933,0.26071339089136963,0.16618618954691397,0.5007598742845552,0.01107109910753062,CNN-LSTM
S212,0.0075242339960905555,0.5528544606279681,0.05002670915015839,0.3728129475706614,0.01298260785643344,0.0037990407987001477,ANN
S213,0.007369677323273282,0.0046236063838449165,0.01561424893832289,0.014619890991941597,0.07275850197817182,0.8850140743844404,GRU
S214,0.9955843231056892,0.00011775388028121708,2.1454049502627676e-05,2.409379933911552e-05,0.004046806706332329,0.00020556845885445098,1D-CNN
S215,0.5671835678117422,0.006110249699693356,0.0015377445327955774,0.01663829119762476,0.4013528243608863,0.00717732239726578,1D-CNN
S216,8.164513108434556e-05,0.5521354466353737,0.00916626588016069,0.4384178271109177,0.00013194462933433326,6.687061313338638e-05,ANN
S217,0.034561367470151906,0.39389924120061837,0.3080739982084577,0.17871971623821767,0.02899286804510411,0.05575280883749396,ANN
S218,0.061411024508530115,0.14397595175957972,0.28028784909406823,0.14630711462238055,0.07550951869029403,0.29250854132519133,GRU
S219,0.01902496761271107,0.9796254234675834,3.821326247981619e-05,1.4291863370431548e-05,0.0003483494188585111,0.000948754374996282,ANN
S220,0.6868197586509815,0.06962455525914117,8.26119450325768e-05,8.71909494004675e-06,0.01220735447321569,0.23125700057667697,1D-CNN
S221,0.34724636613161736,0.29676101737331445,0.003714486452351562,0.00011451419420520076,0.3484165132528883,0.0037471025956458777,CNN-LSTM
S222,0.011859731263570322,0.08770271729529626,0.7448010429188506,0.12457686316421313,0.017736092405522774,0.013323552952580859,BiLSTM
S223,0.06554563204880062,0.06081162634731876,0.06738148637034516,0.03586176775917221,0.13797125966422882,0.6324282278101405,GRU
S224,0.03900638684076098,0.12106966187514365,0.4705018354940023,0.13986670673128757,0.12596370509923083,0.10359170395955464,BiLSTM
S225,0.44217768474899144,0.046793831327826205,0.0510707240060865,0.04772626057472626,0.18747491643048117,0.22475658291185724,1D-CNN
S226,0.04176017911693077,0.1030649859977893,0.4418240165015839,0.03570118535296932,0.29839751296094624,0.07925212006977989,BiLSTM
S227,0.015583872880687329,0.07729651458164787,0.5170278639103665,0.30869296645712047,0.03997974750031231,0.04141903466985101,BiLSTM
S228,0.007376779107621275,0.007151981398762981,0.014915846671286806,0.0022619073170764945,0.01197453135129427,0.9563189541539603,GRU
S229,0.0027476520151705026,0.009163931611829532,0.1309309096588237,0.8447978154464308,0.0051073000994810444,0.007252391168277387,LSTM
S230,0.10056451871744145,0.4141132181502789,0.10589915054658935,0.05949554841354256,0.05574322652541125,0.26418433764674454,ANN
S231,0.10637465264802523,0.009867184665429641,0.013822086626226356,0.0023251947734583694,0.7624487381632261,0.10516214312363252,CNN-LSTM
S232,0.3790121336851705,0.028433398658107244,0.001385525065824916,0.0008119567488457886,0.023121108618029313,0.5672358772239957,GRU
S233,0.0020188924794149756,0.0013512261052776437,0.9866298677089885,0.005731196928292092,0.0034501264441076486,0.0008186903339136996,BiLSTM
S234,0.10120140072265771,0.08803648877736564,0.1164957741224436,0.5522729691037565,0.08326185834810929,0.058731508925659086,LSTM
S235,0.3321463873877658,0.04292728605124376,0.03344603111695071,0.05437494240604162,0.04752636883274053,0.48957898420524987,GRU
S236,2.52845779129011e-05,0.9896123449199703,0.0003377448987292567,9.745916770133649e-05,0.009908266469109741,1.8899966579598068e-05,ANN
S237,0.0352939780121042,0.055796791609235195,0.31096039231442674,0.5177414004338075,0.030821066347019747,0.0493863712834484,LSTM
S238,0.03566776069469588,0.8027637299579401,0.06636874441355141,0.05151447793509768,0.014353772025381014,0.02933151497327994,ANN
S239,0.9055986320252735,0.0007817266061992396,3.684216874907347e-05,1.6682405732677436e-05,8.179286707889063e-05,0.09348432392705237,1D-CNN
S240,0.12834464435659557,0.004032023259752176,0.00014405669187178596,5.3316773323984e-05,0.004254121990231221,0.8631718369282204,GRU
S241,0.18464749377726214,0.23733832083660367,0.33005302086136223,0.07139958333407843,0.14080984292313736,0.03575173826754997,BiLSTM
S242,0.04778833437173024,0.14078601481981895,0.10653455807381966,0.6436305624938041,0.05234870097006978,0.008911829270707407,LSTM
S243,0.0014421195510553755,0.008025129415043753,0.4238290475566607,0.01629171956171074,0.05621981101807625,0.4941921728974671,GRU
S244,0.0034707576593880386,0.2814955367306655,0.008926684152437673,0.00022648529688992298,0.12878954130173634,0.5770909948589209,GRU
S245,0.002488599461872097,0.0007298728451643755,3.1964545185310655e-05,3.714485261783289e-05,0.0003534590521845704,0.9963589592430626,GRU
S246,0.00045382910639008093,0.9918689535635197,6.726566376718401e-05,7.331228550641019e-05,0.007422708656604838,0.00011393072420996365,ANN
S247,0.08552920616998917,0.028212683129824914,0.5390540780907288,0.12162640413475181,0.19098086723569602,0.03459676123900135,BiLSTM
S248,0.0007920176046116524,0.013245606327146003,0.0019836142025615624,0.9830654885124647,0.00043503958591582776,0.0004782337672794257,LSTM
S249,0.0013318192192929093,0.011312497783410732,0.03557972978209241,0.14806282948204144,0.005435654506234803,0.7982774692269038,GRU
S250,0.001927753894991036,0.9613951732546616,0.009311047021052486,0.013648551677279295,0.0021857575374033674,0.011531716614572437,ANN
S251,0.5847005190212382,0.02423097508690005,0.004148433002975931,0.0030642526722793944,0.003428775401819089,0.3804270448147441,1D-CNN
S252,0.18919244179392478,0.0402096877037817,0.021258870614788494,0.023518377654356822,0.6267754121565934,0.09904521007655741,CNN-LSTM
S253,2.6333321550333594e-05,5.0488359654859465e-05,0.0019671330600912864,0.9978482675506237,8.979908473458933e-05,1.797862334482045e-05,LSTM
S254,5.837361316773291e-05,0.9996891433825978,0.0001144025941327732,0.00010208093953491482,1.780316968849096e-05,1.8196300878637644e-05,ANN
S255,0.00029044058658351596,0.003926551644315448,0.6477687892627703,0.33771702287470606,0.006308467422151517,0.003988728209486257,BiLSTM
S256,0.03752279638734132,0.09822775247497252,0.6587678185920279,0.11631370438954595,0.02389322045340872,0.06527470770269814,BiLSTM
S257,0.022663268061283662,0.0036778178453132234,0.006240560197644779,0.0039304856791371095,0.0050210933506726575,0.9584667748659396,GRU
S258,0.5717469680872642,0.0024456057952588366,0.0008476188287539611,0.0011122165713051111,0.0064774658626928034,0.4173701248547227,1D-CNN
S259,0.17709648198468905,0.16737389516868903,0.01838647357966389,0.05275415251029957,0.5427203365265965,0.041668660230062264,CNN-LSTM
S260,0.001491407630161006,0.0019755333101665893,0.9645333041808889,0.029588140577810746,0.0015612100014992948,0.0008504042995320743,BiLSTM
S261,0.00748983964727158,0.4498433998421479,0.016760326228417884,0.00870837795771041,0.0028048883814317926,0.5143931679429522,GRU
S262,0.22561392672763228,0.09166279265104355,0.13708758685178818,0.20791822265065013,0.19487829816115154,0.14283917295779205,1D-CNN
S263,0.004889587569631561,0.004731157265789469,0.02169014448311489,0.04760882422356758,0.9048132875186234,0.01626699893926415,CNN-LSTM
S264,0.012907836759674371,0.07206317780121707,0.31087016163850684,0.4403159504142029,0.10272292529796274,0.06111994808841505,LSTM
S265,0.7454872687326239,0.035189516373663354,0.016789168861035535,0.02952629661121554,0.056104272089992496,0.11690347733144862,1D-CNN
S266,0.06091088906771482,0.0418569421854421,0.04256040493666657,0.10340959146881687,0.7172526831980063,0.03400948914335019,CNN-LSTM
S267,6.331729715156068e-06,5.529324216945201e-05,0.9995136478142617,0.0003766275089287169,3.679767166511401e-05,1.1302033272159565e-05,BiLSTM
S268,0.4726679391790391,0.03597855827458462,0.21990788356170285,0.10037186721427294,0.038042941372001114,0.133030810398505,1D-CNN
S269,0.3288393309277651,0.1224391751398147,0.08666867804469722,0.14713277591754537,0.13770669606501845,0.1772133439051576,1D-CNN
S270,0.07736656893504872,0.5655238001611235,0.04303308760463436,0.11088940643972045,0.1257180965958009,0.07746904026365094,ANN
S271,0.002668388934260432,0.08038257050691062,0.5972215031109344,0.30224304525835877,0.013049155974016489,0.004435336215497907,BiLSTM
S272,8.5102633306579e-05,0.00011506740100512764,0.9964134495890226,0.0010617869520413669,0.00046071555149327785,0.0018638778731513784,BiLSTM
S273,0.015861696057215834,0.7235937700248487,0.09370082917593806,0.052087998192455034,0.02239288502136292,0.09236282152812525,ANN
S274,0.7610632991009502,0.14082605032221263,0.0070717028609310435,0.007159681082284665,0.006187385994349889,0.07769188063929051,1D-CNN
S275,0.20776040959325218,0.7254832973756902,0.0035432665844324827,0.005777380746521046,0.0218997935955686,0.03553585210453377,ANN
S276,0.045727318589249555,0.039259735750310484,0.0005107020909631696,0.0009756017330498627,0.5639025492260591,0.34962409261038163,CNN-LSTM
S277,0.17859845775993996,0.06435465033803549,0.04947118453714825,0.536759158332018,0.11267345122058657,0.05814309781234086,LSTM
S278,0.005333697403753374,0.005770040102305676,0.9696318126231229,0.010780987841441492,0.004354277112694323,0.004129184916682147,BiLSTM
S279,0.01719552914096286,0.6204995445232698,0.24082290771767442,0.05054938723796864,0.019479654134190585,0.051452977245769346,ANN
S280,0.07298035541460585,0.02252984929503225,0.0552481140976008,0.15494780185116272,0.007069346946731491,0.6872245323949582,GRU
S281,0.2831673747771774,0.12615200311448083,0.21400790297292116,0.13091674169591347,0.04601312871462681,0.19974284872486295,1D-CNN
S282,0.760823673232009,0.010620338135565491,0.001097558214873119,0.0007396671693139561,0.0009535166618730037,0.2257652465863566,1D-CNN
S283,0.012498540087104274,0.3710139656115543,0.00011591296060065503,5.1630786401977255e-05,0.006819827285805966,0.609500123268538,GRU
S284,0.9861207576342657,0.0029256003278658707,0.00018266930312103912,0.0003129569113518274,0.00587468631308616,0.004583329510285941,1D-CNN
S285,0.0062184977711453844,0.9920444776442146,9.385140153581814e-05,0.0007116483682714273,0.0006499416542084194,0.00028158316060194853,ANN
S286,0.000513429807067324,0.0007639291327259235,9.440108563983007e-05,0.9984157631299713,0.00013463150377316724,7.784534076805774e-05,LSTM
S287,0.052728924610126765,0.9246006242920232,0.021378651488436873,0.0003134844590145021,0.0002284286211691296,0.0007498865292256334,ANN
S288,0.0008348584948549021,0.0018459901547892823,0.8758615925663283,0.012484228962398121,0.0053271587908023605,0.10364617103082402,BiLSTM
S289,0.0008823863115718202,0.0011380299273043796,0.41786596260726727,0.5201988660447114,0.013432608913293632,0.046482146195867505,LSTM
S290,0.24142877724344414,0.2083457060950153,0.13797469563525666,0.18630035896783007,0.06882165315403407,0.15712880890446754,1D-CNN
S291,0.09560278890477852,0.6484228651307656,0.06190832505559439,0.035321978496930015,0.07437461751602055,0.08436942489587577,ANN
S292,0.036119183747503274,0.0644691648389165,0.6596747691681617,0.08111086105910618,0.08733241377121197,0.07129360741510642,BiLSTM
S293,0.7530325877659926,0.0004809417099398871,0.0008691400281764849,0.0007515966929629754,0.07228951631468152,0.17257621748826882,1D-CNN
S294,0.2206107991256628,0.10635444056579549,0.016469045389067603,0.06170663415035136,0.5500129749654915,0.04484610580367482,CNN-LSTM
S295,0.003767794778191403,0.03210484505832053,0.0764286171201604,0.8754111541092663,0.009178532001238856,0.0031090569328420404,LSTM
S296,7.640668161418718e-05,0.977702704018347,0.021947838253422423,0.00020067291583788664,3.417688255879385e-05,3.8201248203408546e-05,ANN
S297,0.09154023689275417,0.23957147508649823,0.05098239138223487,0.04598612384341179,0.07320019179348626,0.4987195810016115,GRU
S298,0.1325432664970093,0.7996791556288944,0.006174050363003102,0.010657092816853201,0.03339585961925887,0.017550575074958188,ANN
S299,0.00021030754357856765,0.00012361124988625235,0.0013433131784239124,0.9978206440391079,0.00041818888435586876,8.393510465366293e-05,LSTM
S300,0.009873301623870068,0.8091741271840954,0.016202521595087917,0.008403922405222048,0.004711171598550639,0.1516349555931565,ANN
S301,0.0016924685997488336,0.0045554450893769425,0.2535552795571215,0.36424113221873367,0.2798364446819271,0.09611922985305169,LSTM
S302,0.00547967869268451,0.8815997881947698,0.03460102050957609,0.019481834157670918,0.007175372570488234,0.05166230587481638,ANN
S303,0.8404134578005809,0.02768602172007877,0.03283982985361918,0.032992760724744954,0.026795143165644464,0.03927278673536721,1D-CNN
S304,0.2582035229397641,0.5858809738871229,0.010705161237586506,0.00853026882316361,0.011868826711396977,0.1248112464009691,ANN
