Segment,1D-CNN,ANN,CNN-LSTM,GRU,Selected
S1,0.9771333758550352,0.00046697209164544504,0.00678755530703298,0.015612096746290712,1D-CNN
S2,0.5636038844754068,0.09380011685061991,0.08502824908784276,0.2575677495861322,1D-CNN
S3,0.15503365968110125,0.19189902517462767,0.5636463638056148,0.08942095133865774,CNN-LSTM
S4,0.18626730347372106,0.6189872062889872,0.09714792801275411,0.09759756222453778,ANN
S5,0.1385828244338837,0.6828694014049463,0.08360473942419593,0.09494303473697337,ANN
S6,0.0031031270778815916,0.014064897822539637,0.008371864316233723,0.974460110783346,GRU
S7,0.03804617786256881,0.0832580826168017,0.25989483803966407,0.6188009014809662,GRU
S8,0.16397269003617618,0.2820582105968729,0.27233565119180975,0.28163344817514047,ANN
S9,0.3000306751438649,0.28170915692539505,0.04394576128474199,0.37431440664599896,GRU
S10,0.23693891283434754,0.16363963926584302,0.18556145461670012,0.41385999328310547,GRU
S11,0.2366624881604467,0.6331063574614949,0.10252487427862458,0.027706280099434943,ANN
S12,0.2540757319521414,0.3522963659827871,0.2661831043020877,0.1274447977629838,ANN
S13,0.0008950236197424209,0.9962012837100445,0.0011756415926843621,0.0017280510775281,ANN
S14,0.13698525062599518,0.23217229765108283,0.23202250958247975,0.3988199421404412,GRU
S15,0.0,0.0,0.0,0.0,1D-CNN
S16,0.0,0.0,0.0,0.0,1D-CNN
S17,0.005710631670730262,0.0029010112253918838,0.0014235993718764584,0.9899647577320014,GRU
S18,0.38719144108641185,0.20637746225905032,0.3746900184105239,0.03174107824401031,1D-CNN
S19,0.37898926804643657,0.24930843361427132,0.31677895710824994,0.0549233412310438,1D-CNN
S20,0.2527747198029457,0.11299158731204624,0.08526117880369145,0.5489725140813179,GRU
S21,0.2587615028510896,0.43943256061493735,0.2293794130333948,0.07242652350057803,ANN
S22,0.31304712936973106,0.19043532257401144,0.23372325370744207,0.2627942943488145,1D-CNN
S23,0.04976310271054545,0.5160726044147625,0.15415804902679456,0.2800062438478993,ANN
S24,0.07006302689570253,0.14183030885554787,0.016583528336907134,0.7715231359118404,GRU
S25,0.3516610251831027,0.5258127709242545,0.05280127978736808,0.06972492410527234,ANN
S26,0.039087275861712394,0.7233786265483909,0.025564089110680047,0.21197000847921507,ANN
S27,0.3019686658932644,0.012325921836434613,0.022838909563331337,0.6628665027069683,GRU
S28,0.2566205791847168,0.17058630726759447,0.5249837288730053,0.04780938467468344,CNN-LSTM
S29,0.28822952204323155,0.07401751066616186,0.4731309984877787,0.16462196880282623,CNN-LSTM
S30,0.9529004035885854,0.0008248294256829298,0.025198617035941312,0.02107614994979243,1D-CNN
S31,0.12475017720768733,0.5573900194230854,0.22930307089409266,0.08855673247513303,ANN
S32,0.16227418286915646,0.41360992230334975,0.12205768255477008,0.302058212272724,ANN
S33,0.9975108093881483,0.00011079410775887086,0.0006090531852822313,0.0017693433188089986,1D-CNN
S34,0.3516877476829914,0.5446993742386861,0.07696385527169909,0.026649022806623388,ANN
S35,0.12551425178927167,0.4260502318853405,0.3318048323562715,0.1166306839691162,ANN
S36,0.05261624101718535,0.8450091532706404,0.04010902892244052,0.06226557678973436,ANN
S37,0.01435695282962043,0.1782975492283201,0.04614991703649776,0.7611955809055626,GRU
S38,0.0011002633245437332,0.0024014545654606157,0.0011229065267439565,0.9953753755832527,GRU
S39,0.0,0.0,0.0,0.0,1D-CNN
S40,0.0,0.0,0.0,0.0,1D-CNN
S41,0.00024795778494131804,2.4619863907394243e-05,0.0025472184428607172,0.9971802039082868,GRU
S42,0.0017045838284179132,0.9973444084371922,0.0006107754299477561,0.0003402323044429816,ANN
S43,0.2682261812550311,0.2979635666644579,0.23906865020124551,0.19474160187926393,ANN
S44,0.1238829947921528,0.772918671243233,0.012301585303351759,0.09089674866126217,ANN
S45,0.05673336123096095,0.05652783580731372,0.6295051639388173,0.2572336390229053,CNN-LSTM
S46,0.9779749176839748,0.02132433904342864,0.000237600724446955,0.0004631425481492284,1D-CNN
S47,0.00982582526537981,0.1669324881070887,0.7562300090576005,0.06701167756992998,CNN-LSTM
S48,0.49212981558685037,0.14170514247799804,0.16917923004441188,0.19698581189073808,1D-CNN
S49,0.14456479884390674,0.05482774755838276,0.08238103065206187,0.7182264229456488,GRU
S50,0.7712478026604137,0.048462023105848476,0.05444852722709382,0.12584164700664377,1D-CNN
S51,0.06923053166620052,0.5463202708075328,0.23981821545420812,0.14463098207205846,ANN
S52,0.00786911952564485,0.0053372008569928155,0.9067021346143226,0.08009154500304086,CNN-LSTM
S53,0.17069920972046349,0.54328577780567,0.2067285387781574,0.07928647369570876,ANN
S54,0.45451842852080077,0.43351850003030074,0.06365771591112183,0.048305355537775346,1D-CNN
S55,0.025663323343388514,0.9724849014620245,0.0004559480736342309,0.001395827120952831,ANN
S56,0.5281563815591576,0.4590580432846311,0.005761268567144465,0.007024306589066891,1D-CNN
S57,0.07369802952970061,0.09975542246329623,0.5647970433849034,0.261749504622099,CNN-LSTM
S58,0.012218342271066085,0.055110061655519044,0.19972450521976126,0.7329470908536534,GRU
S59,0.0009326760370071534,0.9931766419119203,0.001953344701353192,0.003937337349716794,ANN
S60,0.0005397339831583193,0.001873107197231228,0.0134224194266818,0.9841647393929251,GRU
S61,0.0003072020931038734,0.00029933133209443383,0.9992408209469077,0.0001526456278935945,CNN-LSTM
S62,0.2699992042337924,0.20628185137762595,0.03433709710717816,0.48938184728140705,GRU
S63,0.34365707104430854,0.46479555700168657,0.03180168487612596,0.1597456870778823,ANN
S64,0.1431041349085496,0.06558562194770136,0.7265636811153436,0.06474656202840526,CNN-LSTM
S65,0.1939822608101067,0.24226592545471215,0.23827819324077984,0.32547362049440076,GRU
S66,0.11457258431856956,0.1504697156803038,0.25477119768990053,0.48018650231122634,GRU
S67,0.0,0.0,0.0,0.0,1D-CNN
S68,1.8417008297515754e-05,7.2209478202950665e-06,1.7037594076272987e-05,0.9999573244498056,GRU
S69,0.09578926709022881,0.2871700851546983,0.11789262418029096,0.4991480235747823,GRU
S70,0.33547395589513984,0.41979297217989103,0.1919949137579214,0.05273815816704742,ANN
S71,0.30803892408510547,0.28155534784537256,0.2572441698909587,0.1531615581785627,1D-CNN
S72,0.19048669441236485,0.34168305763479156,0.00036113711119750653,0.46746911084164783,GRU
S73,0.023200468131187656,0.21644132916286576,0.05191673915799541,0.7084414635479469,GRU
S74,0.2616463137988646,0.22504423239906401,0.2339532586458057,0.27935619515626486,GRU
S75,0.0031464388358803876,0.0075801904101838475,0.9428176803710461,0.0464556903828908,CNN-LSTM
S76,0.01063532352866898,0.33200380436952276,0.06840122914804815,0.5889596429537574,GRU
S77,0.9386033314173786,0.014305090696279525,0.016239343457107546,0.030852234429234317,1D-CNN
S78,0.9993756362704433,0.00018670696718330192,7.437551811944275e-05,0.00036328124425137305,1D-CNN
S79,0.2211526879003477,0.28209807960054034,0.329714510110019,0.1670347223890923,CNN-LSTM
S80,0.01223803033081571,0.9395130627220363,0.033682260102197506,0.01456664684494815,ANN
S81,0.3031344180588937,0.13737748526379256,0.2431635848218682,0.3163245118554456,GRU
S82,0.44161169392241945,0.41279012779405555,0.07407394223855616,0.07152423604496887,1D-CNN
S83,0.18498197736664357,0.20960093525487383,0.4541393194331216,0.15127776794536218,CNN-LSTM
S84,0.037141947853514844,0.4297793126770526,0.025340669780753045,0.5077380696886777,GRU
S85,0.1710815583094611,0.6074506589632456,0.11143083037483982,0.11003695235247198,ANN
S86,0.623112383451866,0.13652803181059134,0.11550905854342296,0.12485052619411958,1D-CNN
S87,0.4770254024814681,0.2661921297458298,0.21289403133073184,0.0438884364419702,1D-CNN
S88,0.7115259462803903,0.04517220355280569,0.035716726921065506,0.20758512324573858,1D-CNN
S89,0.3597589197535469,0.20913048125169242,0.14919935764220052,0.28191124135255835,1D-CNN
S90,0.12589219168149823,0.169579113192704,0.2334029274497054,0.47112576767609166,GRU
S91,0.07915006264284273,0.1575928759759626,0.43400943761741584,0.32924762376377664,CNN-LSTM
S92,0.05224716408393193,0.8984926832547552,0.03264835607466195,0.016611796586651035,ANN
S93,0.2767720612404683,0.3236458231334136,0.24975417437391095,0.14982794125220533,ANN
S94,0.09927685839336743,0.27671485561562686,0.07809906524004114,0.5459092207509645,GRU
S95,0.27325786645744016,0.05377303776248406,0.14833047313361783,0.5246386226464591,GRU
S96,0.0063239251528622855,0.004342174384219299,0.10780485824294088,0.8815290422199773,GRU
S97,0.13317250605807918,0.605804800378109,0.11838996447541986,0.1426327290883968,ANN
S98,0.022723153098887307,0.9378506380001954,0.021344251721129477,0.01808195717978531,ANN
S99,0.01596069175477625,0.047431287433762105,0.9307986318944911,0.005809388917002671,CNN-LSTM
S100,0.5095327901211244,0.050854323419446436,0.1004354269304419,0.33917745952898715,1D-CNN
S101,0.06589669983842195,0.8632644861872512,0.019391407448291917,0.051447406526036306,ANN
S102,0.15316888030707088,0.6925634990582105,0.1131844956780992,0.04108312495661918,ANN
S103,0.2505155042247432,0.4125133954385441,0.2145193920424031,0.12245170829430867,ANN
S104,0.00535277993173106,0.016290430259945896,0.3797216685603103,0.5986351212480127,GRU
S105,0.08219212059115934,0.11635132479135929,0.28888034120769673,0.5125762134097853,GRU
S106,0.031915331530663144,0.020809867400771547,0.12524685239308397,0.8220279486754813,GRU
S107,0.06037221799638307,0.05335225802268879,0.5720358437534898,0.31423968022743626,CNN-LSTM
S108,0.010434590243508334,0.012800671120328915,0.007866560213072428,0.9688981784230903,GRU
S109,0.27057221599116543,0.009704712954233839,0.7086018019815592,0.011121269073041225,CNN-LSTM
S110,0.23112658229132935,0.2843201816094605,0.36424897445902576,0.12030426164018457,CNN-LSTM
S111,0.260370015170912,0.2073769234997474,0.15101270300340652,0.3812403583259341,GRU
S112,0.07284132453920401,0.3148315812063357,0.504892854329567,0.10743423992489311,CNN-LSTM
S113,0.26957631613759053,0.08805039904188244,0.3722497785562964,0.27012350626423126,CNN-LSTM
S114,4.992006610526818e-05,2.5861012722363765e-06,2.4962452434175976e-05,0.9999225313801882,GRU
S115,0.04629010060934257,0.4859042399476367,0.14469151279315492,0.3231141466498647,ANN
S116,0.14815766662232083,0.4385395602491369,0.15071183531384708,0.26259093781469167,ANN
S117,0.1576332615562567,0.12483227158775734,0.11092693301719683,0.6066075338387893,GRU
S118,0.907390236602648,0.05184122622211935,0.019641302696087087,0.02112723447914972,1D-CNN
S119,0.06377640701709962,0.7683249733687271,0.15694894580607205,0.010949673808100746,ANN
S120,0.2307533175814123,0.24074373046045208,0.15518450691884716,0.3733184450392869,GRU
S121,0.5348752345628016,0.011229216751882454,0.44280129335404783,0.011094255331267695,1D-CNN
S122,0.24101609606516794,0.007745982945545374,0.03244534077319252,0.7187925802160928,GRU
S123,0.20612154221812978,0.2842361421540153,0.4457180968942339,0.06392421873362351,CNN-LSTM
S124,0.06371728664505567,0.8186749005259037,0.060367341931594674,0.05724047089744611,ANN
S125,0.9997655644017754,3.33689770236001e-05,4.651394268394184e-05,0.00015455267851404068,1D-CNN
S126,0.7250873181911278,0.024981159868263506,0.11195660393023113,0.13797491801037534,1D-CNN
S127,0.0433563053937347,0.053459634194056554,0.852155865644305,0.051028194767905585,CNN-LSTM
S128,0.07261226161282333,0.6573987234603983,0.171993072976597,0.0979959419501769,ANN
S129,0.12926199124801602,0.4610357419151035,0.019764929358778407,0.38993733747810116,ANN
S130,0.9994422165499486,0.00022778448118455135,4.1643178827802183e-05,0.00028835579003926156,1D-CNN
S131,0.5203054873398507,0.29340619655617095,0.14990831687001033,0.03637999923396817,1D-CNN
S132,0.1214837025977336,0.3691291755563152,0.40913268067945235,0.10025444116649888,CNN-LSTM
S133,0.2177306373869588,0.23107336000374304,0.1379529047078251,0.41324309790147595,GRU
S134,0.05447258538233277,0.003465823465723766,0.9391582538022393,0.0029033373497111157,CNN-LSTM
S135,0.23981179051075874,0.3203173568439388,0.31572226955895316,0.12414858308634867,ANN
S136,0.10368867903523919,0.4801080689113252,0.023198068306277665,0.3930051837471578,ANN
S137,0.0921127075510846,0.12054282195609424,0.32443723412168174,0.4629072363711397,GRU
S138,0.007001526217365183,0.9878832251213499,0.002664728520284213,0.002450520141000869,ANN
S139,0.09105419287458696,0.09087729980071017,0.1213411753317733,0.6967273319929295,GRU
S140,0.15039517002125288,0.05184884556979254,0.6799776950125949,0.11777828939636306,CNN-LSTM
S141,0.08310998096172109,0.7653977815165258,0.05310387541746443,0.09838836210429197,ANN
S142,0.08561439173787991,0.6518274577969362,0.15734805109033376,0.10521009937484971,ANN
S143,0.16640066968143324,0.3822830734558858,0.11409194807756862,0.33722430878511245,ANN
S144,0.18307429506302494,0.009299756030112651,0.06997413015153295,0.7376518187553294,GRU
S145,0.2723363885068153,0.4321853627899429,0.21097082459690297,0.0845074241063362,ANN
S146,0.18417050449673206,0.4236039323410748,0.2798302017907357,0.11239536137145696,ANN
S147,0.8243778756456352,0.03202711313886764,0.07267660525297563,0.07091840596252208,1D-CNN
S148,0.11599557902467118,0.19755548056516672,0.36659869909916837,0.3198502413109935,CNN-LSTM
S149,0.046468240673455015,0.04997411870799329,0.044367256077686996,0.8591903845408653,GRU
S150,0.10296202316015228,0.002880728954872959,0.016308836635607386,0.8778484112493681,GRU
S151,0.008168704551976352,0.002131545799229483,0.988486861014556,0.001212888634236258,CNN-LSTM
S152,0.005415406806341894,0.9694338622455474,0.015554854900468389,0.00959587604764253,ANN
S153,0.0610245635481579,0.6181899833450816,0.09802527108227244,0.22276018202449213,ANN
S154,0.017920066136162063,0.003273902325503061,0.00260474649795543,0.9762012850403764,GRU
S155,0.2882723000250732,0.006924526533324309,0.014454431508044775,0.6903487419335573,GRU
S156,0.14147421356495515,0.07818885986368401,0.7274584141503667,0.052878512420994325,CNN-LSTM
S157,0.22923225142482972,0.043586498009691846,0.6711188304987573,0.05606242006672049,CNN-LSTM
S158,0.15408432199364555,0.6646203866375128,0.11284034298431589,0.06845494838452848,ANN
S159,0.02051048675322595,0.38692759892971545,0.016600447107184692,0.5759614672098697,GRU
S160,0.005917459794997015,0.054273871034197986,0.03418049006153233,0.9056281791092701,GRU
S161,0.004645230138209255,0.012468222108956496,0.005423453470508169,0.9774630942823258,GRU
S162,0.7878571410405872,0.008440790001346775,0.001469417806225701,0.20223265115184025,1D-CNN
S163,0.5510044023030194,0.24144134590229857,0.16885507011634007,0.03869918167834223,1D-CNN
S164,0.2514856421417949,0.22569406642569975,0.38099146311945686,0.14182882831304822,CNN-LSTM
S165,0.008212283559782289,0.9800032056156404,0.0053033410557229875,0.006481169768855759,ANN
S166,0.01723501358799902,0.03951790911685551,0.1250596205127882,0.8181874567823574,GRU
S167,0.3254899865915317,0.19839259036955834,0.14983276788508956,0.32628465515381877,GRU
S168,0.632059977881579,0.10267799699332446,0.18232268906754878,0.0829393360575513,1D-CNN
S169,0.06726323396140452,0.07247005936268791,0.8124402430918591,0.047826463584047664,CNN-LSTM
S170,0.19471372792422098,0.05226826396635355,0.05392645419931655,0.6990915539101088,GRU
S171,0.7743120837025503,0.05581425000746508,0.10072346237339959,0.06915020391658526,1D-CNN
S172,0.5044700890996481,0.12617952062316504,0.21236185210394778,0.15698853817323902,1D-CNN
S173,0.0022344970793317606,0.7762954430002529,0.2173786041845691,0.004091455735844556,ANN
S174,0.9941365861257073,0.005058757593775752,0.0001659164116631289,0.0006387398688547359,1D-CNN
S175,0.003318569629942056,0.04586823344014377,0.9235424873138912,0.02727070961602202,CNN-LSTM
S176,0.006752034539346522,0.4147383939194523,0.08136385979947404,0.49714571174172795,GRU
S177,0.002861694646305685,0.008114727394417758,0.9643105402196128,0.024713037739663088,CNN-LSTM
S178,0.1870607288822255,0.12247904514517359,0.0803813037658952,0.6100789222067049,GRU
S179,0.9681640663830954,0.0056887912334861465,0.0032000164409851806,0.022947125942433238,1D-CNN
S180,0.9999867482701685,6.446568707251108e-06,4.7328795370563385e-06,2.072281587267599e-06,1D-CNN
S181,0.14109601191194188,0.36740057451171915,0.3469382652078877,0.14456514836844941,ANN
S182,0.1821452342608252,0.3261553649660805,0.22442323294892402,0.26727616782416797,ANN
S183,0.08705230329143415,0.009494445231675377,0.8032793551995185,0.10017389627737133,CNN-LSTM
S184,0.07605618933463157,0.01935374339410336,0.03545494470764353,0.869135122563622,GRU
S185,0.19017147852706875,0.01692364468309578,0.4782910460905447,0.3146138306992922,CNN-LSTM
S186,0.1756396022124952,0.17116517785890567,0.294181791460932,0.3590134284676688,GRU
S187,0.08451778698594657,0.4298621851280928,0.06468639492151754,0.42093363296444203,ANN
S188,0.0022068522094449822,0.00037702527091152657,0.9967754793380368,0.0006406431816066699,CNN-LSTM
S189,0.021331904651941788,0.002593794559723877,0.04385099231665391,0.9322233084716709,GRU
S190,0.00050638305340114,1.6223063289029183e-05,0.9993951944632282,8.219942008600817e-05,CNN-LSTM
S191,0.056333874016699995,0.847540247532658,0.07795911637963747,0.018166762071004178,ANN
S192,0.0030813157549266904,0.9926173957667948,0.002266308573817923,0.002034979904459088,ANN
S193,0.0232521153735054,0.32982053833797875,0.14132611283081162,0.5056012334577076,GRU
S194,0.0534952804928724,0.604989074331291,0.10580258387067412,0.23571306130516056,ANN
S195,0.26306193813921563,0.19387426993292975,0.07051802226962907,0.47254576965822565,GRU
S196,2.1931351608978107e-06,0.9999951176156835,1.134923943863918e-06,1.5543252117137677e-06,ANN
S197,0.18578007171138042,0.3174645376984489,0.13804540449753439,0.35870998609263455,GRU
S198,0.14317370108210745,0.06706364101338101,0.097109676213061,0.6926529816914504,GRU
S199,0.4838834672200546,0.05197607070749276,0.3365132482645157,0.12762721380793718,1D-CNN
S200,0.5624022878191538,0.00024970124115272156,0.4361469836448056,0.0012010272948849638,1D-CNN
S201,0.24049885100792737,0.37478627112255736,0.2645301192819812,0.12018475858753308,ANN
S202,0.19185940040068641,0.2504221108570105,0.23577270211830095,0.3219457866240021,GRU
S203,0.07870751546978554,0.3333856566556662,0.17874620654771858,0.4091606213268276,GRU
S204,0.9730478917028418,0.011245782931936142,0.0043684011808127745,0.01133792418440912,1D-CNN
S205,0.17518836109046274,0.5785700702761943,0.016396214866176678,0.22984535376716173,ANN
S206,0.0007969566853629862,0.9972322516183427,0.0017326300891325704,0.0002381616071568615,ANN
S207,0.2709915496729888,0.2921790994538507,0.29302307556457,0.14380627530858967,CNN-LSTM
S208,0.0006695769773009708,0.996935661243473,0.0009809970963140762,0.0014137646829111158,ANN
S209,0.015760145110639046,0.020035777031469026,0.014121274102345451,0.9500828037555463,GRU
S210,0.5398519756326339,0.32868409542158666,0.0362267594983278,0.09523716944745168,1D-CNN
S211,0.09796490922370164,0.08059650843710943,0.7817676891431042,0.039670893196084835,CNN-LSTM
S212,0.020660860254532995,0.93863516297967,0.029191621242449388,0.011512355523348249,ANN
S213,0.01832955894230727,0.01188619104292848,0.0798134151002775,0.8899708349144868,GRU
S214,0.9918027137493841,0.00027553581754466433,0.007353317163479444,0.0005684332695918746,1D-CNN
S215,0.6312066823434342,0.008671122517349979,0.3484864658072264,0.01163572933198712,1D-CNN
S216,0.00017170120509048308,0.9993933444442824,0.00027581836866804487,0.00015913598195859555,ANN
S217,0.07713935470220798,0.7410060180090731,0.06691400758636887,0.11494061970234941,ANN
S218,0.1313686087072885,0.2543676078835423,0.13753394261326787,0.4767298407959031,GRU
S219,0.027776210779387238,0.9706795460874067,0.0005449279823330235,0.0009993151508723827,ANN
S220,0.7886171351810874,0.07457201730186615,0.02719311067084191,0.10961773684620384,1D-CNN
S221,0.2742273521399897,0.40490694683549,0.3126016730255037,0.008264027999015024,ANN
S222,0.10495203731061609,0.6193974311690348,0.13961399207865066,0.13603653944169772,ANN
S223,0.09040258490158105,0.0715760708882769,0.14796936105573535,0.6900519831544083,GRU
S224,0.12834954348291536,0.3080918415929296,0.3194505314070714,0.24410808351708535,CNN-LSTM
S225,0.4291988679023356,0.07425032974169868,0.2010251165979315,0.29552568575803384,1D-CNN
S226,0.10385608805188348,0.19179592603693124,0.5622020955228212,0.1421458903883628,CNN-LSTM
S227,0.11090701123521116,0.38847101375669607,0.24077245115844748,0.2598495238496461,ANN
S228,0.021503016449773656,0.023252377697741317,0.025707358186298136,0.929537247666187,GRU
S229,0.1410111229807252,0.3404333661773253,0.23932203834290733,0.2792334724990406,ANN
S230,0.14124569471714776,0.4644218819073853,0.08070259229430604,0.31362983108116177,ANN
S231,0.11268968232052183,0.008600939419944196,0.7954151374609262,0.08329424079860794,CNN-LSTM
S232,0.36609796551360607,0.029299888956028287,0.024715033612797914,0.5798871119175678,GRU
S233,0.2680739827649905,0.1808638892546608,0.4212540933670591,0.12980803461328977,CNN-LSTM
S234,0.3004100627675457,0.25858566376169795,0.25155659239908446,0.18944768107167062,1D-CNN
S235,0.3595900909517936,0.0727899486042986,0.0599824260692554,0.5076375343746522,GRU
S236,3.986695636319763e-05,0.9862740442154584,0.013657596542188483,2.8492285991259315e-05,ANN
S237,0.2117650472637517,0.3000293380785905,0.20408692663581543,0.2841186880218434,ANN
S238,0.02827936743946341,0.9320073819406491,0.013809483333662394,0.02590376728622505,ANN
S239,0.9231314269220489,0.0005698723507938518,8.329613364183204e-05,0.07621540459351465,1D-CNN
S240,0.10411732196658592,0.00473267874274522,0.005732410719794878,0.8854175885708739,GRU
S241,0.2901632209180237,0.39791646045694345,0.23675410483949277,0.07516621378554107,ANN
S242,0.21989096129424363,0.4890993047361925,0.2246762591965065,0.06633347477305725,ANN
S243,0.01121642615268397,0.037121282018431866,0.16563856905608434,0.7860237227727997,GRU
S244,0.015236234425623272,0.22336057847932714,0.37326329642446576,0.38813989067056776,GRU
S245,0.0023067331533408297,0.0006821688049270477,0.0003433807156234039,0.9966677173261103,GRU
S246,0.0004800755301810434,0.9911885659849312,0.008185091764634111,0.0001462667202527512,ANN
S247,0.24186974128280134,0.08615631605980092,0.5573447065762976,0.114629236081101,CNN-LSTM
S248,0.07184481834267863,0.8326508207246693,0.0463614677282225,0.049142893204428315,ANN
S249,0.0018796408741899567,0.013013319498813373,0.006801273839479107,0.9783057657875176,GRU
S250,0.0019758179301931043,0.9840356447958496,0.0021934627902752187,0.011795074483682945,ANN
S251,0.5790138699267894,0.0223402899509508,0.003982871649911195,0.3946629684723451,1D-CNN
S252,0.20976112698935112,0.05083045776922685,0.6252301518690356,0.1141782633723831,CNN-LSTM
S253,0.16559322578076185,0.30495027445086414,0.40560026553220957,0.12385623423616413,CNN-LSTM
S254,0.00016448277451497776,0.999677655426514,7.382296423240276e-05,8.403883473814376e-05,ANN
S255,0.03436217686663616,0.3946548102763081,0.35524823674954503,0.21573477610751068,ANN
S256,0.1854155385974562,0.40109542722629593,0.1212507127394288,0.29223832143681977,ANN
S257,0.026686335843020315,0.0042230424244747026,0.005906686203422075,0.9631839355290838,GRU
S258,0.6058508126404915,0.002312350915816024,0.007027328674348588,0.3848095077693438,1D-CNN
S259,0.1827471208042371,0.17922904353020733,0.5883818494716749,0.049641986193877156,CNN-LSTM
S260,0.2621398433492224,0.31965679749383696,0.26215102776498067,0.15605233139195904,ANN
S261,0.0076065061303977055,0.5579085596229748,0.0023974301587109587,0.43208750408791763,ANN
S262,0.34230973059616776,0.1529168170311512,0.29068486265868865,0.21408858971399577,1D-CNN
S263,0.008394555933298789,0.009946086205639934,0.9636884196290654,0.017970938231996268,CNN-LSTM
S264,0.08308924809459192,0.31102357208811704,0.3234584463122282,0.2824287335050601,CNN-LSTM
S265,0.7422247575863368,0.054688584851009345,0.06385779938059807,0.1392288581820555,1D-CNN
S266,0.08739638450746927,0.05745940222892889,0.8074654451055332,0.047678768158067895,CNN-LSTM
S267,0.06857624438822046,0.4847588760443336,0.33510202290371754,0.1115628566637271,ANN
S268,0.7451280075938341,0.07386953536256756,0.039741287787638566,0.1412611692559587,1D-CNN
S269,0.40643426621030065,0.16988215512769525,0.192366856016111,0.23131672264589373,1D-CNN
S270,0.09289083534223956,0.73333730221234,0.10316396306249138,0.07060789938292819,ANN
S271,0.035473442027267155,0.775774389081897,0.13677813055920426,0.05197403833163087,ANN
S272,0.03709161964230824,0.0676621124576179,0.1757309612393626,0.7195153066607135,GRU
S273,0.017492836584717272,0.8594493540083243,0.023633631908464976,0.09942417749849337,ANN
S274,0.7337022919355916,0.1478481260220938,0.010064215554136353,0.1083853664881779,1D-CNN
S275,0.18187023152913828,0.7596485801860194,0.019161129420035544,0.039320058864805996,ANN
S276,0.053045138262573586,0.036580958952363525,0.5139831397657524,0.39639076301930953,CNN-LSTM
S277,0.4253398739796566,0.13461378767583823,0.28492904875445174,0.15511728959005547,1D-CNN
S278,0.27054387740052566,0.28715511039655384,0.2248340694084829,0.21746694279443374,ANN
S279,0.013611973064078452,0.9443934825435999,0.010795920060189063,0.031198624332131466,ANN
S280,0.10035215042981716,0.03157590428060245,0.007906944049993996,0.8601650012395814,GRU
S281,0.29481088102485586,0.15590728645687402,0.113343053296624,0.43593877922164526,GRU
S282,0.6993000068280782,0.013092865227512102,0.001448802253405708,0.28615832569100447,1D-CNN
S283,0.018807639050461,0.3948996083734956,0.012215097041990232,0.5740776555340532,GRU
S284,0.984861046761592,0.0030614936396670366,0.006329103126633122,0.005748356472105443,1D-CNN
S285,0.006441408063676719,0.9924651503365858,0.0007084125130836934,0.0003850290866534277,ANN
S286,0.3227816423575061,0.5049642866998043,0.1062018100433314,0.06605226089935742,ANN
S287,0.05793667268276767,0.9399402780030093,0.0005430337714669569,0.0015800155427558396,ANN
S288,0.011247742235713258,0.024063150499367778,0.045069296107513826,0.9196198111574045,GRU
S289,0.020924656818043858,0.024336896794999455,0.19487495625857618,0.7598634901283814,GRU
S290,0.38377953884727883,0.3193715803410659,0.09778213638088805,0.1990667444307647,1D-CNN
S291,0.12146711518697856,0.6770414390865364,0.09850515196801957,0.10298629375846466,ANN
S292,0.1453931421131679,0.2226089472979941,0.3834661250690457,0.2485317855197908,CNN-LSTM
S293,0.7500809233320792,0.0008072002672016783,0.08049216845603452,0.16861970794468462,1D-CNN
S294,0.23533963459363844,0.12527341347673573,0.5839654533641593,0.055421498565465514,CNN-LSTM
S295,0.08396399660872735,0.6787662218058435,0.16526961660530176,0.07200016498012676,ANN
S296,9.354914096457245e-05,0.99979810700424,5.109131739746537e-05,5.725253739912532e-05,ANN
S297,0.10547483891516964,0.2674946376054652,0.08427781460391735,0.5427527088754488,GRU
S298,0.14041229218332957,0.8012575171548921,0.0377250826611236,0.020605108000655032,ANN
S299,0.23819241428198268,0.1590105248353653,0.4855549414103292,0.11724211947232392,CNN-LSTM
S300,0.009973335835403632,0.8046050353056261,0.006332123603790076,0.17908950525518025,ANN
S301,0.006960187994398652,0.018657971376786518,0.7117118500398907,0.26266999058892254,CNN-LSTM
S302,0.00584000660890043,0.926210058030322,0.008346996045033426,0.05960293931574269,ANN
S303,0.8764543535911964,0.03848225189758363,0.03518886716042907,0.04987452735078869,1D-CNN
S304,0.24307897176275137,0.6200300392669479,0.013416906257057812,0.12347408271324231,ANN
S305,0.8381741301622124,0.039152833384675095,0.1052844042026421,0.01738863225048514,1D-CNN
S306,0.005459544078350185,0.0006023793509173205,0.9926698850798222,0.0012681914908978511,CNN-LSTM
S307,0.38115482544014445,0.027329641887243385,0.587557424511457,0.003958108161156266,CNN-LSTM
S308,0.15548286405828887,0.6439211708255771,0.12782097969588385,0.0727749854202496,ANN
S309,0.011139317596964878,0.8705306385548413,0.013847288162699228,0.10448275568549893,ANN
S310,0.0826826544902628,0.20501985870675862,0.41930791424275965,0.2929895725602183,CNN-LSTM
S311,0.0036548980724485265,0.00528353014993904,0.9897283772717032,0.0013331945059090109,CNN-LSTM
S312,0.09264744779340849,0.534522194542067,0.2348678734350297,0.13796248422949062,ANN
S313,0.012701855629995495,0.09579775015079472,0.06912922368054115,0.8223711705386686,GRU
S314,0.9546567443834747,0.011884753839713394,0.0023067860322491447,0.031151715744561905,1D-CNN
S315,0.026506637222055214,0.9552459503110166,0.00968394095093481,0.00856347151599431,ANN
S316,0.16893450639204066,0.39952629447978255,0.058170782993802614,0.3733684161343709,ANN
S317,0.07739799828119948,0.0010682491030396047,0.008136947494783012,0.9133968051209773,GRU
S318,0.060125318554455104,0.7535124635244517,0.05663310848542329,0.12972910943566954,ANN
S319,0.13759623360627857,0.11441948469298407,0.12138527283147638,0.6265990088692601,GRU
S320,0.28993525159584893,0.2031291410703741,0.3750569078842177,0.13187869944955752,CNN-LSTM
S321,0.31295580360488373,0.06959794090469565,0.3112146358048855,0.30623161968553325,1D-CNN
S322,0.962620772538701,0.0006730357152106193,0.03241410085818419,0.0042920908879047785,1D-CNN
S323,0.26027456651952796,0.3416199225546594,0.3525889191918965,0.04551659173391575,CNN-LSTM
S324,0.07947316675680323,0.621086880086449,0.02605098991069491,0.27338896324605305,ANN
S325,0.037649361769543394,0.0391578914350742,0.8992277424636782,0.023965004331705595,CNN-LSTM
S326,0.0012610414072658468,0.8465694354663633,0.0018414645845458322,0.1503280585418237,ANN
S327,0.0017348209217870802,0.0004284504855260985,0.9763283528704291,0.0215083757222577,CNN-LSTM
S328,0.03169748158521178,0.14628474772218047,0.7584276381840301,0.0635901325085774,CNN-LSTM
S329,0.024950761207273447,0.8574904055909686,0.01773678934059468,0.09982204386116046,ANN
S330,0.9098182918226783,0.009524057679202209,0.007584526785200265,0.07307312371291613,1D-CNN
S331,0.3737982263039052,0.18062130501076826,0.29827495815712374,0.14730551052820196,1D-CNN
S332,0.09379480928859324,0.6204397824865416,0.1819532706602688,0.10381213756459806,ANN
S333,0.12192595398692072,0.8658341247706018,0.0039003478231453433,0.008339573419330653,ANN
S334,0.980011922125278,0.008276869156299741,0.0026198633065506686,0.009091345411871805,1D-CNN
S335,0.3971586330714529,0.060964729469065934,0.4378361684016745,0.10404046905780685,CNN-LSTM
S336,0.0766545573116449,0.06040170312463231,0.7249009934407498,0.13804274612297274,CNN-LSTM
S337,0.02438639934060765,0.002021723549336877,0.007605768662901733,0.9659861084471538,GRU
S338,0.9374464562588299,0.01909293842000511,0.004478839848274457,0.038981765472889174,1D-CNN
S339,0.027968547947877394,0.019862030351697323,0.9262841103367602,0.025885311363665547,CNN-LSTM
S340,0.027676524686821722,0.8419331713941655,0.039085164397363405,0.09130513952164906,ANN
S341,0.17375388340625592,0.03583445414251256,0.2617968880126657,0.528614774438565,GRU
S342,0.007280881611379675,0.0030974257655333745,0.9860188124703705,0.003602880152716863,CNN-LSTM
S343,0.009559104522243607,0.9414607835528327,0.03687472093674413,0.012105390988177814,ANN
S344,0.11182803809393266,0.2477524610352095,0.3879404348507132,0.252479066020143,CNN-LSTM
S345,0.06279206728462444,0.44317882409084425,0.0385008754799164,0.4555282331446146,GRU
S346,0.9944785072501601,0.0007970470853369652,0.0010618355410318165,0.003662610123471947,1D-CNN
S347,7.099349196913235e-05,1.100971389869694e-05,0.9999169811651655,1.0156289674623138e-06,CNN-LSTM
S348,0.16062895204974958,0.4025009828167037,0.2882396934451305,0.14863037168841528,ANN
S349,0.0020528155229440847,0.9949179294769308,0.0010264604018713163,0.0020027945982536957,ANN
S350,0.41753109592893434,0.15699617486056422,0.21231029896220108,0.21316243024830053,1D-CNN
S351,0.009874506821441146,0.010622414454148061,0.9747713068434761,0.004731771880939826,CNN-LSTM
S352,0.007403506447454512,0.949267004277659,0.010690289332187554,0.03263919994269794,ANN
S353,0.25201052428529774,0.13063698023664172,0.32103165508400183,0.29632084039405504,CNN-LSTM
S354,0.04973295454592949,0.9138756462762816,0.010207843309910708,0.026183555867876,ANN
S355,0.19099154726710788,0.2862244784526417,0.3130612108483109,0.20972276343193855,CNN-LSTM
S356,0.0016400528058643242,0.998309623376529,3.4087653783011103e-06,4.691505222889536e-05,ANN
S357,0.004061109785832707,0.004154945837714933,0.013389696012317568,0.9783942483641347,GRU
S358,1.6409135244491026e-05,0.999577772386144,0.00019051860659193958,0.00021529987201920466,ANN
S359,0.09033927071125812,0.09065494675659691,0.3007992351651119,0.5182065473670329,GRU
S360,0.005299811275100947,0.039352442080848225,0.3274012872881186,0.6279464593559348,GRU
S361,0.09270262397397855,0.3278264771210562,0.377639698937273,0.20183119996769328,CNN-LSTM
S362,0.23622195360093495,0.04813173552542759,0.030261423169971872,0.6853848877036639,GRU
S363,0.23852101768738704,0.390017257551556,0.09182063879973228,0.2796410859613235,ANN
S364,0.07189786364829168,0.6627720038496973,0.196248813941751,0.06908131856025868,ANN
S365,0.010554108791821958,0.9240007463643244,0.04694091310286266,0.018504231740990185,ANN
S366,0.007371896887480992,0.010484189991786269,0.9543676107981679,0.02777630232256676,CNN-LSTM
S367,0.06697606205262803,0.1630125262489236,0.05733508233151316,0.7126763293669354,GRU
S368,0.5136189222160155,0.29457202452616194,0.11077570532145227,0.08103334793636922,1D-CNN
S369,0.2590057741633802,0.29889836635097483,0.3088306867114172,0.13326517277422664,CNN-LSTM
S370,0.030829910894298464,0.9351197930508077,0.012941788438799236,0.02110850761609344,ANN
S371,0.006905998306372393,0.0015120882656269729,0.8767357723495969,0.11484614107840388,CNN-LSTM
S372,0.04994466078889857,0.09045990040881094,0.08708460063137245,0.7725108381709173,GRU
S373,0.3962686544498878,0.09884302115368117,0.19496524075204308,0.3099230836443854,1D-CNN
S374,0.060921418132847564,0.10269548992976953,0.8104056010796353,0.02597749085774667,CNN-LSTM
S375,0.04207082980153976,0.7586280764240215,0.10775982302145574,0.09154127075298206,ANN
S376,0.025357129610399976,0.21130385928551948,0.17647854119593462,0.5868604699081461,GRU
S377,0.16484865565072457,0.2956411009969956,0.3172385299320698,0.2222717134202147,CNN-LSTM
S378,0.005424306630000932,0.00025585735865802273,0.0006761970306861947,0.9936436389806557,GRU
S379,0.00366419719087527,0.987388363981373,0.0068757182163376625,0.0020717206114108746,ANN
S380,0.22977260132292385,0.2848109230886655,0.3159364444320435,0.16948003115636695,CNN-LSTM
S381,0.0054956806759636385,0.9508192897738079,0.009197641175450378,0.034487388374758524,ANN
S382,0.8731120156209636,0.03450785529216636,0.0511391336172936,0.041240995469577595,1D-CNN
S383,0.10726118785286767,0.33948074326862343,0.38902803231210814,0.16423003656640064,CNN-LSTM
S384,0.17953951980961447,0.3045583091782369,0.15637492866191685,0.35952724235023353,GRU
S385,0.11389588754371249,0.3007679316439815,0.23502613386501064,0.3503100469472963,GRU
S386,0.15830730777940724,0.3457802439940734,0.13576456745544854,0.360147880771071,GRU
S387,0.08919029902958223,0.19288308337620697,0.03674625806178407,0.6811803595324264,GRU
S388,0.23582631325806075,0.15679628091804032,0.5633523096417536,0.04402509618214522,CNN-LSTM
S389,0.01659206219041692,0.942043632038829,0.040159437268669426,0.0012048685020932756,ANN
S390,0.45875674324043547,0.09250537515408751,0.32350514868345404,0.12523273292202333,1D-CNN
S391,0.31345238594134334,0.012791940906671552,0.07707321172364506,0.5966824614283414,GRU
S392,0.32084171240047543,0.3092681230721035,0.3416978869354741,0.02819227759194691,CNN-LSTM
S393,0.21000219140025145,0.37978422486346414,0.24874216941297023,0.16147141432331152,ANN
S394,0.012712442604990923,0.003259149083244583,0.0023374857376562514,0.9816909225741092,GRU
S395,0.00039038262451668185,0.0004554633214002654,0.9989209065071778,0.00023324754690341187,CNN-LSTM
S396,0.17099415584539399,0.15608659856261273,0.36652085115353844,0.30639839443845623,CNN-LSTM
S397,0.22914458474766566,0.1899987579832472,0.3040069885161095,0.2768496687529788,CNN-LSTM
S398,0.1460576615045006,0.4085695728217756,0.2424934817869621,0.20287928388676355,ANN
S399,0.20263596938436482,0.5668028074605977,0.057950534566703585,0.17261068858833378,ANN
S400,0.9117064108776203,0.009023513573839239,0.021106211996611765,0.05816386355192807,1D-CNN
S401,0.49841482442508117,0.30748816053051864,0.13949954153868313,0.05459747350571672,1D-CNN
S402,0.99827232029803,7.66099389079142e-06,0.0016779967187733403,4.202198930234968e-05,1D-CNN
S403,0.3498670710493214,0.26945300899375,0.2613652919225415,0.11931462803438542,1D-CNN
S404,0.20939124592111102,0.3114986447001503,0.22508040637927426,0.25402970299946465,ANN
S405,0.0012023159537018463,0.08147654437554487,0.004919012209601462,0.9124021274611509,GRU
S406,0.0,0.0,0.0,0.0,1D-CNN
S407,0.0,0.0,0.0,0.0,1D-CNN
S408,0.0057120781600143765,0.000591438941116764,0.0007104898058331553,0.992985993093036,GRU
S409,0.336575988144345,0.007608727271651629,0.08993652007765447,0.5658787645063442,GRU
S410,0.04228693412178112,0.5343998851313647,0.045173472833498284,0.37813970791335594,ANN
S411,0.34498755605186177,0.20604488991031117,0.28345717901875767,0.16551037501906404,1D-CNN
S412,0.27115888401809246,0.2841164742269848,0.42034578834574426,0.02437885340917816,CNN-LSTM
S413,0.2532399976955344,0.367521613755638,0.25448465216578164,0.12475373638304507,ANN
S414,0.08921926266351964,0.23475712839741344,0.21132466079639553,0.46469894814267143,GRU
S415,0.015064505343825148,0.020921642001463934,0.038137656939519066,0.9258761957151919,GRU
S416,0.13230519395507354,0.38858232848953,0.24569701934719454,0.2334154582082017,ANN
S417,0.441114777797274,0.11752896689870568,0.14302126070271648,0.2983349946013039,1D-CNN
S418,0.15400060271577537,0.021221506603966787,0.7548985010425738,0.06987938963768675,CNN-LSTM
S419,0.40050769366990013,0.09804464337208109,0.3092943852498832,0.1921532777081325,1D-CNN
S420,0.09496703414669237,0.6775103000191359,0.12353688430494884,0.10398578152922361,ANN
S421,0.1447518649066266,0.36536224820987256,0.13594976672008968,0.35393612016341197,ANN
S422,0.32227375103154915,0.06858625578444894,0.3403235712012514,0.2688164219827506,CNN-LSTM
S423,0.03721100452763383,0.7833391986476286,0.03014973945957224,0.1493000573651679,ANN
S424,0.03537192205573614,0.7544309500382261,0.008525943906685237,0.20167118399935322,ANN
S425,0.0001379283988284956,0.9978950359425102,0.0004721968236911472,0.0014948388349711173,ANN
S426,0.12264635726800438,0.3143518100854815,0.022082268855042993,0.5409195637914698,GRU
S427,0.7969427370825609,0.008537948996776236,0.10232999695749367,0.09218931696316893,1D-CNN
S428,0.1822905290583756,0.6205058877388604,0.1778897549165451,0.019313828286218807,ANN
S429,0.44656372053175275,0.11289101582808318,0.22015288400326652,0.22039237963689673,1D-CNN
S430,0.9740090135826909,0.0015341807008446167,0.006135351696100507,0.01832145402036312,1D-CNN
S431,0.018552897400147803,0.9407418810891608,0.035098938001642654,0.005606283509047106,ANN
S432,0.0005737749681105551,0.9977431360098793,0.0008227110262900746,0.0008603779957201723,ANN
S433,0.04407352303278484,0.6104410899766974,0.1477761924493074,0.19770919454121608,ANN
S434,0.05701012987434798,0.0004220051426526306,0.0004518377496589905,0.94211602723334,GRU
S435,0.0029416518633762433,0.002969747636311007,0.992622608278141,0.0014659922221701605,CNN-LSTM
S436,0.24258141935529884,0.1932626619528104,0.30886993842124927,0.25528598027064153,CNN-LSTM
S437,0.22678106838027923,0.12512508557922494,0.21044997450097336,0.4376438715395194,GRU
S438,0.5198452634018695,0.07412733021384779,0.2844142941809599,0.12161311220332288,1D-CNN
S439,0.04537982796122625,0.09100487136657714,0.8202677315052541,0.04334756916694232,CNN-LSTM
S440,0.07330141867462805,0.08871837593878303,0.005925124738324706,0.8320550806482655,GRU
S441,0.0555715428682914,0.18165918346239954,0.1516997297060904,0.6110695439632223,GRU
S442,0.012263248840882921,0.9065151308252972,0.027190927879667478,0.05403069245415343,ANN
S443,0.04431843594191372,0.9517544265652649,0.000809609595087963,0.0031175278977317285,ANN
S444,0.5599519982148132,0.32763323116998105,0.008465902703875879,0.10394886791132743,1D-CNN
S445,0.023858555572356627,0.12251692821035538,0.8064037376189056,0.04722077859837979,CNN-LSTM
S446,0.1638798709360685,0.4368228008487248,0.1865084058344565,0.2127889223807504,ANN
S447,0.1329135716298708,0.29810664531481507,0.21990976071038318,0.349070022344931,GRU
