Segment,1D-CNN,ANN,GRU,Selected
S1,0.9884047379720743,0.0005683537937284973,0.011026908234195793,1D-CNN
S2,0.5777030546958244,0.12387031039789025,0.29842663490628357,1D-CNN
S3,0.37676588863476557,0.4022124568869206,0.22102165447831457,ANN
S4,0.2217930160784147,0.6384520868275798,0.13975489709400496,ANN
S5,0.16968559802741243,0.6946521057499061,0.13566229622268194,ANN
S6,0.00420146933766893,0.015219331305970063,0.9805791993563633,GRU
S7,0.05730643677236032,0.127623474087723,0.8150700891399166,GRU
S8,0.2519987840851863,0.372619662384842,0.37538155352997166,GRU
S9,0.3099070602428487,0.2695459645195509,0.4205469752375999,GRU
S10,0.34276859171692703,0.19308739305418132,0.46414401522888965,GRU
S11,0.24548039698364824,0.7117005563419594,0.04281904667439155,ANN
S12,0.33907528908753565,0.42440772987147246,0.23651698104099195,ANN
S13,0.000967060189970616,0.997420859260133,0.0016120805498961864,ANN
S14,0.19798120134719835,0.31829755872457804,0.48372123992822225,GRU
S15,0.0,0.0,0.0,1D-CNN
S16,0.0,0.0,0.0,1D-CNN
S17,0.010824352554114096,0.005591994122984009,0.9835836533229019,GRU
S18,0.54799662237682,0.36631012336482066,0.08569325425835846,1D-CNN
S19,0.5133782801869679,0.36890576367909694,0.11771595613393478,1D-CNN
S20,0.21658848405687037,0.10451679616888475,0.6788947197742431,GRU
S21,0.26619954986730104,0.6176831432734793,0.11611730685921946,ANN
S22,0.35736665203623447,0.3093803382938242,0.3332530096699407,1D-CNN
S23,0.08140210924238785,0.6622427730243208,0.2563551177332891,ANN
S24,0.11758514566613137,0.11077117988622547,0.7716436744476424,GRU
S25,0.34464548467705347,0.580191790656168,0.07516272466677996,ANN
S26,0.0784943802988309,0.637521376186116,0.2839842435150539,ANN
S27,0.2512849320799718,0.014081033093396585,0.7346340348266307,GRU
S28,0.48439638076995145,0.37595498565576424,0.1396486335742839,1D-CNN
S29,0.47986704374826816,0.16090491767372872,0.35922803857800334,1D-CNN
S30,0.9686701851727793,0.0013467926431000104,0.029983022184120182,1D-CNN
S31,0.15752504094216938,0.7232403423701088,0.11923461668772153,ANN
S32,0.18115239141345976,0.45932023882251233,0.359527369764028,ANN
S33,0.9979252169565265,0.00013295911285704282,0.0019418239306171754,1D-CNN
S34,0.3574302662816416,0.613419810162832,0.02914992355552617,ANN
S35,0.20994814995741723,0.6022059028532797,0.18784594718930298,ANN
S36,0.06314458531983193,0.8606508568365057,0.07620455784366297,ANN
S37,0.018025776122899483,0.197089120033632,0.7848851038434684,GRU
S38,0.0009522177045541791,0.0020025084629014703,0.9970452738325444,GRU
S39,0.0,0.0,0.0,1D-CNN
S40,0.0,0.0,0.0,1D-CNN
S41,0.00021669802421445946,2.2366672473875988e-05,0.9997609353033116,GRU
S42,0.0016403834312688531,0.9979900401088762,0.00036957645985382086,ANN
S43,0.34034721886301267,0.3829959921620647,0.2766567889749231,ANN
S44,0.10232193162088525,0.8137469059504223,0.0839311624286906,ANN
S45,0.20945427087563936,0.21183455572879953,0.5787111733955611,GRU
S46,0.9720561661168339,0.027224038829046133,0.0007197950541206697,1D-CNN
S47,0.0839905677640607,0.6096675337760414,0.30634189845989956,ANN
S48,0.5529292998044932,0.17862682500277652,0.26844387519272983,1D-CNN
S49,0.20168444138200983,0.07993629331175314,0.7183792653062374,GRU
S50,0.8026321305309041,0.06092757234399894,0.13644029712509598,1D-CNN
S51,0.07787150735261963,0.7435891661159639,0.1785393265314174,ANN
S52,0.0629422305755276,0.04002237141384725,0.8970353980106263,GRU
S53,0.2018272128491537,0.6830560368638804,0.11511675028696539,ANN
S54,0.45145443854768513,0.46377787999156256,0.08476768146075109,ANN
S55,0.025613380665304133,0.9706704987864964,0.0037161205481995286,ANN
S56,0.4450701769873989,0.5364539826038122,0.018475840408788004,ANN
S57,0.1868405856125394,0.2546463638023662,0.5585130505850935,GRU
S58,0.015752111832677378,0.05909981888747543,0.9251480692798494,GRU
S59,0.0010308376182587224,0.9959392936424682,0.0030298687392718345,ANN
S60,0.0005261804155115546,0.002012342011620818,0.9974614775728675,GRU
S61,0.387192448341317,0.38168655590858463,0.23112099575009834,1D-CNN
S62,0.25278481982878376,0.22536060765258564,0.5218545725186314,GRU
S63,0.34805637598240774,0.48764151119245897,0.16430211282513335,ANN
S64,0.4341553380206575,0.2858242286347929,0.28002043334454957,1D-CNN
S65,0.26231827794266155,0.37794834736285227,0.359733374694486,ANN
S66,0.1843956198279089,0.23497549633477852,0.5806288838373113,GRU
S67,0.0,0.0,0.0,1D-CNN
S68,3.27387524460166e-05,1.1031053764650069e-05,0.9999562301937893,GRU
S69,0.08858439413018437,0.23407219522525294,0.6773434106445649,GRU
S70,0.4097369832996812,0.5084149900098813,0.0818480266904362,ANN
S71,0.4027273453438054,0.36276699319484823,0.23450566146134855,1D-CNN
S72,0.20284640214860392,0.15161572585036534,0.6455378720010309,GRU
S73,0.054345409883751264,0.3962863567604638,0.5493682333557861,GRU
S74,0.4267880790690168,0.2891650983907907,0.2840468225401925,1D-CNN
S75,0.07917648873193951,0.1948608753013725,0.725962635966688,GRU
S76,0.015019384578110953,0.3441760699501752,0.6408045454717151,GRU
S77,0.9511666416202611,0.0203127133709322,0.028520645008806723,1D-CNN
S78,0.9994862818835688,0.0001958839582980151,0.0003178341581354122,1D-CNN
S79,0.3335433671374952,0.41336365952356696,0.25309297333893604,ANN
S80,0.015366842543411705,0.9666691690617748,0.01796398839481197,ANN
S81,0.3788935935186585,0.22481882974432363,0.3962875767370166,GRU
S82,0.47259089999419346,0.4540159187763688,0.07339318122943618,1D-CNN
S83,0.35457055849181834,0.37740642156619847,0.26802301994198147,ANN
S84,0.04372509090146284,0.37941021369876354,0.5768646953997735,GRU
S85,0.17032520190028655,0.7506645015741558,0.07901029652555758,ANN
S86,0.6076269383371539,0.19096424955019461,0.20140881211265135,1D-CNN
S87,0.5618185582625205,0.34938155422760875,0.08879988750986914,1D-CNN
S88,0.6034300078845698,0.07884606006571418,0.3177239320497155,1D-CNN
S89,0.40378160638964294,0.26270939510116265,0.33350899850919385,1D-CNN
S90,0.21855112161491033,0.2331590965325241,0.5482897818525652,GRU
S91,0.15350860425014207,0.31837038689469005,0.5281210088551663,GRU
S92,0.04930446169430572,0.9288302049988462,0.021865333306847787,ANN
S93,0.3702964470086192,0.40575323778689404,0.22395031520448677,ANN
S94,0.09416262647407841,0.22084313816332352,0.6849942353625998,GRU
S95,0.292658786679643,0.06834996655551426,0.6389912467648439,GRU
S96,0.009535650449993783,0.00816773987926981,0.9822966096707363,GRU
S97,0.1395313158192949,0.7288377167478847,0.1316309674328213,ANN
S98,0.02729334922390299,0.9481166261500295,0.024590024626066048,ANN
S99,0.26351547846927054,0.6070303520664024,0.12945416946432647,ANN
S100,0.4010003706623821,0.110009659839329,0.4889899694982888,GRU
S101,0.06497405320047166,0.876888553168016,0.058137393631514565,ANN
S102,0.202655712420757,0.740161289281507,0.057182998297734294,ANN
S103,0.31562134512434725,0.500482112824599,0.18389654205105455,ANN
S104,0.02833411104768656,0.08035793502585996,0.8913079539264531,GRU
S105,0.15865857127340044,0.22396716280136184,0.617374265925237,GRU
S106,0.07068969178737977,0.0585348064509271,0.870775501761693,GRU
S107,0.2672642072553677,0.2054713716133926,0.5272644211312366,GRU
S108,0.02182899997251858,0.02336555374881665,0.9548054462786646,GRU
S109,0.8750582648148167,0.052294959916205495,0.07264677526897718,1D-CNN
S110,0.35678873112757176,0.4071644329217314,0.23604683595069945,ANN
S111,0.33517513078986405,0.2300528028806378,0.43477206632949605,GRU
S112,0.19595170752495514,0.6061556717906454,0.19789262068439992,ANN
S113,0.3921678891113861,0.16931748495580579,0.43851462593280677,GRU
S114,0.0003809937887037628,2.452661856161572e-05,0.9995944795927348,GRU
S115,0.09268968464903238,0.5536393761468849,0.3536709392040823,ANN
S116,0.19840291161104942,0.4999719954503078,0.30162509293864365,ANN
S117,0.20784594670237017,0.1499971802051676,0.6421568730924643,GRU
S118,0.9296451461647103,0.05037956995728225,0.019975283878009457,1D-CNN
S119,0.0550357724396935,0.930797093662923,0.014167133897384514,ANN
S120,0.24753927369455192,0.2490350920829896,0.5034256342224579,GRU
S121,0.9343049094371603,0.02720546005961427,0.03848963050322563,1D-CNN
S122,0.2084368978661972,0.00827725853316313,0.7832858436006418,GRU
S123,0.37247170026401394,0.49283195580399936,0.13469634393198637,ANN
S124,0.05632431226359411,0.8843594960608592,0.05931619167554748,ANN
S125,0.9998247838065691,4.044310953846419e-05,0.0001347730838924603,1D-CNN
S126,0.781587740413281,0.04124247152091452,0.17716978806580452,1D-CNN
S127,0.31465016213633296,0.3525480016829602,0.3328018361807087,ANN
S128,0.08402132847691074,0.8060592343653785,0.1099194371577091,ANN
S129,0.13609349633735598,0.4696444396947555,0.3942620639678885,ANN
S130,0.9994171666052136,0.0002316726283029764,0.0003511607664854144,1D-CNN
S131,0.5191278347075284,0.44171071464674233,0.03916145064572851,1D-CNN
S132,0.26036062559750556,0.5343870300575617,0.20525234434493153,ANN
S133,0.22068005385354061,0.2204967744111179,0.5588231717353426,GRU
S134,0.8720212613410332,0.05700243306958278,0.07097630558938509,1D-CNN
S135,0.3476060170114668,0.43917819269556957,0.21321579029296395,ANN
S136,0.1130894473572173,0.5250472680263957,0.3618632846163882,ANN
S137,0.17641493058636484,0.21939020915857627,0.6041948602550572,GRU
S138,0.008150776388977543,0.9881226832354364,0.0037265403755857253,ANN
S139,0.11048249157564312,0.10508377827687716,0.7844337301474795,GRU
S140,0.4356816476601718,0.2071040710641434,0.3572142812756839,1D-CNN
S141,0.09611346189921789,0.7963464380422046,0.1075401000585766,ANN
S142,0.09997973225796111,0.7802943315173902,0.11972593622465169,ANN
S143,0.21577819646056273,0.39194843255045086,0.39227337098898585,GRU
S144,0.18558726292865527,0.010883717371211072,0.803529019700133,GRU
S145,0.31827386178081174,0.554105995758483,0.12762014246070605,ANN
S146,0.27883941535118184,0.522739552943981,0.19842103170483655,ANN
S147,0.7820358801838577,0.09178971310112635,0.1261744067150153,1D-CNN
S148,0.20907421983539082,0.3166090187208749,0.4743167614437343,GRU
S149,0.10313267538263435,0.1190861581316008,0.7777811664857642,GRU
S150,0.11969156341215367,0.0035034827179074753,0.8768049538699358,GRU
S151,0.6987356181972778,0.17222618023948888,0.12903820156323204,1D-CNN
S152,0.008244862117032155,0.9814029107055083,0.010352227177461029,ANN
S153,0.07750881720354152,0.7348651028696024,0.18762607992685398,ANN
S154,0.022088616926636585,0.003446712308973184,0.9744646707643903,GRU
S155,0.26885232846088686,0.009544479928528953,0.7216031916105862,GRU
S156,0.5041107179814411,0.3022641993221975,0.1936250826963612,1D-CNN
S157,0.6649545225507456,0.1443800350995577,0.1906654423496959,1D-CNN
S158,0.20859849988527993,0.6788855764225405,0.11251592369217903,ANN
S159,0.022683500734827746,0.31523070540709097,0.6620857938580835,GRU
S160,0.007338811328057708,0.05943187595649973,0.9332293127154425,GRU
S161,0.004533488999636663,0.011026581519358326,0.9844399294810049,GRU
S162,0.7550208123903974,0.008009723732667418,0.23696946387693513,1D-CNN
S163,0.6311343785071774,0.3210853615271359,0.047780259965686925,1D-CNN
S164,0.4071360646740474,0.3488777263845201,0.24398620894143425,1D-CNN
S165,0.012735813206728775,0.9760020267737594,0.011262160019510864,ANN
S166,0.030419829687924872,0.06470700997549098,0.9048731603365842,GRU
S167,0.3708763319993273,0.23883062436864444,0.390293043632027,GRU
S168,0.7875480016311683,0.1185795580197953,0.09387244034903613,1D-CNN
S169,0.29308926775032335,0.4519206481550674,0.2549900840946094,ANN
S170,0.19743373091506414,0.09875538305943984,0.7038108860254961,GRU
S171,0.828785696346549,0.08665189141541887,0.08456241223803211,1D-CNN
S172,0.68412997107499,0.1496094613382667,0.16626056758674257,1D-CNN
S173,0.01061997391998719,0.9735658258197719,0.01581420026024161,ANN
S174,0.9935211142795,0.0053559597579171765,0.001122925962582094,1D-CNN
S175,0.056612075233387425,0.5611797992801414,0.3822081254864722,ANN
S176,0.00831593740346037,0.49397363332105126,0.497710429275487,GRU
S177,0.088385463895891,0.24316498920460136,0.6684495468995082,GRU
S178,0.20790139764774443,0.12779213240974796,0.6643064699425076,GRU
S179,0.9637286692605409,0.007799153675379874,0.028472177064079156,1D-CNN
S180,0.9999843701375625,1.1980777838093727e-05,3.649084600183281e-06,1D-CNN
S181,0.25614716659006326,0.4900672845078292,0.25378554890210736,ANN
S182,0.21291855020247805,0.36622149863505055,0.4208599511624727,GRU
S183,0.5163061156496975,0.06657941253769406,0.417114471812606,1D-CNN
S184,0.10169092877771303,0.041498514129512366,0.8568105570927738,GRU
S185,0.4847729505046788,0.058385720360456854,0.4568413291348663,1D-CNN
S186,0.28411045942215113,0.28001610761441564,0.4358734329634318,GRU
S187,0.09681092346536374,0.4727793810986512,0.4304096954359846,ANN
S188,0.6531861506200032,0.13120704532975322,0.21560680405024302,1D-CNN
S189,0.015114344326015088,0.0029038944442243923,0.9819817612297597,GRU
S190,0.8279339922785628,0.022712456093499093,0.14935355162793784,1D-CNN
S191,0.049119510125009286,0.9306226126467068,0.020257877228283667,ANN
S192,0.00392321212029633,0.9932035693866786,0.0028732184930237684,ANN
S193,0.03917629943524911,0.4673655627939041,0.49345813777084657,GRU
S194,0.06791993143819734,0.6633278490192399,0.2687522195425624,ANN
S195,0.283973337081534,0.1902655787112327,0.5257610842072329,GRU
S196,3.6484703369462915e-06,0.999994237235626,2.114294037048282e-06,ANN
S197,0.2461519307864344,0.3342808935177472,0.41956717569581836,GRU
S198,0.17933707863451423,0.09501631211893616,0.725646609246547,GRU
S199,0.7673397813448737,0.08487277890633362,0.147787439748791,1D-CNN
S200,0.9961381205466695,0.000666665405448359,0.0031952140478827057,1D-CNN
S201,0.3267240029140067,0.4501668166323905,0.2231091804536052,ANN
S202,0.2689873293430317,0.3189193058553953,0.41209336480157255,GRU
S203,0.11273484052191148,0.4647854077078363,0.4224797517702543,ANN
S204,0.9811813454045921,0.009434839920234814,0.009383814675174237,1D-CNN
S205,0.1445493235095778,0.5821246698438488,0.27332600664657347,ANN
S206,0.00081108899657156,0.9988748512939576,0.0003140597094701731,ANN
S207,0.3499386230203215,0.40158093550463864,0.24848044147503973,ANN
S208,0.0007405795308004835,0.9979590694286701,0.0013003510405295224,ANN
S209,0.019767738782529427,0.02316179095973141,0.9570704702577391,GRU
S210,0.5784978599850348,0.3085441260147278,0.11295801400023754,1D-CNN
S211,0.4292181778965477,0.3871267081571719,0.18365511394628117,1D-CNN
S212,0.02916409795139057,0.9486491947078125,0.02218670734079721,ANN
S213,0.05444336703195523,0.03640323735934864,0.9091533956086961,GRU
S214,0.9975511599264514,0.0008459448972192661,0.0016028951763296718,1D-CNN
S215,0.9554030680188038,0.018102818988612202,0.02649411299258189,1D-CNN
S216,0.0002408814494371053,0.9995529391938502,0.00020617935671244628,ANN
S217,0.10791360926486913,0.7537376171652528,0.13834877356987818,ANN
S218,0.18661402304742034,0.29858714993876784,0.5147988270138119,GRU
S219,0.040218321885939844,0.9587064707698404,0.0010752073442193667,ANN
S220,0.8276555196589649,0.08884659107962739,0.08349788926140693,1D-CNN
S221,0.3041003268690979,0.6710844509274726,0.024815222203428963,ANN
S222,0.19146858200086161,0.6323869613476937,0.17614445665144554,ANN
S223,0.17496682354407506,0.12351259493309423,0.7015205815228319,GRU
S224,0.23262953017205418,0.500078195355978,0.267292274471967,ANN
S225,0.4724036608535282,0.109098491106558,0.4184978480399151,1D-CNN
S226,0.23036901922787398,0.47468701177130107,0.29494396900082465,ANN
S227,0.2105660271515952,0.46173392318485507,0.3277000496635504,ANN
S228,0.044943713647165685,0.04818593582684875,0.9068703505259853,GRU
S229,0.22341916479244325,0.43784093806092966,0.33873989714662694,ANN
S230,0.18765404226738663,0.47958439142454073,0.3327615663080722,ANN
S231,0.5952078462310687,0.042912028779615995,0.3618801249893154,1D-CNN
S232,0.30859128991181467,0.03566833951343585,0.6557403705747515,GRU
S233,0.45497907023098466,0.3046907293766585,0.24033020039235498,1D-CNN
S234,0.35568970620744617,0.3551918995598496,0.289118394232704,1D-CNN
S235,0.4865584430335776,0.10177503317633511,0.41166652379008783,1D-CNN
S236,7.400411341595056e-05,0.9998763752901288,4.962059645568099e-05,ANN
S237,0.290422367549513,0.3613919718921515,0.348185660558334,ANN
S238,0.023143225735261102,0.9546916436578515,0.0221651306068887,ANN
S239,0.9377638006015979,0.00041374212361885667,0.06182245727478318,1D-CNN
S240,0.08596777411382196,0.00557229920254674,0.9084599266836292,GRU
S241,0.36927001020771993,0.5006461108059986,0.13008387898628196,ANN
S242,0.2984371574570302,0.5705605764383608,0.13100226610460985,ANN
S243,0.038857677301593126,0.0886174050703224,0.8725249176280846,GRU
S244,0.10871515122086932,0.395006180147612,0.49627866863151743,GRU
S245,0.0013673946369986572,0.0006420866733200335,0.9979905186896811,GRU
S246,0.0004472723585980685,0.9993527018905787,0.00020002575082273794,ANN
S247,0.5164971500307294,0.19790690629106975,0.28559594367820107,1D-CNN
S248,0.08983340137246024,0.8222953045895419,0.08787129403799944,ANN
S249,0.0025300617944252744,0.01616219941086439,0.98130773879471,GRU
S250,0.002084004007536278,0.9856713187745152,0.012244677217948507,ANN
S251,0.5623575785772394,0.01639897939434451,0.4212434420284182,1D-CNN
S252,0.5382780321483843,0.15682980408451946,0.30489216376709555,1D-CNN
S253,0.29201250095638076,0.4809801966487734,0.2270073023948459,ANN
S254,0.0006907045782390875,0.9988984852440317,0.0004108101777291288,ANN
S255,0.0697693896985845,0.6269266839192161,0.3033039263821969,ANN
S256,0.23274161149441933,0.3856729053616601,0.3815854831439205,ANN
S257,0.03134712426434297,0.00487849077717768,0.9637743849584787,GRU
S258,0.5402933791242256,0.0032518279637677476,0.4564547929120045,1D-CNN
S259,0.457865236207811,0.397416031808305,0.14471873198388321,1D-CNN
S260,0.3474482244857919,0.3871546567183757,0.265397118795835,ANN
S261,0.006638917342768153,0.6702452797454812,0.3231158029117508,ANN
S262,0.5017699943976099,0.22956326269750507,0.268666742904887,1D-CNN
S263,0.25920604698320315,0.3181303844009878,0.4226635686158082,GRU
S264,0.15853534783358325,0.43300584580290347,0.40845880636351317,ANN
S265,0.7588118589307526,0.05484610611624324,0.1863420349530042,1D-CNN
S266,0.45326965363602717,0.2969130210499535,0.24981732531401754,1D-CNN
S267,0.1348703863211287,0.6743890108950833,0.1907406027837876,ANN
S268,0.8053288792519327,0.08735188480541106,0.1073192359426557,1D-CNN
S269,0.4954052794451682,0.2237642355831597,0.28083048497167223,1D-CNN
S270,0.09938013431398385,0.8310489211500209,0.06957094453599547,ANN
S271,0.0621396332961789,0.8560491246255638,0.08181124207825664,ANN
S272,0.0577218704144293,0.11882586526786765,0.8234522643177047,GRU
S273,0.017824510725897545,0.8839794121069084,0.09819607716719135,ANN
S274,0.7100762089679962,0.15375721207267717,0.13616657895932724,1D-CNN
S275,0.1798429718058014,0.7787384285548206,0.041418599639376656,ANN
S276,0.10715401817881133,0.07457341723924958,0.8182725645819414,GRU
S277,0.5897736896564655,0.1796563702584644,0.2305699400850689,1D-CNN
S278,0.33664773058855096,0.3496114856229735,0.31374078378847525,ANN
S279,0.009775728300424181,0.9777949478621201,0.012429323837460798,ANN
S280,0.10735324213363276,0.03520172405805001,0.8574450338083168,GRU
S281,0.2515300350458493,0.1560134881295003,0.592456476824648,GRU
S282,0.6325340078582983,0.01566116887174064,0.35180482326996104,1D-CNN
S283,0.025022039476304946,0.3970882849545297,0.577889675569165,GRU
S284,0.9896221449341134,0.0034875749016924453,0.006890280164194006,1D-CNN
S285,0.006120728596211053,0.993429758071806,0.0004495133319852956,ANN
S286,0.34200254872169694,0.5641699842076987,0.09382746707060394,ANN
S287,0.06146388590346753,0.9353576281979296,0.003178485898602758,ANN
S288,0.021561137725839417,0.04474498762907455,0.933693874645086,GRU
S289,0.03551329359001061,0.037768834488453105,0.9267178719215357,GRU
S290,0.4390375631282368,0.3551182033512698,0.20584423352049347,1D-CNN
S291,0.156646399076354,0.7086776716799997,0.13467592924364635,ANN
S292,0.2569642731172365,0.34239357917123575,0.4006421477115302,GRU
S293,0.8068750431441603,0.0018479862886170647,0.1912769705672244,1D-CNN
S294,0.5002204020655588,0.3358601124852492,0.16391948544919138,1D-CNN
S295,0.10993519046365363,0.7953630390577476,0.09470177047859861,ANN
S296,8.962704703225476e-05,0.9998566804874791,5.3692465487642606e-05,ANN
S297,0.108111184032103,0.2743608429103242,0.6175279730575718,GRU
S298,0.1561427089078604,0.8172062068421777,0.026651084249961463,ANN
S299,0.4326462940420626,0.3199087607749235,0.24744494518301544,1D-CNN
S300,0.012656615162571038,0.7581737235575335,0.22916966127989546,ANN
S301,0.02624829475863137,0.06457359610080055,0.9091781091405691,GRU
S302,0.005020884309443104,0.9239677404959509,0.07101137519460576,ANN
S303,0.891507480320802,0.049537803367254746,0.058954716311941595,1D-CNN
S304,0.2947645097750391,0.5545461835954144,0.1506893066295465,ANN
S305,0.9546015936420735,0.02984728288380327,0.015551123474123506,1D-CNN
S306,0.6943840870861214,0.047057505913397364,0.2585584070004846,1D-CNN
S307,0.9065299273922803,0.0759922366312106,0.017477835976509225,1D-CNN
S308,0.19023760075346907,0.701226920201944,0.10853547904458644,ANN
S309,0.01324309860362135,0.8942126361019441,0.09254426529443685,ANN
S310,0.18696915548075324,0.3387732721265195,0.47425757239272714,GRU
S311,0.3554731438599689,0.5001150222324883,0.14441183390754297,ANN
S312,0.12537148565218004,0.7016839112894598,0.17294460305835815,ANN
S313,0.022065375160399595,0.17919079355046447,0.798743831289136,GRU
S314,0.9408569137686296,0.015267633826471423,0.04387545240489847,1D-CNN
S315,0.04456853161490318,0.9337244315257217,0.021707036859374952,ANN
S316,0.20708290600412008,0.3909362669929244,0.4019808270029581,GRU
S317,0.10251943128833524,0.0020793119047739918,0.8954012568068899,GRU
S318,0.10777547821566565,0.7520992717865826,0.14012524999775214,ANN
S319,0.1784649447973749,0.14919187975740117,0.6723431754452228,GRU
S320,0.4626025450495115,0.33484489400280126,0.20255256094768606,1D-CNN
S321,0.40517087985089856,0.11477380744838446,0.480055312700716,GRU
S322,0.9940980187700975,0.0006400634413119198,0.005261917788590618,1D-CNN
S323,0.35254696820799203,0.5657936709807422,0.08165936081126493,ANN
S324,0.09738872029382403,0.5199663720319659,0.3826449076742093,ANN
S325,0.3227677371669658,0.34685493449385135,0.3303773283391816,ANN
S326,0.0014760331521414848,0.8417666961893308,0.1567572706585262,ANN
S327,0.10644877746153901,0.0467497273863805,0.846801495152081,GRU
S328,0.15636446074239857,0.5520881828799723,0.29154735637762896,ANN
S329,0.022183919531319183,0.8724002780547804,0.10541580241390032,ANN
S330,0.9180016308058218,0.009675568194579364,0.07232280099959819,1D-CNN
S331,0.5194796727852568,0.2814082940803974,0.19911203313434725,1D-CNN
S332,0.1389418715703277,0.7190652734091145,0.14199285502055728,ANN
S333,0.17762871747690484,0.8050884395251109,0.01728284299798377,ANN
S334,0.9832240440724019,0.009626687700175038,0.007149268227422329,1D-CNN
S335,0.7141138038231838,0.11802698245051847,0.16785921372629667,1D-CNN
S336,0.28518475338371757,0.24766204903860511,0.46715319757767637,GRU
S337,0.018021205826693823,0.0042164990998799405,0.977762295073429,GRU
S338,0.9536314521104134,0.01734188747997995,0.02902666040960884,1D-CNN
S339,0.3666323854094008,0.28590976711623267,0.3474578474743664,1D-CNN
S340,0.030705179880423854,0.8724090719846366,0.09688574813493958,ANN
S341,0.28737862612180215,0.08393644520633231,0.6286849286718657,GRU
S342,0.48877523551062385,0.28846819448544786,0.2227565700039307,1D-CNN
S343,0.020454143869174286,0.956883912011137,0.02266194411968976,ANN
S344,0.20107125393447237,0.45713253596503306,0.3417962101004943,ANN
S345,0.06809822358027771,0.47271681196731885,0.4591849644524024,ANN
S346,0.9950872092453886,0.0009800341729591564,0.003932756581651966,1D-CNN
S347,0.839188814540084,0.14745223189555728,0.013358953564358948,1D-CNN
S348,0.25413716979414613,0.5196805864587541,0.22618224374710166,ANN
S349,0.002749540913879369,0.9945517946141903,0.002698664471929702,ANN
S350,0.4600293471388942,0.21726627273664473,0.3227043801244604,1D-CNN
S351,0.3909639957830259,0.4119217619917081,0.19711424222526672,ANN
S352,0.007884792662030037,0.9589657814583883,0.033149425879581786,ANN
S353,0.3634373849212842,0.24344766497172737,0.3931149501069871,GRU
S354,0.0469010659263816,0.9303194300322165,0.022779504041400736,ANN
S355,0.32252614107289534,0.3668686182980572,0.3106052406290489,ANN
S356,0.006573020066506636,0.9931805696314728,0.0002464103020205521,ANN
S357,0.006190742606613802,0.006245301242465432,0.9875639561509195,GRU
S358,3.0408438038030423e-05,0.9997220545773479,0.000247536984614143,ANN
S359,0.09347125919109775,0.1618304669846817,0.7446982738242205,GRU
S360,0.009439019482635938,0.04167727456458221,0.948883705952782,GRU
S361,0.12043504336199176,0.4736647110439149,0.40590024559409454,ANN
S362,0.25843710096639133,0.06980421288825218,0.6717586861453552,GRU
S363,0.315124117435053,0.4070235341963075,0.2778523483686402,ANN
S364,0.08322624862181802,0.8399570248227792,0.0768167265554008,ANN
S365,0.009662001007764305,0.973780262689568,0.016557736302667544,ANN
S366,0.1746797096338204,0.24095849104173078,0.5843617993244483,GRU
S367,0.07714461731403373,0.16890220429857186,0.7539531783873944,GRU
S368,0.5663368273345672,0.3213115339132467,0.1123516387521858,1D-CNN
S369,0.3712145583887053,0.4102842304883822,0.2185012111229125,ANN
S370,0.05190134628729767,0.9070191619956481,0.04107949171705402,ANN
S371,0.142395284601909,0.042444364928928106,0.8151603504691629,GRU
S372,0.08957401805249485,0.10612181248754937,0.8043041694599558,GRU
S373,0.48404127517263673,0.11838164720012138,0.3975770776272406,1D-CNN
S374,0.2561421583123815,0.5881274823119222,0.15573035937569557,ANN
S375,0.05507726392549426,0.8402104079317021,0.10471232814280318,ANN
S376,0.039108887686574036,0.36458636111242704,0.5963047512009986,GRU
S377,0.25981279966736703,0.41066976232385294,0.3295174380087807,ANN
S378,0.0055995027950040575,0.00029022428888644797,0.9941102729161104,GRU
S379,0.0032329360378847275,0.9947647441521694,0.0020023198099458823,ANN
S380,0.30123205149654636,0.43407326396805285,0.26469468453539996,ANN
S381,0.0036617183710444113,0.9781459778383891,0.018192303790560388,ANN
S382,0.9192825230303165,0.03959159665333815,0.041125880316344954,1D-CNN
S383,0.1950321975849746,0.5394961967847757,0.2654716056302496,ANN
S384,0.24263527433751614,0.3844590133812207,0.37290571228126135,ANN
S385,0.17026594717648186,0.4583227742197901,0.3714112786037276,ANN
S386,0.22454814770740034,0.3887786367548521,0.3866732155377474,ANN
S387,0.10822102781355897,0.25844347991520283,0.6333354922712389,GRU
S388,0.6039051300809849,0.3173505843610578,0.07874428555795696,1D-CNN
S389,0.016269198832618927,0.9818853625540044,0.0018454386133759091,ANN
S390,0.5898197959801695,0.14328512967999643,0.266895074339834,1D-CNN
S391,0.24594873978399645,0.016976412008054498,0.7370748482079489,GRU
S392,0.47376161744499395,0.4662236638914658,0.06001471866354218,1D-CNN
S393,0.28732051649291607,0.45661487397914535,0.2560646095279403,ANN
S394,0.013483567131222698,0.0033756824649179276,0.9831407504038593,GRU
S395,0.34895020050135384,0.4303339381335036,0.22071586136514248,ANN
S396,0.27483496217119463,0.2818549460506466,0.44331009177815883,GRU
S397,0.2525729377216678,0.4319291650784711,0.3154978971998599,ANN
S398,0.2120127044561503,0.5125344637749075,0.27545283176894225,ANN
S399,0.21613888565609662,0.5893872079320455,0.1944739064118578,ANN
S400,0.9414457506200123,0.007663712925694541,0.05089053645429564,1D-CNN
S401,0.5631807371920496,0.3729677800828401,0.06385148272510964,1D-CNN
S402,0.9999396161627854,9.222290240868858e-06,5.11615469722581e-05,1D-CNN
S403,0.46981242698689263,0.3502581588360427,0.1799294141770644,1D-CNN
S404,0.28297867592317183,0.3933938762969689,0.32362744777985847,ANN
S405,0.0016570735938456597,0.10887744638814292,0.8894654800180115,GRU
S406,0.0,0.0,0.0,1D-CNN
S407,0.0,0.0,0.0,1D-CNN
S408,0.008637956511576407,0.0009478512507906376,0.9904141922376329,GRU
S409,0.6382973551667505,0.013084296991244446,0.3486183478420094,1D-CNN
S410,0.07702672587948292,0.6247559004623766,0.29821737365814344,ANN
S411,0.36470952740357376,0.2696654138413362,0.3656250587550896,GRU
S412,0.46039091492084705,0.46526347389460565,0.07434561118454497,ANN
S413,0.33585776608619067,0.45957192134871416,0.20457031256509414,ANN
S414,0.1728580680050381,0.3397521055428743,0.4873898264520888,GRU
S415,0.026750157054103774,0.0275439855474665,0.9457058573984298,GRU
S416,0.23746380506241105,0.5007879369963784,0.2617482579412103,ANN
S417,0.4084471042213669,0.15925585689492106,0.4322970388837123,GRU
S418,0.5682948488897649,0.09340932621492223,0.33829582489531207,1D-CNN
S419,0.5054148081047206,0.16708454589101987,0.32750064600426004,1D-CNN
S420,0.11363731088795478,0.7774740310091217,0.10888865810292248,ANN
S421,0.21010821602184762,0.39211446336757855,0.39777732061057386,GRU
S422,0.5013867387383101,0.0971700568945771,0.4014432043671136,1D-CNN
S423,0.07851000648580675,0.7277413134995291,0.19374868001466491,ANN
S424,0.03639871462247784,0.8170185471691643,0.14658273820835796,ANN
S425,0.00021085554771541832,0.998844567952918,0.0009445764993639297,ANN
S426,0.1405883711257699,0.3415939646926753,0.5178176641815534,GRU
S427,0.825869441522172,0.0139337733154178,0.16019678516241176,1D-CNN
S428,0.1667481470671524,0.8059714786977492,0.027280374235101507,ANN
S429,0.5075960827923747,0.1531117519956581,0.33929216521196703,1D-CNN
S430,0.9638133697746569,0.002581905758360032,0.03360472446698248,1D-CNN
S431,0.016318162289034342,0.9764877387728083,0.007194098938156894,ANN
S432,0.000810954576711652,0.9979258224599653,0.0012632229633228916,ANN
S433,0.0618116094897929,0.7337059945252443,0.20448239598496148,ANN
S434,0.05418589585008483,0.0005626906918082805,0.9452514134581063,GRU
S435,0.3968467616189523,0.4181987893367182,0.18495444904432962,ANN
S436,0.32455268607397747,0.2954032654489297,0.3800440484770923,GRU
S437,0.2930635394442784,0.13514329140394166,0.57179316915178,GRU
S438,0.7160065261210465,0.11129480619529696,0.17269866768365616,1D-CNN
S439,0.2687673850784971,0.4898170873629496,0.24141552755855178,ANN
S440,0.055155608999060864,0.07567255396484923,0.8691718370360866,GRU
S441,0.08117300955585112,0.25330482817699357,0.6655221622671554,GRU
S442,0.011128555327589223,0.9333003390812915,0.05557110559112083,ANN
S443,0.047417824739874354,0.9484466460287716,0.004135529231354086,ANN
S444,0.5269021044359294,0.321558363580084,0.1515395319839862,1D-CNN
S445,0.17796944192625752,0.5485331790024043,0.2734973790713364,ANN
S446,0.18921065969577106,0.6131981860491655,0.19759115425506346,ANN
S447,0.18999101625160464,0.38946698742188296,0.4205419963265151,GRU
S448,0.002779943125601784,0.0023794652324172494,0.9948405916419809,GRU
S449,0.44465233116077024,0.3869713544694972,0.16837631436973313,1D-CNN
S450,0.4380229052992228,0.32366696534405215,0.238310129356725,1D-CNN
S451,0.08312126878474327,0.7907807196629713,0.1260980115522833,ANN
S452,0.16962318688314512,0.05503064165370803,0.7753461714631481,GRU
S453,0.2905375318712761,0.2720123875372214,0.4374500805915025,GRU
S454,0.0054015013903836,0.9900273616769463,0.004571136932673437,ANN
S455,0.04233417027028494,0.0481772109121915,0.9094886188175229,GRU
S456,0.044415649305635525,0.9186285306024515,0.036955820091912304,ANN
S457,0.1722627401257171,0.35743271599475224,0.47030454387953075,GRU
S458,0.11583652609886015,0.27548058229638733,0.6086828916047508,GRU
S459,0.0033209540390518716,0.0006682706735432712,0.9960107752874049,GRU
S460,0.33537216067140624,0.36820666254002227,0.2964211767885708,ANN
S461,0.17843174886713511,0.46093188397463514,0.36063636715822783,ANN
S462,0.009289325032950808,0.03316258904994698,0.9575480859171022,GRU
S463,0.4416227429649865,0.09525913760446324,0.4631181194305497,GRU
S464,0.302990311509047,0.4417766122393212,0.2552330762516318,ANN
S465,0.26683367775332245,0.32415645123896514,0.4090098710077109,GRU
S466,0.37199195976418564,0.09044382116336029,0.5375642190724547,GRU
S467,0.09836258051753032,0.026254213002533906,0.8753832064799357,GRU
S468,0.150956539539238,0.578610997991323,0.2704324624694379,ANN
S469,0.27485731381772655,0.5766595003932836,0.14848318578898903,ANN
S470,0.3511870784677688,0.38870486322466424,0.26010805830756695,ANN
S471,0.029745237586680743,0.9218315730001532,0.04842318941316616,ANN
S472,0.009383302177218823,0.9362592893684141,0.05435740845436842,ANN
S473,0.4932204389836178,0.47818861832713033,0.028590942689251723,1D-CNN
S474,0.2554564961990154,0.5120985679074902,0.23244493589349338,ANN
S475,0.09466399781151395,0.8018867399959532,0.10344926219253345,ANN
S476,0.0032325742827968014,0.8350238386420221,0.16174358707518077,ANN
S477,0.992911141038681,0.002420571540138837,0.004668287421180787,1D-CNN
S478,0.15112076258329096,0.8379591355197776,0.010920101896931295,ANN
S479,0.9932956101027176,0.0004090846362087552,0.006295305261074267,1D-CNN
S480,0.2522312447122446,0.515682451535756,0.23208630375199946,ANN
S481,0.21066912417856423,0.2899600275131706,0.4993708483082648,GRU
S482,0.0021870597994493924,0.06921684653649929,0.9285960936640524,GRU
S483,0.8875378563106289,0.02717515983674818,0.08528698385262388,1D-CNN
S484,0.48059189724473084,0.31840488622644847,0.20100321652882067,1D-CNN
S485,0.4204509010859091,0.29465980781445616,0.2848892910996339,1D-CNN
S486,0.20715689350047442,0.6963245651563145,0.09651854134321147,ANN
S487,0.10116393690540283,0.7034005389127883,0.19543552418180848,ANN
S488,0.001121153934058587,0.9971794966700289,0.001699349395914729,ANN
S489,0.3215654781354656,0.16488416781751158,0.5135503540470225,GRU
S490,0.9546085585551449,0.005241503176277619,0.04014993826857742,1D-CNN
S491,0.3248703062281209,0.46630630187471683,0.20882339189716423,ANN
S492,0.15224204276993347,0.6421057179982796,0.20565223923178816,ANN
S493,0.15683589697911954,0.3793128755087088,0.4638512275121724,GRU
S494,0.9924954996159068,0.0014062296656169833,0.006098270718476217,1D-CNN
S495,0.31778826747618916,0.43126507529429065,0.2509466572295203,ANN
S496,0.2607005797649978,0.29654642833078004,0.4427529919042219,GRU
S497,0.0037286561202210175,0.9805354608405178,0.015735883039258963,ANN
S498,0.0891365405636969,0.8082140722819324,0.10264938715437012,ANN
S499,0.17878447995546068,0.2543228598393681,0.5668926602051692,GRU
S500,0.07021085005977286,0.15383343188524562,0.7759557180549804,GRU
S501,0.7661141312257442,0.028365540077862697,0.20552032869639178,1D-CNN
S502,0.20853656070367455,0.6516014074155229,0.1398620318808024,ANN
S503,0.34093572320896526,0.30643508918144596,0.3526291876095883,GRU
S504,0.16531313886591417,0.19245510843476382,0.6422317526993221,GRU
S505,0.2882472347023793,0.307818255955658,0.40393450934196096,GRU
S506,0.7242573042590313,0.015014918051536177,0.2607277776894352,1D-CNN
S507,0.9651508564981445,0.017388096853099593,0.017461046648778906,1D-CNN
S508,0.4007766100683554,0.006913370924618016,0.5923100190070264,GRU
S509,0.027163354903059756,0.9605114137923328,0.012325231304607435,ANN
S510,0.2403130812897352,0.5330292078129718,0.22665771089729503,ANN
S511,0.27069381022297273,0.6040173008848233,0.12528888889220643,ANN
S512,0.9985134378315479,0.0009242712512223522,0.0005622909172289811,1D-CNN
S513,0.9900424217477081,0.005196289586182385,0.0047612886661096395,1D-CNN
S514,0.1574186882486069,0.744487351526184,0.09809396022520987,ANN
S515,0.2228524177156066,0.6732339087377521,0.10391367354664287,ANN
S516,0.005849137783662617,0.9601428825785924,0.034007979637744615,ANN
S517,0.03298090204863912,0.7174565469464953,0.2495625510048637,ANN
S518,0.6055314402308068,0.23615822163582634,0.15831033813336595,1D-CNN
S519,0.5408977258203659,0.30854406486675773,0.1505582093128762,1D-CNN
S520,0.10524541522982049,0.7903284023716408,0.10442618239853846,ANN
S521,0.13342315754344738,0.28946975404936276,0.5771070884071898,GRU
S522,0.2708376073195686,0.2660116925290996,0.46315070015132986,GRU
S523,0.1662854572794268,0.18253429236725238,0.6511802503533227,GRU
S524,0.19029144436327505,0.48397421165748783,0.32573434397923584,ANN
S525,0.0014989976042455576,0.0007751149032853306,0.9977258874924698,GRU
S526,0.180289729689098,0.36195685101164654,0.45775341929925517,GRU
S527,0.172453714657076,0.26687982517490666,0.5606664601680166,GRU
S528,0.0016025369716644237,0.00025096920590174024,0.9981464938224334,GRU
S529,0.03628421147764645,0.9355853365919703,0.028130451930383132,ANN
S530,0.8098263738126158,0.12468009546881235,0.06549353071857242,1D-CNN
S531,0.519859090632467,0.36558027807711907,0.11456063129041318,1D-CNN
S532,0.3405391943281078,0.5520625358720372,0.10739826979985556,ANN
S533,0.021551204816996218,0.887315850939352,0.09113294424365041,ANN
S534,0.2853920901383052,0.11054621205150858,0.6040616978101867,GRU
S535,0.7302104937618313,0.0601149946396078,0.20967451159856085,1D-CNN
S536,0.33825767498147524,0.5063798865078138,0.15536243851071113,ANN
S537,0.10716513059656203,0.797069372996945,0.09576549640649401,ANN
S538,0.030273029455793386,0.9214402778292076,0.0482866927150003,ANN
S539,0.10905740085199297,0.6322437191146556,0.25869888003335323,ANN
S540,0.02911052599931022,0.9534538166131369,0.01743565738755285,ANN
S541,0.17075181184117783,0.535067181717403,0.29418100644141987,ANN
S542,0.29804644062554664,0.256801663308181,0.44515189606627376,GRU
S543,0.025999938716211438,0.0027427497132615822,0.9712573115705274,GRU
S544,0.22671209186138006,0.332197472771729,0.4410904353668931,GRU
S545,0.28232124106784884,0.10430656581982103,0.6133721931123287,GRU
S546,0.6074496045953495,0.17977705214057985,0.2127733432640705,1D-CNN
S547,0.44698553665918067,0.34587688889596324,0.2071375744448549,1D-CNN
S548,0.03710281908459717,0.9346819874490521,0.028215193466349504,ANN
S549,0.009775249843926786,0.9823437697736974,0.00788098038237781,ANN
S550,0.9823022691378734,0.0024197562331521503,0.01527797462897448,1D-CNN
S551,0.3086272620554711,0.46692974910093027,0.2244429888435982,ANN
S552,0.0021193459234283302,0.9967836369370752,0.0010970171394954005,ANN
S553,0.5733877939473054,0.20838043546561347,0.21823177058708043,1D-CNN
S554,0.9951010484354138,0.001166262856378164,0.0037326887082062953,1D-CNN
S555,0.1937560864836638,0.5247288869503033,0.2815150265660306,ANN
S556,0.000755630358257909,0.998244900700448,0.0009994689412941308,ANN
S557,0.6888313053828193,0.13550258804277973,0.17566610657440074,1D-CNN
S558,0.6796707865418784,0.2310469887092751,0.0892822247488486,1D-CNN
S559,0.7441505931846397,0.24862301735745646,0.007226389457902784,1D-CNN
S560,0.1085072470658726,0.7863193673290064,0.10517338560512171,ANN
S561,0.4901985579904603,0.3301609087020211,0.1796405333075178,1D-CNN
S562,0.12164109593864163,0.49682938886877337,0.3815295151925841,ANN
S563,0.09500634408382984,0.0595760112068809,0.8454176447092885,GRU
S564,0.25939432469917784,0.521884269297623,0.2187214060031978,ANN
S565,0.017344585972759154,0.12975146233337403,0.8529039516938673,GRU
S566,0.31472269968389543,0.4503255445235207,0.23495175579258268,ANN
S567,0.25930900885973557,0.44864061422349527,0.2920503769167727,ANN
S568,0.32358018817468637,0.29160800065689585,0.3848118111684177,GRU
S569,0.2239490770355968,0.1748166352505407,0.6012342877138604,GRU
S570,0.45005938662166933,0.016936477815501342,0.5330041355628287,GRU
S571,0.9274509688261151,0.05539325895843495,0.017155772215450477,1D-CNN
S572,0.41504751653081795,0.5296146703675502,0.05533781310163187,ANN
S573,0.4369130450803413,0.17132886986783044,0.391758085051831,1D-CNN
S574,0.16480727668171877,0.20808250287144633,0.6271102204468363,GRU
S575,0.027236863774950527,0.5626094933335603,0.4101536428914885,ANN
S576,0.09536357849530039,0.8422565177098511,0.062379903794848514,ANN
S577,0.15079564444450494,0.6956822664253629,0.15352208913013218,ANN
S578,0.2711856738587413,0.30857811713090844,0.420236209010349,GRU
S579,0.9942799459489332,0.00024640874129122425,0.005473645309775045,1D-CNN
S580,0.22906753960998683,0.5414595503196941,0.22947291007031978,ANN
S581,0.14918522126927633,0.4410500455293456,0.40976473320137935,ANN
S582,0.9949730386792408,0.00014430472933217228,0.004882656591427767,1D-CNN
S583,0.02899376206389355,0.9568194953287235,0.01418674260738385,ANN
S584,0.05337707146964122,0.8963342225397434,0.05028870599061525,ANN
S585,0.0994208238487938,0.5825170445968048,0.3180621315544021,ANN
S586,7.957846924951974e-05,0.9983046622641539,0.0016157592665963115,ANN
