Segment,1D-CNN,ANN,LSTM,CNN-LSTM,GRU,Selected
S1,0.9585154859792734,0.0003870495783212391,0.004538071622882039,0.011975316897270698,0.024584075922278178,1D-CNN
S2,0.5824342445955465,0.09610180680391947,0.008073342900839664,0.07606172682939863,0.2373288788702938,1D-CNN
S3,0.09164364665944565,0.15931866396686836,0.22169792988699583,0.4720182273259475,0.05532153216073648,CNN-LSTM
S4,0.1391055742297207,0.5300827999255223,0.20270719369101742,0.06797352399919009,0.06013090815455072,ANN
S5,0.0004434828099519417,0.0027169537839772406,0.9964002311539721,0.00019872235601141723,0.00024060989610287363,LSTM
S6,0.0022935837169507515,0.01214862400474941,0.06968531068290039,0.007322195693907337,0.9085502859015157,GRU
S7,0.0005902618749966157,0.0012013229768309513,0.9826589761477119,0.004572115040432619,0.010977323960025844,LSTM
S8,0.06652434215068745,0.14281799276179563,0.5455624935369005,0.11048616656442053,0.13460900498620268,LSTM
S9,0.3002846447566089,0.3035187387045271,0.023227896666125927,0.03250208588389605,0.34046663398882215,GRU
S10,0.22927837024018344,0.1657009483868534,0.00045277953191663546,0.15849219876900814,0.44607570307203126,GRU
S11,0.24099539135518425,0.5997423387435675,0.0391679811041075,0.09786903112693496,0.022225257670199675,ANN
S12,0.05508971736121136,0.08414631526079518,0.7752564591386538,0.06010333541962108,0.025404172819706746,LSTM
S13,0.0007952560350476351,0.99426920400319,0.0019933605209867377,0.0011380517404557433,0.0018041277003170366,ANN
S14,0.0751485239819221,0.13358447109694616,0.377952472698914,0.15375398644415184,0.259560545778059,LSTM
S15,0.0,0.0,0.0,0.0,0.0,1D-CNN
S16,0.0,0.0,0.0,0.0,0.0,1D-CNN
S17,0.003922773405430198,0.002144271868347245,1.1001016707150823e-05,0.0010071142114681682,0.9929148394980452,GRU
S18,0.4272906874425327,0.18453864873139264,0.012962701727153829,0.3529421011441704,0.022265860954756824,1D-CNN
S19,0.03220301537855866,0.01755942214339024,0.9234069614913771,0.024223284525600453,0.002607316461075656,LSTM
S20,0.3437946310558483,0.1463711601282963,0.019216161315269004,0.07652187572173605,0.4140961717788415,GRU
S21,0.18832774970625657,0.27578712418872203,0.3830670718969723,0.11900641943871952,0.0338116347693365,LSTM
S22,0.1137960960467501,0.06523148162763462,0.6388865516568464,0.08877758941496869,0.09330828125380093,LSTM
S23,0.005378896549764278,0.07007629573298428,0.8299419219199418,0.035499005875021764,0.059103879922280854,LSTM
S24,0.03966903340164271,0.19781155132118114,0.01920439456617226,0.011329632430631445,0.7319853882803614,GRU
S25,0.47492110738286175,0.44079049715627217,0.00040119903513387414,0.021714509225967883,0.06217268719976215,1D-CNN
S26,0.008415418702816835,0.4839307030736561,0.4080013855224569,0.00365468151964864,0.09599781118203757,ANN
S27,0.3394709267544891,0.008446846766586727,0.0004206735824908076,0.016107099022538374,0.6355544538739022,GRU
S28,0.25583438257682944,0.12674400159644722,0.02957552753927792,0.5521777358777136,0.035668352409708136,CNN-LSTM
S29,0.060022679134682115,0.009904918355686325,0.7776486657104127,0.1307346529471326,0.02168908385208112,LSTM
S30,0.9711531893584543,0.0005048093995711932,0.0011852718796643944,0.016939580749364993,0.010217148612943087,1D-CNN
S31,0.0009835608392929898,0.004363134480922743,0.9920905581505266,0.001914869641680524,0.0006478768875806933,LSTM
S32,0.11025723578719236,0.3500859897052827,0.2021593960362208,0.08680233963771178,0.25069503883361927,ANN
S33,0.9970963615119689,9.590521714171064e-05,0.000150530598524564,0.0006538837430099131,0.002003318929354385,1D-CNN
S34,0.3821411010050006,0.4882045120139207,0.006683146613907462,0.0960427223199163,0.026928518047238205,ANN
S35,0.024674719725357824,0.09936347617368668,0.7749968660133033,0.07731153318962138,0.02365340489805018,LSTM
S36,0.031334910448440285,0.641192237196431,0.2707005346315655,0.022259453691446808,0.034512864032132086,ANN
S37,0.006713034792329108,0.08892682878132788,0.3709951201508417,0.034243955139540934,0.49912106113593047,GRU
S38,0.0013198623352032252,0.0029429519763487285,0.004040635753718604,0.0010623945173235335,0.9906341554173945,GRU
S39,0.0,0.0,0.0,0.0,0.0,1D-CNN
S40,0.0,0.0,0.0,0.0,0.0,1D-CNN
S41,0.00024821542069984956,2.2787019455260398e-05,3.079442413743727e-06,0.0023185904952830114,0.9974073276221243,GRU
S42,0.0017499225845965982,0.9970214882293523,0.00028963703449874813,0.0006113315767033612,0.00032762057483978784,ANN
S43,0.15512293911157607,0.17446375076720616,0.4224895328425423,0.13826634363289045,0.10965743364576723,LSTM
S44,0.1307114037793224,0.7272210511961136,0.026865170901295397,0.014144951066315407,0.10105742305694855,ANN
S45,0.005141529080558118,0.005033627925862985,0.8191137421707418,0.13140698722145988,0.039304113601375194,LSTM
S46,0.9683139658506196,0.030959781666439336,0.00027364620538796564,0.00013382004654372776,0.0003187862310020983,1D-CNN
S47,0.004011308055849546,0.14950754415989753,0.19903457891377063,0.5869038958768454,0.06054267299361186,CNN-LSTM
S48,0.3257799392057243,0.07736460485379586,0.3592382470797238,0.10260129179253609,0.13501591706819832,LSTM
S49,0.10292966281412724,0.03719666353514952,0.07238068816176922,0.07713059792676472,0.7103623875622107,GRU
S50,0.7900428111879279,0.04269508306310724,0.0013895043868153278,0.03642377650675815,0.12944882485539003,1D-CNN
S51,0.07198583704103008,0.5886724579380805,0.00025718647988963217,0.18329323568814518,0.155791282852841,ANN
S52,0.008533641544727808,0.004691245512365046,0.006179425287570751,0.9161406036051915,0.06445508405017128,CNN-LSTM
S53,0.14966627949756203,0.4082815594459142,0.23981618238671068,0.15067463888543728,0.051561339784347085,ANN
S54,0.49474463560594234,0.36981731327721856,0.07666286610493482,0.0340561453732277,0.024719039638671607,1D-CNN
S55,0.03474884508717282,0.9645286882086935,7.092986143273034e-05,0.00014465149864830855,0.0005068853440461802,ANN
S56,0.5427027272391058,0.4527778458141083,0.00041888238609077755,0.0016969611256758342,0.0024035834350201323,1D-CNN
S57,0.060816034014031024,0.08361873788685094,0.08111379052044763,0.51887848406715,0.2555729535115051,CNN-LSTM
S58,0.005140769204823314,0.028370869726952967,0.5584482519396775,0.09038964348524493,0.31765046564329785,LSTM
S59,0.0009582936429274266,0.9797564297288643,0.01174044452120075,0.002589346525892071,0.0049554855810693445,ANN
S60,0.0004529201553858939,0.0013610081856648337,0.22548955947999635,0.010408158661977644,0.7622883535169627,GRU
S61,0.0005621924682895244,0.0004976681838711661,0.022648009377629286,0.9761130911582565,0.00017903881189931746,CNN-LSTM
S62,0.39604340034915125,0.1715236565255406,0.006488990262432974,0.0216358680654761,0.40430808479742786,GRU
S63,0.3594895307642605,0.4423948830997449,0.011454560978101035,0.020606979790992408,0.16605404536689308,ANN
S64,0.0747546801577231,0.026417482513629152,0.19703843060426393,0.6729515905113466,0.02883781621304057,CNN-LSTM
S65,0.15474224126284686,0.13977814607737202,0.19213617312577386,0.21677460883150518,0.2965688307025076,GRU
S66,0.07158462548104605,0.10126655551573333,0.15915424351903723,0.2077590298094961,0.46023554567468716,GRU
S67,0.0,0.0,0.0,0.0,0.0,1D-CNN
S68,1.0269665698689049e-05,4.807486499261446e-06,3.848505321309298e-07,1.0237642592222218e-05,0.9999743003546774,GRU
S69,0.09637052618739779,0.2696677297717906,0.0020641768319719462,0.10884054443198093,0.5230570227768624,GRU
S70,0.29686656618600726,0.3846526405813587,0.11908391544158141,0.16014398360887291,0.039252894182160554,ANN
S71,0.10899094517930166,0.1018825053179072,0.6593753418671886,0.08432609073669925,0.045425116898902725,LSTM
S72,0.18814434592056642,0.5497206584619654,0.0006132304127873625,0.0001719020513883719,0.26134986315339487,ANN
S73,0.008016562944482823,0.09186331540264733,0.012607798505071446,0.03687797314381578,0.8506343500039694,GRU
S74,0.20946127537552334,0.24221443878142684,0.046414460214060003,0.22751425445641257,0.2743955711725735,GRU
S75,0.0015457607967569605,0.004168614026231474,0.043688362853063656,0.9163066288039822,0.03429063351996112,CNN-LSTM
S76,0.0085917653692021,0.274458670225076,0.2153101020517564,0.05132814701167961,0.4503113153422912,GRU
S77,0.9042909539397348,0.009911280721839793,0.03272207183989522,0.018287665089809516,0.03478802840871407,1D-CNN
S78,0.9994079306262079,0.00017289183285572866,5.1874085754675454e-05,5.483144737699999e-05,0.0003124720078305119,1D-CNN
S79,0.06998927597171624,0.10878671809447144,0.5884893914841605,0.1636200349133549,0.06911457953630092,LSTM
S80,0.00866529435061081,0.871651875607693,0.08341831243528308,0.02598026618928756,0.010284251417113255,ANN
S81,0.22304649860023296,0.0810521526168795,0.20613501151427852,0.22068709277351908,0.26907924449508075,GRU
S82,0.4067088992276207,0.39381122976840827,0.06434197305910938,0.06909999513760287,0.06603790280726539,1D-CNN
S83,0.027258632541308805,0.03332568291653194,0.8308518922441408,0.08385016432131512,0.02471362797669413,LSTM
S84,0.032103476377928646,0.49109753895805186,0.014648466968098826,0.021543294736096785,0.44060722295981686,ANN
S85,0.07501443191163218,0.20631787993973547,0.5265483956309146,0.10307979134372988,0.08903950117408391,LSTM
S86,0.5195190106499553,0.07905452128957503,0.2784635463507396,0.06047336094560783,0.06248956076411785,1D-CNN
S87,0.5358839844402553,0.23710945172126688,0.1277789621017664,0.07889797495222473,0.020329626784486427,1D-CNN
S88,0.8403599210465292,0.02373708477261495,0.0016846434204536257,0.012834633047829844,0.12138371771257064,1D-CNN
S89,0.003163972488368092,0.0012420233777061796,0.9925670105710008,0.0008305090153803322,0.0021964845476959353,LSTM
S90,0.10896882062548834,0.16530963972208226,0.026974663721374435,0.1924242179907772,0.5063226579402786,GRU
S91,0.0724663219812103,0.14290979199965612,0.011433671842661131,0.42363676743597095,0.34955344674049976,CNN-LSTM
S92,0.052113273946442495,0.8915712533191535,0.013307870007305857,0.02925623248841239,0.01375137023865823,ANN
S93,0.003061051810680571,0.0038923507021312773,0.9888603102438287,0.0027140679158945656,0.0014722193274686493,LSTM
S94,0.10765483255253246,0.3538311228370691,0.03524385315152437,0.06150310432429409,0.4417670871345606,GRU
S95,0.09655593445523264,0.013898519302399739,0.7608686477263055,0.022467560342008686,0.10620933817427035,LSTM
S96,0.0001000604715664539,6.729417323609689e-05,0.9789557725616076,0.0023622691018589633,0.018514603691728297,LSTM
S97,0.05641455832662048,0.21004249374437886,0.5923420036175405,0.06879304466794249,0.07240789964352762,LSTM
S98,0.019127046502825422,0.9339494105239429,0.018533791691898917,0.015012724007896772,0.013377027273453012,ANN
S99,0.031137929829270126,0.1500801251580772,0.019217566495317966,0.7922547139588619,0.00730966455854502,CNN-LSTM
S100,0.7179577042693689,0.021749354477973416,0.00013507549581956842,0.03944687963996558,0.2207109861168945,1D-CNN
S101,0.06905049912068273,0.8457368758608638,0.00040440451909951253,0.019155986678487388,0.06565223382088177,ANN
S102,0.00011963807912041712,0.000561100846929312,0.9992208733094686,8.117738981222441e-05,1.7210374670079866e-05,LSTM
S103,0.13820900174083603,0.3162096680042392,0.388223585954779,0.11294038169170938,0.04441736260841795,LSTM
S104,0.0004993812370087845,0.0015698224261545917,0.46947338146342293,0.17219164732994952,0.3562657675434449,LSTM
S105,0.02191599687968919,0.038692191990894235,0.5037208834350227,0.12588889421697194,0.30978203347742544,LSTM
S106,0.012794970958814893,0.006326334550331817,0.13047557617537384,0.07971831775655615,0.7706848005589351,GRU
S107,0.023461249077102283,0.024383545163586207,0.17808365424808917,0.41402417560826116,0.36004737590297986,CNN-LSTM
S108,0.003694756637764874,0.00671220950917449,0.0002751209486384728,0.004241726271716681,0.9850761866327047,GRU
S109,0.3019908782715466,0.0074985528941769915,0.0021318095218209295,0.6815044933213544,0.006874265991109634,CNN-LSTM
S110,0.0017024859110790398,0.0022601170909737033,0.9922537599450448,0.00301332227445991,0.000770314778443209,LSTM
S111,0.2794299627816017,0.1937848931420426,0.07844024497624069,0.12925187650274117,0.3190930225974067,GRU
S112,0.05061465125174801,0.3509660772938129,0.06404709627636959,0.4429184486644844,0.09145372651356912,CNN-LSTM
S113,0.09961741964589903,0.020982005094049017,0.6495927976131615,0.12850694106845262,0.10130083657843528,LSTM
S114,6.298672934534614e-06,3.0137433266334453e-07,2.4377057728059554e-07,3.7827255457012823e-06,0.9999893734566095,GRU
S115,0.0019370621754023771,0.048880969840097654,0.9126636392288745,0.0075956381039012045,0.028922690651684776,LSTM
S116,0.05518333357881073,0.1984834849206695,0.5695439769447618,0.056620623295051596,0.12016858126070289,LSTM
S117,0.12417534873786375,0.11249149989753024,0.05568289091094714,0.08539923349208961,0.6222510269615957,GRU
S118,0.9097906165590375,0.05086971487005034,0.0002529580362414068,0.017083961742755564,0.02200274879191815,1D-CNN
S119,0.08708845485556194,0.6357919289124124,0.054005950054895405,0.2138904440454258,0.009223222131662224,ANN
S120,0.2191414681959282,0.24110501891237693,0.09812278013915704,0.1618426020197102,0.27978813073281866,GRU
S121,0.6656235950527403,0.012334597578096913,0.00853231082206778,0.30680153378608926,0.006707962761001348,1D-CNN
S122,0.281674978278754,0.007881360756694905,0.006675274138122126,0.03454221741567933,0.6692261694107471,GRU
S123,0.17627957836948124,0.2514941566999353,0.22715178326217092,0.3054660690317255,0.039608412636686706,CNN-LSTM
S124,0.040758311107447806,0.5570846670882552,0.32681698491694616,0.04092307424802934,0.03441696263932024,ANN
S125,0.9997238305917977,2.2869323748556383e-05,4.018282096829957e-05,4.631877224842235e-05,0.00016679849125129668,1D-CNN
S126,0.7167497244804054,0.01937961251572628,0.034978047015334,0.10883263430969113,0.1200599816788601,1D-CNN
S127,0.007253212203110573,0.009608591026139162,0.7737730048923608,0.19963978769601468,0.00972540418237102,LSTM
S128,0.021894500062799242,0.210875823886042,0.6859352867788738,0.0510130717719732,0.030281317500321276,LSTM
S129,0.11892808647264588,0.4169477613320699,0.04562209756557911,0.02026407549811891,0.3982379791315793,ANN
S130,0.9994644094872119,0.00026138211903369517,2.2643009413384348e-05,2.767084406679205e-05,0.00022389454027115218,1D-CNN
S131,0.551904035274068,0.26664137097645085,0.0012169041148658477,0.14639203302029666,0.03384565661430208,1D-CNN
S132,0.00920345251135353,0.05101917293512896,0.8775031734295398,0.05411339932359934,0.008160801800365953,LSTM
S133,0.2334227422769106,0.27771516660287077,0.04128810899539022,0.12781430672773256,0.31975967539708766,GRU
S134,0.09375287597467066,0.0052960036851583655,0.0018377428417198638,0.8963915816921993,0.002721795806250917,CNN-LSTM
S135,0.034150834197884256,0.04987364583378942,0.8525778520528071,0.046670674044727994,0.01672699387080028,LSTM
S136,0.08154692240742727,0.41678296645304874,0.10606643919170616,0.021384248503494914,0.3742194234443516,ANN
S137,0.02207051891196863,0.0313871647851596,0.6089702165041113,0.14643772003568992,0.19113437976307146,LSTM
S138,0.004750266289158396,0.9911416494664266,0.0012327964932369825,0.0013072206995470726,0.0015680670516275725,ANN
S139,0.06830855002020977,0.08037226763886585,0.15366838920011838,0.14859661539885843,0.5490541777419864,GRU
S140,0.03953790097505894,0.009161764043352703,0.7264689819162345,0.19176708211642818,0.03306427094891334,LSTM
S141,0.06680258018319911,0.6734911773108375,0.13640256410957827,0.040514343057356864,0.08278933533903719,ANN
S142,0.025858733774907657,0.1740206954864481,0.7231067964604732,0.045291453038542866,0.03172232123966409,LSTM
S143,0.1217701857561605,0.4076568548337058,0.12290627261018319,0.0738549963222171,0.2738116904777304,ANN
S144,0.19703646665932675,0.008593673827914584,0.0009587823001365142,0.06088976561641661,0.7325213115961924,GRU
S145,0.18701205157189976,0.26281834268447635,0.37224446759412977,0.13320822401139956,0.04471691413812172,LSTM
S146,0.0718438042549093,0.1907707674271551,0.5823911048897373,0.12145810704947205,0.03353621637870008,LSTM
S147,0.7219585372414666,0.007537666449640904,0.21547522857872237,0.02792431389906028,0.02710425383110202,1D-CNN
S148,0.03452171152857078,0.07439655621856568,0.5643588548136732,0.18734664988477928,0.13937622755442033,LSTM
S149,0.011951797218307738,0.014827421293656325,0.4569983465191378,0.012711641398326217,0.5035107935705679,GRU
S150,0.057598216496246336,0.0019561908409547342,0.0018976443798053647,0.011616605697873792,0.9269313425851107,GRU
S151,0.009387555755100878,0.0015786514207115807,0.0024610835704032695,0.9858349199067006,0.0007377893470670526,CNN-LSTM
S152,0.0016314208414888013,0.3992398182811991,0.5901848087603817,0.005934967079851967,0.003008985037073984,LSTM
S153,0.04090326658486526,0.37037143689444924,0.3233276984928559,0.07495216927763847,0.1904454287501983,ANN
S154,0.014594542691688382,0.0031338325970087554,0.0012664454271631965,0.00219598414288575,0.9788091951412519,GRU
S155,0.29788434599829217,0.006978380846898693,0.0008076164179753393,0.011318145115759522,0.6830115116210896,GRU
S156,0.13302074670207123,0.06674643576861812,0.02354610394408671,0.729781748783624,0.04690496480159983,CNN-LSTM
S157,0.2223171645074612,0.037253930305897125,0.03617253612450697,0.6579083158656458,0.04634805319646432,CNN-LSTM
S158,0.009598296807976529,0.06306734120417784,0.9184067149383932,0.005589562362218714,0.0033380846871929903,LSTM
S159,0.01870212558354409,0.44634924289271577,0.06458914349153239,0.012743558861045102,0.4576159291711636,GRU
S160,0.0023990334084576744,0.02197282925030694,0.43523893028410304,0.02005510091815148,0.5203341061389894,GRU
S161,0.004718862225902169,0.014032688564001871,0.032362535867624304,0.004936522052208598,0.9439493912902477,GRU
S162,0.8079543365449112,0.008152105844282793,0.0010201777352935267,0.0011056400920986713,0.18176773978341101,1D-CNN
S163,0.5621061350972653,0.2210357810195148,0.006799983208508961,0.17400321623371057,0.03605488444103597,1D-CNN
S164,0.052253226396570825,0.04966892266110599,0.7738529046233585,0.0965981651116057,0.027626781207358665,LSTM
S165,0.00508732111673189,0.9748239666714473,0.01402919356866538,0.0028265566737067263,0.0032329619694468755,ANN
S166,0.004758802714406522,0.010069065354491645,0.48005422676397735,0.059184793178424726,0.4459331119886914,LSTM
S167,0.2619338251675494,0.16608619218086487,0.12630253115810103,0.1325208940233462,0.31315655747014387,GRU
S168,0.5696777392597906,0.0888308325462381,0.08977814179509473,0.17549086875900996,0.07622241763987475,1D-CNN
S169,0.010791405546282938,0.0111347459103553,0.8191258700375308,0.15174153932374945,0.007206439182079073,LSTM
S170,0.18412427763418313,0.03932241417298362,0.05011905948316776,0.04854743263028306,0.6778868160793653,GRU
S171,0.7782942156353871,0.043045420132875975,0.04911813017856826,0.07797727004153841,0.051564964011626364,1D-CNN
S172,0.32753465494321776,0.09406634490717962,0.2165129243377313,0.2308645077666813,0.131021568045141,1D-CNN
S173,0.0002264639280715264,0.4531436743335498,0.517814406040026,0.02829738454139188,0.0005180711569439085,LSTM
S174,0.9931662550582003,0.006329739272983649,4.618447673879771e-05,9.269944703868866e-05,0.00036512174504656995,1D-CNN
S175,0.0019928307212582377,0.03897665058422058,0.10190071101842654,0.8360289521599488,0.021100855516150038,CNN-LSTM
S176,0.0047127804981775615,0.3919724715385644,0.11526992935743466,0.06728493438954378,0.42075988421627836,GRU
S177,0.0009670508011156851,0.002327320088152471,0.6439667371084574,0.3435334520410287,0.009205439961232686,LSTM
S178,0.17042157673806194,0.13357774476229664,0.061200440227479,0.06331182903018139,0.5714884092420023,GRU
S179,0.9750438876480243,0.00415018094124811,0.001725149175932279,0.0018501104244277344,0.017230671810367512,1D-CNN
S180,0.9999919329357224,2.667839208281383e-06,1.8904171777949037e-07,4.0936558230739034e-06,1.116527536141185e-06,1D-CNN
S181,0.01026964875486112,0.04318284817924204,0.8994761544792224,0.03531676340005014,0.011754585186624986,LSTM
S182,0.14110154663442148,0.2547012993522354,0.14174917161123352,0.2012455879381242,0.2612023944640202,GRU
S183,0.04146107719757005,0.003984455972916686,0.2857020706069882,0.583429944662098,0.08542245156041522,CNN-LSTM
S184,0.051367597524226156,0.009957098169230308,0.018655597985399133,0.022650456426889343,0.8973692498942509,GRU
S185,0.021031460397758297,0.0006264170556235264,0.8940037452388808,0.04711632908059262,0.0372220482271504,LSTM
S186,0.04667563604757934,0.04485833533618333,0.6985976486391037,0.09115899902319352,0.11870938095393853,LSTM
S187,0.0694661841473311,0.3010987938433872,0.04550389590277434,0.059483820456286626,0.5244473056502147,GRU
S188,0.001970672428587114,0.0003363001698420617,0.00013959645247032913,0.9966072390634847,0.0009461918856222789,CNN-LSTM
S189,0.03183038149108588,0.002192692168263488,0.004764118037871361,0.11508865949706487,0.846124148805894,GRU
S190,0.0004361335661650297,1.8366639978279562e-05,2.55380696715042e-05,0.9994552820766978,6.467964748619564e-05,CNN-LSTM
S191,0.06235669140655186,0.691152308956521,0.15422380410672265,0.07719197943345485,0.015075216096744646,ANN
S192,0.0025113480016197413,0.9854430208704047,0.009203576638995242,0.001559400283911412,0.0012826542050660046,ANN
S193,0.004115839032852495,0.05701849414095497,0.7547978491169138,0.03793781473604037,0.14613000297324083,LSTM
S194,0.020885262665729515,0.24456708093271856,0.5975011265300675,0.04036857160713064,0.09667795826434475,LSTM
S195,0.23765881753429965,0.19954866391076018,0.10688046143916298,0.05052328997329296,0.40538876714248223,GRU
S196,1.233825006175467e-06,0.9999971116556554,2.628260161658334e-08,5.194748609889383e-07,1.1087618753387676e-06,ANN
S197,0.029657339013053275,0.059176441684184886,0.8137741045846216,0.016059205689275005,0.08133290902889499,LSTM
S198,0.10981495600769654,0.05348451194306533,0.007105324793589065,0.058959060648555044,0.7706361466071093,GRU
S199,0.511966253347811,0.04676155132809321,0.00560114834832667,0.3143172402342334,0.12135380674152485,1D-CNN
S200,0.5181820693248483,0.00014671449238426643,0.00043583629132311943,0.4805473672664121,0.0006880126250298895,1D-CNN
S201,0.02062057333362339,0.041951854160904564,0.9044095212751938,0.023391688081369762,0.009626363148904664,LSTM
S202,0.1075478480900852,0.15024252128648313,0.38456017789629005,0.14104577775755872,0.21660367496958077,LSTM
S203,0.04270285431923308,0.1818853626626194,0.31660570609736305,0.13698434668187803,0.3218217302388996,GRU
S204,0.9676158765817433,0.01353299460796743,0.00046929391740801936,0.004271800681471666,0.014110034211438312,1D-CNN
S205,0.19115628399520068,0.5589412875004157,0.00027715470382927556,0.012763348241226236,0.23686192555932925,ANN
S206,0.0008526212872614264,0.9968031708423534,0.00029957037070168466,0.0018399390555380027,0.00020469844417166254,ANN
S207,0.021005347955877263,0.02506519338233817,0.9204966198870674,0.023496244423144387,0.00993659435157586,LSTM
S208,0.0005717605641344455,0.992375036283423,0.004601096428656979,0.0009580081159505931,0.0014940986078220498,ANN
S209,0.011817302237252593,0.016546922344542705,0.024622792947274288,0.014230573996747809,0.9327824084741869,GRU
S210,0.548056211960896,0.33802883523546884,0.0026275649131684907,0.02684564488206973,0.0844417430083992,1D-CNN
S211,0.058807330090994585,0.024069115139775256,0.22479264131037108,0.6773555318259288,0.014975381632949385,CNN-LSTM
S212,0.007920468994827517,0.5819684258000329,0.39244571522336025,0.013666287233001095,0.0039991027487746335,ANN
S213,0.007486574562182486,0.004696945662671628,0.01485179054671782,0.07391259158282232,0.8990520976455948,GRU
S214,0.995605682879295,0.00011775640663299435,2.4094316259769326e-05,0.004046893528586427,0.00020557286922496398,1D-CNN
S215,0.5680570945031221,0.006119660173667896,0.01666391604341525,0.40197095299619323,0.007188376283595457,1D-CNN
S216,8.24004353837136e-05,0.5572432867617664,0.4424736583079353,0.00013316525749049112,6.748923742769792e-05,ANN
S217,0.04994951393742062,0.5692794318766929,0.2582931061637612,0.04190168886562171,0.08057625915652208,ANN
S218,0.08532720259234844,0.20004657636853834,0.20328559749645222,0.1049162760351359,0.4064243475075079,GRU
S219,0.01902569464657902,0.9796628595815643,1.4292409530031324e-05,0.0003483627309350582,0.0009487906313819122,ANN
S220,0.6868765028549001,0.069630307554285,8.719815300949612e-06,0.012208363029831764,0.23127610674570834,1D-CNN
S221,0.3485410170174056,0.2978674419510282,0.00011494114151818401,0.34971552683949875,0.0037610730505382795,CNN-LSTM
S222,0.04647249110739141,0.34366408976898927,0.48815584745743545,0.06949907871246278,0.05220849295376625,LSTM
S223,0.07028128982096324,0.06520525322904777,0.038452772741560226,0.1479396534036851,0.678121030804767,GRU
S224,0.07366670832023275,0.22864982353262767,0.2641495591618934,0.23789261897962086,0.19564129000561206,LSTM
S225,0.4659753850315864,0.049312243295282346,0.0502948552459185,0.19756468808924268,0.23685282833797563,1D-CNN
S226,0.07481543518801419,0.18464604183043345,0.06396044689921976,0.5345939663880224,0.14198410969433398,CNN-LSTM
S227,0.03226660860161012,0.16004342446642686,0.6391527448279957,0.08277857978310726,0.0857586423208592,LSTM
S228,0.007488476068459999,0.007260274540602027,0.002296156434385064,0.0121558460876981,0.9707992468688541,GRU
S229,0.0031616036581070058,0.010544537498430203,0.9720720997162013,0.0058767480701400025,0.008345011057095552,LSTM
S230,0.11247558793721908,0.4631616426753533,0.06654232400060091,0.06234556936109337,0.29547487602572187,ANN
S231,0.10786558003932059,0.010005481294621331,0.0023577842719107556,0.7731350781877377,0.10663607620644251,CNN-LSTM
S232,0.3795379930880349,0.028472848503404768,0.0008130832961332021,0.02315318794027481,0.5680228871721471,GRU
S233,0.15100018724369854,0.10106303182853109,0.42865671061065636,0.25804729295225015,0.0612327773648438,LSTM
S234,0.11454546312117356,0.09964467197643859,0.6250937493312004,0.09424047549451019,0.06647564007667706,LSTM
S235,0.34363977396067413,0.04441271510255169,0.05625649902289158,0.049170941678157644,0.5065200702357108,GRU
S236,2.5293120535334772e-05,0.9899466943660034,9.749209515914264e-05,0.00991161406619874,1.890635210357457e-05,ANN
S237,0.05122198726812167,0.08097762594032655,0.7513957030319716,0.04473047122870513,0.07167421253087326,LSTM
S238,0.03820326331330184,0.8598295367197574,0.055176471039138655,0.01537413399508097,0.03141659493271488,ANN
S239,0.90563199747207,0.0007817554077638247,1.6683020371327752e-05,8.179588061652017e-05,0.09348776821917695,1D-CNN
S240,0.1283631359253146,0.004032604183370441,5.332445506857678e-05,0.004254734913267596,0.863296200522969,GRU
S241,0.27561508526341755,0.35426433468176377,0.10657497616584381,0.21018057743044216,0.053365026458537176,ANN
S242,0.05348649441741038,0.15757298291953548,0.7203754418372109,0.05859062758736085,0.009974453238499595,LSTM
S243,0.0025029369233902183,0.013928382506983068,0.02827584329377053,0.09757487908695586,0.8577179581889022,GRU
S244,0.0035020190775893545,0.2840309916829093,0.00022852526979421576,0.12994955997941854,0.5822889039902847,GRU
S245,0.002488679011364556,0.0007298961759635991,3.7146039974102356e-05,0.0003534703507035315,0.9963908084219806,GRU
S246,0.00045385963555972625,0.991935676775237,7.331721723769358e-05,0.0074232079836171715,0.00011393838835128518,ANN
S247,0.18555149770220922,0.06120605864776179,0.26386263193514947,0.41432380276767233,0.07505600894720958,CNN-LSTM
S248,0.000793591784546585,0.013271932721388748,0.9850193869583203,0.00043590425178065506,0.00047918428403091577,LSTM
S249,0.0013809531595515086,0.011729842406625236,0.15352521515188644,0.005636188572650757,0.8277278007092834,GRU
S250,0.0019458720006864682,0.9704309010046434,0.013776828374071886,0.002206300505149489,0.011640098115455648,ANN
S251,0.5871362142697764,0.024331914403638202,0.0030770174731156665,0.0034430587001620973,0.3820117951532983,1D-CNN
S252,0.19330182017870484,0.041083067316317515,0.024029211553753187,0.6403893668495282,0.10119653410168916,CNN-LSTM
S253,2.6385224798332342e-05,5.05878727317498e-05,0.9998150367634178,8.997607965549713e-05,1.801405939660597e-05,LSTM
S254,5.83802920245868e-05,0.99980352349931,0.00010209261919539271,1.7805206650320845e-05,1.819838282084139e-05,ANN
S255,0.0008245736826546544,0.011147653940424303,0.9587935781381849,0.017910018277334034,0.011324175961402142,LSTM
S256,0.10996265426231878,0.28786192459829524,0.3408638186164631,0.0700204193954455,0.1912911831274709,LSTM
S257,0.022805587704194483,0.003700913619542283,0.003955168144031768,0.00505262455838539,0.9644857059738429,GRU
S258,0.5722320027071739,0.0024476804953334793,0.0011131601067710384,0.0064829609424537716,0.41772419574825853,1D-CNN
S259,0.1804136528461573,0.1705089535380134,0.053742283587594177,0.5528859596156417,0.04244915041260322,CNN-LSTM
S260,0.04205093245125192,0.05570108138178505,0.8342513982319818,0.04401904280735001,0.023977545127630152,LSTM
S261,0.007617511627192377,0.45751144084394324,0.008856821169864427,0.002852700573678751,0.5231615257852904,GRU
S262,0.26145634631039466,0.10622490910360056,0.2409493935683189,0.22583786626750801,0.16553148475017804,1D-CNN
S263,0.004997994798946681,0.004836051930898612,0.0486643612502654,0.9248739368373121,0.01662765518259032,CNN-LSTM
S264,0.018730631067093,0.10457126333777522,0.6389448343451866,0.1490617871694586,0.08869148408047109,LSTM
S265,0.7582171037203264,0.035790407569961456,0.030030483469158386,0.057062300691909304,0.11889970454864551,1D-CNN
S266,0.06361851899772711,0.04371758009722999,0.10800638703684803,0.7491362242550013,0.03552128961315767,CNN-LSTM
S267,0.01301881620082389,0.11368971660755686,0.7743925491924233,0.07566054547143225,0.023238372527753223,LSTM
S268,0.6059129802991154,0.04612090997515595,0.12866668576594695,0.04876724244527712,0.1705321815145003,1D-CNN
S269,0.3600438559621295,0.13405778625624643,0.16109463497054013,0.1507740868562507,0.19402963595486578,1D-CNN
S270,0.08084560493464771,0.5909543922950766,0.11587590438435381,0.13137141417054105,0.08095268421531555,ANN
S271,0.006624953801829824,0.19957016357070426,0.7503951864183381,0.032397846644755084,0.011011849564351599,LSTM
S272,0.023728269103822325,0.03208302904436718,0.29604685013920884,0.1284564550049392,0.5196853967076587,GRU
S273,0.017501611573576065,0.7984049785314904,0.05747329344359508,0.024708049772354204,0.10191206667898525,ANN
S274,0.7664836436767815,0.1418290230301352,0.0072106728178799664,0.006231452978203489,0.0782452074969997,1D-CNN
S275,0.2084991777626996,0.7280630187413517,0.005797924338087239,0.02197766632626619,0.03566221283158673,ANN
S276,0.04575068355901072,0.03927979602427645,0.0009761002294781541,0.5641906825873431,0.3498027375998872,CNN-LSTM
S277,0.18789378591637515,0.06770404988374011,0.5646953039194255,0.11853764913556075,0.061169211144875175,LSTM
S278,0.17563436821436867,0.19000278254009623,0.355009263728738,0.14338284529980708,0.13597074021698724,LSTM
S279,0.022650221293242335,0.8173317541201971,0.06658444749166224,0.025658906640109003,0.06777467045411206,ANN
S280,0.07724817119035472,0.0238473716022385,0.16400898919947288,0.0074827550515852055,0.7274127129563513,GRU
S281,0.3602674579658382,0.1605003454762951,0.16656241480174355,0.058541464842543675,0.2541283169135812,1D-CNN
S282,0.7616596390257652,0.01063200738260895,0.0007404798890991916,0.0009545643518189752,0.22601330935070693,1D-CNN
S283,0.012499988997836393,0.3710569759241784,5.1636771773068926e-05,0.00682061788381792,0.6095707804223871,GRU
S284,0.98630092453683,0.002926134842879341,0.00031301408941750353,0.005875759634005573,0.004584166896859753,1D-CNN
S285,0.006219081440657202,0.9921375911476787,0.0007117151637373029,0.0006500026578691045,0.00028160959005676603,ANN
S286,0.0005134782799745086,0.0007640012552740042,0.9985100235602504,0.00013464421433320226,7.785269014654308e-05,LSTM
S287,0.053880823967640934,0.9447991561785358,0.0003203327410456537,0.00023341880035272015,0.0007662683124235717,ANN
S288,0.006725223177210381,0.014870419179299037,0.1005670140328548,0.042913058906839836,0.8349242847037863,GRU
S289,0.00151577859202982,0.001954927652747056,0.8936066827058692,0.02307476981324659,0.07984784123610199,LSTM
S290,0.28007156636932656,0.24169326009349545,0.2161193621863685,0.07983716116633828,0.18227865018446468,1D-CNN
S291,0.10191198947634526,0.6912148166853869,0.03765301349574854,0.07928288833863753,0.08993729200387404,ANN
S292,0.106131372214803,0.18943398548893012,0.23833337557973522,0.2566145729417371,0.20948669377479298,CNN-LSTM
S293,0.7536876478694828,0.000481360079252721,0.0007522505039871898,0.07235240068224742,0.17272634086503214,1D-CNN
S294,0.2243048864821225,0.10813532616049228,0.06273990041804052,0.5592228413218131,0.04559704561755695,CNN-LSTM
S295,0.004079592382391448,0.03476162823301431,0.9478543514195744,0.009938086185194029,0.003366341779828058,LSTM
S296,7.812127471580194e-05,0.999642700316114,0.0002051760874180102,3.494382395491287e-05,3.905849779544522e-05,ANN
S297,0.09645789083522056,0.25244154893546444,0.048456554889840554,0.07713259599060746,0.5255114093488669,GRU
S298,0.13336667909046293,0.8046470872701595,0.010723299004967622,0.03360332826030317,0.017659606374103055,ANN
S299,0.00021059043248177278,0.00012377752186256436,0.9991628326395947,0.000418751398628134,8.40480074496913e-05,LSTM
S300,0.010035908650506409,0.8225007127443253,0.008542329686439091,0.004788761611982597,0.15413228730674713,ANN
S301,0.0022673729927981533,0.006102856600920739,0.48796799313236244,0.37489238923937274,0.12876938803456078,LSTM
S302,0.005676076740392705,0.9131973483751801,0.020180085717465743,0.007432546255927891,0.05351394291102861,ANN
S303,0.8689496153189975,0.028626097904639262,0.03411302671795343,0.027704969655220714,0.040606290403193454,1D-CNN
S304,0.2609975437279854,0.5922207929640524,0.008622574877510494,0.011997259306684127,0.12616182912376742,ANN
S305,0.0193410658865279,0.0012916376196703385,0.9722007862680472,0.006672949473321581,0.0004935607523471451,LSTM
S306,0.0067884816139696415,0.001631960197490994,0.0005047967067974568,0.9900910575930788,0.0009837038886354504,CNN-LSTM
S307,0.4840739140869527,0.033546532076872845,0.003022373694422589,0.4766365898212864,0.002720590320484969,1D-CNN
S308,0.08804266082412122,0.4195776316008204,0.3861407797479575,0.0689944983751486,0.03724442945195354,ANN
S309,0.00969474079041961,0.871237861070056,0.012848497196058819,0.011653003542552158,0.09456589740089723,ANN
S310,0.0502245137458161,0.14978821760027433,0.16464500358679302,0.3693657772599658,0.2659764878071579,CNN-LSTM
S311,0.003129242826215431,0.0033646233219394774,0.010108514634934902,0.9826240651950665,0.0007735540218445368,CNN-LSTM
S312,0.024767754205525353,0.18640221720050146,0.6716795683389322,0.07789340878018869,0.03925705147484349,LSTM
S313,0.004231957549087376,0.02770202390917596,0.2650201667420019,0.0527642323712892,0.65028161942845,GRU
S314,0.9650463843982274,0.009791804356216885,0.0016107026600425092,0.001265297420449893,0.022285811165062983,1D-CNN
S315,0.01681807886275593,0.9613745974348643,0.014998273116946797,0.002526969885042604,0.004282080700385328,ANN
S316,0.1359722287850677,0.41928545876112794,0.035806958975149634,0.03511387867159513,0.3738214748070426,ANN
S317,0.05503990111871122,0.0005602946615243868,0.00020440496606241186,0.0043417269429041295,0.939853672310794,GRU
S318,0.014342907103747025,0.3156163176743176,0.6256009273061442,0.009990595931641666,0.03444925198416951,LSTM
S319,0.14155783305018454,0.11309748570759895,0.01586358018464091,0.13221991495141608,0.5972611861061395,GRU
S320,0.2066960260769624,0.14246345271430966,0.25413451877302545,0.28878519197785724,0.10792081045783176,CNN-LSTM
S321,0.28971996674428135,0.04702795353108439,0.15074715230292507,0.3168796623051017,0.19562526511659184,CNN-LSTM
S322,0.9633258367987585,0.0006258036279470793,0.0007026890477110145,0.03156560007056772,0.003780070455007446,1D-CNN
S323,0.23889224179106036,0.23957287833753907,0.20501919797593163,0.28600044234037686,0.030515239555121355,CNN-LSTM
S324,0.06134589111594753,0.7266260210712246,0.012655470601550669,0.018248864996344257,0.18112375221493204,ANN
S325,0.05266707459531844,0.04359361404295062,0.02537067518132874,0.8526113059473847,0.02575733023301773,CNN-LSTM
S326,0.0012808192565067042,0.8182319524380389,0.0022731818961912284,0.0021608934264404954,0.17605315298285917,ANN
S327,0.0005363173254321058,6.632914553632504e-05,0.2846554134587207,0.7033113925227442,0.011430547547569161,CNN-LSTM
S328,0.00012192725424151352,0.0006103476187940312,0.99608639373846,0.0029231644613252707,0.0002581669271804904,LSTM
S329,0.02930848487791547,0.8202241423839014,0.02607756299316345,0.017322627073608925,0.10706718267145193,ANN
S330,0.9064955994455095,0.009024192772016524,0.005988420079481827,0.006852174009071907,0.07163961369391983,1D-CNN
S331,0.3270034194352621,0.14962290018488242,0.11846790886382746,0.2801020304077931,0.12480374110826001,1D-CNN
S332,0.004227490453771687,0.03495307919454549,0.9452198447573198,0.01058525788270792,0.005014327711648275,LSTM
S333,0.06753463495066772,0.9214317945618393,0.005992005925331071,0.0014883418721245926,0.003553222690037044,ANN
S334,0.9847978548411875,0.006982936168950296,0.000701597889205379,0.0014275004685550866,0.0060901106321045555,1D-CNN
S335,0.394677355463906,0.03972040337464829,0.09354488536286559,0.3943221235009404,0.0777352322976622,1D-CNN
S336,0.025524539794688602,0.018592726086006147,0.6405764814675968,0.2686345809493374,0.04667167170236089,LSTM
S337,0.03065063913701422,0.0007660108398930734,0.026779196321661057,0.006742970288205466,0.9350611834132219,GRU
S338,0.9340293619568938,0.018454809885204298,0.004124427460959113,0.0033619820239874673,0.04002941867293113,1D-CNN
S339,0.013794102206418885,0.010195808328801338,0.3932216125790784,0.5672863633284908,0.015502113557188531,CNN-LSTM
S340,0.02549751018950093,0.8002239105555793,0.035698855580613184,0.03876655944290776,0.09981316423138155,ANN
S341,0.14138621096051526,0.017983667560810254,0.13700781189080485,0.21167208090921735,0.49195022867865007,GRU
S342,0.002938654254211145,0.0008742110653533127,0.01770509696820491,0.9768217962211917,0.0016602414910366593,CNN-LSTM
S343,0.001883883280245807,0.40766748864044505,0.5763350346670807,0.011550144075029509,0.002563449337210821,LSTM
S344,0.03415656275708005,0.08387062723427935,0.6421419698501569,0.14591194060729118,0.09391889955119097,LSTM
S345,0.056137272736264246,0.34266443878399516,0.06687164983966039,0.03788480460324419,0.49644183403681064,GRU
S346,0.9943854608426526,0.0006842514292219904,0.0005709221588722259,0.0008971642070831367,0.003462201362175181,1D-CNN
S347,6.356373162497084e-05,7.3477694458072285e-06,1.4159567005069848e-07,0.999928173578341,7.733248968258849e-07,CNN-LSTM
S348,0.0004851905622606759,0.0023137339041623415,0.9956148439675269,0.0011128721172547354,0.0004733594488118989,LSTM
S349,0.0017018627931235225,0.9953319942566633,0.001162478199029897,0.0006342729584310539,0.0011693917927487769,ANN
S350,0.34136260010409775,0.10980066317813311,0.1052974823909789,0.21976147240929952,0.22377778191751754,1D-CNN
S351,0.008044382743036616,0.008348863301372671,0.08564392501687358,0.8939379724210356,0.004024856517704779,CNN-LSTM
S352,0.007155836425993226,0.9302780798504222,0.020736654072764413,0.010165993701791247,0.03166343594902508,ANN
S353,0.18097539746531527,0.07971855877996241,0.26572171365168673,0.24767011051416402,0.2259142195888783,LSTM
S354,0.05448033824365828,0.894909308630522,0.009762704652325867,0.01193495444557889,0.028912694027916443,ANN
S355,0.03758215971991918,0.07460263575749365,0.7630827863193109,0.07766935349888789,0.04706306470440917,LSTM
S356,0.00016440519266058156,0.9998313787181875,3.9536036787097806e-07,2.2990439618509316e-07,3.5908243875998336e-06,ANN
S357,0.00478419947424226,0.0035904323653654997,0.007701874136575312,0.008417485093383916,0.9755060089304328,GRU
S358,1.523715085808583e-05,0.9994292637033249,0.0001817191178430336,0.00019172702404190946,0.00018205300393526314,ANN
S359,0.0011537894369047402,0.0005862988399122518,0.9910559940123268,0.002973863930037831,0.0042300537808225135,LSTM
S360,0.0011175933228681832,0.01845934150851658,0.7528044504451712,0.07107179943972176,0.15654681528369965,LSTM
S361,0.13514233196944364,0.37959641931539084,0.09049251849793712,0.23651720702469514,0.1582515231925249,ANN
