Segment,1D-CNN,ANN,CNN-LSTM,GRU,Selected
S1,0.98996946270318,0.0006737136651360602,0.0024767454772235426,0.006880078154461288,1D-CNN
S2,0.5075319609309288,0.1097667255042695,0.08865879495193868,0.29404251861286324,1D-CNN
S3,0.22374361550445335,0.17006583217173002,0.48077963323220785,0.125410919091609,CNN-LSTM
S4,0.20529545946552574,0.5153540037093649,0.12254997116547603,0.15680056565963338,ANN
S5,0.15622931881070776,0.5144079791622436,0.17164017547723343,0.15772252654981506,ANN
S6,0.005239224713809336,0.016239996264646964,0.009175194080286513,0.9693455849412573,GRU
S7,0.04749230541096902,0.11372363419810701,0.24803511067691275,0.5907489497140113,GRU
S8,0.19718513514722202,0.23361804411369208,0.31987066548257237,0.24932615525651344,CNN-LSTM
S9,0.2803562962936044,0.22651376488627475,0.07450720610631875,0.4186227327138023,GRU
S10,0.266415369831331,0.14341757965516805,0.26628820445009016,0.3238788460634097,GRU
S11,0.20908767078831755,0.6516286792074402,0.09298595936154705,0.0462976906426954,ANN
S12,0.25752112183962056,0.2926041080932676,0.2544842653923457,0.1953905046747661,ANN
S13,0.001084922412111868,0.9961831875146546,0.0011926949060883263,0.001539195167144983,ANN
S14,0.17311731720497553,0.2653694571076169,0.20498283985806198,0.35653038582934543,GRU
S15,0.0,0.0,0.0,0.0,1D-CNN
S16,0.0,0.0,0.0,0.0,1D-CNN
S17,0.0156318377578421,0.007505047587370115,0.004034765744277278,0.9728283489105106,GRU
S18,0.29164993188105554,0.24060548821132935,0.39599646491896157,0.07174811498865268,CNN-LSTM
S19,0.30967243018820273,0.2684583210466692,0.29477285845478335,0.1270963903103451,1D-CNN
S20,0.12814825551220616,0.06492612335326065,0.08266544575713075,0.7242601753774027,GRU
S21,0.16352322841546807,0.44001834709999976,0.2852557549189941,0.11120266956553808,ANN
S22,0.2699284855718513,0.2479906489330496,0.22437627516823636,0.25770459032686255,1D-CNN
S23,0.10066582612548856,0.651912098546641,0.08508195591089399,0.16234011941697665,ANN
S24,0.1829932378968879,0.06998250500785859,0.030371716268162416,0.7166525408270906,GRU
S25,0.1943996835561144,0.5272185483138986,0.2141705186166339,0.06421124951335272,ANN
S26,0.15781581744760548,0.4125053030831426,0.15824777131148282,0.2714311081577686,ANN
S27,0.2125433681190968,0.019538046074518076,0.039357169348771766,0.7285614164576131,GRU
S28,0.2271953181737231,0.23660205894722094,0.44867750312369387,0.08752511975536206,CNN-LSTM
S29,0.27085835483072507,0.14133545420610236,0.2673157821052461,0.32049040885792607,GRU
S30,0.8963278518206931,0.002075241468689777,0.04327010484544268,0.058326801865175304,1D-CNN
S31,0.12515671829407793,0.5787724572512235,0.19397779757487146,0.10209302687982663,ANN
S32,0.18457621297597998,0.3756826414310412,0.1398482381766207,0.2998929074163581,ANN
S33,0.9975487425153848,0.00015347872737990034,0.0005841074941483658,0.0017136712630864922,1D-CNN
S34,0.2986096006375978,0.6212863884420323,0.05391704341862996,0.026186967501739867,ANN
S35,0.16178369552929822,0.391165842185643,0.30673585915873103,0.14031460312632787,ANN
S36,0.07209656201038404,0.771235909653826,0.06318401148658248,0.09348351684920754,ANN
S37,0.022768796681515237,0.23338769217409266,0.036876449787175435,0.7069670613572167,GRU
S38,0.0007894504250174937,0.0016251227463021534,0.0012419451130221964,0.9963434817156583,GRU
S39,0.0,0.0,0.0,0.0,1D-CNN
S40,0.0,0.0,0.0,0.0,1D-CNN
S41,0.00021603100802141317,2.4116354244738806e-05,0.0022678821273044224,0.9974919705104286,GRU
S42,0.0015964555915502464,0.9974216397284696,0.0005984441922135627,0.00038346048776672313,ANN
S43,0.25896815882562507,0.2878400421513131,0.23698914870698,0.2162026503160812,ANN
S44,0.09245454193144054,0.8245519271812745,0.011021348526118035,0.07197218236116686,ANN
S45,0.16936773618184184,0.17433046913927644,0.3787481931354487,0.2775536015434322,CNN-LSTM
S46,0.9793997705812917,0.018706277073612127,0.0008507198614226308,0.001043232483673439,1D-CNN
S47,0.048661477867160394,0.16100619390996812,0.7101336787962635,0.08019864942660751,CNN-LSTM
S48,0.4468627293083829,0.175040751270518,0.1685634060665031,0.20953311335459585,1D-CNN
S49,0.2319918682154579,0.09649810472620404,0.07665166845230227,0.5948583586060358,GRU
S50,0.7005429586637895,0.06183188243621253,0.1190363096205284,0.11858884927946964,1D-CNN
S51,0.05371213937966477,0.49493699033033733,0.3324745549170808,0.11887631537291726,ANN
S52,0.00549610349755203,0.004311706894731641,0.8846417367971731,0.10555045281054355,CNN-LSTM
S53,0.13592923585051458,0.5367233755342564,0.222817849577294,0.10452953903793483,ANN
S54,0.3132370843997175,0.4106003076486801,0.15105525454958835,0.12510735340201354,ANN
S55,0.018687808402829954,0.9668486523394175,0.004354016837247647,0.010109522420504932,ANN
S56,0.39779607025650754,0.499512513910392,0.053103035272456765,0.049588380560643706,ANN
S57,0.09182712303596055,0.12320614246380797,0.5529783293894671,0.23198840511076435,CNN-LSTM
S58,0.013180109498805504,0.0404148014033907,0.19490259258874884,0.751502496509055,GRU
S59,0.0009894261117358576,0.9956395486268342,0.0009969137092639422,0.002374111552165595,ANN
S60,0.000479199858772012,0.0021165453366515023,0.013237852899697087,0.9841664019048786,GRU
S61,0.0001243816348845673,0.00013496134561490696,0.9996248148139587,0.00011584220554187389,CNN-LSTM
S62,0.15046337561140138,0.23663288916266162,0.06140435293810686,0.551499382287831,GRU
S63,0.3141901991095654,0.4837896173489259,0.052765890404636216,0.14925429313687327,ANN
S64,0.23114127041748003,0.19734894482837315,0.39666099832449553,0.17484878642965143,CNN-LSTM
S65,0.1899360159127725,0.37836516688358923,0.20366636395618384,0.22803245324745428,ANN
S66,0.1772125969482156,0.2096470111453436,0.24938330424734445,0.36375708765909637,GRU
S67,0.0,0.0,0.0,0.0,1D-CNN
S68,5.870811752531935e-05,1.6567858870425615e-05,4.7053977068104394e-05,0.9998776700465359,GRU
S69,0.07935569188381673,0.22465096544299304,0.11343762141930334,0.5825557212538869,GRU
S70,0.32149629109002864,0.3852636838148303,0.2168855020227742,0.07635452307236679,ANN
S71,0.2828793049956782,0.2491533943678221,0.2714585329078073,0.19650876772869227,1D-CNN
S72,0.1411037875862859,0.06474757758807499,0.0008252488420212437,0.7933233859836178,GRU
S73,0.09477836942294944,0.5626586771281161,0.06684666631362908,0.27571628713530405,ANN
S74,0.38467166755709337,0.19385668174429446,0.21281213849586159,0.2086595122027505,1D-CNN
S75,0.011436443142863479,0.02514379403476234,0.8936294073150383,0.06979035550733652,CNN-LSTM
S76,0.013598515780426073,0.30452142341714267,0.06886755412806977,0.6130125066743609,GRU
S77,0.935065507792465,0.027767725057577592,0.013210029811589117,0.02395673733836823,1D-CNN
S78,0.99933462183477,0.00021151104322177924,8.439595032067378e-05,0.00036947117168696295,1D-CNN
S79,0.2941205571108029,0.2991361486952478,0.23604486401538055,0.17069843017856845,ANN
S80,0.01905559331169086,0.9148444336120409,0.04375914324249905,0.02234082983376824,ANN
S81,0.297585641852478,0.22021077403744016,0.212976977927576,0.26922660618250593,1D-CNN
S82,0.4464962292317227,0.4140834161409942,0.07025458422653807,0.06916577040074502,1D-CNN
S83,0.23232163037176318,0.22918440728007805,0.38008770884018234,0.15840625350797666,CNN-LSTM
S84,0.04667988751188852,0.3063890459231021,0.03352432750465196,0.6134067390603571,GRU
S85,0.14083061864296897,0.8012717324634958,0.02249796949909281,0.035399679394444265,ANN
S86,0.4038661365801327,0.18276063955849214,0.19037733555558475,0.22299588830579054,1D-CNN
S87,0.2003257615532389,0.15711451523867512,0.5657699983486125,0.07678972485947343,CNN-LSTM
S88,0.356118310363396,0.10458415288857839,0.16056927825308598,0.3787282584949397,GRU
S89,0.2730519540467482,0.2630771063778872,0.20929832487442177,0.25457261470094233,1D-CNN
S90,0.1709617613282647,0.16194813248205497,0.32165295138831634,0.3454371548013637,GRU
S91,0.0943426202951165,0.19754563005076817,0.4282118953482842,0.27989985430583075,CNN-LSTM
S92,0.047020826406217665,0.8903986428172023,0.03745493299783338,0.025125597778746712,ANN
S93,0.27566780626410825,0.2777825591190719,0.2588960293554071,0.18765360526141234,ANN
S94,0.07036626204337368,0.13995608200742354,0.10373878897291733,0.6859388669762855,GRU
S95,0.146304491314452,0.04671288950589555,0.24941845315674205,0.5575641660229105,GRU
S96,0.011350845221619315,0.009926254376703065,0.09783924304752961,0.8808836573541481,GRU
S97,0.11493145227978475,0.7335001518842772,0.06109203169180397,0.09047636414413501,ANN
S98,0.030554265085626135,0.8971528013233784,0.04097168136564713,0.0313212522253474,ANN
S99,0.003847071754086044,0.00546404564222838,0.9877585883798103,0.0029302942238771863,CNN-LSTM
S100,0.14988452763660126,0.13547248058940412,0.31887402723956265,0.395768964534432,GRU
S101,0.06060052703559496,0.874767434510617,0.020106504579868897,0.04452553387391916,ANN
S102,0.1732913081899215,0.6101854760924971,0.12535217912103996,0.09117103659654173,ANN
S103,0.24691447464774519,0.2817950607345777,0.2524802722164393,0.21881019240123767,ANN
S104,0.08004508187376759,0.21978026245102703,0.30545043655735593,0.39472421911784944,GRU
S105,0.18673608889143373,0.21136258442284486,0.2813138828811956,0.3205874438045258,GRU
S106,0.11091819989730778,0.1211206001119804,0.1837058997673755,0.5842553002233364,GRU
S107,0.1969183016328305,0.12872608334985786,0.5425939359869671,0.13176167903034403,CNN-LSTM
S108,0.05737107764626746,0.04146798377021996,0.027198410114850014,0.8739625284686626,GRU
S109,0.2074161346025111,0.017905285969590005,0.7435857281914364,0.031092851236462424,CNN-LSTM
S110,0.24765791409690305,0.2618914338078646,0.30196179702906323,0.1884888550661692,CNN-LSTM
S111,0.24372579228809674,0.19212317107607324,0.15877795881620094,0.4053730778196291,GRU
S112,0.12656675088645739,0.24404297784804035,0.5250528971611272,0.10433737410437505,CNN-LSTM
S113,0.2625489147417779,0.17578341608144035,0.2723831586589113,0.28928451051787063,GRU
S114,0.0030079050377456993,0.00020965106587654835,0.001113525360984163,0.9956689185353935,GRU
S115,0.14054808391128334,0.3492101079827164,0.2595352949092602,0.2507065131967399,ANN
S116,0.186241621781381,0.38622695994305345,0.19708562986671274,0.23044578840885208,ANN
S117,0.21113198291670485,0.13319571536263553,0.1547350753878925,0.5009372263327669,GRU
S118,0.9052798738019493,0.05012835216302949,0.025864624327606493,0.018727149707415725,1D-CNN
S119,0.032007858476223734,0.8932994079285013,0.06133562058547242,0.013357113009802458,ANN
S120,0.19638625678256008,0.18734964613470392,0.11017255346630705,0.5060915436164287,GRU
S121,0.2750392057731194,0.00907324727955822,0.6925672836987862,0.023320263248536057,CNN-LSTM
S122,0.16861426092766005,0.007691017044200103,0.02831800837890063,0.7953767136492391,GRU
S123,0.18100052051885995,0.23148103925342023,0.49717451386282435,0.09034392636489635,CNN-LSTM
S124,0.05566091380713251,0.8215470772651605,0.0604304076141698,0.06236160131353704,ANN
S125,0.9997670798141104,5.9005285349732146e-05,4.9048846039647515e-05,0.00012486605449973072,1D-CNN
S126,0.6698591001624273,0.04503966388971479,0.1126070402500919,0.17249419569776525,1D-CNN
S127,0.08541023939676444,0.08907270214039904,0.7462215925918368,0.07929546587100039,CNN-LSTM
S128,0.0737009065337146,0.6646260766990464,0.16758892951816004,0.0940840872490779,ANN
S129,0.13783688245221398,0.4839091050554498,0.018522240214192735,0.35973177227814324,ANN
S130,0.9992592977829252,0.0002018663917691693,8.663411789698475e-05,0.0004522017074087079,1D-CNN
S131,0.4129905559190716,0.4101574933996321,0.14133059922498237,0.03552135145631394,1D-CNN
S132,0.23964042329675622,0.2695990733250882,0.31493719656115077,0.17582330681700478,CNN-LSTM
S133,0.1603120788144457,0.1428825885030034,0.13435638621506968,0.5624489464674821,GRU
S134,0.021400663854642926,0.001575644852246496,0.9738258115138889,0.0031978797792226368,CNN-LSTM
S135,0.23744401495631598,0.27438151459730464,0.3342357186976017,0.15393875174877755,CNN-LSTM
S136,0.12476005559875664,0.5247556920473639,0.020763573093254963,0.32972067926062465,ANN
S137,0.1824747759259136,0.20881755478799757,0.24605349407016358,0.3626541752159251,GRU
S138,0.011860048108358607,0.9722847232024638,0.010105965551088177,0.005749263138089415,ANN
S139,0.11048708999003311,0.08914111567400519,0.053584190487551434,0.7467876038484101,GRU
S140,0.15582459634993873,0.11020342421938152,0.6143305566099878,0.11964142282069284,CNN-LSTM
S141,0.0966450823402252,0.7314639456758358,0.06859690781430909,0.1032940641696307,ANN
S142,0.0771567247410696,0.6812593827471183,0.1490282270385982,0.09255566547321387,ANN
S143,0.2115589085821099,0.26371140299765616,0.17810030711165775,0.3466293813085762,GRU
S144,0.15636392781562336,0.010680155839149759,0.09921901019675669,0.7337369061484703,GRU
S145,0.2306320910226001,0.45340876862779106,0.1959470647513393,0.12001207559826892,ANN
S146,0.2112431255596762,0.3430292728909616,0.2492017472906218,0.19652585425874028,ANN
S147,0.454633350413388,0.1985616765977232,0.17872602498100637,0.1680789480078826,1D-CNN
S148,0.19022781863362598,0.22765854523093038,0.2873656311190832,0.2947480050163604,GRU
S149,0.16193117126491752,0.16208840939010083,0.13999965317527405,0.5359807661697077,GRU
S150,0.2009767411127676,0.004846245205801292,0.014186747094477297,0.779990266586954,GRU
S151,0.011733578935145416,0.004487707588719623,0.9796849400197724,0.004093773456361903,CNN-LSTM
S152,0.010993165025434463,0.9572071809742586,0.018538764221906243,0.013260889778400807,ANN
S153,0.06835007714535282,0.7249921626975641,0.07693940698513387,0.12971835317195016,ANN
S154,0.026952392076177906,0.0035782825887510695,0.003669531889969637,0.9657997934451006,GRU
S155,0.2553510258011988,0.00929514690842702,0.019527721885270015,0.715826105405104,GRU
S156,0.1733196166687263,0.11446359824803132,0.6416523429299896,0.07056444215325282,CNN-LSTM
S157,0.22378905910386465,0.05513548548522865,0.6457994593602755,0.07527599605063111,CNN-LSTM
S158,0.20310931103252372,0.4339304172730223,0.22300931793875994,0.1399509537556949,ANN
S159,0.021439718404070853,0.23550895128828847,0.02487586533207288,0.7181754649755667,GRU
S160,0.009833313071181867,0.07974425042175237,0.02809226711449382,0.8823301693925711,GRU
S161,0.00429110405680876,0.009420437625489607,0.006104882397257578,0.980183575920444,GRU
S162,0.7280231575973943,0.008200804029444743,0.003069174438801191,0.2607068639343598,1D-CNN
S163,0.5164930197473092,0.2928029467877082,0.14788941699093452,0.04281461647404788,1D-CNN
S164,0.2845749437789763,0.23023197819428518,0.30328310642567435,0.18190997160106412,CNN-LSTM
S165,0.01974696385522869,0.9424338645284145,0.016133475834583893,0.021685695781773616,ANN
S166,0.04871394744749702,0.11228939606851104,0.104899709057465,0.7340969474265271,GRU
S167,0.3353240664180076,0.2075733008447832,0.16122270212808,0.29587993060912865,1D-CNN
S168,0.6633330002171927,0.10405165930373567,0.15507254202221243,0.07754279845685998,1D-CNN
S169,0.07940731908175598,0.12785019016575003,0.719184184052454,0.07355830670003981,CNN-LSTM
S170,0.18458525464213615,0.11605098134327815,0.05767714316577594,0.6416866208488097,GRU
S171,0.6823673363239092,0.09298222573324,0.130803553810818,0.09384688413203252,1D-CNN
S172,0.6529514406162987,0.12435915630304827,0.09924297865356953,0.12344642442708338,1D-CNN
S173,0.012978447866083242,0.20657368039219942,0.7649791570825156,0.015468714659201232,CNN-LSTM
S174,0.9932060204422607,0.004274974155289056,0.0005571111729454707,0.0019618942295048787,1D-CNN
S175,0.007187642564701522,0.05035080283578828,0.904800440543562,0.03766111405594798,CNN-LSTM
S176,0.009757541280110677,0.42804968873670995,0.08058015382204585,0.48161261616113377,GRU
S177,0.003543159926672219,0.01148562863004609,0.9606611462482123,0.024310065195069033,CNN-LSTM
S178,0.19339139174734038,0.09930096954788262,0.1063155390278177,0.6009920996769591,GRU
S179,0.9440162991817135,0.01054630582799947,0.008030928718539004,0.037406466271748075,1D-CNN
S180,0.9999578973205829,2.8949744437622275e-05,6.3803569641935895e-06,6.772578015348675e-06,1D-CNN
S181,0.23403292934311332,0.27727615482897733,0.28112719315286583,0.20756372267504297,CNN-LSTM
S182,0.18451553803054332,0.3148260110645479,0.21155445956607036,0.2891039913388378,ANN
S183,0.1701799233702461,0.024905879891558323,0.7281251701876962,0.07678902655049938,CNN-LSTM
S184,0.13020221069272295,0.06975182464478971,0.08243054444308869,0.7176154202193987,GRU
S185,0.25127596649886885,0.09042189165535802,0.4369521296074662,0.2213500122383072,CNN-LSTM
S186,0.22221527677609507,0.22208016261931665,0.2817108828637607,0.2739936777408279,CNN-LSTM
S187,0.09666707603076563,0.5539343536051975,0.06588532027463444,0.2835132500894023,ANN
S188,0.0022464111784895368,0.0004517456756440432,0.9968535181787449,0.00044832496712158605,CNN-LSTM
S189,0.009145979108319146,0.0031016432111593936,0.010869737861798881,0.9768826398187213,GRU
S190,0.0006078519305799143,1.2685561241268303e-05,0.9992594409943938,0.00012002151378615415,CNN-LSTM
S191,0.03457190726485275,0.8890842703804919,0.05732469112873848,0.01901913122591682,ANN
S192,0.004745301116351178,0.986237052462889,0.004523865791984372,0.0044937806287748275,ANN
S193,0.04325205313511618,0.5283210215815518,0.09477143401904156,0.33365549126429145,ANN
S194,0.06207116430002172,0.5854568452124979,0.11868229601586618,0.23378969447161382,ANN
S195,0.252649921400657,0.1485829909638642,0.10616287089170294,0.4926042167437759,GRU
S196,6.48514498238533e-06,0.9999854280281419,5.1229099125068426e-06,2.963916963087791e-06,ANN
S197,0.23299285392727112,0.2709756935734488,0.2164224981424979,0.2796089543567816,GRU
S198,0.19153191401368538,0.09759477323452383,0.17660329802609895,0.5342700147256917,GRU
S199,0.45654574794691033,0.05938545599552501,0.3862269700716618,0.09784182598590291,1D-CNN
S200,0.5971544654632417,0.000626697599870922,0.399138069940399,0.0030807669964874815,1D-CNN
S201,0.258567701178558,0.2728895815658303,0.279532379312189,0.18901033794342242,CNN-LSTM
S202,0.22451322149817007,0.2487077735930211,0.2402020341844333,0.28657697072437566,GRU
S203,0.11215486148318454,0.459835287083265,0.13808528707153064,0.2899245643620194,ANN
S204,0.9801078193176216,0.0077879591451711465,0.004614283153758069,0.007489938383449215,1D-CNN
S205,0.12977909906182844,0.5903068166508886,0.020081596895372082,0.25983248739190973,ANN
S206,0.0007566845425592556,0.9973917917911195,0.0014868224253309509,0.00036470124098914074,ANN
S207,0.25627827374285417,0.265732832414353,0.2738496366421703,0.20413925720062231,CNN-LSTM
S208,0.00086243781218794,0.9969509693966889,0.0009630244063188964,0.0012235683848039938,ANN
S209,0.025258755174010186,0.02687040300347394,0.013889698298382389,0.9339811435241334,GRU
S210,0.532577941902272,0.28039744466546074,0.06795576154117056,0.11906885189109678,1D-CNN
S211,0.15008686648546452,0.2721038859890007,0.4756864714648432,0.10212277606069164,CNN-LSTM
S212,0.04342819125699169,0.8734312587572574,0.046680255111933834,0.03646029487381736,ANN
S213,0.10535595974137697,0.0728135907703629,0.11049680208120125,0.711333647407059,GRU
S214,0.962058479778622,0.001916302035374532,0.03173433015729525,0.004290888028708303,1D-CNN
S215,0.697115797505245,0.016843522392891414,0.2578794977444358,0.028161182357427015,1D-CNN
S216,0.0002797307962532104,0.9990575294104689,0.00039180041087445505,0.00027093938240334975,ANN
S217,0.1117340520626934,0.6577805506706855,0.09817123160862787,0.13231416565799287,ANN
S218,0.1926738917801677,0.25461049281443,0.14776256912383626,0.4049530462815667,GRU
S219,0.05807112200850925,0.9394824854673363,0.0013263665327065749,0.0011200259914476572,ANN
S220,0.7828743143556441,0.07839226752875045,0.10612870073870827,0.032604717376897,1D-CNN
S221,0.14111019583890463,0.538014524038183,0.28871774067546063,0.03215753944745164,ANN
S222,0.17144348370192053,0.45190452941947096,0.19467689793460366,0.1819750889440047,ANN
S223,0.16979325635136547,0.10228692418348961,0.1893542114569152,0.5385656080082303,GRU
S224,0.19500158091007613,0.3241884001464666,0.3203531642538336,0.16045685468962392,ANN
S225,0.31699963657517105,0.1196774395179493,0.18290602083553975,0.3804169030713398,GRU
S226,0.15024726508232594,0.23165862436792808,0.4793623702175355,0.1387317403322101,CNN-LSTM
S227,0.1913637416940983,0.2963317845870487,0.24977008073082682,0.26253439298802644,ANN
S228,0.10267913892024008,0.12278404747103247,0.0836770624793958,0.6908597511293315,GRU
S229,0.20211456779593853,0.28671617655124076,0.2812696853670754,0.22989957028574484,ANN
S230,0.19037173550188458,0.3884836330606574,0.1358079782397101,0.28533665319774804,ANN
S231,0.11818328526783223,0.007010889000053483,0.8210826485639039,0.05372317716821029,CNN-LSTM
S232,0.2903329758211757,0.035800458772535376,0.02091617405903141,0.6529503913472575,GRU
S233,0.27093358078109947,0.18289971151824552,0.37527531002706943,0.1708913976735857,CNN-LSTM
S234,0.2624004290038645,0.2592806309759622,0.24654791068803558,0.23177102933213745,1D-CNN
S235,0.4429604137394404,0.1451212309883042,0.05297308762094609,0.35894526765130935,1D-CNN
S236,0.0001132362927143653,0.9670550931169044,0.032759076603482006,7.259398689997286e-05,ANN
S237,0.2294695482681113,0.25590238171330554,0.25084622875903817,0.263781841259545,GRU
S238,0.01583664031368954,0.9566212991127929,0.01064761108902643,0.01689444948449102,ANN
S239,0.9495485344918277,0.0002996045173391529,8.548504104151967e-05,0.050066375949791395,1D-CNN
S240,0.0682947526994246,0.006405084162764921,0.012736705100237219,0.9125634580375733,GRU
S241,0.263365022979093,0.380951772205103,0.23155682094830865,0.12412638386749561,ANN
S242,0.24056632290709495,0.3472447921966268,0.24136792846238317,0.1708209564338951,ANN
S243,0.11063397873277893,0.15005428709493915,0.23129725963062794,0.5080144745416539,GRU
S244,0.07658330338425777,0.05029555082702392,0.819558717719737,0.05356242806897993,CNN-LSTM
S245,0.0012669109144554293,0.0005998575871906678,0.0002704439360631525,0.997862787562291,GRU
S246,0.0004684235516986342,0.988712936716898,0.010564401994880342,0.0002542377365228111,ANN
S247,0.22213474761977273,0.09191473723133903,0.5420396914257469,0.14391082372314143,CNN-LSTM
S248,0.10360827875407402,0.6572262191366652,0.12435978788266402,0.11480571422659612,ANN
S249,0.0028963085085019383,0.015080444239810609,0.006561925019057534,0.9754613222326299,GRU
S250,0.0020821902963592746,0.9834845636686586,0.002224231717442014,0.012209014317540139,ANN
S251,0.5486591780006926,0.014895989002876916,0.005895663611188531,0.43054916938524124,1D-CNN
S252,0.20921329022096827,0.06949976065202777,0.5980736443084607,0.12321330481854241,CNN-LSTM
S253,0.21124390203621377,0.33420333266321417,0.27464617259432306,0.17990659270624895,ANN
S254,0.0019380947874367963,0.9947070484139187,0.0014654871313877302,0.0018893696672565062,ANN
S255,0.07323418839916183,0.5590471361661745,0.2221763427277413,0.14554233270692235,ANN
S256,0.2121002623063523,0.2904349463694648,0.18239968205741075,0.3150651092667723,GRU
S257,0.036215140380675304,0.0054960006169751646,0.0080482127642247,0.950240646238125,GRU
S258,0.5703633472110056,0.0030630563576027796,0.007314643629985357,0.41925895280140624,1D-CNN
S259,0.18752772207028617,0.16890917658633864,0.5751323104345393,0.06843079090883489,CNN-LSTM
S260,0.2614005246782522,0.2681413292285613,0.26199912157421595,0.20845902451897036,ANN
S261,0.006067889670805044,0.7481060210733222,0.0015604224214901565,0.24426566683438275,ANN
S262,0.3695368555600169,0.18589353454619298,0.24910873598713537,0.19546087390665562,1D-CNN
S263,0.02499968972789622,0.03757110566548147,0.9111977653638884,0.026231439242734085,CNN-LSTM
S264,0.167476838624108,0.3066979937409308,0.21607507442275486,0.3097500932122056,GRU
S265,0.647543340766358,0.07305815719155062,0.08918024746749612,0.19021825457459515,1D-CNN
S266,0.11757114030948036,0.07368318791721909,0.745432651672408,0.06331302010089239,CNN-LSTM
S267,0.10357013807777915,0.41920921740156314,0.34372324070144006,0.1334974038192175,ANN
S268,0.7969669551292555,0.11258646671753127,0.01890797914527598,0.07153859900793699,1D-CNN
S269,0.37634343450763075,0.19082496625991566,0.20752598517885126,0.22530561405360255,1D-CNN
S270,0.09027083761492374,0.8152819760540688,0.04647589859142003,0.047971287739587226,ANN
S271,0.06942110456853869,0.694289934705159,0.15572486516539152,0.08056409556091063,ANN
S272,0.05182862127817315,0.14394636277835338,0.14935142910217516,0.654873586841299,GRU
S273,0.016384242540756357,0.875116266046397,0.020397223229762403,0.08810226818308428,ANN
S274,0.6462706984934932,0.15239781081767184,0.021991992561443165,0.17933949812739178,1D-CNN
S275,0.1498722689126444,0.7762576685025656,0.03024140786853805,0.04362865471625164,ANN
S276,0.059959227852400564,0.03351733486795742,0.45901844615743104,0.4475049911222109,CNN-LSTM
S277,0.40950117942771425,0.1095629202380642,0.30159634184251166,0.17933955849171015,1D-CNN
S278,0.25408181560452886,0.25888802729188737,0.24116983274189338,0.24586032436168948,ANN
S279,0.005139310621051745,0.9883471434530874,0.0015083319711896755,0.005005213954671114,ANN
S280,0.11549844248324505,0.03860127928975278,0.006189638205529784,0.8397106400214712,GRU
S281,0.12085667819816158,0.08898461312162813,0.19341036306422607,0.5967483456159841,GRU
S282,0.5537773444251719,0.018390448247717187,0.003092488284808897,0.42473971904230223,1D-CNN
S283,0.03621073492370487,0.40646500493993176,0.033866766264679944,0.5234574938716835,GRU
S284,0.9808242596041581,0.003621753123596356,0.006978152081695906,0.008575835190549101,1D-CNN
S285,0.006330026775036211,0.9922666199377567,0.0007896809716333344,0.0006136723155736225,ANN
S286,0.2762589339388233,0.47915586461392184,0.1422925829400705,0.10229261850718417,ANN
S287,0.06569555336578421,0.9249858638230616,0.0028038378088822242,0.006514745002271898,ANN
S288,0.030320854030787766,0.06088141961040117,0.04407507187636949,0.8647226544824412,GRU
S289,0.04207341019353593,0.04035174139462105,0.16071733694720092,0.7568575114646423,GRU
S290,0.4191288560982599,0.326917183685123,0.09733847441671732,0.15661548579989906,1D-CNN
S291,0.1463613887852418,0.5441562603700847,0.188589040046897,0.1208933107977764,ANN
S292,0.20306093798789393,0.23209395586316947,0.29066519448088307,0.2741799116680533,CNN-LSTM
S293,0.7348980652324988,0.002836051220853831,0.09137592539297784,0.17088995815366956,1D-CNN
S294,0.22434193732181348,0.16631923199042503,0.5241731018190454,0.08516572886871585,CNN-LSTM
S295,0.09969788361192644,0.684318675499561,0.12673384496292084,0.08924959592559148,ANN
S296,0.00010729808592701542,0.9997413793847627,7.26406084525164e-05,7.86819208579495e-05,ANN
S297,0.10261968597811616,0.25236279028287484,0.09138010687405768,0.5536374168649515,GRU
S298,0.1549526166560067,0.7670395239480623,0.048697025714911704,0.029310833681019423,ANN
S299,0.21816359075007483,0.18321887670452708,0.4447330528222346,0.15388447972316374,CNN-LSTM
S300,0.01218208951980509,0.7183492778915578,0.011566992594598383,0.2579016399940387,ANN
S301,0.012601976758189892,0.030876339617601157,0.666462662895406,0.29005902072880263,CNN-LSTM
S302,0.005000975509983133,0.9072168182322846,0.01121583183571785,0.07656637442201418,ANN
S303,0.8221730576800873,0.06088896793821943,0.05073041590245502,0.06620755847923766,1D-CNN
S304,0.2656278205563551,0.5617643773167682,0.029909875721342592,0.14269792640553397,ANN
S305,0.951231812818768,0.020803560758051388,0.01536676177268,0.012597864650501858,1D-CNN
S306,0.0034742758309619557,0.00010806130901480762,0.9943438960716209,0.002073766788400835,CNN-LSTM
S307,0.20165019620727562,0.01748969747391049,0.7736765594620771,0.0071835468567368775,CNN-LSTM
S308,0.1731889131955233,0.5547704389207939,0.16271378579429402,0.10932686208938845,ANN
S309,0.01481986389367164,0.8702025288153802,0.015393095214645196,0.0995845120763041,ANN
S310,0.1512122344833095,0.22779579884745543,0.36434183840327616,0.25665012826595884,CNN-LSTM
S311,0.005048016580859454,0.009548510102927754,0.9823773708954399,0.003026102420772936,CNN-LSTM
S312,0.12018428141875541,0.5156538393156285,0.20840314466781368,0.15575873459780135,ANN
S313,0.036983262445169494,0.3460409826455976,0.052894134063522585,0.5640816208457105,GRU
S314,0.9138929389543811,0.01819583051506395,0.007690250806020356,0.06022097972453425,1D-CNN
S315,0.060455535469001634,0.7984923910904181,0.10369050925153332,0.03736156418904719,ANN
S316,0.21415150727580992,0.3100632263930945,0.1415999189076838,0.33418534742341094,GRU
S317,0.13780585836283427,0.0037895278294184055,0.026590368650291175,0.8318142451574561,GRU
S318,0.1392310371931725,0.5533527273960642,0.14479774095695344,0.16261849445380966,ANN
S319,0.14455052712477218,0.1257726874238824,0.14190257118994626,0.587774214261399,GRU
S320,0.31459915194292654,0.23146913152277387,0.3339298970825205,0.12000181945177879,CNN-LSTM
S321,0.2573082970681548,0.09986057961339578,0.20102945528928343,0.44180166802916576,GRU
S322,0.9578015381870147,0.0006637237493699171,0.03577400999725346,0.005760728066361958,1D-CNN
S323,0.19589339487329419,0.41146864539708816,0.3305178735078568,0.06212008622176074,ANN
S324,0.10524870430253518,0.3707573129292903,0.04218535889031119,0.48180862387786333,GRU
S325,0.017335606724511052,0.02340856582416246,0.9361608571192439,0.02309497033208275,CNN-LSTM
S326,0.001441959443589681,0.8641583362095149,0.0015870766257005493,0.1328126277211946,ANN
S327,0.009478443060725544,0.008312637127051695,0.9383471956582933,0.043861724153929395,CNN-LSTM
S328,0.035048086760243125,0.11408604986592871,0.7889501998404993,0.06191566353332867,CNN-LSTM
S329,0.01799663627109953,0.8691107920792698,0.019235962966414923,0.09365660868321517,ANN
S330,0.9081308475835326,0.010064823020821423,0.009094071215697774,0.07271025817994715,1D-CNN
S331,0.4007004151039157,0.2292313924392862,0.21148571861636395,0.15858247384043403,1D-CNN
S332,0.13784805724876198,0.5707604181078723,0.15993769367803265,0.1314538309653336,ANN
S333,0.2811767704315018,0.6633026736631156,0.019954701440441994,0.03556585446494001,ANN
S334,0.973185862044052,0.011349165684693971,0.004849884163019156,0.010615088108235006,1D-CNN
S335,0.38817291052324543,0.09785483808339566,0.39261504140644465,0.12135720998691438,CNN-LSTM
S336,0.10030883087652644,0.09423199394075399,0.6436316602373527,0.16182751494536662,CNN-LSTM
S337,0.013714453292254956,0.010644502611414038,0.009477504247344299,0.9661635398489868,GRU
S338,0.9483705287183283,0.01777751691996319,0.005843390974565133,0.028008563387143207,1D-CNN
S339,0.03529073803069684,0.026441397602326916,0.9107244332045431,0.027543431162433296,CNN-LSTM
S340,0.030818526073567776,0.8487361628135623,0.03849440967131887,0.08195090144155107,ANN
S341,0.22134487856359678,0.10482398108808211,0.2504429604502196,0.4233881798981013,GRU
S342,0.029695339864320196,0.025062602907679428,0.9333883907282206,0.011853666499779944,CNN-LSTM
S343,0.04008042925809985,0.8533815482110834,0.0652105271555519,0.041327495375264305,ANN
S344,0.14979409999186533,0.30726875120201563,0.33385940795841984,0.20907774084769895,CNN-LSTM
S345,0.06616678484491462,0.5310822543445987,0.03674735462572786,0.3660036061847589,ANN
S346,0.9932025397634979,0.0011393194877879573,0.001506005639913958,0.004152135108800426,1D-CNN
S347,8.53211943822929e-05,2.0112217174572e-05,0.9998929694829117,1.5971055315465213e-06,CNN-LSTM
S348,0.24183019487354154,0.2598489003256073,0.29419135555178716,0.20412954924906374,CNN-LSTM
S349,0.0033020961543635077,0.989807745339795,0.0022883407972071113,0.004601817708634389,ANN
S350,0.36529987534181196,0.20168217691576062,0.23345052132787664,0.19956742641455077,1D-CNN
S351,0.010585085490543576,0.01155967290297341,0.9727440010888039,0.005111240517680266,CNN-LSTM
S352,0.00789999932858975,0.9476291915287884,0.011379252441236713,0.03309155670138478,ANN
S353,0.25764376189491506,0.20309685660135027,0.2767595168847048,0.26249986461902886,CNN-LSTM
S354,0.04198239964372062,0.9315802012235459,0.006208865130685936,0.020228534002047324,ANN
S355,0.26766016087173555,0.22985267703556364,0.27646004431614235,0.2260271177765582,CNN-LSTM
S356,0.06181455652391405,0.9348678143931177,0.0002826171870398174,0.003035011895928849,ANN
S357,0.005056447021454088,0.0069540734054851245,0.03493783443458692,0.9530516451384738,GRU
S358,3.273484884109361e-05,0.9994891905532652,0.0001854436065350628,0.0002926309913586147,ANN
S359,0.04589216875701878,0.15690732793742168,0.22513228486748507,0.5720682184380745,GRU
S360,0.007033011973787751,0.013960232870332889,0.38096812767373195,0.5980386274821478,GRU
S361,0.034386982314148856,0.1702681915042397,0.5798681384714575,0.21547668771015416,CNN-LSTM
S362,0.25363609163588047,0.11146305248845789,0.05549545729913751,0.5794053985765235,GRU
S363,0.29510946677725214,0.3364278148799689,0.12931950865042108,0.23914320969235758,ANN
S364,0.07409451494033606,0.6540287824475073,0.19593738132348673,0.07593932128866968,ANN
S365,0.0075599422299906195,0.9470949327775539,0.032953361305506385,0.012391763686949081,ANN
S366,0.008449158611526194,0.011454782408701927,0.9548384678052271,0.025257591174545093,CNN-LSTM
S367,0.07246246421041293,0.1455624130778224,0.0816016057092812,0.7003735170024835,GRU
S368,0.489287625197493,0.2763669390088338,0.11985934714449654,0.11448608864917646,1D-CNN
S369,0.2710088006684993,0.2670273842169411,0.26377976540210546,0.1981840497124541,1D-CNN
S370,0.05785395044218913,0.8110468112555009,0.05027670118994706,0.08082253711236234,ANN
S371,0.05720290432995859,0.022629478842746024,0.7953554646924493,0.12481215213484613,CNN-LSTM
S372,0.0984835148847397,0.10494078533738485,0.07939823377493543,0.7171774660029399,GRU
S373,0.37095696955649177,0.1034445505658646,0.1933784163207646,0.3322200635568783,1D-CNN
S374,0.0582575119059784,0.15648407590834787,0.7418332201794315,0.04342519200624173,CNN-LSTM
S375,0.05766559289604611,0.7478493178369214,0.10515074044728184,0.08933434881975034,ANN
S376,0.03953796866725309,0.44699112527782636,0.12500607309760997,0.38846483295731077,ANN
S377,0.15637772568574884,0.22083402174390593,0.42792670421180645,0.19486154835853994,CNN-LSTM
S378,0.005071408161582212,0.00031271775111488406,0.0008584633667475602,0.9937574107205557,GRU
S379,0.002897819460593198,0.990738169371192,0.004442279398747633,0.0019217317694666034,ANN
S380,0.22805048401705133,0.31246638505882596,0.2525679591826919,0.2069151717414308,ANN
S381,0.002413515422273078,0.9854727843452401,0.002887591775485253,0.009226108456999706,ANN
S382,0.8901969299413824,0.04239541152563651,0.03787052036779189,0.029537138165189325,1D-CNN
S383,0.1340773484588775,0.30522045138331416,0.42491742767474466,0.13578477248306373,CNN-LSTM
S384,0.20034855449563996,0.33923405957491115,0.17624278571882493,0.28417460021062424,ANN
S385,0.14704379713494897,0.4180311871079064,0.21280908542821816,0.2221159303289267,ANN
S386,0.20894960288296366,0.2950349132426832,0.20732994955363906,0.2886855343207139,ANN
S387,0.109982051946676,0.3158084868048693,0.0699038539564223,0.5043056072920323,GRU
S388,0.2632182825053954,0.1004119963071724,0.6137452289190095,0.022624492268422572,CNN-LSTM
S389,0.007926721727318453,0.9762520089701548,0.013149942529671261,0.0026713267728567603,ANN
S390,0.3326142136740145,0.11160087496226528,0.26262774930051747,0.2931571620632027,1D-CNN
S391,0.12145697275924464,0.011316867457211966,0.07110027652433226,0.7961258832592113,GRU
S392,0.2579399542945333,0.248262759425265,0.43510727271224625,0.0586900135679555,CNN-LSTM
S393,0.22370832288725365,0.30945485042664034,0.25716995779209667,0.20966686889400887,ANN
S394,0.011397825435037676,0.0035084801237969558,0.002647270873177437,0.9824464235679881,GRU
S395,0.00046183427304897297,0.0005161231366167417,0.9987448481219947,0.000277194468339185,CNN-LSTM
S396,0.22033578170642906,0.2013354446871217,0.27640109914272454,0.30192767446372504,GRU
S397,0.1285021513972487,0.4999095836484566,0.19881885037616687,0.172769414578128,ANN
S398,0.17921023008906148,0.28215774972616603,0.3365156175262688,0.20211640265850403,CNN-LSTM
S399,0.1717741203594695,0.5371121741336692,0.097146040505552,0.1939676650013093,ANN
S400,0.9285475517291863,0.005655133063402731,0.025252454437318467,0.040544860770092526,1D-CNN
S401,0.3888394640560868,0.30376662792315384,0.25150546157768927,0.055888446443069936,1D-CNN
S402,0.9984341382493237,8.777830751546938e-06,0.0014938860486006739,6.319787132304637e-05,1D-CNN
S403,0.29852626680083094,0.25164961513863265,0.27203379213502976,0.17779032592550614,1D-CNN
S404,0.22939721295743407,0.27490863101071655,0.23531427626593734,0.26037987976591215,ANN
S405,0.0024574876645581585,0.16434335716571344,0.0040078247604500355,0.8291913304092781,GRU
S406,0.0,0.0,0.0,0.0,1D-CNN
S407,0.0,0.0,0.0,0.0,1D-CNN
S408,0.012643188716067155,0.0015307405808653754,0.0023805675228489825,0.9834455031802186,GRU
S409,0.7087104520970352,0.01243263685325063,0.17432175052639756,0.10453516052331598,1D-CNN
S410,0.10351981895780264,0.6449954146109178,0.10001739535245865,0.15146737107882088,ANN
S411,0.18418399654213635,0.2070241091137268,0.17421658859727085,0.43457530574686487,GRU
S412,0.22127730887694924,0.33503398612371216,0.37310056033032757,0.07058814466901098,CNN-LSTM
S413,0.23355997971063638,0.33554928141115525,0.2466187064076281,0.1842720324705801,ANN
S414,0.17352818472086548,0.2705884976239351,0.22871113191010076,0.3271721857450986,GRU
S415,0.056711329601039806,0.034196177683658534,0.05661816865135384,0.8524743240639479,GRU
S416,0.18314255841356186,0.30970717539889936,0.3392934426647549,0.16785682352278392,CNN-LSTM
S417,0.3178484636714139,0.15299938787368725,0.1223899693780607,0.4067621790768382,GRU
S418,0.1540387370456869,0.03068822355326226,0.7085941432618049,0.10667889613924689,CNN-LSTM
S419,0.32289874913159755,0.14780211643694705,0.23997612932676235,0.2893230051046922,1D-CNN
S420,0.11460730709065103,0.6282605972733858,0.14169849179027122,0.11543360384569215,ANN
S421,0.20015317650727132,0.30732530881410713,0.16023252809185065,0.33228898658677103,GRU
S422,0.33933327472985414,0.05185486351290071,0.3594629393725321,0.24934892238471312,CNN-LSTM
S423,0.11640178203526669,0.5502216822097549,0.1569876952697832,0.1763888404851959,ANN
S424,0.047894549784162986,0.8184293876164928,0.02514723588179731,0.10852882671754725,ANN
S425,0.00030657829159664386,0.9986137558089431,0.0005540978717389532,0.0005255680277215584,ANN
S426,0.19600886175894003,0.26776652837571524,0.08180741018725736,0.45441719967808686,GRU
S427,0.6895495323525979,0.014503216070327068,0.12265812304704068,0.1732891285300343,1D-CNN
S428,0.08701346866460268,0.758989409184007,0.12619436287644056,0.027802759274949785,ANN
S429,0.34440507023199163,0.12690215449811834,0.20793190270064596,0.32076087256924374,1D-CNN
S430,0.8738091861967257,0.004817277762886412,0.02837891642466697,0.09299461961572053,1D-CNN
S431,0.016865620803400275,0.9320144221977797,0.041490227658741594,0.009629729340078124,ANN
S432,0.0010810320774169483,0.9961433554141071,0.001361556728039747,0.00141405578043634,ANN
S433,0.061605275152211564,0.6896769989367679,0.11244225534773358,0.1362754705632881,ANN
S434,0.05027225096088004,0.0005181117135208783,0.0005962007357687124,0.9486134365898303,GRU
S435,0.004024459242814581,0.004945957162176238,0.989028414268874,0.002001169326134593,CNN-LSTM
S436,0.23201651006106405,0.249069423486865,0.20668611160261302,0.31222795484945803,GRU
S437,0.21933238605973593,0.09143009948897746,0.22295817441675933,0.4662793400345267,GRU
S438,0.5164995575729046,0.08841683979637138,0.2681266056920171,0.12695699693870693,1D-CNN
S439,0.052950303178141776,0.08734597676740104,0.81500084385186,0.04470287620259707,CNN-LSTM
S440,0.04360912739052552,0.03981739684924479,0.008276003544097594,0.9082974722161322,GRU
S441,0.08025409440660554,0.2704895785068915,0.10798794709096891,0.541268379995535,GRU
S442,0.00861454152766213,0.9135629896279183,0.02487278688956283,0.05294968195485693,ANN
S443,0.05409186280643218,0.9376429727771599,0.002159084372180364,0.006106080044226912,ANN
S444,0.48234636955265076,0.34626135809607694,0.02747452095253437,0.14391775139873716,1D-CNN
S445,0.1367205599130491,0.258002843521831,0.43804850766595743,0.1672280888991615,CNN-LSTM
S446,0.13006294024246579,0.5808985514794358,0.1407556536186475,0.14828285465945087,ANN
S447,0.17897905896086044,0.334216902837736,0.21071473271312155,0.27608930548828214,ANN
S448,0.002805868960976839,0.002428850205600595,0.00318394532093249,0.9915813355124896,GRU
S449,0.2876267829999933,0.2606215703909809,0.3283245614375896,0.12342708517143523,CNN-LSTM
