Segment,1D-CNN,ANN,BiLSTM,LSTM,CNN-LSTM,GRU,Selected
S1,0.9722879714985019,0.0004646564726489075,0.0025073641517720496,0.0024514311122723485,0.006753897209921369,0.015534679554881902,1D-CNN
S2,0.5540914136885357,0.09221696439918305,0.0074253306013981205,0.00945260627748743,0.08359314766681593,0.25322053736658134,1D-CNN
S3,0.11583525077976632,0.14337964898215835,0.07955853370168472,0.1732795208341154,0.42113511373482565,0.06681193196745111,CNN-LSTM
S4,0.13544696775114035,0.45010551291102574,0.09105931010491505,0.18177620517246343,0.07064252301526455,0.0709694810451899,ANN
S5,5.392625376063734e-05,0.0002657226014548884,0.8462262431849135,0.15338463028384386,3.253282224690189e-05,3.6944853772075394e-05,BiLSTM
S6,0.0027061203774196435,0.012265468235314086,0.07199148981565062,0.05594613262068912,0.007300787900255282,0.8497900010506881,GRU
S7,0.00036798896371337687,0.0008052860304020811,0.5427614465391791,0.44756638704655805,0.0025137461237273034,0.005985145296419256,BiLSTM
S8,0.03531058893473127,0.06073963614218145,0.5029244171336058,0.2817312537165747,0.05864593810947886,0.060648165963425385,BiLSTM
S9,0.27347856456034986,0.25677846381048197,0.05707116967630399,0.031426816640538625,0.040056649903881615,0.3411883354084439,GRU
S10,0.2365496850381772,0.16337082273673975,0.001002975772432414,0.0006397590215886864,0.1852566263587721,0.4131801310722835,GRU
S11,0.22554248131424112,0.6033587321235271,0.011815429227350925,0.035171344775741215,0.09770756118119889,0.02640445137793628,ANN
S12,0.01581897799342717,0.021934280845428464,0.7772622959358624,0.16047682667972357,0.0165727936187546,0.007934824926802399,BiLSTM
S13,0.0008841292214356254,0.9840753315685785,0.010164254660838817,0.0020079361802603675,0.0011613314588574753,0.001707016910029262,ANN
S14,0.043647478563923724,0.07397683574365425,0.5131600353427631,0.1682109271187918,0.07392910891552047,0.12707561431534772,BiLSTM
S15,0.0,0.0,0.0,0.0,0.0,0.0,1D-CNN
S16,0.0,0.0,0.0,0.0,0.0,0.0,1D-CNN
S17,0.005709903193727555,0.002900641157755921,0.00010455500486639912,2.30100430754714e-05,0.0014234177703543768,0.9898384728302188,GRU
S18,0.28172675306124023,0.15016357847198655,0.26225979578211284,0.01012403514465605,0.27263051578584613,0.023095321754160632,1D-CNN
S19,0.047008761285791976,0.030923515862913604,0.03523098045029943,0.8407318363120182,0.03929236954867877,0.006812536540300884,LSTM
S20,0.24105292819336666,0.10775188675520309,0.0294450566137143,0.01692742722769913,0.0813074061673177,0.5235152950427028,GRU
S21,0.10482797216797463,0.17802039223876961,0.29976233745460257,0.29512341250064655,0.09292486888673133,0.02934101675128597,BiLSTM
S22,0.11624170897602869,0.07071308205244572,0.08237025491991423,0.5463063944713049,0.08678690168183327,0.09758165789847169,LSTM
S23,0.009602067521250713,0.09957908015265601,0.3048442904743368,0.5022001461014327,0.029745653206343942,0.054028762543971445,LSTM
S24,0.06364257847408623,0.12883323717629383,0.07005165339448131,0.0215865287693315,0.015063843946250936,0.700822158239556,GRU
S25,0.34527222475497676,0.5162600692728668,0.01705719999038003,0.0011102964639115927,0.051842012724049154,0.06845819679381418,ANN
S26,0.006063087268447108,0.11220806884596637,0.16486080665199163,0.6800225438814775,0.00396541584951531,0.03288007750271112,LSTM
S27,0.30064021501882854,0.012271696403496388,0.0033981753251960036,0.0010011250807229744,0.022738434339218877,0.6599503538325431,GRU
S28,0.22199929597389342,0.14757210912899224,0.10554978723577134,0.029362554248349968,0.4541569447696792,0.041359308643306475,CNN-LSTM
S29,0.10089700211878924,0.025910409445813427,0.04257292976701091,0.6073692364498889,0.16562321242626252,0.05762720979222488,LSTM
S30,0.9507905799176487,0.0008230031648898424,0.0006362838346783734,0.001577823393096894,0.02514282459583207,0.021029485093854907,1D-CNN
S31,0.0011954493527423088,0.005341327386132881,0.037646927918320784,0.9527703253513697,0.002197353252859949,0.0008486167385728408,LSTM
S32,0.10539929173278155,0.2686452773548973,0.19000397299324806,0.16048240833232366,0.07927812708316322,0.1961909225035852,ANN
S33,0.9972529426355936,0.00011076546634811205,0.00011237439894732302,0.000146135834859977,0.0006088957388005865,0.0017688859254530469,1D-CNN
S34,0.34848584370916574,0.5397402162856401,0.0035193856806876715,0.005585008757046457,0.07626314597585698,0.026406399591611784,ANN
S35,0.022745921809102,0.07720960068729071,0.27018837601356444,0.5485897986969024,0.06013027735949141,0.021136025433650053,LSTM
S36,0.024276515941004977,0.38987730372015067,0.32165334902347886,0.2169583900196795,0.01850583510319234,0.028728606192489972,ANN
S37,0.00711702924191778,0.08838566837123038,0.2834505354298776,0.22082942380810572,0.02287743875449632,0.37733990439437193,GRU
S38,0.0010902567925833153,0.002379614128426382,0.0052828305468162595,0.0038118395536955616,0.001112694062329508,0.9863227649161495,GRU
S39,0.0,0.0,0.0,0.0,0.0,0.0,1D-CNN
S40,0.0,0.0,0.0,0.0,0.0,0.0,1D-CNN
S41,0.0002479561534517109,2.4619701915899975e-05,2.7599040345917796e-06,3.819819752813822e-06,0.0025472016829093907,0.9971736427379329,GRU
S42,0.0017040052354647126,0.9970058762766829,5.6142285388383355e-05,0.0002832912720131696,0.0006105681122706403,0.00034011681818145516,ANN
S43,0.13387044833430564,0.14871224005807815,0.15647503781002234,0.34442958041953814,0.11931805924153327,0.09719463413651729,LSTM
S44,0.11246260493899014,0.7016656912422577,0.07192953557530897,0.02025736927247128,0.011167540229514774,0.08251725874145346,ANN
S45,0.012956589197024972,0.012909651937783434,0.21173328218717674,0.5598898172396523,0.14376443823515314,0.05874622120320905,LSTM
S46,0.9772198531378468,0.021307875172946522,0.00036058172301073213,0.0004114877160640444,0.0002374172801889273,0.00046278496994190576,1D-CNN
S47,0.006095187240114665,0.10355209297848121,0.21187544770970543,0.1678013656374187,0.4691070090611379,0.04156889737313346,CNN-LSTM
S48,0.11269977547566533,0.03245106724934687,0.6258756412101684,0.1451201978830705,0.03874274761917231,0.045110570562575406,BiLSTM
S49,0.11345380344271468,0.04302856950267682,0.14717246983647547,0.06803203118997432,0.06465226205654022,0.5636608639716184,GRU
S50,0.7666172807946664,0.048171060257233896,0.0036293103859421916,0.0023746248600014547,0.05412162179538576,0.1250861019067739,1D-CNN
S51,0.06914526007184016,0.5456473653798009,0.0007142561778371806,0.0005174488561698141,0.2395228301509861,0.14445283936336673,ANN
S52,0.007805936172696952,0.0052943469844086944,0.0024034437129135115,0.005625834879462789,0.8994219705752003,0.07944846767531928,CNN-LSTM
S53,0.12888926078453652,0.4102169096786988,0.023447376370555603,0.2214860887837011,0.15609380142894638,0.05986656295355669,ANN
S54,0.2718517769857188,0.2592915208586029,0.31640437655222037,0.08548615213231091,0.03807428280875209,0.02889189066240509,BiLSTM
S55,0.02563950016128587,0.9715821467957807,0.0006568180714279807,0.00027147877398854645,0.00045552481847580185,0.0013945313790397016,ANN
S56,0.5258822440476,0.4570814296287779,0.0023458759339323653,0.0019599274056847386,0.005736461677707629,0.006994061306297197,1D-CNN
S57,0.05979824208890087,0.08094109082979983,0.09685830557688764,0.0917462952448766,0.45827372247198145,0.2123823437875536,CNN-LSTM
S58,0.0034872552361596056,0.01572904464531088,0.31341197160619205,0.4011765414020165,0.05700366802347145,0.20919151908684733,LSTM
S59,0.0009141872780696985,0.9734885586053695,0.012124667768896135,0.007698677319723371,0.0019146228752612911,0.0038592861527031474,ANN
S60,0.00022987969037756626,0.0007977806029997587,0.4718085133163148,0.10227854150948656,0.005716782189381552,0.4191685026914478,BiLSTM
S61,0.0002873902944849279,0.00028002712745221357,0.04262283005440001,0.021868262498945044,0.9347986886801334,0.0001428013445772442,CNN-LSTM
S62,0.26163243729170077,0.19988956522345894,0.0193255670476644,0.011662549994506605,0.033273055123132306,0.4742168253195339,GRU
S63,0.33099581618500834,0.44767123307380763,0.013928596832730044,0.02291410458710687,0.03063002489558716,0.15386022442576547,ANN
S64,0.012613641750678682,0.005780919885874867,0.8784369491759453,0.03341995308100593,0.06404157356109885,0.005706962545396078,BiLSTM
S65,0.0309171623964164,0.03861267999002103,0.8018821716523418,0.03873643817672434,0.037977109686135074,0.05187443809836613,BiLSTM
S66,0.01592185919399296,0.02091039178587905,0.8326191882892866,0.02841336772148501,0.03540490214504212,0.06673029086432304,BiLSTM
S67,0.0,0.0,0.0,0.0,0.0,0.0,1D-CNN
S68,1.841698647300009e-05,7.220939263330444e-06,4.6106836453817803e-07,7.23938812710966e-07,1.7037573886390205e-05,0.9999561394931994,GRU
S69,0.09545265537861386,0.2861609448112672,0.0009655817725655624,0.0025485041145042013,0.11747833937346848,0.4973939745495791,GRU
S70,0.290704325655303,0.36377081066327516,0.010459324562338048,0.12299255583885987,0.16637283148946003,0.045700151790758925,ANN
S71,0.10070306446882579,0.09204514146978933,0.057302024324642105,0.6157812888705297,0.08409741172060983,0.050071069145600215,LSTM
S72,0.19000787747652043,0.34082418591573904,0.0011494396323239668,0.0013642106639242025,0.00036022933879095227,0.4662940569726854,GRU
S73,0.021723888813644694,0.20266605582371375,0.03272615854810989,0.030918217470239977,0.04861253068937755,0.6633531486549139,GRU
S74,0.23161427759548803,0.19921342119197286,0.057414041357625706,0.057366999381460296,0.207099860134142,0.24729140033932034,GRU
S75,0.0027814414036117317,0.006700862960918351,0.065898051174259,0.05010529461031609,0.8334476749831503,0.04106667486774305,CNN-LSTM
S76,0.006385300273955594,0.19933046486836187,0.23938437890792869,0.16022953441184928,0.04106714629231336,0.35360317524558366,GRU
S77,0.8850582406437295,0.013489019248183461,0.032166978599399036,0.02488064629321789,0.015312927483064278,0.029092187732416615,1D-CNN
S78,0.9992502779402217,0.0001866835472872576,5.367157856268043e-05,7.176506976174139e-05,7.436618870378744e-05,0.0003632356754699635,1D-CNN
S79,0.08908764991927233,0.11363847845103424,0.1594153443219689,0.4377514332330155,0.13281995859449636,0.06728713548020547,LSTM
S80,0.0022335951600995015,0.17147300448031555,0.7999437338543627,0.017543631373420077,0.006147438036335245,0.002658597095467912,BiLSTM
S81,0.20908983712018522,0.09475742214203613,0.1525231475774839,0.1577173772066003,0.16772438665835324,0.21818782929534364,GRU
S82,0.39289172872820394,0.3672498467385108,0.04745256035303781,0.06287052634215759,0.06590187628711698,0.06363346155097212,1D-CNN
S83,0.031484961441236047,0.0356752450076075,0.06354534355659157,0.7662490943154214,0.07729703814853568,0.02574831753060746,LSTM
S84,0.005834659665231168,0.06751439182773673,0.8401180530817876,0.0027911102113510524,0.003980787018570709,0.07976099819532075,BiLSTM
S85,0.08402274052237654,0.2983353062864453,0.26295361126484706,0.24591957557865704,0.05472666860937955,0.05404209773832514,ANN
S86,0.3844482262014214,0.08423514128476255,0.14337369814903328,0.23964574359005936,0.07126684342431376,0.07703034735041683,1D-CNN
S87,0.3103525860655179,0.17318452104888818,0.1362699185090444,0.21313037663021042,0.13850879395038684,0.02855380379594507,1D-CNN
S88,0.6986839627390627,0.0443569125608423,0.012270111255442662,0.005778399285118906,0.035072093198756135,0.20383852096077332,1D-CNN
S89,0.0015401686665789652,0.000895311267531848,0.002221079657750633,0.9934978071244522,0.0006387393420895455,0.0012068939416013185,LSTM
S90,0.08943554355327245,0.12047133313908562,0.25753580102972945,0.03205045242480725,0.16581264814422356,0.33469422170887864,GRU
S91,0.07777264859365968,0.15485035582913714,0.004308532732438751,0.013094031500503731,0.42645656050157477,0.3235178708426859,CNN-LSTM
S92,0.051435964097873946,0.8845425050028105,0.0015440416911072453,0.013982159592370983,0.032141451126672035,0.01635387848916649,ANN
S93,0.003302698990026449,0.0038620398619653505,0.0009072508417881153,0.9871598287065452,0.0029802966952756768,0.0017878849043996207,LSTM
S94,0.08834773940164065,0.2462520707053851,0.0699171373832069,0.04017013943635961,0.06950135182561196,0.4858115612478033,GRU
S95,0.03587714817520562,0.007060083095306039,0.014092495327862258,0.8546133954107134,0.019474917346403314,0.06888196064450501,LSTM
S96,9.536951987847991e-05,6.548323647761658e-05,0.2510626958149863,0.7338565564574244,0.00162577787097044,0.013294117100263899,LSTM
S97,0.06193357600858743,0.2817372651545784,0.2063255329746725,0.32861168611183805,0.055058766111186756,0.06633317363912866,LSTM
S98,0.02168213623325387,0.8948848432729184,0.023611838952316572,0.02220120737550179,0.020366406528196754,0.01725356763781018,ANN
S99,0.013049759005367983,0.03878070448542484,0.16154436942986053,0.020836995621960692,0.7610383068211577,0.004749864636202499,CNN-LSTM
S100,0.5086926186232237,0.05077046943809248,0.0011583249673702836,0.0004905806853882828,0.1002698183872383,0.3386181878986794,1D-CNN
S101,0.06582092661678891,0.8622718366099502,0.000584356894534299,0.0005655219585580048,0.019369109678935372,0.0513882482412253,ANN
S102,0.00010576721462767092,0.0004782336470784985,0.00010473469920273884,0.9992047385148407,7.815692602120281e-05,2.836899823352413e-05,LSTM
S103,0.006627838667857767,0.010913784525065104,0.959915232119214,0.013627967578668538,0.005675496716197053,0.003239680392995406,BiLSTM
S104,4.3704226256957506e-05,0.00013300764443600397,0.9847128527825417,0.0071223754886812094,0.0031003407442648885,0.004887719113818191,BiLSTM
S105,0.005048574766814304,0.007146772199113385,0.8882665590626083,0.050309368526278604,0.017744206996488602,0.031484518448696784,BiLSTM
S106,0.018495225383790444,0.012059507745181372,0.3205438927495452,0.09994699683996171,0.07258169201203005,0.4763726852694878,GRU
S107,0.04407656597509434,0.03895143161376286,0.0930890077958087,0.17683070961898756,0.4176320904564081,0.229420194539928,CNN-LSTM
S108,0.01040582320953986,0.01276538105791683,0.0020357350482293184,0.0007211565303626707,0.007844872959468447,0.9662270311944815,GRU
S109,0.26836479053741635,0.009625538415495516,0.005224289262585414,0.0029340704036534136,0.7028207736208508,0.011030537759998247,CNN-LSTM
S110,0.003176049367070204,0.003907014605995361,0.05379346496770776,0.9324649336310856,0.005005364217813552,0.0016531732103256674,LSTM
S111,0.22693531761434318,0.1807471876875249,0.055529415236783675,0.07288282737350342,0.13162082314809936,0.3322844289397554,GRU
S112,0.054330877863812604,0.2348265396654927,0.19667646376487416,0.05744366368324155,0.376589417839699,0.0801330371828888,CNN-LSTM
S113,0.06472794973571827,0.021141774934278698,0.3967808632783816,0.3631092091763547,0.08938086735789598,0.06485933551737948,BiLSTM
S114,4.9919153157450414e-05,2.5860539771164547e-06,1.6041118812381216e-05,2.247074467279946e-06,2.4961995916021e-05,0.99990424460367,GRU
S115,0.00010307836558370235,0.0010820070430757455,0.9524585273866029,0.04531468191243319,0.0003221977151966183,0.0007195075771107465,BiLSTM
S116,0.02936257787009248,0.08691181685356976,0.45240894652805,0.3494063861543782,0.029868774942495555,0.052041497651414026,BiLSTM
S117,0.12764171537638305,0.1010814920815767,0.12421126684563925,0.06605026732410432,0.0898218045606007,0.4911934538116973,GRU
S118,0.9064917979646399,0.05178989642067028,0.0006415421121694658,0.0003485926741346673,0.01962185515903862,0.02110631566935268,1D-CNN
S119,0.05967926071103068,0.718965970976918,0.027923529025266042,0.03631882167614388,0.1468661765873804,0.010246241023254598,ANN
S120,0.21390224014916062,0.2231630894285545,0.01587947163819925,0.05714689959178215,0.14385194550744856,0.3460563536848469,GRU
S121,0.5268315314353875,0.01106034655549103,0.00475692050615595,0.01028154567744278,0.43614224107789146,0.010927414747636272,1D-CNN
S122,0.23851410244330373,0.007665571718904384,0.003995742869909446,0.006385280068851308,0.032108524946369975,0.7113307779526588,GRU
S123,0.12115643881837809,0.16707151710718088,0.1947152673299505,0.21749348331987597,0.26198919703144136,0.03757409639317002,CNN-LSTM
S124,0.03839641815435966,0.49333839320840916,0.12034437226733613,0.27704964470875604,0.03637772142722877,0.0344934502339067,ANN
S125,0.9997052131563763,3.336696269206971e-05,2.1744045787944905e-05,3.862135140798062e-05,4.651113485134677e-05,0.00015454334888031487,1D-CNN
S126,0.6801932438221893,0.023434441258226323,0.023293382412579423,0.03862202176376203,0.105024765547681,0.12943214519556623,1D-CNN
S127,0.00865566284117989,0.01067269374072249,0.22007169025924325,0.5802880783470843,0.17012459420070364,0.010187280611066017,LSTM
S128,0.005467281891509445,0.04949830863885018,0.7564439935303542,0.16826181000650364,0.012950080227000508,0.0073785257057879024,BiLSTM
S129,0.11681253509584863,0.4166325558111439,0.05834613280795773,0.0379656757288662,0.01786133326663191,0.3523817672895518,ANN
S130,0.9993718021224256,0.00022776843291908824,3.6787425606792876e-05,3.3666299832646984e-05,4.16402449106842e-05,0.00028833547429939064,1D-CNN
S131,0.5187074314953449,0.2925050346452777,0.0014760953756407344,0.0015952845797668703,0.14944789147042467,0.03626826243354265,1D-CNN
S132,0.022709777484409818,0.0690038355815141,0.04371481112938104,0.7693483652572624,0.07648196376263396,0.01874124678479729,LSTM
S133,0.20587822165688638,0.21849461794071584,0.021470682677946135,0.032965458566644866,0.13044328090204763,0.390747738255758,GRU
S134,0.05432430654821117,0.0034563892106914003,0.0008044541776199018,0.0019176276378882551,0.9366017881976734,0.002895434227906715,CNN-LSTM
S135,0.025474263433978902,0.0340260531533467,0.19449019883439458,0.699283733716118,0.03353793510147553,0.013187815760689123,LSTM
S136,0.058788053966086794,0.27220540687108563,0.377295331044436,0.055737720267681826,0.013152538003063322,0.22282094984764672,BiLSTM
S137,0.03427251957693202,0.044850556836120554,0.25113991599630825,0.37678851550784637,0.12071387057811098,0.17223462150469135,LSTM
S138,0.006976567907303882,0.9843617220845053,0.0016366785090285419,0.0019280171425367287,0.002655229574115376,0.00244178478251019,ANN
S139,0.07835106776036173,0.07819885333969524,0.038779917987597626,0.10073178063040905,0.10441266184893223,0.5995257184330031,GRU
S140,0.029882088916223185,0.010301872149890987,0.26392695453293114,0.5373825628405356,0.1351050963973343,0.023401425163091603,LSTM
S141,0.03834700443022081,0.353155081724947,0.45641640379123466,0.08218288372534853,0.024502165953248365,0.04539646037499612,BiLSTM
S142,0.004711984193285728,0.03587481748737167,0.8025512690463095,0.14241143993710453,0.008660010478751402,0.005790478857177578,BiLSTM
S143,0.07914111914867338,0.18181603669512794,0.42958245414745977,0.09481177274966507,0.05426278917024453,0.16038582808882434,BiLSTM
S144,0.18262705803987772,0.009277037410868565,0.0012158914747383755,0.0012270348956514743,0.06980318850374116,0.7358497896751305,GRU
S145,0.170210094756613,0.27011561677904994,0.03422493918302298,0.3407756044833879,0.13185665067531366,0.052817094122612276,LSTM
S146,0.02183853277007669,0.05023002126884035,0.7791601129901521,0.10226208960546611,0.033181648975569744,0.013327594389897151,BiLSTM
S147,0.11321949633092071,0.0043985819193366,0.8020796900485688,0.06058099059834395,0.009981355498337134,0.00973988560449915,BiLSTM
S148,0.015822311461907212,0.02694744378011165,0.721947036019526,0.14164852861365765,0.050005688556831504,0.04362899156796605,BiLSTM
S149,0.016247281873512764,0.017473086591224814,0.4069803532754137,0.24337693079550934,0.015512687913323274,0.3004096595510151,BiLSTM
S150,0.1024803789892575,0.0028672532454176,0.0015524036481828585,0.003125478119411422,0.016232545826059142,0.8737419401716677,GRU
S151,0.008136231169298827,0.0021230721787193246,0.0007972516624043995,0.00317808891590202,0.9845572890848452,0.0012080669888316336,CNN-LSTM
S152,0.0008205076308137499,0.14688238760017158,0.6567149105920743,0.1917715170844412,0.0023567716329433597,0.001453905459551639,BiLSTM
S153,0.02723489322330467,0.27589444658351875,0.37951110477486666,0.17419494997124757,0.043748084965890326,0.0994165204811873,BiLSTM
S154,0.017841705275983208,0.003259586206331482,0.0028418717060500354,0.001530928013757919,0.002593356463199047,0.9719325523346767,GRU
S155,0.28750166002734234,0.006906015156714516,0.0014639895899703503,0.001209316161806822,0.014415790393155816,0.6885032286710164,GRU
S156,0.13680724994349663,0.07560955897632056,0.010788411548869496,0.022199675140977437,0.7034609529211154,0.051134151469220394,CNN-LSTM
S157,0.21945399156329223,0.0417272478328775,0.01240757453164201,0.03024898797542052,0.6424912081559204,0.05367098994084724,CNN-LSTM
S158,0.007693412699549772,0.03318442043148031,0.04564348194878803,0.9044266316097628,0.005634105511220602,0.0034179477991944872,LSTM
S159,0.013934378448209469,0.2628701922296241,0.2604073032914438,0.060214453965594925,0.011277982584426638,0.3912956894807,GRU
S160,0.002151529260851428,0.019733437264496462,0.4193876129412834,0.21702237793512574,0.012427684693321235,0.3292773579049176,BiLSTM
S161,0.004335739774664732,0.011637521696179449,0.039435553077555675,0.027189857146757025,0.005062113658203099,0.9123392146466417,GRU
S162,0.7854943096693447,0.008415475559965946,0.0016146570484023635,0.0013844036291782802,0.0014650109330641,0.2016261431600458,1D-CNN
S163,0.5453328079540345,0.23895614366560586,0.00393567098571443,0.006357521455727308,0.16711701238491866,0.03830084355400051,1D-CNN
S164,0.06712119903268995,0.06023746017482451,0.11145231224715652,0.6216489556381676,0.10168613845309803,0.03785393445406249,LSTM
S165,0.0073472048578005055,0.8767700555568956,0.08500990135085851,0.020329703119002153,0.004744689206544368,0.005798445908902489,ANN
S166,0.0008525932095621819,0.0019548984279645206,0.8965672474527836,0.053964081970950956,0.006186533169539886,0.04047464576919883,BiLSTM
S167,0.25156804977628,0.1533357064896959,0.10653444799244646,0.12057526309068499,0.11580429125992249,0.2521822413909792,GRU
S168,0.5484050669203107,0.08908827608590889,0.0434031528053831,0.08894965213196322,0.15819176976573782,0.07196208229069265,1D-CNN
S169,0.004026800564300573,0.004338513906482921,0.6859782336038236,0.25415547203080585,0.04863778674721458,0.002863193147377515,BiLSTM
S170,0.17429145970796225,0.04678618256768345,0.05416387965952875,0.05071967649223909,0.04827045591223717,0.625768345660356,GRU
S171,0.7022373118729589,0.0506189296465947,0.030892046749721704,0.06219028187021945,0.0913478879490206,0.06271354191148579,1D-CNN
S172,0.39029300341587864,0.09762121707053906,0.07440361911307522,0.15192711515811588,0.16429783818607432,0.12145720705633122,1D-CNN
S173,0.00044477205594102467,0.15452001409826296,0.01126818387443936,0.7896838692497606,0.0432687648576721,0.0008143958639531955,LSTM
S174,0.9938553756310037,0.005057326627703903,0.00018007993938049796,0.00010278913377002519,0.00016586947904154107,0.0006385591891000478,1D-CNN
S175,0.002697133462121954,0.03727893672732521,0.06930032709167405,0.11795991967644164,0.7505996932386588,0.02216398980378429,CNN-LSTM
S176,0.002160071863407699,0.13268070981565383,0.6400897104272596,0.03999606952245048,0.02602945574803034,0.159043982623204,BiLSTM
S177,0.0009834574778873736,0.0027887284715579657,0.11763877150799443,0.5386986091566478,0.3313974861045632,0.008492947281346095,LSTM
S178,0.15471488380272352,0.10130042447249668,0.11090649609731022,0.06200978233688807,0.06648206786300823,0.504586345427578,GRU
S179,0.9626813213598246,0.005656575421201066,0.0024678777032834903,0.00319515526152887,0.0031818946423919888,0.02281717561177386,1D-CNN
S180,0.9999862574285904,6.4465655429724124e-06,1.579786267064481e-07,3.3286945558752225e-07,4.732877213936757e-06,2.07228057009446e-06,1D-CNN
S181,0.01332099919569591,0.03468661297544869,0.3095329487197216,0.5960561674063289,0.0327547482679718,0.013648523434834133,LSTM
S182,0.05537374189735133,0.0991540792783317,0.644532030363089,0.05145923659447376,0.06822662271409007,0.08125428915266303,BiLSTM
S183,0.06255920524472626,0.006823081360003923,0.019113750244198757,0.26224696188663876,0.5772681037805791,0.07198889748384912,CNN-LSTM
S184,0.07304371164127103,0.0185871690920273,0.016532310510939188,0.023076269930898407,0.03405062467812985,0.834709914146734,GRU
S185,0.016147466473299416,0.0014369872245980544,0.01690493907157757,0.8981850281602816,0.04061170839625705,0.026713870673987568,LSTM
S186,0.006850151030481314,0.006675643218971527,0.875739539590161,0.08525928445526473,0.011473435811400281,0.014001945893723243,BiLSTM
S187,0.07287694661229803,0.37065622081934985,0.09326748061480751,0.04446495167881668,0.05577698041267119,0.3629574198620592,ANN
S188,0.0022062535845169253,0.00037692300002781785,0.00012305065147268676,0.00014820671891482273,0.9965050966426451,0.0006404694024216129,CNN-LSTM
S189,0.021263493644293713,0.0025854763104930646,0.0007314372124371794,0.00247554354077037,0.043710363028285265,0.9292336862636891,GRU
S190,0.0005063681793761945,1.622258676785331e-05,8.377070136001954e-06,2.0996000002062736e-05,0.9993658391580835,8.219700563667651e-05,CNN-LSTM
S191,0.04808485477651925,0.72343417581723,0.028994705554414697,0.11743618321662946,0.06654349368036278,0.01550658695485515,ANN
S192,0.0028705356561208348,0.9247165347720689,0.055769533642064655,0.012636340851279208,0.002111279753954161,0.0018957753245181974,ANN
S193,0.0013826200398894164,0.019611827936859987,0.8086590064661203,0.131878875026383,0.008403550069349886,0.030064120461399845,BiLSTM
S194,0.011061935380908577,0.12510169092954118,0.5383609870484904,0.2548556242302808,0.021878216828239573,0.04874154558253484,BiLSTM
S195,0.1899683195917605,0.1400049339397293,0.1757245417054272,0.10213252520622897,0.05092409143737985,0.3412455881194851,GRU
S196,2.1931347506505135e-06,0.999994930313564,1.2297884659094916e-07,6.432418434679377e-08,1.1349237315653385e-06,1.5543249209620963e-06,ANN
S197,0.008491389594082254,0.014510248849998747,0.531670174927584,0.42262314880804946,0.006309596613151877,0.016395441207130292,BiLSTM
S198,0.1339499979572882,0.06274318892964159,0.048317586003107926,0.016105580088898962,0.09085356341324648,0.6480300836078218,GRU
S199,0.47524255323431674,0.05104791178757693,0.008835455747924355,0.009021971858312558,0.3305039872950911,0.12534812007677593,1D-CNN
S200,0.5621932182298285,0.0002496084162530715,7.138435168312222e-05,0.00030035949399835745,0.43598484868785525,0.001200580820379627,1D-CNN
S201,0.02166088589978451,0.03375568166570502,0.2460412982071544,0.6638922178616219,0.023825297737636624,0.010824618628102677,LSTM
S202,0.028395545327761652,0.03706293455031851,0.7621355202533925,0.08986263428864055,0.034894795022121346,0.04764857055777094,BiLSTM
S203,0.03668900325659408,0.15540558445701402,0.35629701112402073,0.17755940604775022,0.08332139713710818,0.1907275979775117,BiLSTM
S204,0.9719306712286079,0.011232870906693365,0.0006816548469495189,0.000466511120800654,0.00436338553124363,0.01132490636571602,1D-CNN
S205,0.17499943013082417,0.5779461144499182,0.0006427662933340681,0.0004356784073603026,0.01637853245514302,0.22959747826341784,ANN
S206,0.0007964561205364102,0.9966058946303418,0.00035205668684270294,0.00027603871118064203,0.001731541832146944,0.00023801201894739778,ANN
S207,0.02564175107781839,0.027646558526926455,0.06093911112179667,0.8444389307073286,0.02772641719917215,0.013607231366958841,LSTM
S208,0.0006649174309160145,0.9899980452353692,0.0025806601930351593,0.004378280366338508,0.0009741703958319177,0.0014039263785178087,ANN
S209,0.015089077800892083,0.019182653224752187,0.022242148259451894,0.020337872738822153,0.013519989954545094,0.9096282580215351,GRU
S210,0.534005117175671,0.32512428741915705,0.007049915852702683,0.00378056865207519,0.03583440614092287,0.09420570475947233,1D-CNN
S211,0.05111938327722135,0.042056322393912826,0.31319482256175457,0.16499197225790088,0.4079367035781953,0.020700795931016192,CNN-LSTM
S212,0.012556784440719268,0.570462181381301,0.05538414795394598,0.3368587554864181,0.017741414970179514,0.006996715767432374,ANN
S213,0.017557778257279416,0.011385713497649998,0.022834057489603026,0.019271739352374005,0.07645280765880075,0.8524979037442921,GRU
S214,0.9916722260219455,0.00027549956634052505,6.464130673845849e-05,6.692490661123796e-05,0.0073523497153851446,0.000568358482979088,1D-CNN
S215,0.6231028161682062,0.008559796673636235,0.0020943169519404433,0.010744371867287406,0.34401235651501166,0.011486341823908857,1D-CNN
S216,0.00010095483572744265,0.5876114315115213,0.009965210240313101,0.402066664118167,0.0001621724092432539,9.356688503431919e-05,ANN
S217,0.039008785805236534,0.3747211154215141,0.3014686119513774,0.19283898297436197,0.03383790542950864,0.05812459841800775,ANN
S218,0.07753254643523337,0.1501254261875713,0.254836761750253,0.15497242175119383,0.08117126988718955,0.28136157398855866,GRU
S219,0.027774197535049852,0.9706091903746477,4.8550700732808226e-05,2.393018447167617e-05,0.0005448884854706479,0.0009992427196259363,ANN
S220,0.788481129454151,0.0745591565346162,0.00014299675982127607,2.9464274670178557e-05,0.027188420918843884,0.10959883205790513,1D-CNN
S221,0.27255399402245367,0.40243617095902745,0.005690719164879198,0.0004113640317013634,0.3106941516093122,0.008213600212626166,ANN
S222,0.016749526949706755,0.09885100119819659,0.6452279290535077,0.1951798669368249,0.02228130470642103,0.021710371155349486,BiLSTM
S223,0.08055675635148633,0.06378065527021007,0.07231833936886682,0.03659257906132479,0.13185388204362636,0.6148977879044855,GRU
S224,0.05418191734352666,0.1300589487303088,0.4016904484591975,0.17616611516201125,0.13485394508121126,0.10304862522374277,BiLSTM
S225,0.3814572884528258,0.06599115600752604,0.06402290949670608,0.04721125960266497,0.1786642547850551,0.2626531316552151,1D-CNN
S226,0.05814732750706432,0.10738340654828726,0.39561129535643724,0.04450503679333578,0.3147677713143989,0.07958516248047241,BiLSTM
S227,0.025059485888591405,0.08777518913314705,0.42508148354773134,0.34896809537884044,0.05440263672213266,0.058713109329557374,BiLSTM
S228,0.02083501706027274,0.022530033735310893,0.024542834561007375,0.006522546012977606,0.02490874932068898,0.9006608193097397,GRU
S229,0.002824143109558337,0.006818132676560994,0.0862484219960146,0.8937237741693591,0.004793094837234676,0.00559243321127232,LSTM
S230,0.11485170812846095,0.37763732576849945,0.10704735047969871,0.07981842721032445,0.06562203962362997,0.2550231487893911,ANN
S231,0.1110402065407509,0.00847504465332196,0.011838124379945756,0.0027992030648205496,0.7837723856393937,0.08207503572177628,CNN-LSTM
S232,0.3651496868242194,0.02922399544413834,0.0015437347626104786,0.0010464973028881791,0.024651015940233764,0.5783850697259056,GRU
S233,0.002031591018415447,0.0013706718166961237,0.9871097727835818,0.005311755790505364,0.003192462109631573,0.0009837464811708742,BiLSTM
S234,0.1090097951590734,0.09383297609290671,0.12150629083777101,0.5156237235338673,0.09128233706857444,0.06874487730780282,LSTM
S235,0.322692006704724,0.06532086165356463,0.04108423218394815,0.06152728347101455,0.0538275384176273,0.4555480775691203,GRU
S236,3.984619729066004e-05,0.9857604827025278,0.00039201700497148404,0.0001286917330716094,0.013650484912328266,2.8477449808976774e-05,ANN
S237,0.03595432961114196,0.050940199308976725,0.29409192133459416,0.536124018095869,0.03465070711338812,0.04823882453604107,LSTM
S238,0.025504309380033584,0.840549374535107,0.05103232133845389,0.04709781065159532,0.01245435691141563,0.023361827183388098,ANN
S239,0.923084244949372,0.0005698432241711403,3.293894516907217e-05,1.817184058586287e-05,8.329187631112532e-05,0.07621150916440035,1D-CNN
S240,0.10408582901628934,0.004731247222863598,0.0002121087575564831,9.036685062394278e-05,0.005730676805375351,0.8851497713472961,GRU
S241,0.1687356119933486,0.23139623714198596,0.3388138321858132,0.07966652704268982,0.13767716199743837,0.04371062963872111,BiLSTM
S242,0.06880487702618189,0.15304138613925722,0.11153544843880454,0.575560025512427,0.07030221839829162,0.02075604448503096,LSTM
S243,0.006636570621862716,0.021964037950756254,0.37292200593579505,0.03539482051836098,0.09800555420069734,0.4650770107725333,GRU
S244,0.015063870822417275,0.22083375767535504,0.010572335223541953,0.0007404077017137983,0.36904066470858726,0.38374896386837615,GRU
S245,0.0023065600766223153,0.0006821176210534113,3.308689981751546e-05,4.194419499441317e-05,0.000343354951391691,0.9965929362561301,GRU
S246,0.00047999456502968555,0.9910214011804855,8.281541068924323e-05,8.58354496869072e-05,0.008183711341863392,0.00014624205224449122,ANN
S247,0.07857231001388322,0.02798820860849096,0.5661168435427162,0.10902933391147289,0.18105555840698107,0.03723774551645131,BiLSTM
S248,0.0007040247913808803,0.00815934724140815,0.0022427779212388314,0.987957979661278,0.000454307261099776,0.0004815631236073164,LSTM
S249,0.0015678610575305778,0.010854773989837637,0.03180171829168987,0.13407029531502493,0.005673132852634016,0.81603221849328,GRU
S250,0.0019379667474152666,0.9651842554639211,0.007492728143325434,0.011664493885811904,0.0021514421365892893,0.011569113622948947,ANN
S251,0.5741833940973343,0.022153914051795624,0.004743316863824292,0.003599274014121184,0.00394964418121667,0.39137045679170596,1D-CNN
S252,0.20053189236351426,0.04859397941108612,0.02258175433778197,0.02141703017631053,0.597720785145238,0.1091545585660687,CNN-LSTM
S253,7.188019922180886e-05,0.00013237187920533877,0.00372727054606338,0.9958386525230538,0.0001760617184272576,5.376313402787038e-05,LSTM
S254,0.0001643674585537573,0.9989767991205208,0.0004261728754938117,0.0002749094205742952,7.377120825913624e-05,8.397991659892674e-05,ANN
S255,0.0008050008313267243,0.009245556577877522,0.5872858028957367,0.3892872519939142,0.008322380942879183,0.005054006758263676,BiLSTM
S256,0.04752047600812269,0.10279745576154432,0.6117281190821555,0.13198011396247747,0.03107555941258557,0.0748982757731124,BiLSTM
S257,0.0264038742044905,0.004178343613449655,0.006230826567991575,0.004353677808768961,0.005844166857449873,0.9529891109478504,GRU
S258,0.6044549217751034,0.002307023218875422,0.0010032129989241449,0.0013008044856843654,0.007011137586212762,0.38392289993520096,1D-CNN
S259,0.16924944770090475,0.16599121505144762,0.020678676033535983,0.05318116396794931,0.5449240602099208,0.045975437036241615,CNN-LSTM
S260,0.0016983925928154742,0.0020710424259443617,0.9646156125291898,0.028905431158354953,0.0016984650561565518,0.001011056237546482,BiLSTM
S261,0.007467354383901643,0.5477023034094429,0.011626710620173935,0.006667068956233227,0.0023535720998376767,0.42418299053041447,ANN
S262,0.22889476210611254,0.10225201134484242,0.13975103735190553,0.19157161682019114,0.19437438243496266,0.14315618994199522,1D-CNN
S263,0.007788196322964105,0.009227655712838744,0.02578060603516777,0.04645187596300731,0.8940788132063585,0.016672852759663268,CNN-LSTM
S264,0.02507334112550922,0.09385570696417635,0.33537412563078545,0.36286190730376927,0.097608103940004,0.08522681503575696,LSTM
S265,0.699824306641991,0.051564435952053844,0.023022585767776063,0.034103575157149436,0.06020984845687008,0.13127524802415294,1D-CNN
S266,0.07395190051601618,0.04862022635479101,0.048884815785057975,0.10494859582825934,0.6832502809250847,0.040344180590792006,CNN-LSTM
S267,8.397809874689285e-06,5.9363310318400236e-05,0.9994731282004055,0.000404412339330641,4.103641285804483e-05,1.36619272125104e-05,BiLSTM
S268,0.5931870176422415,0.058806606287472675,0.13019220612065885,0.0737203946715956,0.031637538436028616,0.11245623684202448,1D-CNN
S269,0.3074588560662845,0.12851222798869538,0.09747485056740132,0.14604647224547967,0.14552142477371216,0.17498616835842482,1D-CNN
S270,0.08193743272291641,0.6468644150076364,0.03702923783249969,0.08088769744930419,0.0909991847066377,0.06228203228100768,ANN
S271,0.0037158815919270775,0.08126321008438027,0.5916004472712267,0.3036484662942772,0.014327657776554953,0.005444336981626083,BiLSTM
S272,0.00011536998771860333,0.00021045662493384586,0.9956779508380158,0.00121164339294015,0.0005465945956384759,0.0022379845607525973,BiLSTM
S273,0.015366858257592673,0.7549968433458023,0.07983758743058246,0.041696636983414935,0.02076133678438354,0.08734073719821331,ANN
S274,0.7181265079685984,0.14470945452528033,0.010356003318416292,0.010873021230362321,0.009850562075073427,0.10608445088227227,1D-CNN
S275,0.1800355081819569,0.7519851765932376,0.003954502764874651,0.006133587692564338,0.018967830213179528,0.038923394554185996,ANN
S276,0.05298492230805879,0.03653943285906705,0.000433339314797134,0.000701843974051753,0.5133996746947598,0.39594078684925493,CNN-LSTM
S277,0.18027839006586122,0.057055447672485285,0.05037247180159949,0.5257820317038001,0.12076589413506673,0.0657457646211948,LSTM
S278,0.0053707036584755355,0.0057004616654973755,0.9693344620889351,0.010814030975926602,0.004463295088117694,0.004317046523046861,BiLSTM
S279,0.011981955061042411,0.8313034572218231,0.09828029135971161,0.021468549999384523,0.00950312114157487,0.027462625216357752,ANN
S280,0.08569865872977145,0.026965168493521936,0.04394797914590001,0.10207272531618407,0.006752366509671685,0.734563101804959,GRU
S281,0.16844069668481615,0.08907789243647676,0.26398647017647736,0.16466183446118637,0.06475874565857002,0.24907436058247526,BiLSTM
S282,0.6973426365481697,0.013056217744278944,0.0016106304819431057,0.0011884117900312233,0.0014447469946546841,0.2853573564409171,1D-CNN
S283,0.018801362614319937,0.3947678235084549,0.00021217703042683035,0.00012154035558731032,0.012211020651735495,0.5738860758394794,GRU
S284,0.9842106809534427,0.0030594719425020146,0.0002331398637428238,0.0004272231491862145,0.006324923621021082,0.005744560470104139,1D-CNN
S285,0.006436853404136799,0.9917633874893432,9.292775682926057e-05,0.0006141629123076171,0.0007079116012055754,0.0003847568361787911,ANN
S286,0.0004612517756108967,0.000721588973149849,0.0001002166096831122,0.9984707932772378,0.0001517613365425602,9.438802777141378e-05,LSTM
S287,0.05516110498752651,0.8949106318345804,0.04715614129513573,0.0007507813277553306,0.0005170186945956725,0.0015043218604060703,ANN
S288,0.0015040629103682745,0.003217756187352191,0.8502509203344637,0.016027762191468415,0.0060267256531255494,0.12297277272322005,BiLSTM
S289,0.0020120429579472184,0.0023401522061017276,0.4460251249552468,0.45781831795311717,0.018738504857208713,0.07306585707038286,LSTM
S290,0.2778079693375291,0.2311847329463175,0.12579052030290142,0.1503356375116854,0.07078193075913235,0.14409920914244106,1D-CNN
S291,0.10802941963346803,0.6021415229936018,0.06626558149217372,0.04436267812217086,0.08760769844275106,0.09159309931583408,ANN
S292,0.03851876678046932,0.05897542345940291,0.6263682545957218,0.10870338481841357,0.10159105185475671,0.0658431184912361,BiLSTM
S293,0.748289427353298,0.000805272347176267,0.0012665343545657966,0.0011218692470464319,0.08029992067099231,0.168216976026926,1D-CNN
S294,0.21722921188427713,0.1156330718648107,0.019080124151696774,0.05787428576157995,0.5390267364907775,0.05115656984685021,CNN-LSTM
S295,0.005892689555093784,0.047636591719480204,0.09224208798747334,0.8375767654128274,0.011598811191452845,0.005053054133672842,LSTM
S296,9.125896298375319e-05,0.9753220339337983,0.0242164915937485,0.00026452402227638286,4.98405500584148e-05,5.5850937137000354e-05,ANN
S297,0.09465455604553151,0.24005332861868084,0.052850389783820305,0.04973599935814647,0.07563205791892513,0.48707366827489385,GRU
S298,0.13755205113119548,0.7849356580906922,0.00783713072279929,0.012533173099318055,0.03695661126560212,0.020185375690394188,ANN
S299,0.00020410127275009678,0.00013625224211018808,0.001468320551704348,0.9976748038279449,0.00041606019163408403,0.00010046191385377915,LSTM
S300,0.009626385793087585,0.7766146261131439,0.022793117216687163,0.011994645678489964,0.006111843189238439,0.17285938200934747,ANN
S301,0.002597292670612839,0.006962486120264434,0.23217873522050334,0.39465710991714736,0.2655853510256545,0.09801902504581637,LSTM
S302,0.005525525277086009,0.8763341260159009,0.033533241300436105,0.020316240879114787,0.007897514630253647,0.05639335189721097,ANN
S303,0.8108774039837039,0.0356029819354565,0.03697349398812834,0.03784723037566561,0.032556010629944516,0.046142879087100935,1D-CNN
S304,0.23733086791400598,0.6053681496382282,0.011763091171073069,0.011883972197110798,0.01309963582459225,0.12055428325499452,ANN
S305,0.25538400540549294,0.011929510889125408,0.0035437182289822593,0.6917654112042968,0.03207919677358804,0.005298157498362646,LSTM
