Segment,1D-CNN,ANN,LSTM,CNN-LSTM,GRU,Selected
S1,0.9824010251564166,0.0005649015308809044,0.001653589757217886,0.0044205543509747034,0.01095992920451254,1D-CNN
S2,0.5260892349481359,0.11280334472928519,0.009791758990220672,0.07955140672121065,0.2717642546111473,1D-CNN
S3,0.14649930866519725,0.1563937942576981,0.16519514440356084,0.4459710649471658,0.08594068772637665,CNN-LSTM
S4,0.15870841702535096,0.45685712669650885,0.1956670119673133,0.08876303983720503,0.10000440447362209,ANN
S5,0.0002432142327830541,0.0009956606860872363,0.9983682076903948,0.00019846953141956075,0.00019444785931718676,LSTM
S6,0.003929247411903493,0.014233239216750617,0.056649503031926625,0.008142574188488221,0.917045436150936,GRU
S7,0.0010694830261850834,0.0023817767595947104,0.9750038862220979,0.006333584986704825,0.015211269005417175,LSTM
S8,0.0765453506126681,0.11318428700346425,0.5720780816119759,0.12416906144252315,0.11402321932936986,LSTM
S9,0.27835486982187213,0.24210300922494687,0.04714625308426657,0.05466553008792193,0.3777303377809879,GRU
S10,0.2628956901317927,0.1480936254936941,0.001086074239330414,0.23193673915513047,0.3559878709800508,GRU
S11,0.21524389883820785,0.6240384341669817,0.0334388624769919,0.08973389802434614,0.037544906493471135,ANN
S12,0.09310842614413155,0.11654029958383401,0.6295867080840436,0.0958181528992175,0.06494641328876971,LSTM
S13,0.0009641328256540433,0.9944015909019848,0.0018723411137733861,0.0011547344984086025,0.0016072006601787225,ANN
S14,0.10585015360452013,0.17017699283405796,0.3139552129858267,0.1513972907658222,0.2586203498097717,LSTM
S15,0.0,0.0,0.0,0.0,0.0,1D-CNN
S16,0.0,0.0,0.0,0.0,0.0,1D-CNN
S17,0.010792570031023154,0.005575574879297198,6.730800600860827e-05,0.002868897455948537,0.9806956496277217,GRU
S18,0.3279096992233317,0.21919230424092645,0.02159140798767648,0.3800295403293198,0.051277048218747304,CNN-LSTM
S19,0.07026813914961452,0.05049360780486642,0.8029323764876517,0.06019362268001258,0.016112253877855472,LSTM
S20,0.19489363266989024,0.09404774297706373,0.017204500276012696,0.08296172731198768,0.6108923967650443,GRU
S21,0.11184898820545472,0.2595317484238541,0.44074271747113153,0.13908757051691933,0.048788975382641514,LSTM
S22,0.11535435742147994,0.09986485845664642,0.5770150773676491,0.10019499031996591,0.10757071643425885,LSTM
S23,0.02871545190912103,0.23361311737411933,0.5955341326079505,0.05170532867411199,0.09043196943469503,LSTM
S24,0.11173459044657738,0.1052596596938737,0.027379098112260095,0.02237680588743105,0.7332498458598554,GRU
S25,0.3081018414784905,0.5186725695227706,0.0026691658151933575,0.10336339466592044,0.06719302851762421,ANN
S26,0.005848418679895269,0.047500112888654196,0.9215984413749698,0.0038940759539472553,0.021158951102568366,LSTM
S27,0.2436212672937569,0.013651591038999749,0.002197496503836855,0.028300411678646793,0.7122292334847616,GRU
S28,0.22589938532720827,0.17532748703725426,0.06297867196416512,0.4706689887220225,0.06512546694934387,CNN-LSTM
S29,0.17519416396200102,0.0587446104008997,0.40548938152570146,0.22942165009349355,0.13115019401790262,LSTM
S30,0.9377227918433092,0.001303764869253726,0.002088916690069136,0.02985941185681378,0.029025114740553432,1D-CNN
S31,0.0014618485254334998,0.006711744505534887,0.9883201280776771,0.0023997694275705423,0.0011065094637846468,LSTM
S32,0.12707136362654992,0.32219529995182017,0.197767384955143,0.10077147155642825,0.25219447991006416,ANN
S33,0.9971293897903435,0.00013285308038867648,0.00017038296738807127,0.0006270988004433685,0.0019402753614362305,1D-CNN
S34,0.3311001868846104,0.5682322761766365,0.00500666959113331,0.06865827118442057,0.027002596163196294,ANN
S35,0.03885197072464544,0.11144125877084306,0.7276386927730933,0.0873062318069773,0.03476184592444538,LSTM
S36,0.03880367408369398,0.5288880302147911,0.3537884860680446,0.03169050809827531,0.04682930153519891,ANN
S37,0.012731867735301359,0.1392069107719234,0.26096213036286325,0.032723331583641414,0.5543757595462641,GRU
S38,0.0009476425721624821,0.0019928869852819616,0.0036289156670292373,0.001175796921083941,0.9922547578544404,GRU
S39,0.0,0.0,0.0,0.0,0.0,1D-CNN
S40,0.0,0.0,0.0,0.0,0.0,1D-CNN
S41,0.00021625009479165673,2.232043905422408e-05,2.79246459887753e-06,0.002064274950210666,0.9976943620513401,GRU
S42,0.0016389792892247538,0.9971357765581608,0.00025697265728497336,0.0005990113870267113,0.00036926010830094693,ANN
S43,0.15872552350974964,0.17861535511041657,0.3883758846063871,0.14526060568138324,0.12902263109205972,LSTM
S44,0.09850111861003337,0.7833607050984326,0.024544741841686875,0.01279635356499972,0.08079708088484674,ANN
S45,0.04302344031025713,0.043512368241271464,0.5729821459777203,0.22161053465660357,0.11887151081414678,LSTM
S46,0.9709804006684486,0.02719391024043535,0.0006269329040671828,0.0004797577233659979,0.0007189984636806599,1D-CNN
S47,0.01985707697170009,0.1441377938930618,0.21268796429425751,0.5508917149444698,0.07242544989650465,CNN-LSTM
S48,0.2824784406402616,0.09125620038790924,0.3915044828308164,0.09761927903142605,0.13714159710958235,LSTM
S49,0.16938949244573667,0.06713640407404868,0.08652969048683881,0.07359643880195625,0.6033479741914247,GRU
S50,0.7339339179804999,0.055712710945041946,0.00415002693832486,0.08144112987839024,0.12476221425774252,1D-CNN
S51,0.05743709905663152,0.548462538399852,0.0010794264961617548,0.26133244904974734,0.13168848699760435,ANN
S52,0.005997719974615579,0.0038137030458791138,0.005238099351060268,0.8994726184011756,0.08547785922727398,CNN-LSTM
S53,0.12260222238663598,0.4149301125052465,0.22547475426416497,0.16706393932483898,0.06992897151910776,ANN
S54,0.33557592008260123,0.34473620260062643,0.1771413796018958,0.07953683323805613,0.06300966447681916,ANN
S55,0.02555211440061858,0.9683486906472933,0.000997077445065242,0.0013948857825213466,0.003707231724498962,ANN
S56,0.4343962675839374,0.5235884582314582,0.007359920177274899,0.01662261101749505,0.01803274298983468,ANN
S57,0.07258768781382624,0.09893027629951757,0.12485563322750563,0.4866437228901449,0.2169826797690024,CNN-LSTM
S58,0.004592069088046167,0.017228829651863578,0.6354361617006192,0.07304298466247007,0.2696999548970003,LSTM
S59,0.001025127895716753,0.9904228699743618,0.004206328032047172,0.0013325875457558401,0.003013086552113151,ANN
S60,0.0004333268623751827,0.001657229771795381,0.16540554663714938,0.011061593528260109,0.8214423032004174,GRU
S61,0.00022759513284087164,0.000224358720754315,0.023045724362893122,0.9763664668257044,0.00013585495780043863,CNN-LSTM
S62,0.23802272687105294,0.2122000300457836,0.016670854611568073,0.04172700712605869,0.49137938134554365,GRU
S63,0.3265006265659398,0.4574410064878314,0.027965501682590915,0.03396627404088194,0.15412659122275404,ANN
S64,0.12403551006678949,0.081658224334619,0.33689739058194784,0.37740875930377027,0.08000011571287424,CNN-LSTM
S65,0.15561400343826,0.22420875848713584,0.21647445914694746,0.19029961447565258,0.2134031644520053,ANN
S66,0.1141539490283607,0.14546647505264793,0.17126015615799123,0.20966901594003848,0.35945040382096166,GRU
S67,0.0,0.0,0.0,0.0,0.0,1D-CNN
S68,3.2737781666572766e-05,1.1030726668489126e-05,1.377330057010172e-06,2.827495377735521e-05,0.9999265792078305,GRU
S69,0.07919357062130426,0.20925822324655327,0.002126630597321369,0.10388327781924853,0.6055382977155734,GRU
S70,0.2850096266788387,0.3536492247629493,0.12317733497933223,0.18123100916473475,0.05693280441414085,ANN
S71,0.10601953759756687,0.09549981971386659,0.6424877667566923,0.0942583498819507,0.0617345260499236,LSTM
S72,0.20228850698817294,0.1511987321112536,0.0021801689251996575,0.000570164107766963,0.6437624278676253,GRU
S73,0.04723593802277876,0.3444441366299614,0.06233260941279392,0.06848748884720413,0.47749982708725736,GRU
S74,0.3018566318010111,0.20451930809561522,0.08986436766028716,0.20286041401713764,0.2008992784259483,1D-CNN
S75,0.005561558668183035,0.013687525267648156,0.07004519716892119,0.8597122503100595,0.0509934685851866,CNN-LSTM
S76,0.011266453934322842,0.25817594703854574,0.19687313563322217,0.05299932913191806,0.48068513426199244,GRU
S77,0.915507172864952,0.019551184805808582,0.022372491496986044,0.015117751742163343,0.02745139909008878,1D-CNN
S78,0.9993638765667654,0.0001958599687361568,6.024966553197704e-05,6.221856542387284e-05,0.00031779523354830716,1D-CNN
S79,0.12929634801609474,0.1602382683776578,0.44964508748978504,0.1627101239907211,0.09811017212574218,LSTM
S80,0.013428139091172362,0.8447127652046352,0.0925697117472485,0.03359175875408737,0.015697625202853522,ANN
S81,0.22908004007704108,0.1359260420574173,0.19317646848511827,0.20222096236175485,0.23959648701866673,GRU
S82,0.4105644568270631,0.3944273981694319,0.06581301326328849,0.06543463278299304,0.06376049895722471,1D-CNN
S83,0.03988797176978906,0.042456928046148,0.8057367620948606,0.08176666757664107,0.030151670512559094,LSTM
S84,0.04149726709834973,0.3600789993365754,0.021637955723922478,0.029312740024964798,0.5474730378161858,GRU
S85,0.13645364692158293,0.6013843383807144,0.15287460491107685,0.04598941873784585,0.06329799104879197,ANN
S86,0.3752964254375824,0.1179477006708876,0.27126965393246455,0.11108751004609768,0.12439870991296668,1D-CNN
S87,0.24521520605531866,0.15249348486601236,0.3350660289335968,0.22846706827545482,0.038758211869617254,LSTM
S88,0.5486657576376259,0.07169039112647518,0.015486440532911814,0.07526849298279074,0.288888917720196,1D-CNN
S89,0.0011461428298287309,0.0007457063044949147,0.9966054262671831,0.0005560520872414832,0.0009466725112679088,LSTM
S90,0.14715128660998583,0.1569868906920406,0.06300083872440913,0.26369542564311926,0.3691655583304453,GRU
S91,0.0867547602691529,0.1799257229050124,0.015043271883533533,0.4198108153324112,0.2984654296098896,CNN-LSTM
S92,0.04696907366039024,0.8848346136922663,0.01375405964290808,0.033612607665923645,0.02082964533850551,ANN
S93,0.0034902463791841374,0.0038244460093212404,0.9873537188355689,0.0032207346668096074,0.0021108541091171005,LSTM
S94,0.08120281296993531,0.19044800166982023,0.05069347880109355,0.0869387643661066,0.5907169421930406,GRU
S95,0.02297669960918783,0.00536616948242588,0.9046987527903819,0.01679104811440528,0.05016733000361847,LSTM
S96,0.0001824796426425833,0.00015630252620760688,0.9786851458917354,0.0021782840756760895,0.018797787863737595,LSTM
S97,0.0871310985482958,0.4551267258592947,0.3120155128258633,0.06352898027461053,0.08219768249193755,ANN
S98,0.025745370144142177,0.8943429140851028,0.027868704724272893,0.028847642802812344,0.02319536824367465,ANN
S99,0.008384538827803203,0.01931449942189761,0.028954534097781558,0.9392274532507164,0.004118974401806285,CNN-LSTM
S100,0.3235267728907324,0.0887557040803605,0.0013464984141231585,0.19185431495091093,0.3945167096638798,GRU
S101,0.06362254041053605,0.8586485629476646,0.0009003429629516108,0.019900464795865862,0.05692808888298522,ANN
S102,0.000229205675614841,0.0008371299597096539,0.9987167494783133,0.0001522403326478318,6.467455371453935e-05,LSTM
S103,0.17046733738658337,0.27031078379445017,0.2935567780948693,0.16634243334970297,0.0993226673743901,LSTM
S104,0.011599629779193273,0.03289753098488507,0.37546118020187075,0.21515135887969186,0.3648903001543528,LSTM
S105,0.06927721192450374,0.09779377487764535,0.39279094105608503,0.17056569723656018,0.26957237490520686,LSTM
S106,0.050307836229507,0.04165755122424878,0.15604454758155978,0.1322839914532052,0.6197060735114831,GRU
S107,0.09051398451617813,0.06958669378036957,0.19682365321951822,0.4645077856375687,0.1785678828463697,CNN-LSTM
S108,0.021450012400077583,0.0229598890594057,0.0018761497568840293,0.015485505514453688,0.9382284432691784,GRU
S109,0.23487080066321206,0.014036275754471087,0.0060340172215374984,0.7255600833005414,0.019498823060240384,CNN-LSTM
S110,0.0033406229917898747,0.003812292114044044,0.9860625007637152,0.00457447092193129,0.0022101132085200616,LSTM
S111,0.25920217118271777,0.1779075489664413,0.09199711821570786,0.13466933948989007,0.3362238221452496,GRU
S112,0.08716615311117236,0.2696391818365761,0.09864761693535078,0.4565175091451543,0.0880295389717427,CNN-LSTM
S113,0.13894349598197067,0.0599884996804328,0.5110414982457373,0.1346625488224632,0.15536395726939523,LSTM
S114,0.00038092099626528715,2.4521932520988306e-05,2.1697927459548247e-05,0.0001693614562273009,0.9994034976875266,GRU
S115,0.003131981280669562,0.018707455623560795,0.9589547165615562,0.007255317569758252,0.011950528964450112,LSTM
S116,0.05738235537559899,0.14460256902388693,0.6495295123355553,0.061249150590057734,0.08723641267490052,LSTM
S117,0.16413789792412303,0.11845418322579844,0.09272695221602686,0.1175636474887481,0.5071173191453099,GRU
S118,0.9082570066263265,0.04922049837327255,0.0004953515160588392,0.02251142652890064,0.0195157169554422,1D-CNN
S119,0.048665237330847856,0.8230548870665036,0.022683113259331016,0.09306951137814053,0.012527250965171639,ANN
S120,0.20681101062596438,0.208060718229968,0.037122429975762136,0.12741010040098683,0.42059574076731737,GRU
S121,0.39953816356397825,0.011633910344835364,0.012226645854189295,0.56014190371849,0.01645937651850598,CNN-LSTM
S122,0.20065916535064407,0.007968396218035273,0.006615649570699175,0.030698917068767,0.7540578717918539,GRU
S123,0.1456329448282073,0.19269267699615233,0.28844684194381637,0.32056252782849054,0.05266500840333348,CNN-LSTM
S124,0.03615042714174379,0.5676052177936934,0.3165801178735274,0.04159354303932724,0.038070694151708016,ANN
S125,0.9997287974582882,4.043922687170293e-05,4.715996170308872e-05,4.884320789126299e-05,0.00013476014524903965,1D-CNN
S126,0.660672563071118,0.03486207364601491,0.04548495414037557,0.109219592886206,0.14976081625628945,1D-CNN
S127,0.018362882626831865,0.020574588397711768,0.7169684631774407,0.22467185729099146,0.019422208507023087,LSTM
S128,0.023606648806510235,0.22647055941441177,0.6662375726521598,0.052802232663496554,0.03088298646342369,LSTM
S129,0.1282138379392409,0.442452561662646,0.03869975905093817,0.019199101733579357,0.3714347396135943,ANN
S130,0.9993125964800775,0.00023164838813896402,4.706312493377323e-05,5.75679827039905e-05,0.000351124024144998,1D-CNN
S131,0.4453346553192467,0.37892225326128054,0.0018446777403778565,0.14030369970089965,0.03359471397819151,1D-CNN
S132,0.05255387122292986,0.1078661840529781,0.6775693631912278,0.12058033359059386,0.04143024794226541,LSTM
S133,0.18466870195254934,0.18451533069793982,0.02942843440539445,0.13375510335506957,0.4676324295890455,GRU
S134,0.0378278618630275,0.002472738062253923,0.0020275616065884815,0.9545929205536121,0.0030789179145177654,CNN-LSTM
S135,0.02815117916701885,0.035567232394635634,0.8778805602797269,0.04113355976040537,0.017267468398214594,LSTM
S136,0.10038696755996482,0.4660726910825269,0.09273983943460451,0.01958257520351268,0.32121792671939675,ANN
S137,0.07283999377357642,0.09058406460257652,0.40208674803868516,0.18502306442745925,0.2494661291577027,LSTM
S138,0.008080355721673706,0.9795855506469877,0.0036613179410351,0.004978431690553474,0.003694343999748656,ANN
S139,0.09370793228506316,0.08912890575323608,0.07764314524757736,0.07418687823714762,0.6653331384769817,GRU
S140,0.04375064809686297,0.020797151730436208,0.7145476941332352,0.18503346029035142,0.03587104574911144,LSTM
S141,0.07427895285737932,0.6154369883326418,0.1771324880227594,0.05004181836872213,0.0831097524184993,ANN
S142,0.023720365812002563,0.18512619074503156,0.7190855611638705,0.04366269514471595,0.028405187134386334,LSTM
S143,0.148642121120939,0.26999969107154137,0.20044316852105118,0.11069148938630574,0.2702235299001619,GRU
S144,0.16914904843160367,0.009919702503757323,0.0017948866745456013,0.08677915788890193,0.7323572045011884,GRU
S145,0.16323202768092523,0.28418244819646793,0.35961611498607937,0.12751730285852528,0.06545210627800761,LSTM
S146,0.12958998546387707,0.24294202088355143,0.3651529332129959,0.17009933626738638,0.09221572417218271,LSTM
S147,0.4528074030031242,0.0531472566219741,0.34289059607123284,0.0780983707052401,0.07305637359842629,1D-CNN
S148,0.06926453535909897,0.10488991224966666,0.4890382699287863,0.1796701178694216,0.15713716459302857,LSTM
S149,0.05059313174917612,0.05841932894208415,0.4607116375302385,0.048724808664240775,0.3815510931142591,LSTM
S150,0.11811853443414477,0.0034574387054297985,0.002525903313667604,0.01061645136167996,0.8652816721850757,GRU
S151,0.01348563929010491,0.0033239755961125116,0.00354950991180129,0.9771504301815617,0.002490445020414416,CNN-LSTM
S152,0.003440067582795318,0.4094783261207835,0.5754147183771159,0.007347548115021958,0.0043193398042823145,LSTM
S153,0.051392290202436484,0.4872529602295657,0.2709556894736458,0.06599342087753111,0.12440563921682238,ANN
S154,0.021978564270843368,0.0034295396700244696,0.0018847230920906709,0.003097601340401603,0.9696095716266394,GRU
S155,0.26431745949166413,0.009383488331011311,0.0015506642435724853,0.015316844381651939,0.709431543552104,GRU
S156,0.16540399977939366,0.09917604560799673,0.0185471970724922,0.6533423425078126,0.0635304150323046,CNN-LSTM
S157,0.2200700145033745,0.04778329245205277,0.027113975513984357,0.6419310387838418,0.06310167874674133,CNN-LSTM
S158,0.007124213424011218,0.02318581264763139,0.9596269959958149,0.0062202491764635085,0.0038427287560729427,LSTM
S159,0.019577551105515338,0.27206758415642046,0.11780173143245631,0.019123766338862678,0.5714293669667454,GRU
S160,0.005239346954332533,0.04242978928923722,0.2644143426868013,0.021662554493880923,0.6662539665757502,GRU
S161,0.004395368264075594,0.010690637271936546,0.0248637889182142,0.005602974224285571,0.9544472313214852,GRU
S162,0.7516195008370932,0.007973640534133568,0.002180028085221978,0.0023248961466487803,0.23590193439690169,1D-CNN
S163,0.5304660983100643,0.26987105243204446,0.0060737528544374505,0.15342996556956623,0.04015913083389465,1D-CNN
S164,0.09719870602631749,0.0832902474339326,0.6348569142634536,0.12640543889080505,0.058248693385491296,LSTM
S165,0.012213385086226995,0.935966035653539,0.03243527321966447,0.008585124302011117,0.010800181738557839,ANN
S166,0.01496145288022636,0.0318249934565852,0.45294709121539384,0.0552206719274298,0.4450457905203624,LSTM
S167,0.2671983044508294,0.17206581379355984,0.13835396140305692,0.1411948223912315,0.2811870979613235,GRU
S168,0.5990451557272397,0.09019705421499252,0.08979745933349498,0.14955664417956457,0.07140368654470958,1D-CNN
S169,0.014737947971950544,0.02272475908477615,0.7943228898886703,0.15539226657176447,0.01282213648283783,LSTM
S170,0.17588802168007622,0.08797832506166589,0.056805781789963865,0.05232303391506906,0.6270048375532209,GRU
S171,0.6838103117026685,0.07149430442586584,0.0739656998684068,0.10095935649171123,0.06977032751134674,1D-CNN
S172,0.5128241580747207,0.11214732476966582,0.11988878695262196,0.13051072811479633,0.12462900208818709,1D-CNN
S173,0.0006512851776122134,0.05970532475535272,0.8893665936719105,0.04930696781523315,0.0009698285798896759,LSTM
S174,0.9929829635591224,0.0053530586483581865,0.00023016138641211283,0.0003114986876878363,0.001122317718422068,1D-CNN
S175,0.003977274163509647,0.03942561560513359,0.1750060730650398,0.7547390537985668,0.026851983367751207,CNN-LSTM
S176,0.006955466543833593,0.4131605269985325,0.0955433832867155,0.06805463262195122,0.41628599054896703,GRU
S177,0.0013427391059092275,0.00369412713133016,0.6010149860096998,0.3837931595074056,0.010154988245652015,LSTM
S178,0.17479799324995954,0.10744424304546955,0.07614887075361365,0.08307759319673537,0.5585312997542262,GRU
S179,0.9545037291182416,0.007724499129851785,0.0049105434307516104,0.004661590756537689,0.028199637564617314,1D-CNN
S180,0.9999783651159757,1.198070589314648e-05,4.864065013041741e-07,5.518708945315104e-06,3.64906268731564e-06,1D-CNN
S181,0.03002035049081594,0.05743569933198774,0.832365675008413,0.05043470537268126,0.029743569796102234,LSTM
S182,0.14350866774928067,0.24683598174176116,0.1355290604346228,0.19046358974636077,0.2836627003279814,GRU
S183,0.0881635815536482,0.011368990777253474,0.2540020943824019,0.5752395533894668,0.07122577989722698,CNN-LSTM
S184,0.09217943275891748,0.03761701794619404,0.03833207876043574,0.05520129863241532,0.7766701719020359,GRU
S185,0.027775380527603886,0.0033452477055530504,0.8996816108038788,0.04302274079270387,0.026175020170261708,LSTM
S186,0.0639947646297889,0.06307252797303048,0.6801541511573159,0.09459977814205923,0.09817877809780526,LSTM
S187,0.08544740577882728,0.4172852625980007,0.05222019658831028,0.06515826939235901,0.37988886564250135,ANN
S188,0.0020061598583586268,0.00040298207061576717,0.00016284789544886855,0.9967658073486134,0.000662202826964447,CNN-LSTM
S189,0.01463221226114768,0.0028112631931193695,0.0013117709991204683,0.03058720221972614,0.9506575513269024,GRU
S190,0.0005235406566668926,1.4362128247667995e-05,1.991452604200812e-05,0.9993477395846121,9.444310443110167e-05,CNN-LSTM
S191,0.0413002602595954,0.7824784084360075,0.09793024470690674,0.06125802580951036,0.01703306078797927,ANN
S192,0.0038442906071697687,0.9732237349716127,0.017022486000464594,0.0030940691861062455,0.0028154192346457802,ANN
S193,0.013024124363255715,0.15537524729694005,0.6242723246929863,0.04327860403161024,0.1640496996152084,LSTM
S194,0.02882890640116923,0.2815523524205156,0.5216757234681532,0.053869984680834315,0.11407303302932562,LSTM
S195,0.2229217670147178,0.149360286582849,0.14070542951542464,0.07428507168535194,0.41272744520165616,GRU
S196,3.6484612296426784e-06,0.9999917409114706,1.5148149279701797e-07,2.34485704759995e-06,2.114288759352166e-06,ANN
S197,0.018097777368728623,0.02457726482248366,0.9142266993627489,0.012250507982702406,0.03084775046333959,LSTM
S198,0.15463384674862252,0.0819280539121661,0.024884372516468273,0.11286311436123204,0.6256906124615155,GRU
S199,0.4821037117027977,0.053323811338909836,0.011669492338547232,0.3600511933036822,0.09285179131606057,1D-CNN
S200,0.5544153140471909,0.00037104243126768674,0.00029656560056684017,0.44313873457353464,0.0017783433474393786,1D-CNN
S201,0.03556416644643454,0.04900101447272507,0.851496834727089,0.039652373383600815,0.024285610970149682,LSTM
S202,0.13247308392758075,0.1570639928426875,0.356256599843833,0.15125520656307131,0.2029511168228269,LSTM
S203,0.07159324316729401,0.2951660246343232,0.24043400250331423,0.12450728063639763,0.2682994490586696,ANN
S204,0.9762739824422173,0.009387651717768617,0.0004816573114287715,0.004519826853927044,0.00933688167466326,1D-CNN
S205,0.14220491527847295,0.5726833398232289,0.0005206894907827314,0.015698052833177746,0.26889300257433774,ANN
S206,0.0008096391108758631,0.9970892835390915,0.0002084709794606624,0.0015791080676627691,0.00031349830291395,ANN
S207,0.035697052288934286,0.04096505704120508,0.858530701374637,0.03945983199137844,0.025347357303846033,LSTM
S208,0.0007370972781614527,0.9932666016264794,0.003760777318432719,0.0009412870707151944,0.001294236706208594,ANN
S209,0.019112264328138676,0.022393773815278847,0.01903396179768317,0.014124836059866213,0.9253351639990339,GRU
S210,0.5458972348109687,0.29115645339286933,0.005508960993003354,0.050844964283244296,0.106592386519915,1D-CNN
S211,0.1133096816144048,0.1021979177598912,0.21765904418717819,0.5183500825238696,0.04848327391466176,CNN-LSTM
S212,0.020238736847704577,0.6583252272872995,0.27947281093793097,0.026566522716837803,0.015396702210226251,ANN
S213,0.04640117245472333,0.03102587122559713,0.03737721617578594,0.11033948497003755,0.7748562551738517,GRU
S214,0.9796406139455404,0.0008307563679612506,0.0002382942669048635,0.017716219446687973,0.0015741159729049069,1D-CNN
S215,0.6509182868261166,0.012333491818511495,0.01007583707318705,0.3086218847418476,0.01805049954033585,1D-CNN
S216,0.000133379980872459,0.553468738345068,0.4460957735101249,0.00018794329686550637,0.00011416486706994166,ANN
S217,0.06715344042680667,0.46904254724272193,0.3206518413328064,0.05705926587350438,0.08609290512416487,ANN
S218,0.12609772567618852,0.2017595457649301,0.21071008425711388,0.11357582085867358,0.34785682344309027,GRU
S219,0.040182216448735306,0.9578458054144656,4.1167188158090394e-05,0.0008565688568066842,0.0010742420918311774,ANN
S220,0.7823336560995631,0.0839814110826528,9.312901609666226e-05,0.0546662031974849,0.0789256006042077,1D-CNN
S221,0.19623653362862634,0.4330521041457639,0.0012908188679952803,0.35340723210418057,0.016013311253431157,ANN
S222,0.05550345524961188,0.18331812479523046,0.6392641274709792,0.07085303812561677,0.051061254358569994,LSTM
S223,0.12960554614922093,0.09149115814278184,0.07337671549320453,0.18587973367830504,0.5196468465364936,GRU
S224,0.10534004238374789,0.22644699602421803,0.322641440908982,0.22453538438126266,0.12103613630178683,LSTM
S225,0.35212640950895446,0.0813212579402685,0.07068970715165972,0.1839172345626778,0.31194539083644085,1D-CNN
S226,0.10363130776801945,0.21353754934249,0.11371472618813175,0.43643612258763503,0.13268029411372914,CNN-LSTM
S227,0.06137606632423642,0.13458681952117965,0.6138520909928104,0.09466657579074775,0.09551844737102581,LSTM
S228,0.04220922094059114,0.04525417787038768,0.014137407774993891,0.04670519922544056,0.8516939941885863,GRU
S229,0.003676928330360732,0.00720578179066939,0.9779383032143968,0.005604163548570398,0.0055748231159981525,LSTM
S230,0.14469884943937714,0.3698045019959345,0.12876275930718076,0.10014354246489915,0.25659034679260595,ANN
S231,0.11407904923677858,0.008224628547822287,0.003516073183783803,0.8048213841277457,0.06935886490387587,CNN-LSTM
S232,0.30227682556932184,0.03493848593241602,0.0007841600657370909,0.01967806472450936,0.6423224637080145,GRU
S233,0.17687168674866757,0.1184475655422387,0.34482638578303626,0.26642675019336215,0.09342761173269085,LSTM
S234,0.12307380220206181,0.12290155387490481,0.5403691531832794,0.11361632895411392,0.10003916178564022,LSTM
S235,0.440542573199699,0.09214974201956914,0.04938161783389738,0.045192570514328,0.37273349643250353,1D-CNN
S236,7.222236676648047e-05,0.9758030326159974,0.00017628630510608384,0.02390003279698873,4.8425915141377735e-05,ANN
S237,0.05202706272849828,0.0647407530964472,0.7693227579327463,0.051534488127585446,0.062374938114722445,LSTM
S238,0.021799569561473612,0.8992638767709903,0.04597961185978713,0.012078680841394145,0.020878260966353857,ANN
S239,0.9376660087986225,0.00041369897779911386,1.9785261807603484e-05,8.449665105246858e-05,0.06181601031071802,1D-CNN
S240,0.0851278075510845,0.005517853858858862,0.00021288914231606062,0.00955782519087389,0.8995836242568643,GRU
S241,0.2371130326295373,0.32147131997157785,0.16304207456527167,0.19484503764252037,0.08352853519109371,ANN
S242,0.11609770410490183,0.22195886578500387,0.4860982840683405,0.12488278446158439,0.05096236158017438,LSTM
S243,0.029268114370002533,0.0667477967517297,0.08525509695945345,0.16153173121767622,0.6571972607011388,GRU
S244,0.03930054434349727,0.14279479653491578,0.0014649664836994699,0.6370348755148381,0.17940481712304884,CNN-LSTM
S245,0.001366967837702961,0.0006418862614326855,3.37093716457178e-05,0.000278416537933923,0.9976790199912825,GRU
S246,0.0004429423705633985,0.9896780927664478,9.769857864757675e-05,0.009583176957917154,0.000198089326424854,ANN
S247,0.177076522053346,0.06785064865174009,0.23845327449328443,0.41870548806172553,0.09791406673990416,CNN-LSTM
S248,0.0004227973299438196,0.0038701001397502444,0.9948615733814318,0.0004319663990544927,0.00041356274982774804,LSTM
S249,0.002211457435591617,0.014126934030395739,0.12027609869802579,0.005651402177908716,0.8577341076580777,GRU
S250,0.0020571202194603067,0.9729560942592684,0.010655737426997205,0.0022443280137388875,0.012086720080536295,ANN
S251,0.5569207789578758,0.016240436203453865,0.004566089893155146,0.005101779495421391,0.4171709154500919,1D-CNN
S252,0.19287954816830585,0.05619635196780124,0.028836205902234693,0.6128368020069261,0.10925109195473053,CNN-LSTM
S253,0.00016675716736864015,0.00027466938877915303,0.9991270929130462,0.0003018453453416882,0.00012963518546425316,LSTM
S254,0.0006897293020351531,0.9974880386457352,0.0010576005861059538,0.0003544013531630834,0.00041023011296150466,ANN
S255,0.0037381641655262485,0.03359001525401851,0.9225947878524845,0.023826354977118398,0.01625067775085243,LSTM
S256,0.12260534403469339,0.20316761984721368,0.3705449756684124,0.10266764304874594,0.2010144174009333,LSTM
S257,0.030976999153579314,0.00482088894027437,0.004916510158798288,0.006890796554342931,0.9523948051930043,GRU
S258,0.5359709518872039,0.003225812857338956,0.0012864859194931916,0.006713662525840045,0.45280308681012194,1D-CNN
S259,0.18649563528030738,0.16187373371371117,0.04827155102678699,0.5444128885587036,0.05894619142049297,CNN-LSTM
S260,0.051771641262897884,0.057688111748298083,0.7966781623560035,0.05431649637475317,0.03954558825804715,LSTM
S261,0.00658830679515445,0.6651357899157374,0.005610235238135198,0.0020130781728590584,0.32065258987810913,ANN
S262,0.30182397189863464,0.13808656660020616,0.19152480128623084,0.20695662393134528,0.16160803628358322,1D-CNN
S263,0.01514741172454826,0.01859081595778834,0.05161498314490922,0.8899472917293003,0.024699497443458084,CNN-LSTM
S264,0.059696266724722134,0.163047754444945,0.4660033102399219,0.15744806801430342,0.15380460057610357,LSTM
S265,0.6631421064457776,0.047931199166450195,0.04618997501886394,0.07988838203236087,0.1628483373365476,1D-CNN
S266,0.08624889477584738,0.0564970977092585,0.11275814756987303,0.6969602086360152,0.04753565130899764,CNN-LSTM
S267,0.020495653242617082,0.1024839009879205,0.7671377586813733,0.0808966853379618,0.028986001750125015,LSTM
S268,0.7407065927631548,0.08034247700859465,0.05372430271764372,0.02651904649492291,0.09870758101568355,1D-CNN
S269,0.33261272664064434,0.1502342336870713,0.16632727548510204,0.1622775245825263,0.18854823960466266,1D-CNN
S270,0.08720916689613084,0.7292713434502132,0.05677389879491801,0.06569491755220898,0.061050673306519844,ANN
S271,0.013922905004983504,0.19180497227835935,0.7363305875373621,0.03961104155751099,0.018330493621778732,LSTM
S272,0.03608894802009772,0.07429247258112452,0.255947177171002,0.11883143341476442,0.5148399688130104,GRU
S273,0.01673487080635929,0.8299403829131272,0.03936160670021673,0.021769940543609805,0.09219319903668702,ANN
S274,0.6895339673414598,0.14930907289785525,0.015022671077496611,0.013906958400431612,0.13222733028275657,1D-CNN
S275,0.17128226857010562,0.7416697095598447,0.01302211236794327,0.03457887614852995,0.03944703335357446,ANN
S276,0.05238346216582777,0.03645606433544915,0.0007589713197170739,0.5103796396616316,0.4000218625173736,CNN-LSTM
S277,0.18915624629512856,0.05762061824238647,0.548072858990337,0.1312003103412556,0.07394996613088775,LSTM
S278,0.16252704792380507,0.16878569945865587,0.36567538474551925,0.15154385318112845,0.15146801469089083,LSTM
S279,0.009629841553517584,0.9632029584262323,0.010886553316729422,0.004036810183716258,0.012243836519772443,ANN
S280,0.09865469666073212,0.03234942270824721,0.07452754592573868,0.006499773790314316,0.7879685609149679,GRU
S281,0.1611609977549824,0.0999613799823238,0.2502698703360264,0.10900745125459307,0.37960030067207456,GRU
S282,0.6300127087937532,0.01559874299434041,0.0018577879082296456,0.0021282413537894625,0.35040251894988705,1D-CNN
S283,0.02453353848669142,0.3893359984013932,0.0002454476636970775,0.01927738100404712,0.5666076344441688,GRU
S284,0.9827985870958434,0.0034635276739914045,0.0004132322834124187,0.006481882052093149,0.006842770894657762,1D-CNN
S285,0.006112951687206423,0.9921675206257489,0.0005458482782225377,0.0007247372219584793,0.00044894218686355525,ANN
S286,0.00041694337614641146,0.0006877929384305274,0.9986097230041578,0.00017115340244680554,0.00011438727881387275,LSTM
S287,0.06127999005806772,0.9325591005867909,0.001783106937099146,0.0012088263371605415,0.0031689760808809686,ANN
S288,0.018013499786013385,0.03738271307063536,0.12284035633909114,0.04169817520483379,0.7800652555994235,GRU
S289,0.006684276256647877,0.007108811886809712,0.7700447694364285,0.041736240406935195,0.17442590201317676,LSTM
S290,0.33405470673807414,0.2702021814092712,0.15232180082630695,0.08679864172110685,0.15662266930523958,1D-CNN
S291,0.12077873325978442,0.5464102078291833,0.079680919437688,0.14929124990714535,0.10383888956619713,ANN
S292,0.13598358520721163,0.18119213960296948,0.29236111079714594,0.17844631485158874,0.21201684954108396,LSTM
S293,0.7392347938400857,0.0016930697940065627,0.001605037327913858,0.08222485663001598,0.17524224240797845,1D-CNN
S294,0.21858881154782506,0.1467658306844663,0.04986270114594657,0.5131523005508972,0.07163035607087005,CNN-LSTM
S295,0.01055985034312408,0.07639878209588387,0.8873316736082859,0.016613093316775723,0.009096600635931186,LSTM
S296,8.960104325454965e-05,0.9995665889160523,0.000240451690297761,4.968146287141653e-05,5.367688752336494e-05,ANN
S297,0.09287928796156592,0.23570586116676945,0.05812051640243218,0.08277051357661427,0.5305238208926182,GRU
S298,0.14683414319152222,0.7684878405899374,0.016340419199409695,0.04327533731875935,0.02506225970037058,ANN
S299,0.00021112673382773782,0.00015611203127218344,0.9990921864911426,0.0004198242743870113,0.00012075046937439984,LSTM
S300,0.012320028349616301,0.7380110438836722,0.01780214559606027,0.008791600728005557,0.22307518144264582,ANN
S301,0.004581970764247203,0.011272135283336123,0.43361442392351945,0.39182296900500996,0.15870850102389097,LSTM
S302,0.004857611329310729,0.8939214464092257,0.022537816464533088,0.009980953152463166,0.06870217264446625,ANN
S303,0.8159703284148612,0.0453404806743566,0.044747492947466626,0.039982196453189636,0.053959501510127156,1D-CNN
S304,0.2798461124351101,0.5264799136210151,0.024368996626529436,0.026242243347084214,0.14306273397026095,ANN
S305,0.8048154898086316,0.02516395924077944,0.1211987159863532,0.03571083123317803,0.013111003731047484,1D-CNN
S306,0.004327926698639595,0.0002932979600218341,0.00017947789074061995,0.9935877659457321,0.0016115315048634354,CNN-LSTM
S307,0.2803092382736394,0.023497653327430798,0.003838961241439872,0.6869498039127651,0.005404343244728751,CNN-LSTM
S308,0.09133054655498694,0.3366497350022213,0.4381191695517539,0.08179410630298603,0.052106442588052075,LSTM
S309,0.012876053119882458,0.869428654693419,0.014784150701460436,0.012931831390403959,0.08997931009483061,ANN
S310,0.09416640887178464,0.17062205996422825,0.16731953763429783,0.3290337050722088,0.23885828845748194,CNN-LSTM
S311,0.004319922724676901,0.006077697533025129,0.012990357606573699,0.9748570429656098,0.0017549791701147832,CNN-LSTM
S312,0.038413925334306286,0.2149965220268458,0.6109632000325217,0.08263598534461596,0.052990367261708284,LSTM
S313,0.016645682067785172,0.1351779861993132,0.19108073598149025,0.054539066682960824,0.6025565290684516,GRU
S314,0.9326023321338482,0.015133683671090522,0.004515271931258111,0.004258199904876367,0.043490512358926585,1D-CNN
S315,0.03487932599639343,0.7307325966981718,0.19279663602874506,0.024603517564597,0.01698792371209046,ANN
S316,0.1632879702885622,0.3082590967126569,0.13051243156170256,0.08097260387953868,0.3169678975575356,GRU
S317,0.1009060376086642,0.002046588852733326,0.001128226841303028,0.014609215899020334,0.8813099307982776,GRU
S318,0.013342620267933711,0.09311000195385095,0.8659384170097272,0.010261433931931225,0.01734752683655944,LSTM
S319,0.14621214339682304,0.1222294078060958,0.028753566803999896,0.15196988808609255,0.5508349939069841,GRU
S320,0.2172071131153364,0.15722069311135115,0.2814561526439955,0.24901095040211918,0.09510509072719503,LSTM
S321,0.2729628511125596,0.07732289577593514,0.09174490764659496,0.23455699437309147,0.3234123510918159,GRU
S322,0.9586757982876887,0.0006172563660408813,0.0007886879201864327,0.03484383504392877,0.005074422382153367,1D-CNN
S323,0.18546664596356308,0.2976507073585186,0.19737673878859796,0.2765468439150232,0.042959063974303116,ANN
S324,0.0917433665471584,0.4898253649663153,0.024596445986794897,0.033370777831667954,0.3604640446680632,ANN
S325,0.024176466939737632,0.025980684842542266,0.04017625426474951,0.8849201412054359,0.024746452747534852,CNN-LSTM
S326,0.0014691571561328395,0.8378453855907813,0.0027902240299657382,0.001868205219253298,0.15602702800387422,ANN
S327,0.0033802490994184766,0.0014845236146837685,0.18848730520417095,0.7797579938022953,0.026889928279432374,CNN-LSTM
S328,0.00014769616913873956,0.0005214823704247884,0.9957241071161398,0.0033313293402169233,0.00027538500407993757,LSTM
S329,0.021157809917527973,0.832047701445299,0.027451859970716128,0.018802798154179835,0.10053983051228459,ANN
S330,0.9035302005466294,0.009523041983680364,0.007559758730664398,0.008204298514516966,0.07118270022450872,1D-CNN
S331,0.3705869655708741,0.2007513503475249,0.07665929853392357,0.20995963001062798,0.14204275553705412,1D-CNN
S332,0.011124773162203843,0.05757399094372673,0.9032720201498124,0.016660156979576634,0.01136905876467799,LSTM
S333,0.1709180801976718,0.7746729944771601,0.029422542749692807,0.008356468293978287,0.016629914281496884,ANN
S334,0.9785393983573001,0.00958082061468501,0.002120367007790979,0.002644209024849676,0.00711520499537499,1D-CNN
S335,0.3763577551931251,0.06220348903701361,0.12798438194413755,0.3449879185796765,0.08846645524605254,1D-CNN
S336,0.0346386750455066,0.030081149626571706,0.6311833361724316,0.24735619080255827,0.05674064835292961,LSTM
S337,0.01749783950972953,0.004094044829859972,0.02051233730143686,0.008529355135647171,0.9493664232233257,GRU
S338,0.9449187767310973,0.017183446568930474,0.004750024664181783,0.00438628827938625,0.02876146375639959,1D-CNN
S339,0.017414437066371,0.013580245074495153,0.39445525728716857,0.5580463826131721,0.01650367795878825,CNN-LSTM
S340,0.028308914550921903,0.804325327792909,0.03997237178064902,0.038068705940885204,0.08932467993463142,ANN
S341,0.18385134480215243,0.053698594559206246,0.15355066609536047,0.20669631092154087,0.4022030836217394,GRU
S342,0.012467306461625935,0.007358027010768674,0.012631691904908985,0.9618610696839599,0.00568190493873594,CNN-LSTM
S343,0.007964495033157638,0.3725942876546712,0.590021868246955,0.020595174240920656,0.00882417482429937,LSTM
S344,0.05306984184499639,0.12065350422379409,0.5904116343491554,0.145652866137366,0.09021215344468775,LSTM
S345,0.06163126953711254,0.4278252165966935,0.057291668784386046,0.03767342286064528,0.41557842222115776,ANN
S346,0.993034429599274,0.0009780124464369693,0.0007905590217898719,0.0012723552906888894,0.0039246436418118955,1D-CNN
S347,7.639233853450259e-05,1.3422748994583602e-05,1.2960433546436612e-07,0.999908839226975,1.2160811553649291e-06,CNN-LSTM
S348,0.0009901083149435074,0.0020246549144476347,0.9945644498667077,0.0015395898700045578,0.0008811970339009532,LSTM
S349,0.0027391416819911537,0.9907902303890864,0.002367338310499996,0.0014148319550138099,0.0026884576634074427,ANN
S350,0.287518671706486,0.1357915761948086,0.1423697981039964,0.2326294851054848,0.2016904688892298,1D-CNN
S351,0.008617328547607416,0.009079263556948755,0.0864940076379671,0.8914647593059131,0.004344640951568515,CNN-LSTM
S352,0.007634879356219761,0.928570776938194,0.02087563331202543,0.01081997575753783,0.032098734636022065,ANN
S353,0.19690013371381315,0.13189308467985697,0.23100437753291217,0.22722380183708185,0.21297860223633716,LSTM
S354,0.046279418610669774,0.9179885679289692,0.005949373736268185,0.007305065228660496,0.022477574495432397,ANN
S355,0.06668290979501576,0.07585080359443563,0.7064088042796921,0.08683924199280225,0.06421824033805937,LSTM
S356,0.006572646934665213,0.9931241895671113,3.65490729635607e-05,2.0218111258160943e-05,0.00024639631400152364,ANN
S357,0.00577999764467049,0.0058309364103012835,0.045036201586589074,0.021312052256900603,0.9220408121015385,GRU
S358,3.0391357582986422e-05,0.9991605095355296,0.000375114978077955,0.00018658618600847493,0.00024739794280173095,ANN
S359,0.0043438827975056105,0.007520735119336125,0.9370313397506767,0.016495735469049474,0.034608306863434725,LSTM
S360,0.0019749797110202587,0.008720373109420065,0.6806348671528871,0.11012944744001299,0.19854033258665518,LSTM
S361,0.05464993821917094,0.21493534167913722,0.15030607568620769,0.395922856578052,0.1841857878374307,CNN-LSTM
S362,0.24165727491792366,0.06527195902324927,0.025058202443443714,0.03986988251696738,0.6281426810984168,GRU
S363,0.23253264008581132,0.30034596448566486,0.15710843544223765,0.10498346035264149,0.2050294996336436,ANN
