Segment,1D-CNN,ANN,BiLSTM,LSTM,CNN-LSTM,GRU,Selected
S1,0.029454671335425876,0.014645690355031564,0.285071062495222,0.2609164620390903,0.24509387510103556,0.1648182386741898,BiLSTM
S2,0.2520333733487391,0.16867333650744964,0.11514532170178626,0.13161403262725663,0.17509926345162297,0.15743467236314665,1D-CNN
S3,0.06536265895472014,0.19077337548743425,0.1365191675509666,0.3321458657789118,0.20379022949770031,0.0714087027302631,LSTM
S4,0.1660491112679943,0.290013885572513,0.10735997108152469,0.23168819172331828,0.12705140194627954,0.07783743840836574,ANN
S5,0.21762927165236848,0.4953579704936994,0.05528064673691562,0.06961064425848543,0.0657753812436127,0.09634608561491317,ANN
S6,0.052866669770524656,0.10924073407053,0.3331303633389331,0.23768157236409482,0.11961830620987883,0.14746235424603849,BiLSTM
S7,0.07600142488397019,0.06175231653943969,0.34668551820883714,0.25671167554463953,0.12891474560263158,0.12993431922047533,BiLSTM
S8,0.10787464205675185,0.23553583967204278,0.21618390435432425,0.12745132524025188,0.11175393156176817,0.20120035711485898,ANN
S9,0.2529928863775071,0.3411944195431447,0.10116204842219775,0.05255942094509332,0.07649448737091567,0.17559673734113912,ANN
S10,0.1746700680293431,0.26560838999781144,0.07556775704059908,0.042152139766085214,0.10693010730750534,0.33507153785865257,GRU
S11,0.21347257217591747,0.15792978006437636,0.13348252803830063,0.23807106696767502,0.19239559165336215,0.06464846110036102,LSTM
S12,0.09566502430721432,0.14206558650982518,0.20781315282218576,0.39843415047032193,0.10874711550585654,0.04727497038459631,LSTM
S13,0.10345847209187684,0.1550988524027729,0.23379636868597414,0.16743912317252235,0.14721270460514052,0.1929944790417115,BiLSTM
S14,0.08212394597921374,0.10014009297653077,0.24760702897552872,0.23664770431346388,0.16972210344258024,0.1637591243126824,BiLSTM
S15,0.16305979504084994,0.2592078076136088,0.15396366794280608,0.12236419640332598,0.11691746977508904,0.18448706322432123,ANN
S16,0.1724884159078577,0.14355404777701902,0.1507489662376827,0.09258312799607506,0.12477167555044716,0.31585376653091757,GRU
S17,0.09207630850975425,0.10783308687434638,0.06574077057069191,0.01932170484375576,0.09000627563012574,0.6250218535713227,GRU
S18,0.38849223068630195,0.16347412856663776,0.09844360791837195,0.10256448011554939,0.19952228973520877,0.04750326297792978,1D-CNN
S19,0.10707842772810411,0.058669069972519354,0.059938271204081385,0.6824707388341369,0.07929133994853906,0.012552152312618166,LSTM
S20,0.3641585873367436,0.2874372541579367,0.06339827562973631,0.14603745573116647,0.09085920864432773,0.04810921850008412,1D-CNN
S21,0.4441228064321434,0.19200919646578052,0.05496038220993732,0.11900034776300747,0.1146843321830099,0.07522293494612076,1D-CNN
S22,0.19074997113654837,0.09684637518685901,0.11815935454778255,0.2709576430756794,0.16966577339981742,0.15362088265331048,LSTM
S23,0.004114610124717712,0.010474850762842991,0.6252027538415956,0.24632947638387614,0.06151031660196046,0.052367992285002066,BiLSTM
S24,0.014704507865596315,0.44112222315063576,0.3394958139908146,0.058282840496589494,0.030217412824583477,0.1161772016717815,ANN
S25,0.5716297195659347,0.14525674451609144,0.09425283779954602,0.004572583204195415,0.008758046568142665,0.1755300683460873,1D-CNN
S26,0.013274628857335874,0.7770991959560444,0.04766599982877294,0.0009792706874023106,0.0046431535448816005,0.15633775112556642,ANN
S27,0.5303393470119516,0.095658658785178,0.0453069446324274,0.010049621936396498,0.086848213419154,0.23179721421489202,1D-CNN
S28,0.28487027732283987,0.10827128047840175,0.15180205509365183,0.0664846218370797,0.31687788119460353,0.07169388407341365,CNN-LSTM
S29,0.029676122791045218,0.0065838111604618645,0.02708962073081184,0.845888248268643,0.08446570797161361,0.00629648907742473,LSTM
S30,0.5289067414798071,0.07260633144872584,0.04944536021072116,0.15774703707111717,0.14144155849806225,0.0498529712915677,1D-CNN
S31,0.12098327898215336,0.11407781562497042,0.22927113697595305,0.27902982664944975,0.16550110599859125,0.09113683576888117,LSTM
S32,0.12354734984103177,0.2156769468692198,0.15757192900719,0.19023932682099207,0.12790682153932445,0.18505762592224145,ANN
S33,0.18602427531002325,0.09881051295169103,0.1221860864141559,0.15915686435305879,0.21274720088030635,0.22107506009075906,GRU
S34,0.16710310521317256,0.0885279218085663,0.13668024255594602,0.22680605229935094,0.25606874047785694,0.12481393764510695,CNN-LSTM
S35,0.09603297845249516,0.18951324620306884,0.14558193514743153,0.27160728218709324,0.18739698123175513,0.10986757677815906,LSTM
S36,0.14842529887185432,0.34788002840058585,0.13871074909185194,0.13233149249160805,0.11220602578224817,0.1204464053618525,ANN
S37,0.03735746000279159,0.05314054345888789,0.3322590515618571,0.29458751899273744,0.16576130239966363,0.11689412358407045,BiLSTM
S38,0.22802824029942476,0.2543256042845646,0.1661391858758707,0.14272071817337323,0.0939729792553178,0.11481327211145025,ANN
S39,0.22254434035367177,0.26321594623693734,0.13178341955668352,0.1032289281597103,0.11204705955047409,0.1671803061425226,ANN
S40,0.20033466118552082,0.2581153623985346,0.10915978295090735,0.06905537641634663,0.10700386807383012,0.2563309489748615,ANN
S41,0.20282954369497927,0.15730791826962082,0.14277328541917195,0.15382414135794825,0.17853120960014293,0.1647339016581417,1D-CNN
S42,0.18283834121292863,0.1613553744322715,0.16186588532882226,0.19743446545433507,0.16659295844268274,0.1299129751289615,LSTM
S43,0.1641924386469832,0.16609481362166978,0.17811900592318272,0.20411692643662196,0.15782696334028615,0.1296498520312536,LSTM
S44,0.19460024426256878,0.10153663257166592,0.18866413791413222,0.1663346918019164,0.16123017210687057,0.18763412134284763,1D-CNN
S45,0.0043243700358073355,0.0040467806145619645,0.1883754491284551,0.659609385987948,0.11009043098467979,0.03355358324854728,LSTM
S46,0.2914384154749865,0.5212683717754056,0.04607249712029085,0.05663688892657033,0.024522906288380827,0.06006092041436193,ANN
S47,0.008309870894821967,0.21211498451990982,0.28410677297313497,0.14933126380689948,0.19133105452764929,0.15480605327757552,BiLSTM
S48,0.1973791142067055,0.10259461919755468,0.26156990610247216,0.11995402166932334,0.15731843703533135,0.16118390178861458,BiLSTM
S49,0.07375842892691577,0.06118922967718754,0.22932427725399457,0.1397026514902062,0.21968826685882034,0.27633714579287383,GRU
S50,0.3382789089741768,0.17475894497432679,0.07302401527008705,0.033318912769918226,0.059161386503638363,0.32145783150785273,1D-CNN
S51,0.313513665126499,0.2574789705457472,0.022273082760445238,0.012406614301994336,0.0964759715055508,0.2978516957597634,1D-CNN
S52,0.2709636914438119,0.1765497376274882,0.11645151350128949,0.20554268196203593,0.15291120096690106,0.07758117449847136,1D-CNN
S53,0.2614698295217344,0.16218076569544534,0.14900497696003606,0.19827994925852052,0.13802780696003655,0.0910366716042202,1D-CNN
S54,0.5596835325971017,0.27224354879482027,0.045040271263476865,0.04386266153022173,0.04305392078745256,0.03611606502692535,1D-CNN
S55,0.6763627400304262,0.3105555178571268,0.0024017191354839783,0.0015599910896055562,0.003337074367089943,0.005782957520266962,1D-CNN
S56,0.6346140441501753,0.3507975505062504,0.0016966855251046961,0.0012779177687504818,0.0042492186389591425,0.007364583410761024,1D-CNN
S57,0.14719874131832805,0.15150879847631585,0.08833330959135793,0.08737309363510856,0.2352687427923088,0.29031731418657997,GRU
S58,0.1366761923964156,0.29834212133955673,0.1524251802394879,0.08977034214525392,0.17086183852251863,0.15192432535676537,ANN
S59,0.03553275904858731,0.03713796713945004,0.42167243979528274,0.2667013357990709,0.13738307490697957,0.10157242331063382,BiLSTM
S60,0.15786934628894989,0.09520549022812483,0.23728882219181216,0.26313231044293783,0.12460179074228622,0.12190224010588638,LSTM
S61,0.4021632836549677,0.3109149234699466,0.07777329422661164,0.05342957022068829,0.055273807236038947,0.10044512119174627,1D-CNN
S62,0.6394593576096853,0.12273742366072828,0.038180734589376694,0.026594247953460663,0.04778510004640269,0.12524313614034124,1D-CNN
S63,0.3124051818816278,0.23399929738395747,0.04132528143612999,0.03262574610385898,0.07915307535537426,0.3004914178390583,1D-CNN
S64,0.03858790957451743,0.011701635160851305,0.5496214162149815,0.036697786789927085,0.3481724732881685,0.01521877897155856,BiLSTM
S65,0.14681001047855782,0.052710299871362234,0.19545719315670848,0.12268720278583067,0.2052808134295695,0.27705448027796853,GRU
S66,0.07209826473532985,0.09083728826134901,0.16542103917934617,0.1620481023029467,0.18691346821505894,0.3226818373059767,GRU
S67,0.16091978182852476,0.14120260441446697,0.1557471443159303,0.16079178340457118,0.16222987430690647,0.21910881172959662,GRU
S68,0.0603636185990625,0.11802452122977983,0.07638052515048971,0.048378040179143655,0.08066149050773277,0.6161918043337937,GRU
S69,0.22480214298735737,0.2286657177568978,0.11322796743777856,0.12847144075430014,0.1648023008913769,0.14003043017228634,ANN
S70,0.20902717420483347,0.23095384484787798,0.13417289057690404,0.17721400762980427,0.15395213368091967,0.09467994905966076,ANN
S71,0.19723563574436304,0.2132432166101828,0.14641959887389977,0.19464302932270341,0.14834517401756658,0.10011334543128418,ANN
S72,0.0714439988732268,0.899432883250274,0.005712502731845545,0.005393973416211231,0.006354626094146217,0.011662015634294844,ANN
S73,0.007264961042059397,0.017579448173289595,0.02176402102820759,0.010445275491849738,0.08440373685757266,0.8585425574070189,GRU
S74,0.09026471849975104,0.2705858541781411,0.056148658023674046,0.05185789990439284,0.22530500829560812,0.30583786109844113,GRU
S75,0.030288402218830727,0.038890758944624224,0.1498396187432699,0.159752846439412,0.44996569067641984,0.17126268297745093,CNN-LSTM
S76,0.09647605599596955,0.1624877975967541,0.32299307350141954,0.16546817291862495,0.12825213234685084,0.1243227676403803,BiLSTM
S77,0.09927556400439426,0.026249487040060034,0.31810822025397595,0.23025293441297856,0.15726894866831154,0.16884484562028237,BiLSTM
S78,0.23775606374444283,0.18257697283718127,0.09803845842811913,0.13726677785261315,0.14499503557569493,0.19936669156195605,1D-CNN
S79,0.05455498880336368,0.09337218502459436,0.17861072272711404,0.350967456952683,0.21660007719015284,0.10589456930209833,LSTM
S80,0.09128460120175004,0.24186095244779496,0.2586396153923198,0.1846282139894163,0.13047675491419053,0.09310986205452396,BiLSTM
S81,0.1505834484766882,0.0578690900132905,0.14382169751358365,0.21167571641540897,0.22039887609500172,0.21565117148602367,CNN-LSTM
S82,0.1660883641459207,0.174093651329479,0.1356530117197013,0.16098896405198948,0.18516576222177528,0.17801024653113193,CNN-LSTM
S83,0.09398905195520499,0.12483634103926719,0.20963673913045716,0.21818881974565973,0.2164789620936554,0.13687008603575399,LSTM
S84,0.12274031850413478,0.3798203291552889,0.15906775687825267,0.09583650640851382,0.11178373121829772,0.1307513578355032,ANN
S85,0.010422373183366135,0.003980049414992827,0.33385787370678266,0.39199338095160685,0.1810202062474798,0.07872611649577586,LSTM
S86,0.4267846577152321,0.0998605485604718,0.11691522541710463,0.2343441012199128,0.06608906155461233,0.056006405532660467,1D-CNN
S87,0.625333031456804,0.29757541590717485,0.017985398344181745,0.01582771897084173,0.012958739826189305,0.030319695494806453,1D-CNN
S88,0.877546428073301,0.03924325759690591,0.0068398275846727205,0.004026098046437406,0.009918053733025673,0.06242633496565676,1D-CNN
S89,0.39650027756783346,0.12548355079340676,0.06568596486028734,0.041786495863392885,0.09987393109881852,0.270669779816262,1D-CNN
S90,0.12795293158809062,0.24435290755254083,0.06917947763524075,0.03885861322853809,0.11921437789958088,0.40044169209601593,GRU
S91,0.15052532771908575,0.1382416056078033,0.08591694502119804,0.12243719274335937,0.21309083593722877,0.28978809297132024,GRU
S92,0.24131995340425588,0.20777127064441492,0.12373571753454006,0.1846111722290225,0.15063795842203917,0.09192392776572895,1D-CNN
S93,0.15788327663130133,0.21462134219908824,0.1736774357528141,0.20823479181421933,0.14610746510419495,0.09947568849837574,ANN
S94,0.24117699273173893,0.4717910076417603,0.0765647223191094,0.06594487948292166,0.06827052604504791,0.07625187177942606,ANN
S95,0.5790886840713448,0.20495663420457555,0.035566364588331546,0.017151241953164323,0.04460098950335726,0.11863608567922604,1D-CNN
S96,0.05648577369810575,0.038492708426714504,0.3299993845053662,0.17694811989991435,0.21757269354575448,0.18050131992414367,BiLSTM
S97,0.04341763615198344,0.021384507217578442,0.29243985378354004,0.43137818221260743,0.12881046903376245,0.08256935160052331,LSTM
S98,0.17491846579193523,0.34486710938706994,0.14918652019182047,0.1401927575443048,0.08569105694011478,0.1051440901447547,ANN
S99,0.15963209743509935,0.783581585362328,0.010576315172271318,0.004661794784813214,0.007539048506800714,0.034009158738686915,ANN
S100,0.9222852504351148,0.010271863202944995,0.004550927952607944,0.0017292631950261617,0.007250082349782161,0.053912612864521134,1D-CNN
S101,0.22861847236575036,0.1847972736081145,0.060107459360306884,0.04149094534173569,0.18002449112393779,0.30496135820015247,GRU
S102,0.13833168252151787,0.2087901728002969,0.17017972296778425,0.32454353196723823,0.13114835574840755,0.027006533994762584,LSTM
S103,0.09025750457052892,0.2173419801158589,0.34521445423574276,0.2568690166979906,0.06600713264822249,0.024309911731644526,BiLSTM
S104,0.00043982822331467845,0.0005301477637194981,0.12750731143578486,0.39714324181954924,0.17135500921881755,0.3030244615388141,LSTM
S105,0.017264758303587414,0.03011573051459986,0.2561386091009921,0.32500919806298667,0.10055096270871612,0.27092074130912647,LSTM
S106,0.0176212038477944,0.006165390657654583,0.23039302068452722,0.19821239602474544,0.10203700189635156,0.4455709868889224,GRU
S107,0.008475425533802379,0.01566730710470555,0.22845921203824227,0.10458068629260915,0.10065743452991391,0.5421599345007305,GRU
S108,0.018446354590809965,0.06040028950137917,0.052184658849565385,0.015568331846565515,0.056330852536133603,0.797069512675547,GRU
S109,0.49608424860440836,0.09197731598455998,0.059452775583425384,0.04613500782728788,0.26690523955508744,0.03944541244523069,1D-CNN
S110,0.07465095004612847,0.10107832194477766,0.2531947221581296,0.41117118854531315,0.12320318320061796,0.036701634105032854,LSTM
S111,0.2382481149026526,0.21068992294085023,0.09149274955166362,0.14647647813687342,0.15961420089122708,0.1534785335767394,1D-CNN
S112,0.053689303489455435,0.2890725572926298,0.27747122456627343,0.0759700257299696,0.14639317990404702,0.157403709017624,ANN
S113,0.09071148591281422,0.019931834352136513,0.4304726567230226,0.24891709959018168,0.13012924173679358,0.07983768168505272,BiLSTM
S114,0.0002672998761757681,0.0001581946234885037,0.0016679499289695653,0.00012870756079828784,0.000503972215515545,0.9972738757950523,GRU
S115,0.009311050906674985,0.19437187372711245,0.5973678214783379,0.019049204551787154,0.02572406654165358,0.15417598279443465,BiLSTM
S116,0.10688915024386945,0.2214846490643629,0.26415544999849994,0.08071690828924008,0.10161191360464698,0.22514192879938583,BiLSTM
S117,0.11718152253709442,0.18852919769668605,0.19953431658075407,0.07181207522869705,0.10775071887671879,0.31519216908005715,GRU
S118,0.2172844032713197,0.22286205999589384,0.10886828791871943,0.05718533066741479,0.12430220123947273,0.26949771690718693,GRU
S119,0.20177036653668978,0.03467716752684842,0.12213072373317103,0.31551928364274656,0.29305770110990836,0.032844757450637294,LSTM
S120,0.08537974479655017,0.10297395068584453,0.09130389815590763,0.5637630346919125,0.12306366838680052,0.03351570328298919,LSTM
S121,0.5407745497777675,0.24233090016152548,0.03205265444577152,0.0962943703977287,0.056757362757330815,0.031790162459876745,1D-CNN
S122,0.29510291761858853,0.15195237048572494,0.0826424875239186,0.15919868234200532,0.19291943857191657,0.118184103457846,1D-CNN
S123,0.27378199807006315,0.3171431557820258,0.05555144277725651,0.10312911065482988,0.1532465665075129,0.0971477262083113,ANN
S124,0.20629072498893467,0.17823321634911435,0.0971848093962836,0.2008531328225206,0.178215870590516,0.13922224585263235,1D-CNN
S125,0.2035437298761383,0.05932875597708837,0.08086873176526675,0.16655830844069697,0.18718983861273958,0.30251063532806327,GRU
S126,0.28604929169841614,0.08234022648694882,0.0773175747498564,0.1467188816699983,0.24762190705497328,0.15995211833981607,1D-CNN
S127,0.05309087011042932,0.07333038985077023,0.15484146084583852,0.38154495048736425,0.25086099224935754,0.08633133645624023,LSTM
S128,0.1376412432521504,0.14729668464991705,0.25391704389185965,0.16387496193264053,0.14394175046367863,0.15332831580974673,BiLSTM
S129,0.11801886018557357,0.11879084731409859,0.24118169695569672,0.19957986960890314,0.15962976939262516,0.16279895654309703,BiLSTM
S130,0.28580240617145736,0.39298765601744856,0.08084656255231089,0.06412767889357884,0.06327001044916662,0.11296568591603527,ANN
S131,0.30041483230018295,0.11012222518776829,0.09903758602615577,0.0836443532937434,0.21365584830697965,0.19312515488516546,1D-CNN
S132,0.011999308359193463,0.09716985465348957,0.11035991035247082,0.6791524710214808,0.08593844907029512,0.015380006543068541,LSTM
S133,0.19026495496399337,0.2771473983651632,0.1240796488624177,0.24578414330424259,0.1080843100703369,0.054639544433841766,ANN
S134,0.45785745503334374,0.3265589268198302,0.04701104085842174,0.05622987989466188,0.05921650915396697,0.053126188239771166,1D-CNN
S135,0.18766925682979252,0.25499253816057116,0.13218300205625433,0.12225451485192418,0.17620400859255875,0.12669667950890562,ANN
S136,0.07668754370021733,0.0977706826625309,0.3502219319221861,0.17575481766892267,0.14009792027106754,0.15946710377507486,BiLSTM
S137,0.017100161297579644,0.022725026736423726,0.22609208561892452,0.47960374363068764,0.1359897407832973,0.11848924193309236,LSTM
S138,0.1664026692938899,0.5556150330389561,0.07804806861876995,0.06773519169648315,0.035915699570429255,0.09628333778147244,ANN
S139,0.047027844010846975,0.07628061076873846,0.09937630451759094,0.3681433928486982,0.34966755416607886,0.059504293688055446,LSTM
S140,0.13936879501102806,0.031881960668052926,0.3219140524271505,0.16991491325874453,0.1836146057471954,0.15330567288783808,BiLSTM
S141,0.14240101846052095,0.20924208144564246,0.25163773575341064,0.10749486804339575,0.11544576558739461,0.17377853070963029,BiLSTM
S142,0.1806120861417957,0.12782780230311083,0.1968042902159218,0.1480488193467393,0.1597610763322185,0.18694592566021256,BiLSTM
S143,0.12193976215539291,0.4445982377687154,0.10153437692432826,0.06652638348376719,0.07928375176189965,0.18611748790589658,ANN
S144,0.319378827603179,0.1758729070182491,0.07773260387783236,0.07182846950219159,0.12071782559215412,0.2344693664063986,1D-CNN
S145,0.23893605742839244,0.15345982328546606,0.12753056250471506,0.20400673205754413,0.19128149683391726,0.08478532788997427,1D-CNN
S146,0.06285061079227566,0.12231481533740234,0.15615718678909593,0.5309172039944214,0.10221889840085421,0.02554128468595003,LSTM
S147,0.7559232795764245,0.005389480464313333,0.062107339227179835,0.10433072338885147,0.035220244751445105,0.037028932591788875,1D-CNN
S148,0.04629688164031225,0.09945375456464302,0.1548864893058716,0.29786486649427235,0.2405685757270177,0.16092943226787712,LSTM
S149,0.013208505668291855,0.016968689405175985,0.2652991368512641,0.29010291650574027,0.017075778780962256,0.3973449727885637,GRU
S150,0.062309467939732036,0.0945321458260789,0.06480213738898431,0.12871962775318985,0.2666807527303255,0.3829558683616916,GRU
S151,0.2610714566003308,0.09481406563502606,0.03625821781738142,0.17418306416952992,0.39530837690223547,0.03836481887549724,CNN-LSTM
S152,0.04788827182888715,0.19298153499763185,0.2998091994297463,0.23575545419545904,0.1348223402665487,0.08874319928172562,BiLSTM
S153,0.06872799674978,0.05733639271640448,0.35051552025265625,0.15593214138629072,0.13364780988151373,0.23384013901335493,BiLSTM
S154,0.10271343160449385,0.19487656556901417,0.24235552863836002,0.10573687076615339,0.11728942277901268,0.2370281806429736,BiLSTM
S155,0.3173487175226549,0.16590494925757016,0.08490679307951236,0.06426033859529105,0.12767104518946631,0.23990815635550525,1D-CNN
S156,0.1323228626741937,0.09197035661322868,0.14851776384507254,0.2862847085633331,0.23109782015908514,0.10980648814508677,LSTM
S157,0.17052660513160697,0.10189217869890642,0.15583501955600412,0.30548592199184477,0.17614005982405503,0.0901202147975904,LSTM
S158,0.14101085689699952,0.6162190365540817,0.055825801180121114,0.06871509064288409,0.0610800509132446,0.05714916381266502,ANN
S159,0.17122316280225752,0.4875180577108536,0.08325761298897359,0.05950189459907861,0.08398379670211843,0.11451547519672074,ANN
S160,0.025668563391080694,0.03083043968698987,0.44099209256765,0.31467418967952054,0.10680245090962102,0.0810322637651322,BiLSTM
S161,0.1381369412349457,0.20689930097724016,0.24517913727933865,0.2016606545838688,0.09201647166923993,0.11610749425536802,BiLSTM
S162,0.3274138260041191,0.28600982897359856,0.07436270597366804,0.06737578172559694,0.07069005511935948,0.17414780220365017,1D-CNN
S163,0.19139648977303705,0.11671859012220599,0.12580918205677735,0.2156911488394191,0.21406392130342755,0.13632066790513417,LSTM
S164,0.07933715951341998,0.09817440319692333,0.16362988608053838,0.43314305333513703,0.1640801696075441,0.061635328266437146,LSTM
S165,0.09736349503473017,0.6181432818197999,0.07518670931403311,0.10267717058690183,0.05886621254874003,0.047763130695788907,ANN
S166,0.011714099924350966,0.010724163170326265,0.6105262527897622,0.1135577907617919,0.12419172391991294,0.12928596943385925,BiLSTM
S167,0.16518981069286653,0.16790319298261278,0.10890974980145995,0.14934642858652825,0.1700859362225307,0.23856488171400309,GRU
S168,0.1592840468166247,0.1611351183281059,0.08644319873799308,0.16683077224191928,0.2331491383886499,0.19315772548670954,CNN-LSTM
S169,0.11363057271410595,0.059569871400493864,0.3228997044440568,0.22840064959984688,0.2037319384959995,0.07176726334550454,BiLSTM
S170,0.22694662519802017,0.05037277538215787,0.13387719766221423,0.16425499570525715,0.180289935558655,0.24425847049370536,GRU
S171,0.38689263954036185,0.11421301128849402,0.05925406454021421,0.1228725334789123,0.16657891365844785,0.1501888374935773,1D-CNN
S172,0.0391250689141361,0.06761040372811364,0.1691883588072201,0.3159089104350759,0.30195846679551736,0.10620879131993603,LSTM
S173,0.0016701524980124107,0.9809306184637077,0.004217018453598948,0.004660297684046003,0.004548640585888471,0.003973272314748374,ANN
S174,0.3451206738214321,0.5556387468122438,0.017338182928273407,0.013944281469286005,0.031325212190577,0.03663290277819194,ANN
S175,0.046138514797579314,0.18094574072105468,0.35995382523667635,0.06757673503038618,0.22862198641586165,0.11676319779843859,BiLSTM
S176,0.03703168779894261,0.08307894479937866,0.6045133521248192,0.11622776930035153,0.07733587945505434,0.08181236652145195,BiLSTM
S177,0.10920586450501932,0.07582843457282525,0.24456539306126782,0.24090763495944367,0.1595119818617061,0.16998069103973698,BiLSTM
S178,0.1712186065419383,0.29513828260591424,0.12725724218340467,0.1148172728004065,0.102295856112818,0.18927273975551984,ANN
S179,0.5061274379159174,0.13984822711751138,0.05467034803460567,0.05441627348511887,0.07036481904333153,0.17457289440351506,1D-CNN
S180,0.5235170321015242,0.02276494608373935,0.044665955867143135,0.07203451674712306,0.28927863178636165,0.047738917414108774,1D-CNN
S181,0.0269508850913496,0.1418038234355671,0.38728847415233986,0.2961830516499983,0.1103896200190405,0.03738414565171019,BiLSTM
S182,0.10582002696140982,0.11468698003938513,0.3965411577544611,0.12550147991525834,0.1364594451796433,0.12099091014984265,BiLSTM
S183,0.04555618541800724,0.025824392754127012,0.09939425345362514,0.2770052601779402,0.22003515575151883,0.33218475244477486,GRU
S184,0.13126836293746758,0.032735048610586896,0.0352661912076108,0.12316422602714386,0.0784538359167374,0.5991123353004593,GRU
S185,0.1348228141666984,0.005549423061934937,0.12463749812412603,0.1548936085620067,0.2088884730595424,0.3712081830256936,GRU
S186,0.079600558026075,0.07558954382845694,0.3324917562181344,0.15996405405144204,0.14095403689991454,0.21140005097597492,BiLSTM
S187,0.1054093521841424,0.07511656209638592,0.19996595672490072,0.12558272483565625,0.1403368912975024,0.35358851286141874,GRU
S188,0.12511744556468915,0.09786378128373219,0.1625732722221942,0.10755493371097051,0.1438554674130634,0.3630350998053456,GRU
S189,0.11227980904356676,0.013656770379965075,0.09556041917398204,0.3113833183770587,0.44924572254308304,0.017873960482342965,CNN-LSTM
S190,0.10495103314987937,0.26239523217905647,0.1177998278394228,0.28307962099381034,0.16030199611764,0.07147228972018728,LSTM
S191,0.25398896223377526,0.08372815439221938,0.1295978606184507,0.27399713154991856,0.17323076623482317,0.08545712497080958,LSTM
S192,0.18358940080347075,0.4315377128314406,0.08207259409690722,0.11508093815323735,0.10503180518545518,0.08268754892948796,ANN
S193,0.015594657818813392,0.019059174220028993,0.5111980367390565,0.22438603417327285,0.10926062126034564,0.1205014757884894,BiLSTM
S194,0.09142540993672386,0.12428923398986809,0.3430777717152667,0.22567948918637865,0.09399758336487175,0.1215305118068879,BiLSTM
S195,0.19049823491790357,0.30446826671665506,0.17225033553963892,0.09583661561841614,0.07697850474925617,0.159968042458138,ANN
S196,0.07176838493935311,0.6486846468369954,0.05370565801304185,0.019155187226662648,0.030959880622319143,0.17572624236162515,ANN
S197,0.13184531111301584,0.27418759259980074,0.11395376193340513,0.02909888828870177,0.0687429673833419,0.38217147868173496,GRU
S198,0.15785210604955327,0.14466076192180136,0.0740186376454972,0.021656567630394852,0.07883200635570818,0.5229799203970463,GRU
S199,0.2488702890276117,0.15880284114351537,0.07962046774035238,0.043582187307637764,0.163754471972741,0.3053697428081405,GRU
S200,0.14878985605501455,0.026109211023920966,0.11625960371156899,0.46184021872467107,0.22236444105534034,0.02463666942947975,LSTM
S201,0.0945048160593856,0.22137097481693652,0.1988938446893402,0.3353033915163154,0.1000251151042182,0.049901857813804164,LSTM
S202,0.10223151027615675,0.1399424754555873,0.26147549441648993,0.1770962638545692,0.134306249447308,0.18494800654989124,BiLSTM
S203,0.047597452585398416,0.05025897431456078,0.29774484569827475,0.23919095188440279,0.16842792849792243,0.1967798470194479,BiLSTM
S204,0.10867539815949641,0.2306880975646745,0.19802612624281066,0.10703103206035022,0.09951482967687669,0.256064516295794,GRU
S205,0.36261683534037753,0.19862841028378686,0.08277310813724549,0.05262067815304368,0.1216894541930301,0.18167151389250855,1D-CNN
S206,0.1721800856761565,0.14879576363660355,0.13435521310289372,0.2782276610330192,0.19890669101210562,0.06753458553921629,LSTM
S207,0.1219859869484888,0.1431520865832455,0.14803627576882963,0.39924083911256364,0.1284549912678735,0.05912982031899562,LSTM
S208,0.08578652011386158,0.14618236295672365,0.2201503744873204,0.20766907470479287,0.1474495290672054,0.19276213867009592,BiLSTM
S209,0.052586968379777756,0.07566702416475199,0.33539862280843896,0.2460124900654135,0.14700013767027753,0.14333475691133535,BiLSTM
S210,0.26635019465279475,0.3355423528230318,0.10183983790617715,0.05906415257645851,0.07415056905031416,0.16305289299123327,ANN
S211,0.08023687854560783,0.01220218065079836,0.1549463006712124,0.26675270900248976,0.4626959179926685,0.023166013137223017,CNN-LSTM
S212,0.04134384660337396,0.22701164299398277,0.11628520225777313,0.5190138822313362,0.07608923465427296,0.020256191259263045,LSTM
S213,0.011980219825492,0.010534465447995255,0.09259322868926921,0.08368268193772943,0.22978734127871386,0.5714220628207983,GRU
S214,0.8952572152026984,0.019853069313751862,0.007655891143099549,0.010074559988015788,0.05230213878423985,0.014857125568194247,1D-CNN
S215,0.11556438553989135,0.03885252148899351,0.03816439652105779,0.512900832495322,0.2700635828822861,0.024454281072451317,LSTM
S216,0.0950524967615897,0.22976564839441618,0.21837867707113706,0.2607241070578012,0.11745269021883908,0.0786263804962168,LSTM
S217,0.10800413585976668,0.2670940792395893,0.23007678203906068,0.1273249904104213,0.10246207146366985,0.1650379409874997,ANN
S218,0.07314168554926541,0.1570773409699748,0.26654364801380437,0.14841412941149734,0.13701468741482473,0.21780850864064075,BiLSTM
S219,0.08310509080880263,0.38875186287165414,0.12742967000831434,0.045494558242687916,0.06174429570214063,0.2934745223664018,ANN
S220,0.059013153002411924,0.05805659220719672,0.006712926860961323,0.0006981945150365132,0.00390222880055816,0.8716169046138348,GRU
S221,0.627104672623927,0.08747380119423609,0.04353972896279589,0.0015381268008330092,0.22954545986410232,0.010798210554109941,1D-CNN
S222,0.06726851976821335,0.28239094614910776,0.42295893413756186,0.052813540823105076,0.09589011733150837,0.07867794179050942,BiLSTM
S223,0.07683566143849117,0.13565933287182153,0.16130502494909196,0.08792039050773799,0.1756998480650699,0.3625797421677887,GRU
S224,0.05654335357313083,0.1268484297137602,0.32336131487788966,0.0789896390845012,0.1368073972227372,0.27744986552797873,BiLSTM
S225,0.3458165412652648,0.06561863156777582,0.1297737105068115,0.11889434073688764,0.2289465647840048,0.1109502111392506,1D-CNN
S226,0.07350418545234323,0.12876615494439664,0.3429051344092179,0.05646050713014967,0.21443176489935104,0.18393225316454312,BiLSTM
S227,0.03384811566938794,0.1630575624399838,0.49739746239363497,0.13419991469976159,0.08580288729476346,0.08569405750246652,BiLSTM
S228,0.01672657497407999,0.012896177985620405,0.09877947192562357,0.014350271705740733,0.04035445506480626,0.8168930483441297,GRU
S229,0.06854268018573088,0.21022709908557757,0.327495962064055,0.08277185078159038,0.10110378771445896,0.20985862016858842,BiLSTM
S230,0.12187275801151774,0.312172249770867,0.1649763502616947,0.05624091377015853,0.08474730056955769,0.2599904276162053,ANN
S231,0.11205550587580727,0.19874381385041615,0.20389656055393543,0.05803019032075188,0.11652371435322989,0.3107502150458594,GRU
S232,0.2510201894926724,0.1230354617027848,0.1391790110612159,0.14081247260524798,0.20576301537974717,0.14018984975832743,1D-CNN
S233,0.146273654621377,0.14497872402664436,0.15507980981460803,0.27904959098790877,0.1922214877464371,0.08239673280302288,LSTM
S234,0.1761599580120769,0.1447504991343403,0.15404488695539598,0.2816246030209711,0.14562039647544808,0.09779965640176602,LSTM
S235,0.12928085681359325,0.040088602170054916,0.14164102337877538,0.19591231470652087,0.1826887995039507,0.31038840342710494,GRU
S236,0.055499421081304165,0.4329041502997605,0.23002605555234576,0.13143828122127232,0.08180729034929785,0.06832480149602146,ANN
S237,0.13578209213269085,0.2169611297682476,0.23485727344682544,0.13198975656149756,0.10184652732507189,0.17856322076567333,BiLSTM
S238,0.26472136625345977,0.0728551462855846,0.22097912426692023,0.11731658632883495,0.13503594097878455,0.18909183588641268,1D-CNN
S239,0.09334782516722795,0.35721820245380215,0.15572871555588733,0.07125469501331627,0.09375730094036624,0.22869326086940892,ANN
S240,0.5414812287628223,0.1262741476896811,0.04499233792949076,0.017541148997783775,0.052289936513335286,0.21742120010688465,1D-CNN
S241,0.24514625648027608,0.21210779635578159,0.17858408962253158,0.08466821039007603,0.2048298356928827,0.07466381145845015,1D-CNN
S242,0.06068162048419578,0.15374048931562567,0.1446669991677586,0.5636662034092905,0.06685732387331111,0.010387363749808025,LSTM
S243,0.001242176598298367,0.007961200118794575,0.5469910695415907,0.020096160368548586,0.061560481779879904,0.36214891159289087,BiLSTM
S244,0.00046524500761542135,0.27145645539642116,0.0566813732155199,0.0014306816239091228,0.0024408319504358733,0.667525412806099,GRU
S245,0.3196646144331195,0.15648794897423918,0.10233191232425584,0.12355434476283021,0.17761154258983863,0.12034963691572804,1D-CNN
S246,0.2530924590229201,0.2591894211269851,0.09712168948684964,0.14330070956181987,0.1595868018937109,0.08770891890771461,ANN
S247,0.20547532583068973,0.15198105022832065,0.12158476572552585,0.22851038624540834,0.18271928289993788,0.10972918907011747,LSTM
S248,0.16948227710720745,0.603968651567569,0.03968767110687422,0.057431105530140504,0.056868375759141776,0.07256191892906545,ANN
S249,0.06497587287097642,0.12222723437152838,0.2742464732086255,0.2468754612461938,0.14792334352076345,0.14375161478190696,BiLSTM
S250,0.11907474985881475,0.12910149918431285,0.27658176048953786,0.22382149424946876,0.12884641251938933,0.12257408369847204,BiLSTM
S251,0.1984372373317666,0.3610858427867557,0.11571196070914251,0.08478325221770117,0.08664376816050705,0.1533379387941188,ANN
S252,0.18895349234920394,0.10325005420791206,0.1559710545474569,0.1667478195601302,0.22360033635498874,0.16147724298030594,CNN-LSTM
S253,0.01824653065525084,0.02385718827366076,0.08473192817697407,0.7937676918821727,0.06568865143083852,0.013708009581101896,LSTM
S254,0.008462492016501599,0.9717088990641967,0.004463373270026498,0.010776560896860476,0.0026296870165473927,0.0019589877358676083,ANN
S255,0.008514724201996865,0.01849656695320181,0.5465061807573343,0.20936636325629218,0.1125348056102055,0.10458135922097272,BiLSTM
S256,0.1140231302329996,0.27398151517543273,0.2686326092074424,0.13219260976879157,0.07362363099887108,0.13754650461646267,ANN
S257,0.12708651478231442,0.13877156902880158,0.21477458821808929,0.15268404238370278,0.12644125328735023,0.24024203229973978,GRU
S258,0.2173069504611232,0.1459133934326496,0.11029405196983229,0.14331563125920538,0.18256806854154886,0.2006019043356405,1D-CNN
S259,0.18095078818565294,0.1981232942085153,0.1232086590682794,0.21179359396810227,0.18525825541621324,0.10066540915323835,LSTM
S260,0.14252475619693775,0.20066323192806285,0.17687586652152187,0.24320122292257762,0.14868750195858857,0.08804742047231896,LSTM
S261,0.10292870343242111,0.03867461738483799,0.27000045667609107,0.21385494996415008,0.16594079964464356,0.208600472897852,BiLSTM
S262,0.12982077842865633,0.09880515470298239,0.165519623113377,0.25018345601389474,0.18670096827441582,0.16897001946668314,LSTM
S263,0.03634207080080015,0.020775574216863824,0.16427427551228643,0.286566442521115,0.3274528893621382,0.16458874758679382,CNN-LSTM
S264,0.020044150795412757,0.08736501852542834,0.17666532636576196,0.4315917469703376,0.2147650135487798,0.06956874379427579,LSTM
S265,0.36426522669332784,0.12316054400071773,0.0729069805978669,0.12694541257692754,0.15733050048656103,0.15539133564459365,1D-CNN
S266,0.12102774563519159,0.13592201567200124,0.13114993508104844,0.21425490331594202,0.2713413017535301,0.12630409854228689,CNN-LSTM
S267,0.07642181776514712,0.21789571326393295,0.2352873480973737,0.18911056267133222,0.16238858529739256,0.11889597290482308,BiLSTM
S268,0.03123475446672774,0.01409853977786574,0.38610851356337605,0.2673590327881241,0.1588745607697588,0.14232459863415187,BiLSTM
S269,0.22147290165057537,0.1476589182259005,0.10410144388214347,0.1765606004123877,0.15582231545078334,0.19438382037820934,1D-CNN
S270,0.06325787900770176,0.04786709558610912,0.15304784717062184,0.30003812145110076,0.2932352499670049,0.14255380681746005,LSTM
S271,0.054141714962634806,0.24114973909674706,0.22760877020418507,0.2352210984491772,0.1547470219235569,0.08713165536369463,ANN
S272,0.07512757368865894,0.029641282239669105,0.34465332403794885,0.2082519961776856,0.18097387703315934,0.161351946822888,BiLSTM
S273,0.12732699637847342,0.10430055825935665,0.22198454301210346,0.2542137163580151,0.15041772434957207,0.14175646164247252,LSTM
S274,0.4011336232920881,0.2909731168595448,0.06866308069958467,0.07071878554685132,0.06084576456643963,0.10766562903549734,1D-CNN
S275,0.3507748871795104,0.21236930332029816,0.06349712376103539,0.06333430772714518,0.13240804691555919,0.17761633109645059,1D-CNN
S276,0.0975648537824114,0.16643689855801458,0.17837348777228174,0.2808021600611397,0.17681219005477708,0.10001040977137694,LSTM
S277,0.16797846858426466,0.2460480389321164,0.15193807193738149,0.18286034392188222,0.13722759638538282,0.11394748023898146,ANN
S278,0.18510688588964236,0.200587968314507,0.17212783317226538,0.15822914915112268,0.1489698479655916,0.1349783155068706,ANN
S279,0.03181365381392413,0.003585489520419386,0.3939205809679582,0.2188681203330075,0.20186472462184077,0.1499474307428502,BiLSTM
S280,0.054046450401015335,0.04843905816512989,0.24913110470246477,0.45392230245029325,0.11845346913639063,0.07600761514471395,LSTM
S281,0.5544771149827941,0.2843345400718141,0.0476462888790714,0.042598539297301875,0.0275952444428228,0.043348272326195175,1D-CNN
S282,0.5011149561512219,0.15815815078121676,0.07649789964483793,0.05411619005541868,0.06850071520165985,0.14161208816564258,1D-CNN
S283,0.09470803483525118,0.3425431398265976,0.03639513336101007,0.01605762133582195,0.04604448790091469,0.46425158274040645,GRU
S284,0.25612029282695536,0.18880635979679297,0.11721871782010027,0.12279164648743918,0.20382541249565037,0.11123757057305549,1D-CNN
S285,0.17116846506000186,0.17270399802567363,0.16082931578398602,0.297873763720376,0.1346468385497095,0.06277761886024871,LSTM
S286,0.2706002284905454,0.22046281940425466,0.1386208927636029,0.17783967453391095,0.1101048441609183,0.08237154064675836,1D-CNN
S287,0.39093186224243026,0.5226139654580904,0.0226869174951721,0.015770674243710647,0.018595760674972005,0.02940081988562445,ANN
S288,0.028783667798296112,0.03271833526604795,0.3854059057743245,0.1311586471678706,0.20977765013942626,0.21215579385403407,BiLSTM
S289,0.016361920123160213,0.024229852284198876,0.2987674373667805,0.4907525579505029,0.10181275751807267,0.06807547475728995,LSTM
S290,0.09162355374189907,0.10470673005577726,0.21022539774035687,0.2876304267108169,0.1177949279485354,0.1880189638026224,LSTM
S291,0.16955077809078856,0.37872166586883277,0.12305263217307143,0.06393143090754812,0.08121181052672476,0.18353168243302856,ANN
S292,0.08181000259444238,0.14786442746326517,0.3786908251562823,0.06949263040373316,0.18757956328683395,0.13456255109544418,BiLSTM
S293,0.31014454701742317,0.027104971883314517,0.075406873448343,0.06435245711087627,0.22245461762093563,0.3005365329191132,1D-CNN
S294,0.19735638816612577,0.10874616720708713,0.112307619577201,0.2813355979165517,0.2170186202451457,0.08323560688789637,LSTM
S295,0.06151103528323084,0.08286883913362647,0.19115785370976238,0.4622870585869848,0.1466827265133381,0.05549248677306436,LSTM
S296,0.15400292409320376,0.2265150998854524,0.29706528735839866,0.13510169048077358,0.09139079925559478,0.0959241989265734,BiLSTM
S297,0.19120250809115535,0.20663686563202707,0.11945653855882324,0.13148775483728783,0.16264641632839022,0.1885699165523157,ANN
S298,0.21620139883103892,0.2829253471046533,0.09013380803679169,0.1171690796943965,0.1602694362753196,0.13330093005779586,ANN
S299,0.2099663510134515,0.13101466336884163,0.1503679071946091,0.20460064310223178,0.20480797274522486,0.09924246257564256,1D-CNN
S300,0.2291624009819311,0.37254032497419426,0.08024430515856536,0.0707745821297824,0.09417081868136558,0.1531075680741552,ANN
S301,0.04624034353630675,0.05313397069765228,0.328907420844132,0.22460313774706292,0.20102061404511937,0.146094513129719,BiLSTM
S302,0.23557095670473205,0.19534471175266108,0.18805177894515762,0.15279361985997747,0.10980052092676751,0.11843841181070654,1D-CNN
S303,0.307894785593235,0.10545627354034984,0.15126329511804423,0.15685416813177386,0.12833515405868037,0.15019632355792603,1D-CNN
S304,0.26685197039841235,0.3144338978547619,0.06781587108486127,0.0411421369399244,0.07627056482086096,0.2334855589011778,ANN
S305,8.819530919834898e-06,3.935892936759964e-05,0.00132220212744517,0.9980831147996538,0.0005252352033543601,2.1269409258979932e-05,LSTM
S306,0.048114130028503656,0.7004183413488704,0.04044703737652788,0.18419073470784675,0.019542984567903703,0.007286771970345825,ANN
S307,0.4282510461747135,0.31111802290480667,0.06165652575493532,0.09283243495699682,0.06966383750081127,0.03647813270774415,1D-CNN
S308,0.1562504734418874,0.26431740320872843,0.2314970883729266,0.1358599902328573,0.12191188737329385,0.09016315737030757,ANN
