Segment,1D-CNN,ANN,GRU,Selected
S1,0.1011352889245624,0.6054767617590133,0.2933879493164262,ANN
S2,0.44674727978757584,0.19704953687141327,0.3562031833410109,1D-CNN
S3,0.550927354198888,0.12110462228604006,0.3279680235150719,1D-CNN
S4,0.33147368566637664,0.3196356283058435,0.34889068602777973,GRU
S5,0.8123768834865512,0.11890974049528899,0.06871337601816004,1D-CNN
S6,0.8770456872223981,0.07122428598090942,0.051730026796691565,1D-CNN
S7,0.8065165510984269,0.12144399382631099,0.07203945507526502,1D-CNN
S8,0.42936156671590053,0.5265528118051862,0.04408562147891505,ANN
S9,0.4464084138839721,0.4514544643447131,0.10213712177131186,ANN
S10,0.18448573898156603,0.5457471448351522,0.2697671161832802,ANN
S11,0.26993869196187575,0.6087895810700998,0.12127172696802091,ANN
S12,0.2292224084511284,0.30380563631812046,0.4669719552307511,GRU
S13,0.21350981972944125,0.34499022619665465,0.441499954073904,GRU
S14,0.1799489470666325,0.24195770022405003,0.5780933527093175,GRU
S15,0.29109283564825106,0.1588252225116789,0.5500819418400688,GRU
S16,0.3184315992885377,0.10553672829721897,0.5760316724142432,GRU
S17,0.213196239395395,0.18366599889673207,0.6031377617078719,GRU
S18,0.3084103098324917,0.16039709083441903,0.531192599333092,GRU
S19,0.11476327373882854,0.12450172838022786,0.7607349978809437,GRU
S20,0.07581574923532179,0.2834648209474128,0.6407194298172653,GRU
S21,0.06275973917319502,0.5411326591885964,0.39610760163820846,ANN
S22,0.3105730028239595,0.14298487097325935,0.5464421262027811,GRU
S23,0.0285539075916436,0.012434233482032018,0.9590118589263243,GRU
S24,0.07383694624701985,0.299430034557929,0.626733019195051,GRU
S25,0.6033936207248074,0.36634642715378263,0.030259952121409483,1D-CNN
S26,0.21125744145932096,0.11827707146465519,0.6704654870760238,GRU
S27,0.054014173049216976,0.8732717013543478,0.07271412559643665,ANN
S28,0.6732666676647008,0.21160266695714247,0.11513066537815854,1D-CNN
S29,0.7068495988912511,0.1738629645078329,0.1192874366009159,1D-CNN
S30,0.5970246647762287,0.2930172043847133,0.10995813083905874,1D-CNN
S31,0.6147933765998119,0.29598500504292274,0.08922161835726722,1D-CNN
S32,0.1791080587820773,0.7733307405853211,0.04756120063260214,ANN
S33,0.180652583110197,0.7747891187485246,0.04455829814127832,ANN
S34,0.13112125171452318,0.2575463729637139,0.6113323753217629,GRU
S35,0.06037193281713935,0.42772692224434644,0.5119011449385141,GRU
S36,0.08456334955514977,0.7285804061880387,0.18685624425681108,ANN
S37,0.06178510464759374,0.33606812124088864,0.6021467741115174,GRU
S38,0.3642893271360258,0.3768979181811461,0.2588127546828286,ANN
S39,0.864204948285339,0.10472652835196163,0.031068523362697654,1D-CNN
S40,0.18976893541661338,0.38361459787307145,0.42661646671031733,GRU
S41,0.08585481264810427,0.45950742986388016,0.4546377574880148,ANN
S42,0.2392054873121931,0.6246838879524518,0.13611062473535573,ANN
S43,0.11253390130033769,0.05600658073342479,0.8314595179662373,GRU
S44,0.0630078118145896,0.2470697503290514,0.6899224378563587,GRU
S45,0.19063278484041948,0.36785595857935494,0.44151125658022433,GRU
S46,0.2582546197829626,0.17535144876637,0.5663939314506672,GRU
S47,0.06040162197603838,0.06348874883010072,0.8761096291938602,GRU
S48,0.12169287145353407,0.18113533337053753,0.6971717951759284,GRU
S49,0.1238427813328484,0.3740153565702763,0.5021418620968748,GRU
S50,0.17242681933995288,0.21005423093936687,0.6175189497206802,GRU
S51,0.5340158274399937,0.12493751060477501,0.34104666195523126,1D-CNN
S52,0.8940800735595484,0.03412842800373328,0.07179149843671831,1D-CNN
S53,0.9212648955552734,0.034083879795295945,0.044651224649431984,1D-CNN
S54,0.42092092984569796,0.5264158325932983,0.05266323756100155,ANN
S55,0.3935592807850124,0.48962780125752925,0.11681291795745816,ANN
S56,0.5981094319017002,0.30289831523937316,0.09899225285892917,1D-CNN
S57,0.11924461360346966,0.6846667608985214,0.1960886254980088,ANN
S58,0.1032844394754457,0.6963766806969569,0.20033887982759735,ANN
S59,0.13734687838010265,0.13957989114803815,0.7230732304718582,GRU
S60,0.0487097412178586,0.10740436691738893,0.8438858918647519,GRU
S61,0.022308419238672036,0.022599812394041047,0.9550917683672862,GRU
S62,0.1421020572388668,0.09384633344771805,0.7640516093134146,GRU
S63,0.045219952725917764,0.13018612449195519,0.8245939227821265,GRU
S64,0.05835368663586887,0.6390650960797747,0.302581217284356,ANN
S65,0.3489120249753044,0.4852138318205413,0.16587414320415422,ANN
S66,0.5575445787612533,0.05493256875658032,0.38752285248216567,1D-CNN
S67,0.557012243019875,0.10740021298422005,0.3355875439959068,1D-CNN
S68,0.8124164206202563,0.0825814839557806,0.10500209542396294,1D-CNN
S69,0.36657868995246123,0.11110213397849063,0.5223191760690473,GRU
S70,0.0932023286235781,0.8919482302626203,0.01484944111380302,ANN
S71,0.8517117392031492,0.09050491565821679,0.05778334513863345,1D-CNN
S72,0.21948102256766433,0.14623564447441992,0.6342833329579154,GRU
S73,0.09179322975890514,0.6830767863789655,0.2251299838621307,ANN
S74,0.20747935819194857,0.5873544618513392,0.20516617995671307,ANN
S75,0.026946917799677478,0.019989594362977953,0.9530634878373446,GRU
S76,0.3673537364037139,0.18132340887578577,0.4513228547204978,GRU
S77,0.9109032025560033,0.0500484872911007,0.039048310152895296,1D-CNN
S78,0.7191706936025404,0.1935964883152256,0.08723281808223325,1D-CNN
S79,0.43020922561321634,0.5136789675620372,0.05611180682474661,ANN
S80,0.5391366045683978,0.29855639596840744,0.16230699946319432,1D-CNN
S81,0.06360529851006151,0.8794675553253077,0.0569271461646309,ANN
S82,0.08066012527213819,0.8070806183195994,0.11225925640826205,ANN
S83,0.17698590292091276,0.3057980547798022,0.5172160422992839,GRU
S84,0.2746799646967628,0.523209954499864,0.2021100808033733,ANN
S85,0.2736134240580214,0.3739030869140535,0.35248348902792526,ANN
S86,0.06842015206585379,0.7211185384786031,0.21046130945554287,ANN
S87,0.6140926514654437,0.3495969347836699,0.03631041375088589,1D-CNN
S88,0.5734004309799133,0.30155081510866255,0.1250487539114249,1D-CNN
S89,0.23690583878433336,0.4715457956835055,0.29154836553215996,ANN
S90,0.3589154423091964,0.5145520405550211,0.12653251713578303,ANN
S91,0.7494979056853699,0.2183672510757274,0.03213484323890133,1D-CNN
S92,0.909990178223672,0.046961791807163304,0.04304802996916395,1D-CNN
S93,0.2877512664966063,0.3490797305339412,0.3631690029694523,GRU
S94,0.05392416439236902,0.883208341185108,0.06286749442252301,ANN
S95,0.16891974128043258,0.6906781612027876,0.14040209751677973,ANN
S96,0.05968405201169571,0.05960806596725939,0.880707882021045,GRU
S97,0.5411914082641633,0.2633097044883337,0.19549888724750286,1D-CNN
S98,0.4580185191575852,0.22173844363409045,0.320243037208324,1D-CNN
S99,0.038409949310577486,0.9121098060722813,0.04948024461713998,ANN
S100,0.25463244804485263,0.6073419612749122,0.13802559068023476,ANN
S101,0.5022770454186359,0.23599810173337665,0.26172485284798724,1D-CNN
S102,0.43639242569339043,0.3635263888157404,0.20008118549086965,1D-CNN
S103,0.7492584614444393,0.1617055591457549,0.08903597940980755,1D-CNN
S104,0.37488286587114916,0.5426130186419839,0.08250411548686686,ANN
S105,0.5894288428698421,0.30341328688319275,0.10715787024696426,1D-CNN
S106,0.3782460083772631,0.4187416306443166,0.20301236097841974,ANN
S107,0.188411688072801,0.635158473579002,0.1764298383481966,ANN
S108,0.19231598164450672,0.43581403916724293,0.3718699791882504,ANN
S109,0.09553017743928663,0.21274071718753254,0.6917291053731778,GRU
S110,0.2200258992722228,0.4871105829955901,0.292863517732189,ANN
S111,0.7354897789273976,0.10539374597732747,0.15911647509527443,1D-CNN
S112,0.2915160606501247,0.36626801244304963,0.34221592690682634,ANN
S113,0.39448972704437973,0.3401406937607481,0.2653695791948711,1D-CNN
S114,0.23679074408343587,0.6685313668611277,0.09467788905543585,ANN
S115,0.2544153169569793,0.2983272446491811,0.4472574383938394,GRU
S116,0.13268710771138134,0.7284082291146665,0.13890466317395175,ANN
S117,0.15422316359143431,0.1300756008359643,0.7157012355726013,GRU
S118,0.0324939759771467,0.7141660742759799,0.253339949746874,ANN
S119,0.30027210566291546,0.10795647767305196,0.5917714166640325,GRU
S120,0.13045004902068877,0.09091038675392525,0.7786395642253859,GRU
S121,0.09080368188423743,0.07326758178613867,0.835928736329624,GRU
S122,0.31064518347104086,0.28706139318754814,0.40229342334141094,GRU
S123,0.8213971406888689,0.06649563907740007,0.11210722023372995,1D-CNN
S124,0.6119733859889308,0.10577492843899888,0.28225168557207014,1D-CNN
S125,0.4551668096227642,0.3739903012399238,0.17084288913731324,1D-CNN
S126,0.6108695990931963,0.30363417949799226,0.08549622140881198,1D-CNN
S127,0.483216725573496,0.39172091366021033,0.12506236076629382,1D-CNN
S128,0.15934217208516693,0.42898096330888,0.41167686460595265,ANN
S129,0.06226741027185203,0.5227577018350262,0.4149748878931236,ANN
S130,0.09888253509092906,0.6391682442155615,0.2619492206935086,ANN
S131,0.8554393026063262,0.06679532636878514,0.07776537102488626,1D-CNN
S132,0.8528657288526038,0.0809374893653192,0.06619678178207579,1D-CNN
S133,0.4091636595168554,0.3700409864781611,0.22079535400498265,1D-CNN
S134,0.5214143768939968,0.33490027403544154,0.1436853490705596,1D-CNN
S135,0.3514915932154678,0.5507132546088818,0.09779515217565021,ANN
S136,0.46956291356778485,0.1722483159152768,0.358188770516938,1D-CNN
S137,0.0662369448899897,0.1997098691180246,0.734053185991985,GRU
S138,0.05357809517672798,0.3934924211641397,0.5529294836591329,GRU
S139,0.4256878397247744,0.11021158251653135,0.4641005777586948,GRU
S140,0.06521446215479888,0.00602942464656077,0.9287561131986404,GRU
S141,0.06878357240140158,0.08843424290187968,0.8427821846967181,GRU
S142,0.19027411627438764,0.7136356102209503,0.09609027350466157,ANN
S143,0.9727583553242918,0.013450042728523131,0.013791601947184137,1D-CNN
S144,0.03435481743285433,0.0497472312920623,0.9158979512750829,GRU
S145,0.0428926823871407,0.9433842745546372,0.01372304305822141,ANN
S146,0.9688447024023153,0.021411050443635705,0.009744247154049488,1D-CNN
S147,0.7883647756538726,0.1351446379321689,0.07649058641395874,1D-CNN
S148,0.4148268809306725,0.4697850570087847,0.11538806206054175,ANN
S149,0.3726271019327653,0.5432739460301925,0.08409895203704415,ANN
S150,0.43565108823555465,0.4298040751198172,0.13454483664462832,1D-CNN
S151,0.08764005403581265,0.2650623834215412,0.6472975625426455,GRU
S152,0.07121097544182255,0.39419039976972964,0.5345986247884477,GRU
S153,0.22035890890313597,0.21805671680479238,0.5615843742920716,GRU
S154,0.021236190847289997,0.02772941714122122,0.9510343920114888,GRU
S155,0.0678228182266653,0.16315061109297915,0.7690265706803557,GRU
S156,0.3480008814728734,0.053474294404033805,0.598524824123092,GRU
S157,0.01362786624683403,0.1804149627194549,0.8059571710337106,GRU
S158,0.11536697747814012,0.141888212307009,0.742744810214851,GRU
S159,0.9432786964735863,0.03599357815794616,0.020727725368467287,1D-CNN
S160,0.853823301648786,0.11021120282250794,0.0359654955287066,1D-CNN
S161,0.20884048246319353,0.20659821363056188,0.5845613039062465,GRU
S162,0.03125146881411902,0.9541741909180838,0.014574340267798394,ANN
S163,0.8441037698362317,0.09848681746042644,0.05740941270334236,1D-CNN
S164,0.4994508135245897,0.25148448446434746,0.2490647020110623,1D-CNN
S165,0.15686476158522988,0.2854730416599718,0.557662196754799,GRU
S166,0.09552874902555697,0.8130444212140315,0.0914268297604114,ANN
S167,0.38087628910654153,0.2099947002467366,0.4091290106467206,GRU
S168,0.3955299646990844,0.15924685989982604,0.4452231754010878,GRU
S169,0.40850581998072294,0.35769412533012424,0.23380005468915055,1D-CNN
S170,0.43133655814107996,0.4720101830099942,0.09665325884892541,ANN
S171,0.07720242022561083,0.9118444007956066,0.010953178978782493,ANN
S172,0.8761123411107573,0.09508301935721475,0.028804639532027766,1D-CNN
S173,0.5749514575721527,0.27252834565558776,0.15252019677226133,1D-CNN
S174,0.49496076864285665,0.3863088240026098,0.1187304073545336,1D-CNN
S175,0.2808008838970458,0.6088429124496824,0.1103562036532724,ANN
S176,0.27592412179877024,0.6246266417298713,0.09944923647135807,ANN
S177,0.2011093992557886,0.3026421541038702,0.49624844664034123,GRU
S178,0.04403380503947576,0.5429569291902044,0.41300926577031943,ANN
S179,0.08701872075973349,0.1806908758631982,0.7322904033770669,GRU
S180,0.044411153327125745,0.40885563989712953,0.5467332067757465,GRU
S181,0.005061837801994461,0.008024985049897114,0.9869131771481088,GRU
S182,0.34709228778729273,0.38849508023128926,0.26441263198141784,ANN
S183,0.7100143102754489,0.05559717142063579,0.23438851830391566,1D-CNN
S184,0.2559690743241853,0.4349256508325036,0.30910527484331074,ANN
S185,0.09800403878133379,0.5317700741466529,0.37022588707201376,ANN
S186,0.13071422189456153,0.7206210240269055,0.1486647540785327,ANN
S187,0.021730792635023352,0.02865195217722899,0.9496172551877476,GRU
S188,0.0247771295903602,0.08539126282338054,0.8898316075862583,GRU
S189,0.049901371008961797,0.12111442878817275,0.8289842002028672,GRU
S190,0.06897143278994104,0.1638230604246101,0.7672055067854506,GRU
S191,0.08975529097650368,0.07280418787152902,0.8374405211519663,GRU
S192,0.06619829650238997,0.058376604355009576,0.8754250991426005,GRU
S193,0.13178542678942903,0.33465423704425473,0.5335603361663189,GRU
S194,0.2392383564743515,0.33265205324593294,0.4281095902797149,GRU
S195,0.3077989970387643,0.05259444829593552,0.6396065546653009,GRU
S196,0.7634445831375614,0.05245910395958983,0.18409631290284798,1D-CNN
S197,0.9798834071923647,0.00835912953587063,0.011757463271764747,1D-CNN
S198,0.9259864374174412,0.05973811724555699,0.014275445337001735,1D-CNN
S199,0.6053100334452941,0.35688930371649735,0.03780066283820858,1D-CNN
S200,0.6178192147211861,0.33865221367164516,0.04352857160716938,1D-CNN
S201,0.4865072175952647,0.45884293658047315,0.05464984582426278,1D-CNN
S202,0.19089338037361855,0.7176852192357694,0.09142140039061199,ANN
S203,0.13589266311644538,0.7057722156865265,0.1583351211970281,ANN
S204,0.15454650678488513,0.18306774565444203,0.6623857475606727,GRU
S205,0.24858666953921357,0.3052199085764561,0.4461934218843289,GRU
S206,0.21220934879005976,0.309965978246895,0.4778246729630467,GRU
S207,0.2650630078324755,0.3741009947827316,0.3608359973847928,ANN
S208,0.49011198386631055,0.19388959321820837,0.31599842291548075,1D-CNN
S209,0.3774375738414517,0.2474688795904199,0.37509354656813043,1D-CNN
S210,0.15775471649521453,0.6085790549703644,0.23366622853442043,ANN
S211,0.4859801752590578,0.37555976752744946,0.1384600572134925,1D-CNN
S212,0.8938462272112715,0.06953227973528636,0.03662149305344444,1D-CNN
S213,0.28773440426250074,0.3504238085393875,0.36184178719811116,GRU
S214,0.09457317187659735,0.7457284031706263,0.15969842495277575,ANN
S215,0.18078341277089013,0.7907316281053759,0.02848495912373564,ANN
S216,0.9731096552075933,0.01797716927581419,0.008913175516592915,1D-CNN
S217,0.6401462768025098,0.21043895734590157,0.14941476585158733,1D-CNN
S218,0.3280958058941154,0.5178463452021987,0.15405784890368443,ANN
S219,0.28756199697990686,0.6008556288716826,0.11158237414841093,ANN
S220,0.34903666583259524,0.5057813286625035,0.1451820055049011,ANN
S221,0.7273615989326012,0.15255099787675233,0.12008740319064597,1D-CNN
S222,0.3109931772621396,0.24628091968575477,0.44272590305210774,GRU
S223,0.2149523771214797,0.6881234571228372,0.09692416575568365,ANN
S224,0.6543171728171326,0.18624358295830423,0.15943924422456188,1D-CNN
S225,0.2547890708631162,0.373844185505765,0.3713667436311186,ANN
S226,0.2832422636491174,0.49871027249258254,0.21804746385830187,ANN
S227,0.6969988727608164,0.18206215505169998,0.12093897218748416,1D-CNN
S228,0.19813300804356038,0.2933756170597643,0.5084913748966725,GRU
S229,0.2463320357767209,0.5861272120180098,0.16754075220526862,ANN
S230,0.6531599068305388,0.13253820790234244,0.21430188526711746,1D-CNN
S231,0.14625517994217474,0.4202996536381671,0.43344516641965813,GRU
S232,0.15744765732582808,0.32147343722124716,0.5210789054529248,GRU
S233,0.33159003184322544,0.451581612209586,0.21682835594718855,ANN
S234,0.77867965975366,0.057041084011085035,0.16427925623525458,1D-CNN
S235,0.4658874834069023,0.31713647682961427,0.21697603976348329,1D-CNN
S236,0.3708664236728566,0.4642933643504787,0.16484021197666457,ANN
S237,0.4790430821679873,0.3817203448638532,0.13923657296815917,1D-CNN
S238,0.3452260992905504,0.5053306482922825,0.14944325241716663,ANN
S239,0.16979558352168714,0.6389210113978575,0.1912834050804563,ANN
S240,0.2474739735369591,0.33803604013090777,0.4144899863321357,GRU
S241,0.12810095592785256,0.10253182903359967,0.7693672150385483,GRU
S242,0.19112416461074816,0.6161867005508876,0.19268913483836156,ANN
S243,0.5817582167052979,0.13904745664805668,0.27919432664664423,1D-CNN
S244,0.26121753099429085,0.25585211501878363,0.4829303539869275,GRU
S245,0.35443810013907956,0.19286340950363975,0.4526984903572786,GRU
S246,0.3442689550956931,0.1617842603376666,0.4939467845666387,GRU
S247,0.0964222264789063,0.09092111022814833,0.812656663292945,GRU
S248,0.1972551421630281,0.07402691015988236,0.7287179476770885,GRU
S249,0.08013482108361922,0.029194758363282204,0.8906704205530983,GRU
S250,0.11125322284667839,0.09334811988420694,0.7953986572691176,GRU
S251,0.6461038718217788,0.12387766229506628,0.23001846588315386,1D-CNN
S252,0.8797873276778803,0.05614438012711932,0.06406829219499964,1D-CNN
S253,0.778503646487303,0.18467452486473715,0.036821828647958584,1D-CNN
S254,0.7437743991380625,0.2152037664349778,0.04102183442695812,1D-CNN
S255,0.6714790631638439,0.25946291071992755,0.06905802611622751,1D-CNN
S256,0.5415632466484291,0.37896720623459546,0.07946954711697468,1D-CNN
S257,0.5317481944123463,0.37589254925191856,0.09235925633573568,1D-CNN
S258,0.5735560527564663,0.34306213827918774,0.08338180896434813,1D-CNN
S259,0.5282110119511775,0.2780528292035956,0.19373615884522663,1D-CNN
S260,0.21967450204129782,0.5714202901512215,0.20890520780748126,ANN
S261,0.2428667637099817,0.33433064388229494,0.4228025924077221,GRU
S262,0.1561353139834547,0.2692632698530764,0.5746014161634668,GRU
S263,0.09192650172781197,0.08236436038415706,0.8257091378880315,GRU
S264,0.7378871058556584,0.1325118047359064,0.12960108940843504,1D-CNN
S265,0.6487923107877785,0.18682342610395516,0.16438426310826632,1D-CNN
S266,0.4784972613858514,0.3284944339001782,0.19300830471397026,1D-CNN
S267,0.4398453213650377,0.40432516210165254,0.15582951653331154,1D-CNN
S268,0.5862478493660563,0.27819595357834465,0.13555619705559824,1D-CNN
S269,0.5231146274232864,0.27710935747469134,0.19977601510202112,1D-CNN
S270,0.3667604140980143,0.4688730817693932,0.1643665041325931,ANN
S271,0.6035705307285053,0.23031166218974497,0.1661178070817477,1D-CNN
S272,0.3676109662457249,0.3181594532103365,0.3142295805439382,1D-CNN
S273,0.2424136291948782,0.3392091367506008,0.41837723405452115,GRU
S274,0.28504729078845575,0.21383646770006176,0.501116241511481,GRU
S275,0.17258974416214787,0.05681598389991389,0.770594271937938,GRU
S276,0.08719906365289365,0.03369980535296078,0.8791011309941461,GRU
S277,0.6179141949114766,0.029123246487619475,0.352962558600904,1D-CNN
S278,0.29866984229500515,0.11106758419357778,0.5902625735114212,GRU
S279,0.42576198306901375,0.2897397550603969,0.28449826187058963,1D-CNN
S280,0.38838674962561587,0.19865824481784936,0.4129550055565345,GRU
S281,0.10378296644558456,0.14454172689994405,0.7516753066544715,GRU
S282,0.08249183013718484,0.18980129232566798,0.727706877537145,GRU
S283,0.22450455135065123,0.09958060234033823,0.6759148463090104,GRU
S284,0.062361230457672986,0.03411065861985403,0.9035281109224734,GRU
S285,0.1723861050402679,0.6520938936560865,0.17552000130364526,ANN
S286,0.6225358213176088,0.1773691633452946,0.20009501533709545,1D-CNN
S287,0.32067956083834837,0.1864724710081287,0.49284796815352505,GRU
S288,0.1507032582615594,0.5992717381466101,0.2500250035918301,ANN
S289,0.6009636727719357,0.25870825093607014,0.1403280762919935,1D-CNN
S290,0.7799784875301408,0.1448830650184079,0.075138447451452,1D-CNN
S291,0.9151198956346343,0.05599817374630234,0.02888193061906303,1D-CNN
S292,0.7415054388815967,0.22180727711976947,0.0366872839986338,1D-CNN
S293,0.7862728795666178,0.1736983439948642,0.04002877643851647,1D-CNN
S294,0.4787871165068704,0.4585912502454874,0.06262163324764113,1D-CNN
S295,0.2940795769419125,0.6380988102869053,0.06782161277118189,ANN
S296,0.39947389905282277,0.4698787508846969,0.13064735006247974,ANN
S297,0.11608456229652343,0.5184566711354586,0.3654587665680173,ANN
S298,0.2139946177645302,0.3037325870138542,0.48227279522161404,GRU
S299,0.12194009986053352,0.3170199567186674,0.5610399434207984,GRU
S300,0.09839766970586766,0.29111158410635873,0.6104907461877725,GRU
S301,0.13268080687491374,0.10364189390772956,0.7636772992173568,GRU
S302,0.078296418875301,0.08957283854315028,0.8321307425815487,GRU
S303,0.1663471648342963,0.2683174343308137,0.5653354008348894,GRU
S304,0.15421041103435504,0.3646816961353298,0.48110789283031435,GRU
S305,0.4037337688455001,0.17484331525048016,0.4214229159040198,GRU
S306,0.27504992518972665,0.10361507953720135,0.621334995273074,GRU
S307,0.3347720756213768,0.32052621646786544,0.34470170791075766,GRU
S308,0.582186128460587,0.1908010932520023,0.22701277828741084,1D-CNN
S309,0.5511715670469767,0.22431159377391127,0.2245168391791096,1D-CNN
S310,0.7992652401021793,0.15023145809124783,0.05050330180657291,1D-CNN
S311,0.8197774954421765,0.08632933443192026,0.09389317012590315,1D-CNN
S312,0.4004618120148229,0.5461269200599176,0.05341126792525928,ANN
S313,0.35776725017361916,0.5837940581467757,0.0584386916796043,ANN
S314,0.15744626952549734,0.2763934039943071,0.5661603264801942,GRU
S315,0.09508016656185161,0.6701533080576216,0.23476652538052745,ANN
S316,0.3228786021271255,0.1923327217908687,0.4847886760820037,GRU
S317,0.24986205404182502,0.24033067287235604,0.509807273085821,GRU
S318,0.38778716273876,0.2689589903364998,0.3432538469247388,1D-CNN
S319,0.3948335760634514,0.4104735074111075,0.1946929165254411,ANN
S320,0.39146427141163953,0.38634168009844405,0.2221940484899184,1D-CNN
S321,0.39793973078952477,0.3227294231372163,0.279330846073256,1D-CNN
S322,0.15414905284593142,0.6471400835342929,0.19871086361977405,ANN
S323,0.161756608433943,0.46820974109878144,0.37003365046727626,ANN
S324,0.12133454590123022,0.1339921592786282,0.7446732948201417,GRU
S325,0.18055561277161503,0.13993262499986753,0.679511762228517,GRU
S326,0.1756848404666352,0.2684703240456559,0.5558448354877077,GRU
S327,0.09119781985789291,0.07869732512974519,0.8301048550123623,GRU
S328,0.09694490004680217,0.08989730775382139,0.8131577921993763,GRU
S329,0.08106708082949496,0.08606088567940476,0.832872033491099,GRU
S330,0.058384498463300454,0.035460953913166574,0.9061545476235328,GRU
S331,0.10410722414678632,0.09446729436096306,0.8014254814922511,GRU
S332,0.07217703376028915,0.10783206779374617,0.8199908984459646,GRU
S333,0.09719295167320471,0.1933387159072238,0.7094683324195707,GRU
S334,0.07293201729449172,0.11528854113399635,0.811779441571512,GRU
S335,0.4208515157323674,0.32242292051636634,0.2567255637512656,1D-CNN
S336,0.11154393117995776,0.057504012182655814,0.8309520566373859,GRU
S337,0.166745224465217,0.3627953636277456,0.47045941190703594,GRU
S338,0.43463661772684925,0.3366200795818077,0.2287433026913426,1D-CNN
S339,0.5925150185044371,0.06691234466234171,0.3405726368332225,1D-CNN
S340,0.6419879900613907,0.17689005707768432,0.18112195286092495,1D-CNN
S341,0.887642541486935,0.08327307348799327,0.02908438502507084,1D-CNN
S342,0.8049963233747329,0.17525058099321703,0.019753095632048277,1D-CNN
S343,0.7340520730454496,0.2122250019600541,0.05372292499449695,1D-CNN
S344,0.3133848643909531,0.5867532495178369,0.09986188609120965,ANN
S345,0.2434178204331363,0.5381756974519644,0.21840648211490254,ANN
S346,0.04230370678879645,0.5962814585211381,0.36141483469006425,ANN
S347,0.05997456538225967,0.3268792570110389,0.6131461776067002,GRU
S348,0.2695424740230947,0.2739308725697393,0.4565266534071667,GRU
S349,0.3213403151706671,0.23487966987433206,0.443780014955003,GRU
S350,0.3715818533097036,0.19866863367036122,0.42974951301993497,GRU
S351,0.36350630530065836,0.37009214025674086,0.26640155444259994,ANN
S352,0.6373624135350336,0.2597877337198715,0.10284985274509659,1D-CNN
S353,0.9699009966653889,0.020152196002493756,0.009946807332116262,1D-CNN
S354,0.9636627582243062,0.028964612321610208,0.007372629454081568,1D-CNN
S355,0.868497701524196,0.09792496513236218,0.03357733334344112,1D-CNN
S356,0.3769716203528099,0.5649037136791446,0.05812466596804739,ANN
S357,0.26171647765060785,0.6766918197542895,0.061591702595105075,ANN
S358,0.3058829954412725,0.47173783977345235,0.22237916478527725,ANN
S359,0.16434030791104334,0.26372288786403797,0.5719368042249174,GRU
S360,0.09977786381775523,0.6839564614401741,0.21626567474207062,ANN
S361,0.2788690169534091,0.10780715657646517,0.6133238264701253,GRU
S362,0.23332517184599572,0.21707476702299625,0.5496000611310067,GRU
S363,0.37333024134190673,0.225774237558984,0.40089552109911125,GRU
S364,0.320147959317866,0.3533571123173455,0.3264949283647886,ANN
S365,0.5175019454041064,0.30521376845768833,0.17728428613820554,1D-CNN
S366,0.4509492297471816,0.21622161001913276,0.33282916023368514,1D-CNN
S367,0.15099458555643458,0.3372329555821908,0.511772458861373,GRU
S368,0.10353251479356708,0.3273876376104381,0.5690798475959945,GRU
S369,0.051560983416619896,0.1458228302608819,0.8026161863224971,GRU
S370,0.011193777799961533,0.02410266896618463,0.9647035532338538,GRU
S371,0.005884886535223652,0.0055808370579496554,0.988534276406828,GRU
S372,0.023632739408077752,0.027064393302978024,0.9493028672889451,GRU
S373,0.6224610700005516,0.2575728992040224,0.119966030795426,1D-CNN
S374,0.962052009514035,0.020910770447763505,0.01703722003820093,1D-CNN
S375,0.4942393236085555,0.2199559281661019,0.28580474822534435,1D-CNN
S376,0.07670784160436493,0.8785995264857775,0.04469263190985736,ANN
S377,0.24185247905574098,0.6137339386397374,0.14441358230452164,ANN
S378,0.07667659550171822,0.13434228891595654,0.7889811155823242,GRU
S379,0.01796786163987306,0.04288226821048929,0.939149870149638,GRU
S380,0.1529535023661241,0.3341064797807461,0.5129400178531299,GRU
S381,0.28005852956931065,0.17060228825393534,0.5493391821767537,GRU
S382,0.9962742080750769,0.0019449559009442445,0.0017808360239788773,1D-CNN
S383,0.9518046507354141,0.03570917305182656,0.012486176212759546,1D-CNN
S384,0.9056844306471081,0.07159430396275915,0.02272126539013175,1D-CNN
S385,0.6789179023597677,0.29129010546469597,0.029791992175535346,1D-CNN
S386,0.7499803201839464,0.21838461639105713,0.03163506342499651,1D-CNN
S387,0.7390828528266525,0.19257261625101077,0.0683445309223393,1D-CNN
S388,0.6822249644798692,0.2623603189593199,0.055414716560811254,1D-CNN
S389,0.5631088582724668,0.33094533954267924,0.1059458021848526,1D-CNN
S390,0.4735099758761285,0.40442786367393674,0.12206216044993456,1D-CNN
S391,0.3347695358149332,0.48764403957545904,0.17758642460960872,ANN
S392,0.25325302055661664,0.5378040370529618,0.20894294239042147,ANN
S393,0.11690188761490342,0.34339485884743803,0.5397032535376587,GRU
S394,0.05945920256725768,0.37308207246671066,0.5674587249660297,GRU
S395,0.06493949743651087,0.37761430358700426,0.5574461989764843,GRU
S396,0.11713386833935063,0.19849544173637051,0.684370689924277,GRU
S397,0.07999258850333282,0.48468929323842497,0.4353181182582415,ANN
S398,0.8959922869187943,0.018693408790361472,0.08531430429084373,1D-CNN
S399,0.19305606095426103,0.12502176555398203,0.6819221734917561,GRU
S400,0.19001973175801032,0.5725298738574169,0.23745039438457216,ANN
S401,0.5861609224058102,0.3018473606708925,0.11199171692329973,1D-CNN
S402,0.8851796203422848,0.09310567338201592,0.021714706275698138,1D-CNN
S403,0.4747146571207024,0.4650825575900357,0.06020278528926092,1D-CNN
S404,0.20182275400065353,0.4107717220980742,0.3874055239012714,ANN
S405,0.022009316316485505,0.9695624265039432,0.00842825717957097,ANN
S406,0.9247085264277902,0.038347723084799126,0.036943750487410616,1D-CNN
S407,0.1996310100616926,0.17876213545601793,0.621606854482289,GRU
S408,0.08141043144949457,0.6564552672600255,0.2621343012904793,ANN
S409,0.20413982377804407,0.5718315336664416,0.22402864255551663,ANN
S410,0.33742325080870444,0.10608572801342922,0.5564910211778674,GRU
S411,0.7039104216164936,0.11453325184613104,0.18155632653737533,1D-CNN
S412,0.6365571114779123,0.2406470163229522,0.12279587219913517,1D-CNN
S413,0.6569036892420481,0.2513491604567381,0.09174715030121558,1D-CNN
S414,0.516350099061193,0.39582321606060245,0.0878266848782052,1D-CNN
S415,0.41970532001077326,0.46726960592010763,0.11302507406912085,ANN
S416,0.16543815307650758,0.4394387445729871,0.3951231023505042,ANN
S417,0.03893379783028645,0.5864676250535535,0.37459857711616,ANN
S418,0.20118139955347053,0.1420725382612339,0.6567460621852929,GRU
S419,0.1479120380196864,0.1947046008698836,0.6573833611104299,GRU
S420,0.1520251136217353,0.0914978351833886,0.7564770511948748,GRU
S421,0.10002322724182834,0.09259339195204898,0.807383380806122,GRU
S422,0.1361476886762002,0.042617734639206414,0.8212345766845939,GRU
S423,0.11420697366729742,0.050614951557770085,0.8351780747749318,GRU
S424,0.05312226472345442,0.09124035085167885,0.8556373844248667,GRU
S425,0.10212721537639932,0.3404831711463885,0.5573896134772116,GRU
S426,0.17715185339487702,0.19724077066650983,0.6256073759386127,GRU
S427,0.06049989966855889,0.054129439211238514,0.8853706611202025,GRU
S428,0.1081684387840912,0.09158636363763935,0.800245197578269,GRU
S429,0.6350171979023199,0.16488945850087214,0.20009334359681002,1D-CNN
S430,0.47708262473488194,0.04514122978160179,0.47777614548351754,GRU
S431,0.06342966409712333,0.04352068256794618,0.8930496533349301,GRU
S432,0.07166231667136734,0.6743213678115713,0.2540163155170589,ANN
S433,0.07596285175081167,0.022549448572561106,0.9014876996766285,GRU
S434,0.7244017354996733,0.1268543584037063,0.1487439060966193,1D-CNN
S435,0.9085298132788062,0.056521673478905916,0.0349485132422883,1D-CNN
S436,0.9327882365341832,0.03961742636838794,0.027594337097427202,1D-CNN
S437,0.44685797077049305,0.5051176934845323,0.048024335744973556,ANN
S438,0.24318506706288154,0.6941656324962968,0.06264930044082169,ANN
S439,0.25322441429715753,0.520496705603741,0.2262788800991034,ANN
S440,0.23598561824734968,0.2769843346285879,0.48703004712406095,GRU
S441,0.5159130447083063,0.28237204503901014,0.20171491025268312,1D-CNN
S442,0.4870080570665407,0.2561144570726711,0.2568774858607884,1D-CNN
S443,0.3805003857251566,0.2928210833356481,0.32667853093919585,1D-CNN
S444,0.17715482292297055,0.506354581465714,0.3164905956113139,ANN
S445,0.29936089831143653,0.3902621911850169,0.3103769105035488,ANN
S446,0.11209226743098218,0.21002957525948152,0.6778781573095358,GRU
S447,0.11148194503516838,0.24355976325545786,0.6449582917093739,GRU
S448,0.16295138384035435,0.126028983894926,0.7110196322647196,GRU
S449,0.17129770003358852,0.05420870454496157,0.7744935954214499,GRU
S450,0.020859720110204264,0.01761387222729065,0.9615264076625056,GRU
S451,0.13068516595139323,0.09792625562017893,0.7713885784284285,GRU
S452,0.19889659423135073,0.19405050603025803,0.6070528997383919,GRU
S453,0.08717749367382548,0.1888786723430822,0.7239438339830924,GRU
S454,0.0645096860239068,0.26244860894517474,0.6730417050309185,GRU
S455,0.06171611331182629,0.1061744524583078,0.8321094342298659,GRU
S456,0.04878287955059766,0.09109162050478464,0.8601254999446177,GRU
S457,0.025643156316809877,0.028991389785550877,0.9453654538976383,GRU
S458,0.42440818246754153,0.2650955818181548,0.3104962357143034,1D-CNN
S459,0.869266366134063,0.037924981066854616,0.0928086527990819,1D-CNN
S460,0.9421339431887457,0.020233858548149256,0.03763219826310653,1D-CNN
S461,0.8055476685509108,0.14726800688541514,0.04718432456367548,1D-CNN
S462,0.6509064763656249,0.29166905903368046,0.05742446460069674,1D-CNN
S463,0.1448508815403194,0.8122339388902267,0.04291517956945335,ANN
S464,0.06747539749392106,0.8184475361093058,0.11407706639677247,ANN
S465,0.06251638083147629,0.33628376916181246,0.6011998500067115,GRU
S466,0.016240145172409157,0.0593740965492809,0.9243857582783116,GRU
S467,0.023516557140738383,0.24381955496725224,0.7326638878920092,GRU
S468,0.06499499540478301,0.1564270569813801,0.7785779476138394,GRU
S469,0.07311981600237609,0.22985601600102312,0.6970241679966007,GRU
S470,0.09051219138867947,0.2162051334945102,0.6932826751168115,GRU
S471,0.12842520583240294,0.446413079095793,0.42516171507180434,ANN
S472,0.08982886665331118,0.23942479033966949,0.6707463430070221,GRU
S473,0.10234031129359251,0.32092044032903816,0.5767392483773681,GRU
S474,0.22786633857077007,0.3166301135038649,0.4555035479253639,GRU
S475,0.256170769724729,0.31637837518793877,0.42745085508733227,GRU
S476,0.26769252024717166,0.22951936914014587,0.5027881106126831,GRU
S477,0.25080669321660726,0.21444691222062562,0.5347463945627671,GRU
S478,0.24623597127582042,0.2892927795946954,0.46447124912948484,GRU
S479,0.25845603230328423,0.23793820691425913,0.5036057607824554,GRU
S480,0.2749436434801041,0.23527128851765494,0.48978506800224103,GRU
S481,0.42612404265222303,0.2596267645345123,0.3142491928132642,1D-CNN
S482,0.4308392593631091,0.09196152603110133,0.4771992146057903,GRU
S483,0.8580570399756411,0.01684565119011526,0.12509730883424217,1D-CNN
S484,0.41805342771009213,0.4703709601999123,0.11157561208999556,ANN
S485,0.31089389581026944,0.5007318537066598,0.18837425048307044,ANN
S486,0.324761731450714,0.26454053530928623,0.41069773324000053,GRU
S487,0.13304223075509103,0.6143828402871596,0.2525749289577518,ANN
S488,0.6579879092525439,0.15358119938586526,0.18843089136159172,1D-CNN
S489,0.737643564504161,0.08772722593104768,0.17462920956478947,1D-CNN
S490,0.16304166284509217,0.16827341510084548,0.6686849220540623,GRU
S491,0.13570952203976244,0.13417359177897092,0.730116886181266,GRU
S492,0.44977319134508503,0.07309787160964507,0.47712893704527176,GRU
S493,0.019126125058156487,0.10126747167866865,0.879606403263173,GRU
S494,0.12656311145659807,0.025076855333512563,0.8483600332098888,GRU
S495,0.13866912127890932,0.03246443674990928,0.828866441971181,GRU
S496,0.01630568002841114,0.16160906985151552,0.8220852501200733,GRU
S497,0.4405072264865688,0.07341057214834659,0.4860822013650847,GRU
S498,0.18295215315625318,0.5082563153146409,0.30879153152910593,ANN
S499,0.0529315492949924,0.04817902575241906,0.8988894249525885,GRU
S500,0.15882109656432192,0.3797365370869071,0.46144236634877056,GRU
S501,0.12047368652056889,0.14035244220284945,0.739173871276581,GRU
S502,0.10149644543911436,0.28810370441075184,0.6103998501501324,GRU
S503,0.1464587258864499,0.25650482461238844,0.5970364495011617,GRU
S504,0.0952879928616188,0.10779435260222481,0.7969176545361563,GRU
S505,0.12953429283381634,0.13901985838998593,0.7314458487761976,GRU
S506,0.5967590723798065,0.12350714328055588,0.2797337843396378,1D-CNN
S507,0.8423544929643879,0.050771654126216675,0.10687385290939266,1D-CNN
S508,0.9483926369082515,0.009416734767706336,0.042190628324042315,1D-CNN
S509,0.984430948902556,0.005210786125811502,0.010358264971631958,1D-CNN
S510,0.7622410970644516,0.18090977339014508,0.056849129545402756,1D-CNN
S511,0.5193365806147519,0.4045197503659269,0.07614366901931893,1D-CNN
S512,0.3622597883872137,0.5455336566723467,0.09220655494043926,ANN
S513,0.12773855709412849,0.6645468515240044,0.20771459138186685,ANN
S514,0.05219448751068609,0.18899966608469324,0.7588058464046201,GRU
S515,0.023554143432113137,0.087408317726984,0.8890375388409028,GRU
S516,0.01794232113694988,0.11876020190426165,0.8632974769587884,GRU
S517,0.017404958211062457,0.004699573452758628,0.9778954683361791,GRU
S518,0.0007204789034915721,0.0016188377025462219,0.9976606833939619,GRU
S519,0.11122796120210504,0.317090321179499,0.571681717618395,GRU
S520,0.37382069619442454,0.4661889500107662,0.15999035379480922,ANN
S521,0.06615168986542092,0.11914330002890082,0.8147050101056776,GRU
S522,0.06950262562718085,0.2975383036834583,0.6329590706893606,GRU
S523,0.2522985049510051,0.25186587200260224,0.4958356230463933,GRU
S524,0.06030767704523198,0.02031616537949539,0.9193761575752722,GRU
S525,0.02549146547221956,0.023527706099664293,0.9509808284281157,GRU
S526,0.09569394126946038,0.18760801054131662,0.7166980481892219,GRU
S527,0.06658392482523079,0.09439283906578137,0.8390232361089873,GRU
S528,0.04830846104686443,0.0704641393397545,0.881227399613381,GRU
S529,0.21092613616288722,0.15499718090832612,0.6340766829287849,GRU
S530,0.8659426000425281,0.04698749503762481,0.08706990491984604,1D-CNN
S531,0.9644021454875971,0.01479005240697962,0.020807802105421797,1D-CNN
S532,0.8666663004976107,0.0947138641492156,0.038619835353173766,1D-CNN
S533,0.5335101520899976,0.4194410110660005,0.04704883684400121,1D-CNN
S534,0.48984037612206394,0.4346466744716737,0.07551294940626248,1D-CNN
S535,0.6024075012475142,0.24684027674315934,0.1507522220093265,1D-CNN
S536,0.22743648155925092,0.6004253815121251,0.17213813692862306,ANN
S537,0.207829385297689,0.39576463872130996,0.39640597598100175,GRU
S538,0.051370999079961906,0.35908650573533935,0.5895424951846987,GRU
S539,0.048615701254498364,0.19017200616786192,0.7612122925776398,GRU
S540,0.03825940330032124,0.008284829885538868,0.95345576681414,GRU
S541,0.09786970397712247,0.0861929501544857,0.8159373458683924,GRU
S542,0.35587933119977583,0.21674260340613916,0.42737806539408413,GRU
S543,0.20507424543720199,0.3050889554701282,0.48983679909266975,GRU
S544,0.1853574551352763,0.40308103982412624,0.41156150504059613,GRU
S545,0.7452166125186708,0.13095676053432478,0.12382662694700436,1D-CNN
S546,0.639747256545816,0.08144710987674432,0.2788056335774404,1D-CNN
S547,0.1649130855883163,0.2645862527652339,0.5705006616464496,GRU
S548,0.1432874079206616,0.6137811115701702,0.24293148050916707,ANN
S549,0.23682075318069554,0.3166498757451869,0.44652937107411816,GRU
S550,0.1186513650911594,0.10222068943670434,0.7791279454721359,GRU
S551,0.05715637095456671,0.05878113452054845,0.8840624945248844,GRU
S552,0.6188720338294167,0.29322091817536355,0.08790704799522164,1D-CNN
S553,0.5179840911822295,0.15136495144194964,0.3306509573758199,1D-CNN
S554,0.29494853525401715,0.2786856538251107,0.4263658109208742,GRU
S555,0.31252030863076363,0.6146506607553763,0.07282903061386048,ANN
S556,0.6260727328034218,0.2261570405591624,0.14777022663741549,1D-CNN
S557,0.46632129768975045,0.32339261272792397,0.21028608958232392,1D-CNN
S558,0.40868934478338936,0.5195240202074415,0.07178663500916933,ANN
S559,0.4796029619186134,0.36480268302644087,0.15559435505494482,1D-CNN
S560,0.702353779517565,0.2156336450940861,0.08201257538834854,1D-CNN
S561,0.21369158341796646,0.5303521637008172,0.25595625288121954,ANN
S562,0.1605127847484308,0.5529984015509455,0.28648881370062457,ANN
S563,0.21832705058772378,0.3376854328206529,0.4439875165916234,GRU
S564,0.07967368846742012,0.16110568683223914,0.7592206247003408,GRU
S565,0.10291792660217844,0.10156685803282076,0.7955152153650008,GRU
S566,0.17704724570759525,0.06872861836630893,0.7542241359260957,GRU
S567,0.049957425146857325,0.025051298575456803,0.924991276277686,GRU
S568,0.1162788268793705,0.15563771429455148,0.7280834588260782,GRU
S569,0.24975911579188728,0.056051932262882326,0.6941889519452299,GRU
S570,0.41677939707446726,0.012301198432886204,0.5709194044926444,GRU
S571,0.6281509922229364,0.17408844695610895,0.19776056082095406,1D-CNN
S572,0.7933188463670616,0.15791326073147544,0.048767892901462086,1D-CNN
S573,0.613040402317659,0.3358968814353284,0.05106271624701296,1D-CNN
S574,0.4150796515335982,0.5160877848753647,0.06883256359103705,ANN
S575,0.11246645032048694,0.18408528030422458,0.703448269375288,GRU
S576,0.0796135046775641,0.2820188633503246,0.6383676319721108,GRU
S577,0.2815936863067249,0.38474984800630124,0.3336564656869737,ANN
S578,0.7181032627763814,0.07342764799462057,0.2084690892289971,1D-CNN
S579,0.3510119596748639,0.27633546183146046,0.3726525784936742,GRU
S580,0.3098004243725667,0.5589240140628149,0.13127556156461906,ANN
S581,0.4677054627814128,0.45794225728317395,0.07435227993541484,1D-CNN
S582,0.2947993505522663,0.2830992491816755,0.4221014002660571,GRU
S583,0.07750096900498318,0.6794677885335384,0.24303124246147903,ANN
S584,0.29202499047695424,0.5820080917919092,0.12596691773113802,ANN
S585,0.319442192820111,0.18862703584394167,0.4919307713359468,GRU
