Segment,1D-CNN,ANN,GRU,Selected
S1,0.10363822208681636,0.6247994274957902,0.271562350417394,ANN
S2,0.4461866064422644,0.22463216198577063,0.3291812315719649,1D-CNN
S3,0.5578633240668187,0.14278464767390914,0.29935202825927215,1D-CNN
S4,0.33398014208515825,0.36792262932041103,0.29809722859443066,ANN
S5,0.7552148171872798,0.1609473093334043,0.08383787347931601,1D-CNN
S6,0.7865278952806437,0.07252141746956071,0.14095068724979506,1D-CNN
S7,0.7971937992274687,0.07229175635264412,0.13051444441988788,1D-CNN
S8,0.5790743421920633,0.34323080671930495,0.07769485108863254,1D-CNN
S9,0.48777246005211383,0.36819686770836063,0.14403067223952457,1D-CNN
S10,0.2368146773673476,0.3934525753055135,0.36973274732713834,ANN
S11,0.272771045587967,0.6276448308768258,0.09958412353520624,ANN
S12,0.27148658056987196,0.3407225137873948,0.3877909056427332,GRU
S13,0.2628815235354883,0.41559976417752015,0.3215187122869916,ANN
S14,0.2532925459790854,0.3129451797776329,0.43376227424328173,GRU
S15,0.3407443927397739,0.25361945885131987,0.40563614840890583,GRU
S16,0.3521575184176555,0.1927686733996411,0.4550738081827033,GRU
S17,0.29379206800578617,0.2587363395090981,0.44747159248511537,GRU
S18,0.2956715215453276,0.1852428986501486,0.5190855798045245,GRU
S19,0.11909098006377586,0.14772865729591647,0.7331803626403077,GRU
S20,0.11046323312768533,0.30561694194095324,0.5839198249313614,GRU
S21,0.10912495376074181,0.47343660764527773,0.41743843859398033,ANN
S22,0.31053347538811715,0.18308808584819417,0.5063784387636886,GRU
S23,0.0845748468047143,0.047760550200321994,0.8676646029949637,GRU
S24,0.12094168580038198,0.32327499865668435,0.5557833155429337,GRU
S25,0.5314077382727731,0.38069096331388314,0.08790129841334351,1D-CNN
S26,0.25553314143430517,0.173939990249193,0.5705268683165017,GRU
S27,0.1016346151113312,0.7564000925286316,0.14196529236003785,ANN
S28,0.55469625119998,0.2542976707113497,0.19100607808867104,1D-CNN
S29,0.5904777374280851,0.20850196741867477,0.20102029515324019,1D-CNN
S30,0.5295183687196348,0.277420568447368,0.1930610628329973,1D-CNN
S31,0.5447631711165031,0.29337031110880385,0.16186651777469369,1D-CNN
S32,0.24516509444465556,0.6334254914992854,0.12140941405605911,ANN
S33,0.26307995163318737,0.6439613467322187,0.09295870163459398,ANN
S34,0.13108475032854816,0.1543783568816497,0.7145368927898021,GRU
S35,0.08087817688276261,0.3383023435435517,0.5808194795736856,GRU
S36,0.11482982189043522,0.600549301593702,0.28462087651586265,ANN
S37,0.09252296850731637,0.3117868929860684,0.5956901385066152,GRU
S38,0.31878579685497566,0.3517379708808212,0.32947623226420325,ANN
S39,0.784843241811946,0.12953580340511398,0.08562095478293925,1D-CNN
S40,0.2186688134335386,0.32604108578854135,0.4552901007779207,GRU
S41,0.12129086997234162,0.4677861049443732,0.4109230250832849,ANN
S42,0.2572740740574031,0.5713767562063276,0.17134916973626962,ANN
S43,0.1571555987758398,0.09675076326395715,0.746093637960203,GRU
S44,0.09243332002517478,0.3096823627356272,0.5978843172391978,GRU
S45,0.2059877679966175,0.40694576770107144,0.3870664643023107,ANN
S46,0.302249533378034,0.22016919379699113,0.47758127282497487,GRU
S47,0.11541990679530506,0.13369191784860887,0.7508881753560859,GRU
S48,0.13439007886695598,0.23582020640478768,0.6297897147282564,GRU
S49,0.14084821323195942,0.47144896425337984,0.38770282251466065,ANN
S50,0.20864120092052546,0.2969198041447511,0.4944389949347234,GRU
S51,0.5400644612300003,0.17368661622470594,0.2862489225452937,1D-CNN
S52,0.8722168297226497,0.052986143302448864,0.0747970269749015,1D-CNN
S53,0.8921499556674716,0.05301527147017535,0.054834772862353665,1D-CNN
S54,0.4306547670572035,0.4705061055263082,0.0988391274164876,ANN
S55,0.43450806991991636,0.3514192283988067,0.21407270168127687,1D-CNN
S56,0.6667182918888342,0.19661468137909477,0.13666702673207176,1D-CNN
S57,0.24432576584733495,0.46871673967261096,0.28695749448005403,ANN
S58,0.14943746886225973,0.581515812031394,0.26904671910634603,ANN
S59,0.17053171279201781,0.17772271644610366,0.6517455707618782,GRU
S60,0.09006062370118068,0.18843680968137422,0.721502566617445,GRU
S61,0.06962568211216309,0.07949855567120166,0.8508757622166347,GRU
S62,0.21706373230435833,0.1429612693169245,0.639974998378717,GRU
S63,0.06613154257590942,0.14093983091630277,0.7929286265077875,GRU
S64,0.09116702867349946,0.4600966356164214,0.448736335710079,ANN
S65,0.338497842518486,0.4493532093788123,0.21214894810270174,ANN
S66,0.5484894390617066,0.11099412880985375,0.3405164321284395,1D-CNN
S67,0.5117418126331434,0.2067830474979065,0.2814751398689508,1D-CNN
S68,0.6853901724921111,0.16941654801767653,0.14519327949021238,1D-CNN
S69,0.37303956940327576,0.2031704600354822,0.42378997056124196,GRU
S70,0.14245205474056905,0.8116384050370198,0.0459095402224117,ANN
S71,0.7693126188455415,0.12357640302685637,0.10711097812760194,1D-CNN
S72,0.2266041206398985,0.16161053558602456,0.6117853437740769,GRU
S73,0.12764433053015573,0.6268057950199702,0.24554987444987453,ANN
S74,0.21080854547774425,0.5757059473892773,0.21348550713297873,ANN
S75,0.0426255052426455,0.03309485538909289,0.9242796393682615,GRU
S76,0.34932124353212757,0.2247878621805433,0.42589089428732846,GRU
S77,0.8243157146788562,0.09081967923062387,0.08486460609051966,1D-CNN
S78,0.6174935836103957,0.23677958299892485,0.14572683339067918,1D-CNN
S79,0.4557585976842129,0.428946928238925,0.11529447407686216,1D-CNN
S80,0.5185326174609982,0.26844500345935657,0.21302237907964516,1D-CNN
S81,0.1324715121830068,0.6953468236511469,0.17218166416584635,ANN
S82,0.20901814014088974,0.5332640773461801,0.2577177825129301,ANN
S83,0.19022890552187907,0.25580630497240503,0.5539647895057157,GRU
S84,0.3033261668558602,0.42924955440742685,0.26742427873671293,ANN
S85,0.29836855541361046,0.2939905408500641,0.40764090373632544,GRU
S86,0.13297278736885249,0.5485013185718901,0.3185258940592574,ANN
S87,0.5593562879113962,0.3431539687061667,0.09748974338243677,1D-CNN
S88,0.5499064209980239,0.252241873267452,0.1978517057345243,1D-CNN
S89,0.23864915033060574,0.38616045485177225,0.37519039481762184,ANN
S90,0.34599853442524026,0.4368178764145588,0.21718358916020108,ANN
S91,0.7194130006790052,0.2057109892108584,0.074876010110136,1D-CNN
S92,0.8722282377287391,0.05480613672000481,0.07296562555125587,1D-CNN
S93,0.30215914190630944,0.2900865543797705,0.4077543037139201,GRU
S94,0.10468558650702765,0.7595730154544127,0.13574139803855959,ANN
S95,0.2087320395538653,0.5749041918680008,0.2163637685781338,ANN
S96,0.06839132298161679,0.06158086583954971,0.8700278111788334,GRU
S97,0.5131810928810052,0.2554446233827939,0.2313742837362008,1D-CNN
S98,0.39800580235069943,0.23830765618768013,0.3636865414616205,1D-CNN
S99,0.07033757535576525,0.8381623186086761,0.09150010603555817,ANN
S100,0.27621668736047095,0.5187610281672412,0.20502228447228785,ANN
S101,0.44430686266907965,0.23632062405527499,0.31937251327564536,1D-CNN
S102,0.4257796997061518,0.3081569011979622,0.2660633990958862,1D-CNN
S103,0.663032165755058,0.18340530228443036,0.1535625319605124,1D-CNN
S104,0.36725865653745204,0.47887524481234917,0.15386609865019876,ANN
S105,0.5511358001424185,0.29119130950044075,0.15767289035714055,1D-CNN
S106,0.40240015389575734,0.3295513302578466,0.26804851584639594,1D-CNN
S107,0.2293891705301205,0.5311977200511508,0.23941310941872862,ANN
S108,0.2360854509102284,0.3549681317603353,0.4089464173294363,GRU
S109,0.12706351898395854,0.2568425779878712,0.6160939030281692,GRU
S110,0.23028537188685944,0.49677836141558485,0.27293626669755633,ANN
S111,0.6837769259174715,0.13664982675817752,0.17957324732435082,1D-CNN
S112,0.2936533535827688,0.3645983207275088,0.34174832568972263,ANN
S113,0.3661147127682915,0.31345006258222907,0.32043522464947916,1D-CNN
S114,0.22980140503641086,0.6390636413901296,0.1311349535734593,ANN
S115,0.21465983755355603,0.23941206640226897,0.5459280960441751,GRU
S116,0.16990086345094269,0.6579938968728957,0.1721052396761616,ANN
S117,0.1958111275687822,0.17635004263273657,0.6278388297984812,GRU
S118,0.061938389871897405,0.6710092453185229,0.2670523648095798,ANN
S119,0.33670780006751255,0.14846554863235703,0.5148266513001304,GRU
S120,0.17388356383442463,0.12412755225320055,0.7019888839123748,GRU
S121,0.12363019368345061,0.10316737255484987,0.7732024337616996,GRU
S122,0.28134596118243027,0.30447395613561373,0.41418008268195594,GRU
S123,0.7924779118807229,0.08868883029718912,0.11883325782208772,1D-CNN
S124,0.5744966616990814,0.13473957190648775,0.2907637663944307,1D-CNN
S125,0.42145120138978076,0.37563311687994594,0.2029156817302736,1D-CNN
S126,0.5591575214048617,0.30665121751547564,0.1341912610796629,1D-CNN
S127,0.4706102951476365,0.3023184481971425,0.2270712566552211,1D-CNN
S128,0.16324718219334294,0.24972891444920814,0.5870239033574489,GRU
S129,0.12200699367922263,0.39957446093879545,0.4784185453819825,GRU
S130,0.14071997891674629,0.4452482090165503,0.41403181206670314,ANN
S131,0.8117174002533772,0.08433656598620862,0.10394603376041338,1D-CNN
S132,0.800436138319694,0.09889849230809965,0.10066536937220619,1D-CNN
S133,0.3643592641410766,0.38787241736917444,0.2477683184897486,ANN
S134,0.5213835581789102,0.29070961196194023,0.18790682985914897,1D-CNN
S135,0.3710245638212815,0.4949393644688235,0.13403607170989487,ANN
S136,0.4202329340214249,0.1739633580264996,0.4058037079520755,1D-CNN
S137,0.09721339862232485,0.2313614223171848,0.6714251790604902,GRU
S138,0.09474740666756076,0.41808872965468136,0.487163863677758,GRU
S139,0.44108539989134665,0.14574491914409024,0.4131696809645633,1D-CNN
S140,0.13130215935630596,0.02561013408280764,0.8430877065608863,GRU
S141,0.13096557028694547,0.149148918904673,0.719885510808381,GRU
S142,0.23356335595463504,0.5795697311612146,0.1868669128841502,ANN
S143,0.919476712463744,0.035944176185631956,0.04457911135062373,1D-CNN
S144,0.09086314421606094,0.11236991620435474,0.7967669395795842,GRU
S145,0.10779268400772521,0.8310101416492456,0.061197174343028925,ANN
S146,0.9260766982352088,0.044519698105360245,0.029403603659431215,1D-CNN
S147,0.7069664845995407,0.15181237686870308,0.14122113853175627,1D-CNN
S148,0.40271801441903804,0.40515159264642797,0.19213039293453354,ANN
S149,0.39017050729987346,0.4687353705660052,0.14109412213412195,ANN
S150,0.44308158474312415,0.35098308142506157,0.20593533383181434,1D-CNN
S151,0.09305237079867673,0.19361603981217737,0.7133315893891458,GRU
S152,0.09377073051270363,0.36318195852015317,0.5430473109671432,GRU
S153,0.23183460322807853,0.2506095285192064,0.5175558682527152,GRU
S154,0.0368577341536599,0.05012329621568538,0.9130189696306549,GRU
S155,0.1037854365251603,0.24324499721312798,0.6529695662617115,GRU
S156,0.3195953470188839,0.10052146657534416,0.5798831864057716,GRU
S157,0.04458691529747879,0.273266891465512,0.6821461932370091,GRU
S158,0.1683211934165242,0.19301427058110787,0.6386645360023679,GRU
S159,0.8198790366902952,0.09364017722668769,0.08648078608301697,1D-CNN
S160,0.7025964276140031,0.18741067874721815,0.10999289363877893,1D-CNN
S161,0.23613470404000841,0.25100615954098765,0.5128591364190046,GRU
S162,0.0661904874767693,0.8886109458959555,0.045198566627275824,ANN
S163,0.7514157788038952,0.13171651607585472,0.11686770512025015,1D-CNN
S164,0.4405781949397136,0.23646763116527092,0.3229541738950154,1D-CNN
S165,0.19249545655303782,0.29316372864018403,0.5143408148067782,GRU
S166,0.12561944888234247,0.7448596681604803,0.12952088295717734,ANN
S167,0.34729936135398,0.20613296260734953,0.44656767603867,GRU
S168,0.3873064209637216,0.18669429430759674,0.42599928472868115,GRU
S169,0.3814763648253159,0.34300077875453816,0.2755228564201452,1D-CNN
S170,0.4074947073503789,0.43066605177943246,0.16183924087018847,ANN
S171,0.13979790575694018,0.8101503500765155,0.050051744166544336,ANN
S172,0.8555760257141751,0.09099674263380801,0.05342723165201674,1D-CNN
S173,0.5681014307221743,0.21835885128731242,0.21353971799051388,1D-CNN
S174,0.5568017719071682,0.2653085581239677,0.1778896699688641,1D-CNN
S175,0.30853262226113215,0.49951632066082435,0.19195105707804358,ANN
S176,0.2805127556757956,0.5690866388742443,0.15040060544995995,ANN
S177,0.20377366372084618,0.26143794833463674,0.5347883879445171,GRU
S178,0.07459763182229243,0.37948422596961856,0.5459181422080889,GRU
S179,0.11673754483585179,0.18473370942093195,0.6985287457432157,GRU
S180,0.07224084175804364,0.4710866160652579,0.45667254217669917,ANN
S181,0.02718871896874709,0.04224463845627874,0.9305666425749743,GRU
S182,0.3347979414713634,0.3570975904303525,0.30810446809828407,ANN
S183,0.5798977575431894,0.10300495303340869,0.3170972894234021,1D-CNN
S184,0.2638057028039172,0.3883457919005483,0.3478485052955344,ANN
S185,0.15138853888860868,0.49865450486673246,0.34995695624465906,ANN
S186,0.1769074039542941,0.625795009913215,0.19729758613249074,ANN
S187,0.06101612258589385,0.08242180139970362,0.8565620760144025,GRU
S188,0.05894716833408697,0.18169486354727415,0.7593579681186384,GRU
S189,0.08260806754194006,0.19405942301295667,0.723332509445104,GRU
S190,0.098848607032471,0.23689061687618354,0.6642607760913463,GRU
S191,0.13557330361664352,0.13069668708507007,0.733730009298286,GRU
S192,0.08819750736037618,0.09193494750058775,0.819867545139036,GRU
S193,0.14838209305016534,0.45112717852013634,0.400490728429699,ANN
S194,0.249626890543238,0.4547023330327547,0.29567077642400724,ANN
S195,0.39516955724454794,0.12066367833047108,0.48416676442498113,GRU
S196,0.7284748873286034,0.1021492382755069,0.16937587439588933,1D-CNN
S197,0.9618114841815164,0.019687425846619377,0.018501089971864247,1D-CNN
S198,0.8770411360759117,0.08380114091077237,0.03915772301331604,1D-CNN
S199,0.6661535896274036,0.24532151928744436,0.08852489108515196,1D-CNN
S200,0.7181757475848936,0.20871000761207018,0.07311424480303641,1D-CNN
S201,0.6661894343069125,0.2545620324097464,0.07924853328334129,1D-CNN
S202,0.3089930454509655,0.5405944492152072,0.1504125053338273,ANN
S203,0.17229559766160238,0.6471245935471303,0.18057980879126748,ANN
S204,0.18460755820759953,0.18481788783897632,0.6305745539534242,GRU
S205,0.2942172085126245,0.30634418924551415,0.39943860224186106,GRU
S206,0.27644288547261386,0.2797778352247279,0.4437792793026588,GRU
S207,0.294999360794518,0.37580364635543817,0.3291969928500438,ANN
S208,0.4612031432697042,0.23973114727316153,0.2990657094571341,1D-CNN
S209,0.3641610117881576,0.2790475598962396,0.35679142831560356,1D-CNN
S210,0.1640126519529546,0.5608099477939015,0.2751774002531438,ANN
S211,0.4627635380948235,0.3404993148691614,0.19673714703601503,1D-CNN
S212,0.8594071541309032,0.07166858160622265,0.06892426426287487,1D-CNN
S213,0.24939978901987223,0.25850923651260294,0.49209097446752464,GRU
S214,0.1361233671476307,0.5581059157919477,0.3057707170604213,ANN
S215,0.21890203256414903,0.6973197681207195,0.08377819931513214,ANN
S216,0.9531961212312403,0.025196041113042134,0.02160783765571766,1D-CNN
S217,0.5607967900845856,0.20813535971235692,0.2310678502030571,1D-CNN
S218,0.3234233389136152,0.4389424490195304,0.23763421206685398,ANN
S219,0.300192421269204,0.5059616590789586,0.19384591965183756,ANN
S220,0.33826396237119716,0.43486431814024534,0.22687171948855744,ANN
S221,0.6940390550858679,0.14456696160828236,0.16139398330584956,1D-CNN
S222,0.30719119426544744,0.2389874301649061,0.45382137556964725,GRU
S223,0.22569207855576273,0.626380255149379,0.14792766629485848,ANN
S224,0.5696881418299509,0.20776947492229234,0.22254238324775635,1D-CNN
S225,0.2386680927018838,0.3476659984193277,0.4136659088787885,GRU
S226,0.27852568160171215,0.46477811602981983,0.25669620236846846,ANN
S227,0.6665703033857601,0.18199717523635384,0.15143252137788618,1D-CNN
S228,0.18669393699883668,0.2723255762661171,0.5409804867350455,GRU
S229,0.23314370181437716,0.5737999110444688,0.1930563871411537,ANN
S230,0.5665478882517452,0.16949845599637298,0.26395365575188134,1D-CNN
S231,0.14730341412887252,0.3988706212916779,0.45382596457944957,GRU
S232,0.17887378791786382,0.3086419610590557,0.5124842510230804,GRU
S233,0.2862015028842151,0.4551605330379394,0.25863796407784534,ANN
S234,0.693625891043396,0.08730380819839614,0.21907030075820771,1D-CNN
S235,0.414772502109714,0.31243768424236407,0.27278981364792193,1D-CNN
S236,0.3361243848051492,0.44067916811107916,0.22319644708377162,ANN
S237,0.42669654450458977,0.37205803563975093,0.20124541985565922,1D-CNN
S238,0.3350322841835419,0.45900133020931394,0.20596638560714395,ANN
S239,0.17024843903875908,0.5859473644610693,0.24380419650017168,ANN
S240,0.23641113265167665,0.3234922185195248,0.4400966488287993,GRU
S241,0.12341602330037489,0.1052965289843509,0.7712874477152744,GRU
S242,0.1668242873632605,0.6285921446185467,0.20458356801819194,ANN
S243,0.5052499015548965,0.17178821985783446,0.3229618785872687,1D-CNN
S244,0.2219994884569324,0.29397114372225325,0.48402936782081507,GRU
S245,0.3114064063653725,0.1963377228040812,0.49225587083054556,GRU
S246,0.28825196651371604,0.18425621345447257,0.5274918200318108,GRU
S247,0.08069364331906774,0.10356560895329239,0.8157407477276398,GRU
S248,0.14717338630397056,0.09729167000036594,0.7555349436956633,GRU
S249,0.055672899091033956,0.0354069696179132,0.9089201312910529,GRU
S250,0.07178378133495311,0.09213919664524245,0.8360770220198054,GRU
S251,0.35914895231367017,0.14872484138387065,0.49212620630245885,GRU
S252,0.6821508283313746,0.10226516309291893,0.21558400857570617,1D-CNN
S253,0.642581918402332,0.24205462501357963,0.11536345658408789,1D-CNN
S254,0.6416095848896506,0.24846919870527548,0.10992121640507341,1D-CNN
S255,0.5822596356609222,0.2735294387658066,0.14421092557327078,1D-CNN
S256,0.4973615168464266,0.35319437872119686,0.14944410443237638,1D-CNN
S257,0.4988299903884425,0.34700087899779297,0.15416913061376464,1D-CNN
S258,0.5506072321998563,0.31925524048886106,0.1301375273112833,1D-CNN
S259,0.4887576139967632,0.25794135794357115,0.25330102805966564,1D-CNN
S260,0.21084257246704863,0.532210787485531,0.2569466400474205,ANN
S261,0.21748916218287312,0.32030517402212283,0.46220566379500366,GRU
S262,0.14620193718815042,0.2733963712692261,0.5804016915426228,GRU
S263,0.0845264700831635,0.09151739972444611,0.8239561301923904,GRU
S264,0.6652053077724237,0.16522761112944523,0.16956708109813104,1D-CNN
S265,0.5457327676364615,0.2239385872182681,0.23032864514527027,1D-CNN
S266,0.3980434878201688,0.34295225168440374,0.2590042604954273,1D-CNN
S267,0.38238555536133845,0.40361258682207773,0.21400185781658454,ANN
S268,0.5247571258158087,0.28918790152034507,0.1860549726638461,1D-CNN
S269,0.4808064317224917,0.2702312163731219,0.24896235190438598,1D-CNN
S270,0.34990313048895993,0.458251931973851,0.1918449375371893,ANN
S271,0.5532013982692424,0.25083573198393044,0.19596286974682647,1D-CNN
S272,0.3229999470930061,0.33604761767808505,0.3409524352289088,GRU
S273,0.21488525294801147,0.3596789802353848,0.4254357668166037,GRU
S274,0.2551500398648781,0.24183636399717492,0.5030135961379464,GRU
S275,0.16192597667904082,0.07509854078184557,0.7629754825391135,GRU
S276,0.08561488650136516,0.046892039693102454,0.8674930738055326,GRU
S277,0.5327257257112611,0.05062021752514227,0.4166540567635967,1D-CNN
S278,0.21381677497639556,0.15429415953978617,0.6318890654838195,GRU
S279,0.2919450106150946,0.34752267369857615,0.3605323156863292,GRU
S280,0.2984762869682329,0.2340912511551599,0.4674324618766071,GRU
S281,0.14908130006325665,0.19704025255416766,0.6538784473825757,GRU
S282,0.12677658762259705,0.24230307451269978,0.6309203378647025,GRU
S283,0.29949943065761286,0.136194813564945,0.5643057557774421,GRU
S284,0.1012973301311551,0.056103499208221885,0.8425991706606231,GRU
S285,0.20435767355498768,0.6070791259188298,0.1885632005261823,ANN
S286,0.5979580906296429,0.20280370637700995,0.19923820299334677,1D-CNN
S287,0.3599072827050261,0.27282367393679985,0.36726904335817473,GRU
S288,0.1914550570278331,0.554819408563387,0.25372553440877993,ANN
S289,0.45995376294095575,0.3560227030960239,0.18402353396302004,1D-CNN
S290,0.6073219608298575,0.19670412238024731,0.19597391678989529,1D-CNN
S291,0.8031994864387785,0.10929186314292424,0.08750865041829695,1D-CNN
S292,0.6757452355554132,0.23808334319572597,0.08617142124886086,1D-CNN
S293,0.7544321265842732,0.169639491090935,0.07592838232479118,1D-CNN
S294,0.5430418362698869,0.3481867086288511,0.10877145510126178,1D-CNN
S295,0.37286970025233435,0.5193742974649996,0.10775600228266599,ANN
S296,0.46022537653120504,0.3737942999441775,0.1659803235246172,1D-CNN
S297,0.131280237942723,0.4534813560896055,0.41523840596767136,ANN
S298,0.24695000716900647,0.3019368593240977,0.45111313350689536,GRU
S299,0.14138268935650108,0.35112182500093697,0.5074954856425617,GRU
S300,0.1186553364083515,0.3828504301835531,0.4984942334080952,GRU
S301,0.1895203161052824,0.17111634321397295,0.6393633406807446,GRU
S302,0.1277811084685957,0.20679486221386972,0.6654240293175346,GRU
S303,0.19544385200383257,0.28290231006006283,0.5216538379361043,GRU
S304,0.17331393435390338,0.3592097394997545,0.46747632614634205,GRU
S305,0.4250282448118898,0.1766746157128675,0.3982971394752426,1D-CNN
S306,0.2979572432606327,0.11336201976941195,0.588680736969956,GRU
S307,0.34538039478285754,0.341059725689656,0.31355987952748654,1D-CNN
S308,0.5695320401883069,0.21193412340477655,0.2185338364069166,1D-CNN
S309,0.5331415399466972,0.2843917838165152,0.18246667623678703,1D-CNN
S310,0.6718891484026832,0.20176104471973455,0.12634980687758224,1D-CNN
S311,0.7399705603399295,0.08999211240132426,0.17003732725874635,1D-CNN
S312,0.5116665552523195,0.36199393995961454,0.12633950478806574,1D-CNN
S313,0.5005537787442347,0.3914807981999705,0.10796542305579446,1D-CNN
S314,0.16410772959761896,0.23775803110993304,0.5981342392924475,GRU
S315,0.1362410702382261,0.5956702045713742,0.2680887251903996,ANN
S316,0.3464483481639877,0.21083722079633432,0.44271443103967734,GRU
S317,0.27437798013418785,0.27069365316535726,0.4549283667004556,GRU
S318,0.36908536976140904,0.27548057313840063,0.35543405710018994,1D-CNN
S319,0.371350582164795,0.3860183262164624,0.24263109161874255,ANN
S320,0.34818026610593533,0.38441913343171547,0.26740060046234976,ANN
S321,0.4496120677635379,0.28468179715236397,0.26570613508409724,1D-CNN
S322,0.19813347301133483,0.5323254625114782,0.2695410644771864,ANN
S323,0.19843378708282108,0.38616070176035205,0.415405511156827,GRU
S324,0.11735740714920173,0.11855693835501743,0.7640856544957808,GRU
S325,0.20921732868681603,0.16193270310369268,0.6288499682094911,GRU
S326,0.19617010038905544,0.2742383014976734,0.5295915981132705,GRU
S327,0.1520822640149407,0.14512096772565722,0.7027967682594021,GRU
S328,0.15684683559925733,0.15299579675276978,0.6901573676479729,GRU
S329,0.11559109268499487,0.14548349411073336,0.7389254132042714,GRU
S330,0.08204864542032878,0.05073942830918645,0.8672119262704846,GRU
S331,0.12301929133671449,0.1387583390786964,0.7382223695845893,GRU
S332,0.11420356703951783,0.1602019597249229,0.7255944732355593,GRU
S333,0.1414479829312875,0.33060847151362444,0.5279435455550878,GRU
S334,0.12791257730417466,0.256067133963156,0.6160202887326693,GRU
S335,0.3718545667762366,0.4232450171140067,0.20490041610975643,ANN
S336,0.15779331939238006,0.10958722064161694,0.732619459966003,GRU
S337,0.18714353054770963,0.4447850251476145,0.3680714443046755,ANN
S338,0.4038573098544958,0.39555829871269566,0.2005843914328086,1D-CNN
S339,0.5627196774937662,0.1097634793559993,0.32751684315023527,1D-CNN
S340,0.5674864363993356,0.21177494030100397,0.22073862329966043,1D-CNN
S341,0.8337333399998795,0.11445897199579473,0.05180768800432551,1D-CNN
S342,0.8291000441421951,0.1285873537138915,0.042312602143912977,1D-CNN
S343,0.7589154397792893,0.16225550238251832,0.07882905783819254,1D-CNN
S344,0.41596470740553415,0.44214613905666916,0.14188915353779663,ANN
S345,0.2840682972630556,0.4600524067062668,0.25587929603067844,ANN
S346,0.06955539419828108,0.5263358925002477,0.40410871330147086,ANN
S347,0.08075178615174113,0.38348361342440834,0.5357646004238501,GRU
S348,0.28857874763301705,0.2731034463042505,0.4383178060627326,GRU
S349,0.3145199567451188,0.23360404715175806,0.4518759961031238,GRU
S350,0.33754797594020275,0.2083490166476835,0.45410300741211373,GRU
S351,0.34649129311279897,0.3486849341649565,0.30482377272224415,ANN
S352,0.6279773801789768,0.2589244757051901,0.1130981441158338,1D-CNN
S353,0.9350394958609188,0.02967754010631897,0.035282964032761724,1D-CNN
S354,0.9616097925327074,0.024134504656014,0.014255702811278007,1D-CNN
S355,0.8573935629675977,0.08424080408323151,0.058365632949170375,1D-CNN
S356,0.5032592331996305,0.3750538507328054,0.1216869160675648,1D-CNN
S357,0.31638563378509565,0.5630591152422716,0.12055525097263342,ANN
S358,0.33282947729182016,0.3945042520707202,0.2726662706374603,ANN
S359,0.18217865832469318,0.22988908457157434,0.5879322571037321,GRU
S360,0.14529149118147197,0.6362552826301253,0.21845322618840277,ANN
S361,0.29447471873209424,0.11840370035063673,0.587121580917269,GRU
S362,0.25527068670667397,0.28638360783455385,0.4583457054587718,GRU
S363,0.36384602463708854,0.2838518529397858,0.3523021224231262,1D-CNN
S364,0.3119231489186739,0.3713419891874248,0.31673486189390154,ANN
S365,0.4748986200834047,0.3132506284457062,0.21185075147088908,1D-CNN
S366,0.4043369287672266,0.2166671798911395,0.37899589134163375,1D-CNN
S367,0.14007814227376206,0.33078794461736155,0.5291339131088759,GRU
S368,0.13436701780005958,0.3236448948032432,0.541988087396697,GRU
S369,0.1009548605232683,0.2139403334938286,0.6851048059829026,GRU
S370,0.04039276352149561,0.0710377963075985,0.8885694401709059,GRU
S371,0.016566127423903367,0.014676198719248284,0.9687576738568489,GRU
S372,0.040707532981605954,0.043454334704682324,0.9158381323137121,GRU
S373,0.5834234470387799,0.2711416771496014,0.14543487581161862,1D-CNN
S374,0.9138226819886117,0.044132105360974075,0.042045212650413846,1D-CNN
S375,0.42630713821892485,0.2449600780122611,0.3287327837688148,1D-CNN
S376,0.14141225220693657,0.7441155733414291,0.11447217445163421,ANN
S377,0.27184333553294965,0.4904506641934948,0.23770600027355546,ANN
S378,0.08062164922466371,0.11044601688122141,0.8089323338941147,GRU
S379,0.057076924626140176,0.10630411137128222,0.8366189640025777,GRU
S380,0.14647210433528016,0.386666389650871,0.4668615060138488,GRU
S381,0.3435634799901307,0.2533948898248845,0.40304163018498457,GRU
S382,0.9722309349332305,0.014140249015882088,0.013628816050887402,1D-CNN
S383,0.86879538782223,0.08050111499440991,0.05070349718336044,1D-CNN
S384,0.8144815347438141,0.11338179374020636,0.0721366715159791,1D-CNN
S385,0.7013913602035472,0.22239596877978274,0.07621267101666966,1D-CNN
S386,0.7438906038052073,0.18599373273006672,0.07011566346472586,1D-CNN
S387,0.7366890343493261,0.15462268097856766,0.1086882846721072,1D-CNN
S388,0.7432714711769658,0.17698894090996967,0.07973958791306467,1D-CNN
S389,0.6157310820020158,0.24171514345919906,0.1425537745387846,1D-CNN
S390,0.4866878193064074,0.34655387104518104,0.16675830964841148,1D-CNN
S391,0.3387251244145321,0.4550569559266516,0.20621791965881636,ANN
S392,0.26295034078569623,0.49665707955330624,0.24039257966099747,ANN
S393,0.11633625479176493,0.3303067012253524,0.5533570439828828,GRU
S394,0.06499002650836769,0.39543763889383443,0.5395723345977974,GRU
S395,0.06145391837705622,0.42862662935745616,0.5099194522654875,GRU
S396,0.16046250945936882,0.26371669073384657,0.575820799806784,GRU
S397,0.11316154311658806,0.518741876095537,0.36809658078787466,ANN
S398,0.8812367225949589,0.030536651733927764,0.08822662567111315,1D-CNN
S399,0.25137475363636913,0.17172617096773843,0.576899075395892,GRU
S400,0.22492923279948382,0.4901167703767705,0.28495399682374556,ANN
S401,0.5062305537332895,0.30629856533877436,0.18747088092793684,1D-CNN
S402,0.7682414795514803,0.14636269724490125,0.08539582320361827,1D-CNN
S403,0.4733791108052881,0.3723642402061296,0.15425664898858185,1D-CNN
S404,0.23106824510838272,0.33476810641701116,0.43416364847460587,GRU
S405,0.05007782077164214,0.9158236518879775,0.03409852734038012,ANN
S406,0.8622397147263022,0.05733279732724385,0.08042748794645385,1D-CNN
S407,0.22273526851406797,0.2002553960859242,0.5770093354000074,GRU
S408,0.1281824447779853,0.5660343126596706,0.305783242562344,ANN
S409,0.2213025411889385,0.5327296953690176,0.24596776344204455,ANN
S410,0.3173997412526853,0.1287772846009837,0.5538229741463315,GRU
S411,0.6216217923995276,0.14547685047228007,0.23290135712819227,1D-CNN
S412,0.5522119575345255,0.25707999393358033,0.19070804853189416,1D-CNN
S413,0.5943146789570316,0.2575847039158097,0.14810061712715936,1D-CNN
S414,0.5026559308747168,0.34980504144605407,0.14753902767922922,1D-CNN
S415,0.44233694310199234,0.3915848278527733,0.16607822904523498,1D-CNN
S416,0.1875692138597975,0.338307899693672,0.47412288644653006,GRU
S417,0.05122663013956966,0.4945262989568659,0.4542470709035643,ANN
S418,0.20294879212492764,0.14919602389861222,0.6478551839764594,GRU
S419,0.15214596729501706,0.24010443784776528,0.6077495948572176,GRU
S420,0.19320987735388812,0.1421932390975982,0.6645968835485131,GRU
S421,0.15662930324409813,0.1471717951413019,0.6961989016145997,GRU
S422,0.19577726699772993,0.07159622461544486,0.7326265083868254,GRU
S423,0.1489055186780161,0.06503548374440743,0.7860589975775764,GRU
S424,0.06710399870562045,0.0924551278571147,0.8404408734372647,GRU
S425,0.11870052924690566,0.323554589212551,0.5577448815405431,GRU
S426,0.19691388368390889,0.21732787739709378,0.5857582389189973,GRU
S427,0.0850841163929327,0.08464599708172697,0.8302698865253403,GRU
S428,0.15488497103866536,0.15437711337542404,0.6907379155859104,GRU
S429,0.6459090092677202,0.22172405434763462,0.13236693638464603,1D-CNN
S430,0.6358746296948421,0.09244174759996755,0.27168362270519103,1D-CNN
S431,0.1651111308292122,0.17071370939160788,0.6641751597791797,GRU
S432,0.05187663532612174,0.8855818425426722,0.06254152213120573,ANN
S433,0.19775109282513326,0.1259433508301339,0.6763055563447335,GRU
S434,0.6165576127922285,0.21686596633006702,0.16657642087770386,1D-CNN
S435,0.852712042982321,0.08794940635126178,0.05933855066641743,1D-CNN
S436,0.9040159242186726,0.05119086731581747,0.04479320846550937,1D-CNN
S437,0.4943722607619381,0.42179716267471223,0.08383057656334929,1D-CNN
S438,0.3253435417048709,0.5676559692156233,0.1070004890795058,ANN
S439,0.2830774046213453,0.4054071526150457,0.3115154427636096,ANN
S440,0.31644567292205567,0.2214902112516605,0.4620641158262834,GRU
S441,0.5635321996214548,0.2508635383300218,0.1856042620485231,1D-CNN
S442,0.4939440997675202,0.2756923115642089,0.2303635886682709,1D-CNN
S443,0.36949261014853935,0.33057800900906553,0.29992938084239523,1D-CNN
S444,0.17420031719960843,0.5641975625505664,0.2616021202498247,ANN
S445,0.32884726235421474,0.40871433134764606,0.2624384062981399,ANN
S446,0.15854684060478647,0.2665173101499531,0.5749358492452602,GRU
S447,0.14481548196917376,0.37367915398684365,0.48150536404398253,GRU
S448,0.22027450788229114,0.21109121356473254,0.5686342785529764,GRU
S449,0.23147284512952346,0.09161967528737824,0.6769074795830983,GRU
S450,0.03327487172140859,0.027737389324722056,0.9389877389538696,GRU
S451,0.16829694278628615,0.11849422312748142,0.7132088340862325,GRU
S452,0.23057119928601105,0.19453069198627854,0.5748981087277104,GRU
S453,0.1369414237449646,0.27271637337303806,0.5903422028819975,GRU
S454,0.1060801871294978,0.40335500315209266,0.49056480971840966,GRU
S455,0.10347245426890174,0.19220867609471104,0.7043188696363871,GRU
S456,0.08154392323397128,0.17164540490117658,0.7468106718648524,GRU
S457,0.040845013449817204,0.05443755295828282,0.9047174335918996,GRU
S458,0.43168101862424646,0.32601506378612055,0.24230391758963285,1D-CNN
S459,0.8512116464924788,0.062065051563473396,0.08672330194404772,1D-CNN
S460,0.9121460617136949,0.037899633494868176,0.049954304791437504,1D-CNN
S461,0.7446963313053508,0.1732768535176265,0.08202681517702307,1D-CNN
S462,0.6439226237111687,0.25400256091574164,0.1020748153730903,1D-CNN
S463,0.24877680050644435,0.6282267660276145,0.12299643346594102,ANN
S464,0.1393899052317215,0.6384334334772109,0.22217666129106742,ANN
S465,0.08023911425107745,0.20997369339170088,0.7097871923572217,GRU
S466,0.034434929599956955,0.06757581440649624,0.8979892559935474,GRU
S467,0.059453413602370206,0.3281370132317445,0.6124095731658853,GRU
S468,0.09433037884025641,0.18065611197393627,0.725013509185808,GRU
S469,0.08314781110281437,0.2423763128816456,0.6744758760155402,GRU
S470,0.09323273904059223,0.22604903864500772,0.6807182223144006,GRU
S471,0.13017748384168695,0.44906299865283617,0.4207595175054768,ANN
S472,0.09158499074355592,0.2490187960112756,0.6593962132451691,GRU
S473,0.1074052656920216,0.3470640827610275,0.5455306515469505,GRU
S474,0.23215821885641497,0.36507931137719746,0.4027624697663872,GRU
S475,0.264445670968763,0.3929146489607161,0.34263968007052087,ANN
S476,0.30116908214918237,0.31726628175882243,0.3815646360919952,GRU
S477,0.28798104836051164,0.30413758320545775,0.4078813684340307,GRU
S478,0.26731885967935554,0.39152957630576435,0.3411515640148802,ANN
S479,0.27944544633927726,0.3291063581444207,0.3914481955163016,GRU
S480,0.30076335053363495,0.32437562612256815,0.37486102334379684,GRU
S481,0.4135101537177685,0.3161520911778641,0.2703377551043673,1D-CNN
S482,0.42337629455700676,0.12542081432841873,0.45120289111457473,GRU
S483,0.8219248910523854,0.02583212642902259,0.15224298251859172,1D-CNN
S484,0.4018303819770798,0.4537476101690068,0.1444220078539135,ANN
S485,0.32619195410709884,0.4375446842975845,0.23626336159531652,ANN
S486,0.3453600874707368,0.20252924237771003,0.4521106701515533,GRU
S487,0.24762965952262908,0.48764742854132304,0.2647229119360485,ANN
S488,0.6860857272635748,0.1584796146134231,0.1554346581230023,1D-CNN
S489,0.7698826676959678,0.10387668688723524,0.1262406454167964,1D-CNN
S490,0.21395568535486842,0.3133082759178998,0.47273603872723186,GRU
S491,0.16464778653502402,0.3994771746341619,0.4358750388308139,GRU
S492,0.5329036660691818,0.17981947711897864,0.2872768568118402,1D-CNN
S493,0.05303146531126305,0.33861694756909433,0.6083515871196417,GRU
S494,0.30960966491154435,0.1299755480748401,0.5604147870136152,GRU
S495,0.3237802000953249,0.1505497985626037,0.525670001342071,GRU
S496,0.06753682685956981,0.45733964221827933,0.4751235309221509,GRU
S497,0.3870999509758604,0.1282691177489382,0.48463093127520146,GRU
S498,0.19509465635036022,0.5347469776184418,0.2701583660311981,ANN
S499,0.09441810149926079,0.08795454138433863,0.8176273571164006,GRU
S500,0.17659654279129208,0.462087140760075,0.361316316448633,ANN
S501,0.16677025677443585,0.19930917434640952,0.6339205688791545,GRU
S502,0.12387116977098096,0.350761083552894,0.5253677466761246,GRU
S503,0.1728845581219927,0.33966507927334383,0.48745036260466357,GRU
S504,0.11138699867188898,0.15289182130802778,0.7357211800200832,GRU
S505,0.15824891079198683,0.20788263185394798,0.6338684573540653,GRU
S506,0.5930436818494658,0.1618301440595301,0.24512617409100418,1D-CNN
S507,0.8345842155929504,0.08007204415701567,0.08534374025003315,1D-CNN
S508,0.9312949371068613,0.018888874549508765,0.049816188343629934,1D-CNN
S509,0.9728267665547389,0.008500515659004872,0.018672717786255844,1D-CNN
S510,0.7449137843710641,0.15499523493881717,0.10009098069011822,1D-CNN
S511,0.5983407403868902,0.26646651899541923,0.1351927406176897,1D-CNN
S512,0.450908115807678,0.40618799763189856,0.14290388656042335,1D-CNN
S513,0.19831041635768834,0.5409007528620944,0.26078883078021714,ANN
S514,0.07223377763893891,0.20043663954680505,0.7273295828142557,GRU
S515,0.045391220719924116,0.12149610989843641,0.8331126693816395,GRU
S516,0.03492421898547947,0.25946965352559787,0.7056061274889227,GRU
S517,0.06358210623634376,0.029287935871867964,0.9071299578917884,GRU
S518,0.013297577586931234,0.034400344463845246,0.9523020779492232,GRU
S519,0.1352697724414154,0.30280588182567303,0.5619243457329114,GRU
S520,0.367711584397943,0.33973055702994753,0.29255785857210953,1D-CNN
S521,0.08303271677675371,0.1188146897797385,0.7981525934435078,GRU
S522,0.08890072100675953,0.3571651342087585,0.5539341447844819,GRU
S523,0.2668830173630907,0.3641178093481878,0.36899917328872156,GRU
S524,0.12823760738230192,0.06510863618553074,0.806653756432167,GRU
S525,0.07098622550439276,0.08876659978822675,0.8402471747073803,GRU
S526,0.13875671124811098,0.3556027644348955,0.505640524316993,GRU
S527,0.120538462137985,0.22157211849420677,0.657889419367808,GRU
S528,0.0951138677944957,0.17433756064362865,0.7305485715618755,GRU
S529,0.2510126247020163,0.28756292131487976,0.46142445398310333,GRU
S530,0.8221733313685762,0.08252604249322505,0.09530062613819841,1D-CNN
S531,0.9425626776563621,0.026291072365076103,0.031146249978561105,1D-CNN
S532,0.8239127724376837,0.11366632257035307,0.06242090499196335,1D-CNN
S533,0.5697878240029102,0.34730353141544135,0.08290864458164822,1D-CNN
S534,0.55618799908767,0.31779233960366327,0.12601966130866676,1D-CNN
S535,0.6613083462019523,0.15525003213804742,0.18344162166000003,1D-CNN
S536,0.32234083906175875,0.47659836416572937,0.20106079677251137,ANN
S537,0.23985748839113713,0.38056364418183136,0.3795788674270315,ANN
S538,0.06392102824916518,0.4149312491867573,0.5211477225640776,GRU
S539,0.07120652020299628,0.3022520474465216,0.6265414323504821,GRU
S540,0.07568535107000095,0.023251587784565483,0.9010630611454337,GRU
S541,0.16472817620088387,0.17106645533350892,0.6642053684656073,GRU
S542,0.34444310451761495,0.28693805175816833,0.36861884372421644,GRU
S543,0.23161652494403695,0.3478252382406258,0.42055823681533727,GRU
S544,0.21542508775727678,0.38565966662157464,0.3989152456211483,GRU
S545,0.7083745210040941,0.14890921637807447,0.1427162626178315,1D-CNN
S546,0.6096537772177969,0.10991623070177986,0.28042999208042346,1D-CNN
S547,0.19125624828718824,0.28498566750488696,0.5237580842079248,GRU
S548,0.16171711477033998,0.5782612921633246,0.26002159306633493,ANN
S549,0.2621907387450795,0.34678787249428633,0.3910213887606344,GRU
S550,0.1637269602146954,0.14775436287414725,0.6885186769111572,GRU
S551,0.0706760159394241,0.08561077559015583,0.8437132084704199,GRU
S552,0.5813281377800247,0.31826347231140173,0.10040838990857431,1D-CNN
S553,0.540195959537447,0.19077767424639214,0.26902636621616055,1D-CNN
S554,0.33005466786672416,0.32378237200435916,0.34616296012891745,GRU
S555,0.3303581695701278,0.5598378590415153,0.10980397138835692,ANN
S556,0.5845039119387331,0.21216057326864576,0.20333551479262096,1D-CNN
S557,0.470583952916542,0.22348771895238387,0.30592832813107373,1D-CNN
S558,0.46831344121466867,0.42780695557060516,0.10387960321472627,1D-CNN
S559,0.45693068531670306,0.33718725062865285,0.2058820640546439,1D-CNN
S560,0.7472399423466618,0.1622838831080068,0.0904761745453312,1D-CNN
S561,0.3021961606869709,0.42701711694818867,0.27078672236484136,ANN
S562,0.1574319879615555,0.601237753775123,0.24133025826332163,ANN
S563,0.2492345910146657,0.390238459229288,0.36052694975604643,ANN
S564,0.10143589439441127,0.24685678795584406,0.6517073176497445,GRU
S565,0.12300471591439087,0.19264085911045722,0.6843544249751519,GRU
S566,0.23836848450150733,0.13268950992719755,0.6289420055712951,GRU
S567,0.08610402974142657,0.05059872891648286,0.8632972413420904,GRU
S568,0.13176401044776712,0.2455489637823785,0.6226870257698545,GRU
S569,0.23712452939475798,0.15032323938470793,0.6125522312205339,GRU
S570,0.37678026167567263,0.04116217442944676,0.58205756389488,GRU
S571,0.4392103465527859,0.23734518913182806,0.3234444643153859,1D-CNN
S572,0.5694631369251191,0.2610727649732166,0.1694640981016639,1D-CNN
S573,0.4650563530231811,0.38493043626258633,0.1500132107142327,1D-CNN
S574,0.36716160305864215,0.4592410018295411,0.17359739511181674,ANN
S575,0.15091058860353432,0.22260420541747467,0.6264852059789908,GRU
S576,0.10824689258889249,0.3175053057102034,0.5742478017009038,GRU
S577,0.2941027584676372,0.39411434736691514,0.31178289416544763,ANN
S578,0.6993511674605994,0.09167245769957842,0.20897637483982193,1D-CNN
S579,0.35131604868748467,0.28390192085073696,0.3647820304617781,GRU
S580,0.3124238489196221,0.5223798505741549,0.1651963005062231,ANN
S581,0.44335693249307995,0.44197444501677663,0.11466862249014431,1D-CNN
S582,0.2304737502587886,0.15807438235224908,0.6114518673889618,GRU
S583,0.14619043535853518,0.49933633501299624,0.3544732296284687,ANN
S584,0.3636814895096256,0.4304856782075432,0.20583283228283172,ANN
