Segment,1D-CNN,ANN,GRU,Selected
S1,0.10632438304442267,0.6042832064888548,0.2893924104667225,ANN
S2,0.44529120537244216,0.2052660003751007,0.3494427942524578,1D-CNN
S3,0.5404399431221092,0.13121906991991664,0.32834098695797403,1D-CNN
S4,0.3380478953419857,0.3523467101378979,0.30960539452011576,ANN
S5,0.8025720345641199,0.12748512639129536,0.06994283904458642,1D-CNN
S6,0.8182676097888242,0.09040676071959756,0.0913256294915774,1D-CNN
S7,0.7943282700510713,0.10778981448140013,0.09788191546752938,1D-CNN
S8,0.4768233580710469,0.4646397584722671,0.05853688345668589,1D-CNN
S9,0.45879084438952883,0.4175902758510287,0.123618879759442,1D-CNN
S10,0.21037154600817004,0.4728860172485057,0.31674243674332403,ANN
S11,0.27110494977155525,0.6137454339080576,0.11514961632038671,ANN
S12,0.24118254592569868,0.31977849358783317,0.43903896048646884,GRU
S13,0.23152431900863532,0.37171656404168574,0.3967591169496775,GRU
S14,0.20662047191414593,0.2678346764742577,0.5255448516115955,GRU
S15,0.31495337096267145,0.20147153079019683,0.48357509824713185,GRU
S16,0.33304551606527255,0.1403650049706768,0.5265894789640514,GRU
S17,0.24291462623757884,0.22850700868168702,0.528578365080733,GRU
S18,0.2952260079529396,0.1753852696240262,0.5293887224230348,GRU
S19,0.11611582150559875,0.1324983625345755,0.7513858159598276,GRU
S20,0.08184708218711685,0.24338406107077792,0.6747688567421053,GRU
S21,0.06983935039425583,0.5064406131193729,0.4237200364863693,ANN
S22,0.2951145296385386,0.18477174262962415,0.5201137277318371,GRU
S23,0.05028685659173623,0.021497634629070613,0.9282155087791931,GRU
S24,0.08490352699284356,0.2946218975196908,0.6204745754874657,GRU
S25,0.5736757250654893,0.3712220082785072,0.055102266656003214,1D-CNN
S26,0.2866052072933396,0.1292515059501439,0.5841432867565162,GRU
S27,0.07680207625533264,0.8207112123781933,0.10248671136647394,ANN
S28,0.6263526641635109,0.24064214438028944,0.13300519145619927,1D-CNN
S29,0.6564494067953983,0.1950175444161621,0.14853304878843865,1D-CNN
S30,0.5439799991776817,0.31231609265822563,0.14370390816409326,1D-CNN
S31,0.5725929089528773,0.31063097154297625,0.11677611950414893,1D-CNN
S32,0.2178917001099866,0.705151805084645,0.07695649480536729,ANN
S33,0.22127954746921794,0.7102844698284643,0.06843598270231774,ANN
S34,0.13580716858756547,0.21533029047916982,0.6488625409332636,GRU
S35,0.0779720504522717,0.38223558489440385,0.5397923646533243,GRU
S36,0.09864294107926046,0.6559039287485392,0.24545313017219994,ANN
S37,0.07868781289536456,0.347324868315185,0.5739873187894502,GRU
S38,0.3180333440863185,0.3687197467260697,0.3132469091876116,ANN
S39,0.8203487658212121,0.1224428156167171,0.05720841856207064,1D-CNN
S40,0.1875201252126802,0.3452329652232541,0.4672469095640656,GRU
S41,0.1022081818927789,0.5077212086546931,0.3900706094525305,ANN
S42,0.29259442286562115,0.5645502987610633,0.14285527837331485,ANN
S43,0.13988833754139599,0.07649155875987688,0.7836201036987259,GRU
S44,0.07493521430519262,0.29443078901704023,0.6306339966777662,GRU
S45,0.20419971164650058,0.3967844749697638,0.39901581338373676,GRU
S46,0.2773074251262953,0.19567905417156933,0.5270135207021345,GRU
S47,0.08628221229884113,0.09533733154356075,0.8183804561575979,GRU
S48,0.13811466674859751,0.20306088987931148,0.6588244433720905,GRU
S49,0.13802557030300602,0.3987901782956581,0.4631842514013354,GRU
S50,0.19357034965912645,0.23721182245946912,0.5692178278814024,GRU
S51,0.5465505794526735,0.15176700614957966,0.3016824143977462,1D-CNN
S52,0.8895425662587056,0.04173033514473609,0.0687270985965568,1D-CNN
S53,0.9061455927234111,0.04543684760964742,0.04841755966694207,1D-CNN
S54,0.4236633501747703,0.5017480281227183,0.07458862170250978,ANN
S55,0.42190289801842107,0.4150264388617964,0.16307066311978263,1D-CNN
S56,0.6352011809959338,0.24863915388508578,0.11615966511898311,1D-CNN
S57,0.17349913484545168,0.5841531641205036,0.2423477010340445,ANN
S58,0.12361638603977299,0.6402305299311591,0.2361530840290668,ANN
S59,0.15257189552347164,0.1555167626556998,0.6919113418208273,GRU
S60,0.06199214276364416,0.14022519714047094,0.7977826600958854,GRU
S61,0.03544813528810673,0.04382997870890881,0.9207218860029828,GRU
S62,0.1744681813698974,0.11827663028839264,0.707255188341709,GRU
S63,0.053385335891424086,0.13634529741811316,0.8102693666904609,GRU
S64,0.07645833499265785,0.5838891270541392,0.33965253795320277,ANN
S65,0.3393691102600217,0.4743402447186202,0.18629064502135798,ANN
S66,0.5322455014993266,0.07718338608181234,0.39057111241886117,1D-CNN
S67,0.574154844838675,0.15158788135367113,0.2742572738076525,1D-CNN
S68,0.8046032836681392,0.09480861311689169,0.10058810321497069,1D-CNN
S69,0.3771347553319246,0.1517736049528727,0.47109163971520207,GRU
S70,0.09954455887962722,0.8755818148630325,0.024873626257340978,ANN
S71,0.8089936564310425,0.11015712142040955,0.08084922214854844,1D-CNN
S72,0.20369144240495232,0.1526648750285031,0.6436436825665431,GRU
S73,0.10253368535681635,0.6437723295006481,0.2536939851425375,ANN
S74,0.20354069832956168,0.5834861036752567,0.2129731979951806,ANN
S75,0.029886783899298896,0.022754153227485946,0.9473590628732151,GRU
S76,0.356442944788586,0.19337058837792892,0.4501864668334847,GRU
S77,0.874858993920327,0.06685192436986971,0.05828908170980392,1D-CNN
S78,0.6888272884196338,0.2001022569075962,0.11107045467276992,1D-CNN
S79,0.42930250344738335,0.4863553776492893,0.08434211890332786,ANN
S80,0.5159233277172589,0.31308737321729857,0.17098929906544172,1D-CNN
S81,0.09320807069155501,0.8098409259348879,0.09695100337355726,ANN
S82,0.11651324150572086,0.7257408632278098,0.1577458952664693,ANN
S83,0.18832501194035717,0.314256930936416,0.49741805712322645,GRU
S84,0.29759648834482577,0.4674606795748931,0.23494283208028197,ANN
S85,0.26340199601084285,0.3093277299700408,0.42727027401911555,GRU
S86,0.11598621493837326,0.5624971607561123,0.32151662430551375,ANN
S87,0.617979183993545,0.3229231438209553,0.059097672185499314,1D-CNN
S88,0.5427165159629147,0.29075983405329614,0.16652364998379138,1D-CNN
S89,0.26558836903043714,0.4247533651980511,0.30965826577151234,ANN
S90,0.3918970070388341,0.4614197406239118,0.146683252337254,ANN
S91,0.7421518050157314,0.2088403359474116,0.04900785903685805,1D-CNN
S92,0.8840054341056282,0.05633293665666953,0.05966162923770175,1D-CNN
S93,0.2778898415384898,0.3085528337267393,0.4135573247347701,GRU
S94,0.07941706108004108,0.8299202763584347,0.09066266256152426,ANN
S95,0.20110353724599472,0.6291607186672641,0.16973574408674003,ANN
S96,0.0735475872662133,0.0714181011399688,0.8550343115938185,GRU
S97,0.547128099460106,0.2165608219492833,0.2363110785906104,1D-CNN
S98,0.430149019734317,0.21613011249695097,0.35372086776873035,1D-CNN
S99,0.05832582870594973,0.8763910992238901,0.06528307207015846,ANN
S100,0.28565277744683576,0.5447600951231916,0.16958712742997256,ANN
S101,0.48537450105716157,0.23877100072247084,0.2758544982203671,1D-CNN
S102,0.44922792011145396,0.32670204321691,0.22407003667163566,1D-CNN
S103,0.7104086012103095,0.17384490887138399,0.11574648991830602,1D-CNN
S104,0.36164409397828495,0.5304335874203988,0.10792231860131539,ANN
S105,0.574609652635771,0.2966256829306545,0.12876466443357462,1D-CNN
S106,0.3846579141059575,0.38251279898894003,0.2328292869051033,1D-CNN
S107,0.20887064727214083,0.5830409485978226,0.20808840413003904,ANN
S108,0.21196739066971979,0.3919891524548422,0.3960434568754407,GRU
S109,0.11283412829432689,0.23104113074701027,0.656124740958661,GRU
S110,0.21718439482879812,0.48853432656161255,0.2942812786095921,ANN
S111,0.6996863596992822,0.11599849554259849,0.18431514475811941,1D-CNN
S112,0.28890282076853946,0.35769646721876047,0.35340071201270007,ANN
S113,0.39148497504419405,0.32912396881156564,0.27939105614423865,1D-CNN
S114,0.23945653847696918,0.6441581832491465,0.11638527827388492,ANN
S115,0.23856286546639166,0.28162708581050266,0.4798100487231067,GRU
S116,0.1527545702153871,0.6856709007834472,0.16157452900116628,ANN
S117,0.15899674699138922,0.1457983794084463,0.6952048736001646,GRU
S118,0.04265100908249691,0.6843481436409319,0.2730008472765731,ANN
S119,0.2992148714390403,0.12790269941929658,0.5728824291416605,GRU
S120,0.15950785995985992,0.12014067451240297,0.7203514655277364,GRU
S121,0.10754126201362225,0.08661295950436214,0.8058457784820154,GRU
S122,0.30217529931467413,0.2950073519660034,0.402817348719324,GRU
S123,0.8002986810495262,0.08174847629407142,0.11795284265640162,1D-CNN
S124,0.6175382165659676,0.11521899408462521,0.2672427893494065,1D-CNN
S125,0.457902008180758,0.3589165439679843,0.18318144785125756,1D-CNN
S126,0.5824459683071089,0.3142233918915255,0.10333063980136631,1D-CNN
S127,0.4881943002797077,0.3529389847280258,0.15886671499226512,1D-CNN
S128,0.16645869658232895,0.3565172103887399,0.47702409302893045,GRU
S129,0.08354885324046397,0.4859054623130641,0.43054568444647434,ANN
S130,0.12254510284517196,0.5516692771455354,0.32578562000929256,ANN
S131,0.8081900512950914,0.08562038436595262,0.10618956433895523,1D-CNN
S132,0.8054760902123398,0.09567331137298771,0.09885059841467415,1D-CNN
S133,0.39017422964197335,0.37057627031383295,0.23924950004419246,1D-CNN
S134,0.5258097661859452,0.31413266203679147,0.16005757177726146,1D-CNN
S135,0.3603694249955501,0.5241377609306025,0.11549281407384733,ANN
S136,0.44351018979910395,0.17451156700787393,0.38197824319302137,1D-CNN
S137,0.08260669258687998,0.22257095376012215,0.6948223536529985,GRU
S138,0.07083777263609307,0.3853256362267425,0.5438365911371643,GRU
S139,0.4328533792681454,0.1158685531179369,0.45127806761391753,GRU
S140,0.09550355632337129,0.013468702437152,0.8910277412394766,GRU
S141,0.08809190595510866,0.11952208534824227,0.7923860086966492,GRU
S142,0.23371339357935297,0.6132414529854547,0.1530451534351921,ANN
S143,0.9462633654405624,0.029220660613758324,0.024515973945678886,1D-CNN
S144,0.05299195511653874,0.06820679212319926,0.8788012527602619,GRU
S145,0.07851114646847546,0.8913792101715643,0.0301096433599598,ANN
S146,0.9548097033618084,0.02790195914489737,0.017288337493294125,1D-CNN
S147,0.7284827581644789,0.15326120837429597,0.1182560334612243,1D-CNN
S148,0.4024030266815345,0.45047731968996646,0.14711965362849852,ANN
S149,0.3966486877664931,0.4938565373278654,0.1094947749056414,ANN
S150,0.43835882962020073,0.39382869849296726,0.167812471886832,1D-CNN
S151,0.09466571002670982,0.23350975942859722,0.6718245305446926,GRU
S152,0.08705470921349191,0.3765189202086495,0.5364263705778581,GRU
S153,0.2277920525599851,0.23002701315151772,0.5421809342884965,GRU
S154,0.02938898404852804,0.04242359632021248,0.9281874196312605,GRU
S155,0.07848714056962902,0.19377676162977403,0.7277360978005964,GRU
S156,0.33015451135065926,0.05914201260351492,0.6107034760458254,GRU
S157,0.021333936881756558,0.2398368734706611,0.7388291896475802,GRU
S158,0.13105074352506785,0.1783726624677172,0.6905765940072149,GRU
S159,0.8996387974605293,0.050049937430278864,0.050311265109192795,1D-CNN
S160,0.758480561654505,0.16529248068272567,0.07622695766276873,1D-CNN
S161,0.24605524920264044,0.2499835027438387,0.5039612480535229,GRU
S162,0.049099601107168614,0.9260958114468114,0.024804587446019967,ANN
S163,0.7941984113117276,0.1211816687412361,0.084619919947036,1D-CNN
S164,0.46104821431115617,0.24787039983969997,0.29108138584914395,1D-CNN
S165,0.1766897907229296,0.30442464389269236,0.5188855653843781,GRU
S166,0.10673716339941239,0.7931699535301477,0.1000928830704395,ANN
S167,0.372477968994399,0.2310156078417372,0.39650642316386303,GRU
S168,0.3915618041721213,0.18760964669923982,0.42082854912863477,GRU
S169,0.3830746704931684,0.37762445507779613,0.2393008744290348,1D-CNN
S170,0.3998876329854239,0.4724655505313688,0.12764681648320544,ANN
S171,0.11381299749641885,0.8626751048369974,0.023511897666584132,ANN
S172,0.8469573527721359,0.1098219592733751,0.04322068795448965,1D-CNN
S173,0.5565791113823462,0.2588473549828078,0.18457353363484658,1D-CNN
S174,0.5166411207424121,0.3224406558799431,0.16091822337764614,1D-CNN
S175,0.3070896869178208,0.5515381994148352,0.14137211366734392,ANN
S176,0.2838415988873041,0.5886216090971231,0.12753679201557352,ANN
S177,0.20028345585000595,0.2825105716703545,0.5172059724796396,GRU
S178,0.059325052740481034,0.46080465094866363,0.4798702963108553,GRU
S179,0.09755118023649581,0.18953362968657209,0.7129151900769304,GRU
S180,0.05268016768456535,0.4369968743144328,0.5103229580010018,GRU
S181,0.012318804612709329,0.020319743167295474,0.9673614522199963,GRU
S182,0.35922656601653363,0.355265591656438,0.285507842327029,1D-CNN
S183,0.6461261676417048,0.08542399976734266,0.2684498325909518,1D-CNN
S184,0.2644870938219485,0.43646523351914235,0.2990476726589089,ANN
S185,0.12697925172882177,0.5643051418390297,0.3087156064321478,ANN
S186,0.1624979618327871,0.6777485186776459,0.15975351948956706,ANN
S187,0.045277624947208675,0.0602309309479956,0.8944914441047955,GRU
S188,0.038705661847031184,0.1253449317023744,0.8359494064505945,GRU
S189,0.07193307332995164,0.15674515291775654,0.7713217737522918,GRU
S190,0.08750341260686237,0.19422840468183,0.7182681827113077,GRU
S191,0.10737768390395443,0.0965665687245446,0.796055747371502,GRU
S192,0.08017830158206306,0.0745320214288632,0.8452896769890744,GRU
S193,0.14600599712878545,0.37807078904710834,0.47592321382410774,GRU
S194,0.2484974042277824,0.3779937800425309,0.3735088157296866,ANN
S195,0.3655811717725526,0.0825293381372473,0.5518894900902002,GRU
S196,0.767892938274431,0.07083198428258261,0.16127507744298555,1D-CNN
S197,0.9726521998014046,0.013222968074891414,0.014124832123703584,1D-CNN
S198,0.8987957019678736,0.0760433207946043,0.02516097723752206,1D-CNN
S199,0.6282474002781021,0.3128935660941273,0.05885903362777152,1D-CNN
S200,0.6552401977952196,0.2876830450830421,0.05707675712173687,1D-CNN
S201,0.5713335574994385,0.3604136739902626,0.068252768510299,1D-CNN
S202,0.2447949058075667,0.63367093202111,0.12153416217132268,ANN
S203,0.15209591698484773,0.6732793718794504,0.17462471113570247,ANN
S204,0.1630050530810157,0.18126063981217835,0.6557343071068059,GRU
S205,0.25975464910361856,0.29588846019808046,0.4443568906982988,GRU
S206,0.22479394310264617,0.28938539781005573,0.4858206590872982,GRU
S207,0.2699462884694509,0.3659574243329485,0.36409628719759984,ANN
S208,0.45549197773314537,0.20993503198201516,0.3345729902848382,1D-CNN
S209,0.3586006134560178,0.2723058457146152,0.3690935408293669,GRU
S210,0.15451381258255162,0.5871413442915121,0.2583448431259365,ANN
S211,0.45822690780720704,0.37226685337505155,0.16950623881774152,1D-CNN
S212,0.8660322764910651,0.07900313054775668,0.05496459296117826,1D-CNN
S213,0.2724903500259617,0.3113438720672895,0.4161657779067501,GRU
S214,0.11382629288264177,0.6618538297171241,0.224319877400236,ANN
S215,0.20730144455948007,0.7400110512824977,0.05268750415802267,ANN
S216,0.9588990616298,0.02463879063753911,0.01646214773266053,1D-CNN
S217,0.5871224894792131,0.21700636193034029,0.19587114859044635,1D-CNN
S218,0.3360394007946226,0.48412841527834233,0.17983218392703532,ANN
S219,0.32107466910168764,0.5396497757050842,0.13927555519322782,ANN
S220,0.3467036534178781,0.4690660144396319,0.1842303321424907,ANN
S221,0.6994600408278469,0.15635595580681205,0.14418400336534065,1D-CNN
S222,0.29622784442752503,0.25133508414537314,0.4524370714271017,GRU
S223,0.2353428825251443,0.6341667076041486,0.1304904098707072,ANN
S224,0.6078306454639236,0.20460737618156635,0.18756197835450925,1D-CNN
S225,0.25836156580051883,0.35626610292073374,0.3853723312787482,GRU
S226,0.2832119390504001,0.47324185296470184,0.24354620798490018,ANN
S227,0.6713952299644345,0.19682899913919014,0.13177577089637668,1D-CNN
S228,0.20606359553833306,0.28517259152459573,0.5087638129370697,GRU
S229,0.24962707413663604,0.5487130964569112,0.20165982940645147,ANN
S230,0.6049371107734522,0.1600699748896687,0.23499291433687702,1D-CNN
S231,0.15505880472123992,0.4047684193006829,0.44017277597807664,GRU
S232,0.16409708336954387,0.3109451102117441,0.5249578064187113,GRU
S233,0.3183238491084305,0.4660038228951101,0.21567232799645908,ANN
S234,0.7416330346062001,0.06586860770707406,0.19249835768672593,1D-CNN
S235,0.4040107518071757,0.3133764370051939,0.28261281118762915,1D-CNN
S236,0.34059873876870544,0.4737541634690447,0.18564709776224972,ANN
S237,0.4585501627626513,0.37584110446101726,0.16560873277633137,1D-CNN
S238,0.340473709789924,0.4773842691476504,0.18214202106242558,ANN
S239,0.17149899333571011,0.6080468651538482,0.22045414151044176,ANN
S240,0.23928453790977713,0.327441873028537,0.4332735890616878,GRU
S241,0.1241739687056492,0.10272938040138137,0.7730966508929694,GRU
S242,0.17929658900258244,0.6109526182141337,0.209750792783284,ANN
S243,0.5274785160933376,0.15052879388096632,0.3219926900256948,1D-CNN
S244,0.23720200088809304,0.2640638742000527,0.49873412491185715,GRU
S245,0.3240924981970145,0.19138404176475196,0.48452346003823266,GRU
S246,0.30907074667004164,0.16826951148553948,0.522659741844418,GRU
S247,0.09363450413605172,0.09742885087864349,0.8089366449853039,GRU
S248,0.16940639725015533,0.08193162217975743,0.7486619805700873,GRU
S249,0.06530204895936859,0.03378489502463199,0.9009130560160004,GRU
S250,0.08916217769018436,0.09097308531308086,0.8198647369967349,GRU
S251,0.511603482814107,0.13831027365963972,0.3500862435262556,1D-CNN
S252,0.7943025042240552,0.08371445417437279,0.1219830416015736,1D-CNN
S253,0.7009455974202069,0.22658819369015096,0.07246620888964085,1D-CNN
S254,0.6804416687169025,0.24895333808795223,0.07060499319514592,1D-CNN
S255,0.6129112462014317,0.2840181888972208,0.10307056490134728,1D-CNN
S256,0.5120495708834979,0.3708915304114514,0.11705889870505036,1D-CNN
S257,0.5079178657198388,0.36455256024401805,0.12752957403614204,1D-CNN
S258,0.556325789023954,0.3329133268836461,0.11076088409239981,1D-CNN
S259,0.5020944384983099,0.26792254037060015,0.22998302113108984,1D-CNN
S260,0.21638985223407972,0.5404999467391397,0.24311020102678016,ANN
S261,0.23018990481813353,0.3191164357815214,0.45069365940034317,GRU
S262,0.1546059648991683,0.2647360484725288,0.5806579866283017,GRU
S263,0.09105529455403583,0.08733163152987222,0.8216130739160927,GRU
S264,0.6848925024455744,0.14798759037063,0.16711990718379535,1D-CNN
S265,0.5783905175431032,0.20188325084733633,0.21972623160956095,1D-CNN
S266,0.4383483100834417,0.32390571503789656,0.237745974878663,1D-CNN
S267,0.41328462571817964,0.39509628930299795,0.19161908497882243,1D-CNN
S268,0.5468995468419143,0.2847460813053616,0.1683543718527238,1D-CNN
S269,0.4956382719706766,0.2742773669709653,0.2300843610583568,1D-CNN
S270,0.35533575229852626,0.45850999812117077,0.1861542495803028,ANN
S271,0.5685067233726775,0.2399804612422242,0.19151281538509776,1D-CNN
S272,0.3411231557017915,0.32134747203200337,0.33752937226620655,1D-CNN
S273,0.22749265149771955,0.34197098020376787,0.43053636829851266,GRU
S274,0.2670999096033736,0.22329445658987662,0.5096056338067496,GRU
S275,0.17201358743025963,0.06755288690555074,0.7604335256641886,GRU
S276,0.08965679351116271,0.041091793688353445,0.8692514128004832,GRU
S277,0.561524348217418,0.039216444371136895,0.39925920741144577,1D-CNN
S278,0.24853133140587783,0.12049031610314231,0.6309783524909824,GRU
S279,0.3567242828032974,0.29766009780915037,0.3456156193875536,1D-CNN
S280,0.33410410943318053,0.2084593890539085,0.4574365015129091,GRU
S281,0.12522516924834898,0.166944215305866,0.7078306154457863,GRU
S282,0.10802621539832329,0.19928780847904554,0.6926859761226314,GRU
S283,0.21734673642579577,0.09831439424303276,0.6843388693311716,GRU
S284,0.07626004964938295,0.046145891565514505,0.877594058785101,GRU
S285,0.19283525813640004,0.6292663496194395,0.17789839224415918,ANN
S286,0.599625733495069,0.17605750790647082,0.2243167585984598,1D-CNN
S287,0.30389130599133557,0.24363558032593352,0.4524731136827307,GRU
S288,0.14413259319523852,0.6021165051424077,0.2537509016623535,ANN
S289,0.5317763456881153,0.3032606111083755,0.16496304320350783,1D-CNN
S290,0.7318011120202959,0.15155787368670948,0.1166410142929944,1D-CNN
S291,0.8573908690050254,0.08352257573468302,0.05908655526029118,1D-CNN
S292,0.7119989560996016,0.2300171398803732,0.05798390402002741,1D-CNN
S293,0.7531085342906871,0.19212428460060826,0.054767181108703,1D-CNN
S294,0.49517194299591893,0.4206351805342252,0.08419287646985653,1D-CNN
S295,0.3296379739567149,0.5811501001297905,0.08921192591349442,ANN
S296,0.4251192147343963,0.4224588669215159,0.15242191834408786,1D-CNN
S297,0.12330967127565012,0.48240570287670087,0.3942846258476492,ANN
S298,0.22499580294907412,0.2984466190311378,0.47655757801978815,GRU
S299,0.13489625039898462,0.3273088709834114,0.5377948786176041,GRU
S300,0.11297511631107442,0.3279982488963038,0.5590266347926214,GRU
S301,0.1474039330528915,0.13338983742704721,0.7192062295200613,GRU
S302,0.11501818329665933,0.15290516921320815,0.7320766474901342,GRU
S303,0.19514122440296658,0.2534072738400966,0.5514515017569365,GRU
S304,0.16313688635402288,0.3797190661605314,0.4571440474854477,GRU
S305,0.4179698814944147,0.17945236673872075,0.4025777517668642,1D-CNN
S306,0.28795177666277916,0.1083165690730722,0.6037316542641508,GRU
S307,0.3354327469368958,0.33521754366048745,0.3293497094026162,1D-CNN
S308,0.5718592156006236,0.19691998573972122,0.23122079865965434,1D-CNN
S309,0.5389058488748555,0.270183531448785,0.19091061967635672,1D-CNN
S310,0.727648245417165,0.17696552271748417,0.09538623186535139,1D-CNN
S311,0.7889057749742234,0.08502995237517985,0.12606427265059683,1D-CNN
S312,0.4517201117238132,0.46672220145098114,0.08155768682520563,ANN
S313,0.44663155637935636,0.4722405368084363,0.08112790681220534,ANN
S314,0.15845037395888292,0.26094775726155905,0.5806018687795566,GRU
S315,0.1124509353657371,0.6335933015119741,0.25395576312228824,ANN
S316,0.3184149217910319,0.19606618613877297,0.4855188920701944,GRU
S317,0.24869410861354982,0.24499244062141784,0.5063134507650325,GRU
S318,0.37396926310154766,0.2695888838535344,0.3564418530449167,1D-CNN
S319,0.3671591652885972,0.395911504204676,0.2369293305067273,ANN
S320,0.3696646002152643,0.38796323810480204,0.24237216167993558,ANN
S321,0.4309210594893942,0.3068164895786514,0.26226245093195366,1D-CNN
S322,0.1736365219716301,0.5992466425490844,0.22711683547928352,ANN
S323,0.18217261640812202,0.43176853510581736,0.38605884848606337,ANN
S324,0.12827777101034496,0.13885353893908603,0.7328686900505689,GRU
S325,0.19828022640947313,0.16009640827166918,0.6416233653188597,GRU
S326,0.18581193669896098,0.28514435360790585,0.529043709693132,GRU
S327,0.11256998868567743,0.10209443941779837,0.7853355718965237,GRU
S328,0.13061607344656395,0.11188277168756242,0.7575011548658734,GRU
S329,0.09092048259124448,0.10418009405926888,0.804899423349488,GRU
S330,0.06492776205995558,0.041222240862520146,0.893849997077524,GRU
S331,0.117825989651806,0.11725689961324734,0.7649171107349461,GRU
S332,0.09294209888515415,0.13283798208936376,0.774219919025481,GRU
S333,0.12247410809954148,0.24946665689174086,0.6280592350087165,GRU
S334,0.10249810317285526,0.15982356842282078,0.7376783284043241,GRU
S335,0.42618890761212236,0.33514508115307506,0.23866601123480172,1D-CNN
S336,0.14720520516084107,0.07489525400885616,0.7778995408303024,GRU
S337,0.18138484494651508,0.3936303234325482,0.42498483162093664,GRU
S338,0.41033161087958614,0.3900418642366254,0.19962652488378657,1D-CNN
S339,0.6050375048901679,0.09099282757840325,0.3039696675314289,1D-CNN
S340,0.6091425607602503,0.19891571776146613,0.1919417214782836,1D-CNN
S341,0.8553212128046634,0.10495323581866951,0.03972555137666713,1D-CNN
S342,0.8155141017144357,0.15503253416893725,0.029453364116626274,1D-CNN
S343,0.7377421320705289,0.19597214133785423,0.06628572659161704,1D-CNN
S344,0.35835472351786696,0.5207310633632456,0.12091421311888949,ANN
S345,0.2624646790668491,0.4978862997405472,0.23964902119260306,ANN
S346,0.05417490949699398,0.5600906792763964,0.38573441122661023,ANN
S347,0.06763221386726272,0.34639662593166526,0.5859711602010713,GRU
S348,0.2656169395518169,0.2507962972583641,0.48358676318981647,GRU
S349,0.29124043057333354,0.22668084416703785,0.48207872525963136,GRU
S350,0.35253744708210577,0.19395209312548012,0.45351045979241345,GRU
S351,0.35499737248998026,0.35798317652559297,0.2870194509844273,ANN
S352,0.6324307206863892,0.25506490104870505,0.1125043782649066,1D-CNN
S353,0.9571094011804401,0.024371468430547983,0.018519130389010843,1D-CNN
S354,0.958430499757391,0.0305035615723692,0.011065938670239084,1D-CNN
S355,0.8372806436012811,0.11668820240399001,0.04603115399472803,1D-CNN
S356,0.42686588793761393,0.48662861285599024,0.08650549920639589,ANN
S357,0.2892175409960097,0.6226226920587745,0.08815976694521548,ANN
S358,0.31851827543827327,0.43384356577489336,0.24763815878683346,ANN
S359,0.1724175755795747,0.24726225980351071,0.5803201646169153,GRU
S360,0.11879260929588992,0.6498648157391598,0.23134257496495028,ANN
S361,0.27749112783025887,0.11131499556552621,0.6111938766042156,GRU
S362,0.23761088121208893,0.2373965502281422,0.5249925685597663,GRU
S363,0.3518112445707,0.24496125963191653,0.40322749579738415,GRU
S364,0.3050816481334921,0.365290410722563,0.3296279411439447,ANN
S365,0.4841037492405481,0.30753460563870283,0.208361645120749,1D-CNN
S366,0.4164132327569937,0.21569301993910117,0.36789374730390456,1D-CNN
S367,0.15009183058839418,0.3307480854459695,0.5191600839656364,GRU
S368,0.10662616318712195,0.284799197656612,0.6085746391562661,GRU
S369,0.06772852383359297,0.1854377184845685,0.7468337576818385,GRU
S370,0.02337323616871912,0.04170642615551357,0.9349203376757661,GRU
S371,0.010064194416324435,0.009174591862379582,0.9807612137212959,GRU
S372,0.03430125903496505,0.03823509459237589,0.9274636463726607,GRU
S373,0.6133083821832854,0.2545373851458031,0.1321542326709138,1D-CNN
S374,0.9379999671801802,0.030318460993442972,0.03168157182637591,1D-CNN
S375,0.43550221168030895,0.2160596538631285,0.34843813445656524,1D-CNN
S376,0.11210356536250765,0.8045696866956558,0.08332674794183641,ANN
S377,0.29289155141992024,0.5026132934017964,0.20449515517828515,ANN
S378,0.08414457079593542,0.12031540721380207,0.7955400219902632,GRU
S379,0.03665170823785343,0.05842852538353773,0.9049197663786098,GRU
S380,0.14615335926056125,0.3074300089666684,0.5464166317727702,GRU
S381,0.3476317329156563,0.19902232674220613,0.4533459403421373,GRU
S382,0.9886073794082046,0.0054992511264808875,0.005893369465314238,1D-CNN
S383,0.9151156337244858,0.055360060981518786,0.02952430529399588,1D-CNN
S384,0.8813554287761995,0.0813211223673443,0.037323448856455214,1D-CNN
S385,0.7039942663858537,0.2495592351338907,0.04644649848025364,1D-CNN
S386,0.7301647310093354,0.22017079539762968,0.04966447359303627,1D-CNN
S387,0.7145648537489608,0.19687269300064247,0.08856245325039738,1D-CNN
S388,0.6996467420714972,0.22941146610498853,0.07094179182351498,1D-CNN
S389,0.5673738700542147,0.30042433878890035,0.13220179115688233,1D-CNN
S390,0.4751051937787692,0.37412032703178333,0.150774479189447,1D-CNN
S391,0.33470227262625973,0.463937541258267,0.2013601861154739,ANN
S392,0.2568894586079519,0.5090708992699858,0.23403964212206377,ANN
S393,0.11633274139540942,0.33085862792093684,0.5528086306836534,GRU
S394,0.06284732538894915,0.3758488467980356,0.5613038278130147,GRU
S395,0.06371350614591036,0.3916292219358222,0.5446572719182682,GRU
S396,0.13645270812880678,0.22098290695833978,0.6425643849128526,GRU
S397,0.09341038415162024,0.4710976148293862,0.4354920010189936,ANN
S398,0.8824370870233985,0.024813599205546287,0.09274931377105444,1D-CNN
S399,0.21781747583617164,0.12836619127491256,0.6538163328889149,GRU
S400,0.18921601090389809,0.5468179523508201,0.26396603674528096,ANN
S401,0.6083982382006254,0.25975652664080146,0.13184523515857388,1D-CNN
S402,0.8411478116436916,0.1174159909109423,0.04143619744536617,1D-CNN
S403,0.45263098999736956,0.4578068143737489,0.08956219562888157,ANN
S404,0.20267786196878804,0.3695814241200156,0.4277407139111955,GRU
S405,0.03151249646037341,0.9499519165168728,0.01853558702275414,ANN
S406,0.8908584422460764,0.04863235732752451,0.06050920042639968,1D-CNN
S407,0.18493200034762328,0.1639348997794457,0.6511330998729307,GRU
S408,0.09650432665683528,0.5904687260181379,0.3130269473250261,ANN
S409,0.21117243675905664,0.523572279403291,0.2652552838376541,ANN
S410,0.3129215526168025,0.10244247185278943,0.5846359755304072,GRU
S411,0.6609422597958478,0.11727160858761587,0.2217861316165366,1D-CNN
S412,0.5901815909116257,0.2530603458128522,0.15675806327552222,1D-CNN
S413,0.6360782409787041,0.2505358164427834,0.11338594257851126,1D-CNN
S414,0.5250112692976474,0.3610641685447858,0.113924562157567,1D-CNN
S415,0.42833483733267624,0.433238778028068,0.13842638463925785,ANN
S416,0.1761107946620423,0.38916996821573635,0.43471923712222094,GRU
S417,0.04472086117530869,0.5348996333201173,0.42037950550457326,ANN
S418,0.19718832783561102,0.14121896108400742,0.6615927110803816,GRU
S419,0.14933889532659117,0.20914673119639626,0.6415143734770131,GRU
S420,0.15960986610610808,0.10666263796751299,0.7337274959263789,GRU
S421,0.11914052849040456,0.11697043005197474,0.7638890414576213,GRU
S422,0.1656295421806195,0.05229229757693623,0.7820781602424444,GRU
S423,0.12008648449634891,0.05274316247716468,0.8271703530264866,GRU
S424,0.059392079129558226,0.09589963440833615,0.8447082864621054,GRU
S425,0.11305356135642398,0.3368876347006945,0.5500588039428822,GRU
S426,0.18856840677703252,0.20877091519834493,0.6026606780246232,GRU
S427,0.07322104390154531,0.06840081857907178,0.8583781375193825,GRU
S428,0.1320201644842132,0.11992619489735874,0.7480536406184275,GRU
S429,0.6414796860566814,0.19243660097085918,0.16608371297246105,1D-CNN
S430,0.5609120990058196,0.06674386603105335,0.3723440349631299,1D-CNN
S431,0.10809677500379675,0.08831672187563656,0.8035865031205667,GRU
S432,0.06782693825279024,0.7816703061185026,0.15050275562870438,ANN
S433,0.1279717945180466,0.05178150194381719,0.8202467035381367,GRU
S434,0.6619392206638587,0.1510241432069157,0.18703663612922497,1D-CNN
S435,0.8853200877037944,0.0638688060944802,0.050811106201726845,1D-CNN
S436,0.9214738636568289,0.04197754387508233,0.03654859246808866,1D-CNN
S437,0.4951231019542453,0.44011219510231636,0.06476470294343821,1D-CNN
S438,0.29703916394359353,0.619811646841114,0.08314918921529224,ANN
S439,0.27015403023396234,0.4648698579449021,0.2649761118211362,ANN
S440,0.27193909404666444,0.25145048626646505,0.47661041968687207,GRU
S441,0.5239109630093111,0.2679399646338916,0.2081490723567967,1D-CNN
S442,0.4738053443309526,0.2615796847221694,0.26461497094688,1D-CNN
S443,0.36499013666521124,0.3053478819803102,0.329661981354477,1D-CNN
S444,0.17498045175281238,0.5274313665686794,0.29758818167850754,ANN
S445,0.309610744949849,0.39589948146638165,0.2944897735837691,ANN
S446,0.13292296422404457,0.23580594624541776,0.631271089530537,GRU
S447,0.12689826332776766,0.3081911338353436,0.564910602836889,GRU
S448,0.18505072472730622,0.17914246865159072,0.6358068066211048,GRU
S449,0.19825778890859022,0.06622322669938802,0.7355189843920219,GRU
S450,0.023956410724208625,0.02183320363986634,0.9542103856359246,GRU
S451,0.15052610243235137,0.10694868088917775,0.7425252166784709,GRU
S452,0.2098856693825289,0.1915423836269395,0.5985719469905296,GRU
S453,0.11303974946998774,0.22156052638840193,0.6653997241416126,GRU
S454,0.08947868671790091,0.3026761265557715,0.6078451867263284,GRU
S455,0.08346045387680592,0.1318562815603312,0.784683264562863,GRU
S456,0.06573366709965867,0.1180362186188121,0.8162301142815288,GRU
S457,0.034026928116044075,0.03991036417491733,0.9260627077090384,GRU
S458,0.4381933855573357,0.29612572523852254,0.26568088920414135,1D-CNN
S459,0.8756658352162934,0.04674504392422922,0.07758912085947701,1D-CNN
S460,0.9291528113198708,0.030553586643820685,0.04029360203630609,1D-CNN
S461,0.7598487094279438,0.17882135146198005,0.0613299391100782,1D-CNN
S462,0.62149845569298,0.30467175999499196,0.07382978431202854,1D-CNN
S463,0.19367429904283698,0.7333837588883745,0.07294194206878779,ANN
S464,0.09968604129842985,0.7409891877231576,0.1593247709784126,ANN
S465,0.0735879601014268,0.28731848901851803,0.639093550880055,GRU
S466,0.025813180401778574,0.0727290444122493,0.9014577751859728,GRU
S467,0.03412176721504596,0.287747854682736,0.678130378102218,GRU
S468,0.07723691929923629,0.1568962731345755,0.76586680756619,GRU
S469,0.07648420393985031,0.22512235425804383,0.6983934418021085,GRU
S470,0.09096984335262095,0.21425645040989838,0.6947737062374802,GRU
S471,0.13154214138433556,0.44798907559813206,0.4204687830175315,ANN
S472,0.09168728004465022,0.24338848817458758,0.6649242317807642,GRU
S473,0.10565074227563272,0.33239939235814864,0.5619498653662186,GRU
S474,0.2311824551248304,0.3394785833685256,0.42933896150664325,GRU
S475,0.26220442015580403,0.35310000924108687,0.3846955706031082,GRU
S476,0.28677199137006015,0.26823885035466627,0.4449891582752736,GRU
S477,0.2715770533766701,0.2525445567180144,0.47587838990531556,GRU
S478,0.2597824113539553,0.32670025204597547,0.41351733660006995,GRU
S479,0.27341494870651545,0.27562785707681997,0.4509571942166647,GRU
S480,0.2906940842688776,0.2730613002940905,0.43624461543703164,GRU
S481,0.4228808248887111,0.2901459561994223,0.2869732189118665,1D-CNN
S482,0.4299900378775631,0.11024799694787511,0.45976196517456175,GRU
S483,0.8411197749534023,0.021337311842721526,0.137542913203877,1D-CNN
S484,0.4130286301720536,0.4587779114994234,0.12819345832852336,ANN
S485,0.3249167445267608,0.46228104596950054,0.21280220950373932,ANN
S486,0.3367040089905349,0.23562012663726137,0.4276758643722035,GRU
S487,0.18448082175994565,0.5540787725078403,0.2614404057322136,ANN
S488,0.6575017095805684,0.16147892679772755,0.1810193636217063,1D-CNN
S489,0.7500105272564809,0.09614964435663556,0.1538398283868829,1D-CNN
S490,0.1897362990420707,0.226236929367985,0.5840267715899462,GRU
S491,0.1557023446623552,0.23209051912986714,0.6122071362077771,GRU
S492,0.47726746480495474,0.11380559117277435,0.4089269440222701,1D-CNN
S493,0.033655870671278884,0.18501724974887676,0.7813268795798431,GRU
S494,0.21662557343767955,0.06000189951651749,0.7233725270458031,GRU
S495,0.20163278249761268,0.06507102081414841,0.7332961966882381,GRU
S496,0.03402516526268987,0.26539897089845693,0.7005758638388531,GRU
S497,0.4014325918600482,0.09025981656409167,0.5083075915758603,GRU
S498,0.20822569798953047,0.46890390451022446,0.3228703975002451,ANN
S499,0.06365441434235268,0.06232969835211331,0.8740158873055341,GRU
S500,0.17343984618867,0.3910377494965285,0.4355224043147995,GRU
S501,0.1471036660434983,0.16625095481459334,0.6866453791419077,GRU
S502,0.11661678215278307,0.3025171740622778,0.5808660437849371,GRU
S503,0.16652894641052013,0.29628374496383897,0.5371873086256396,GRU
S504,0.10633308370349272,0.12677296243809316,0.7668939538584134,GRU
S505,0.14354696777189033,0.1713533121459488,0.6850997200821609,GRU
S506,0.5931702380742158,0.142173757925407,0.26465600400037725,1D-CNN
S507,0.8413477577134632,0.06630099459901145,0.09235124768752481,1D-CNN
S508,0.9395601884985512,0.013459910793369848,0.04697990070807904,1D-CNN
S509,0.9790743302432371,0.006277346767960139,0.01464832298880268,1D-CNN
S510,0.7603737281207856,0.16109631909208283,0.07852995278713105,1D-CNN
S511,0.5689285225768325,0.3262748123906475,0.10479666503251943,1D-CNN
S512,0.40587611951805075,0.4785939457434414,0.11552993473850748,ANN
S513,0.15949769267999883,0.607025427166552,0.23347688015344836,ANN
S514,0.061499199629471896,0.19444842898190745,0.7440523713886226,GRU
S515,0.03317042840771443,0.10310392258820587,0.8637256490040812,GRU
S516,0.026122935011204138,0.17609312389466414,0.7977839410941333,GRU
S517,0.033799338361054074,0.01171764416969934,0.9544830174692464,GRU
S518,0.0035298979120833534,0.0075021544178881456,0.9889679476700279,GRU
S519,0.11633267231202118,0.34490202131134773,0.5387653063766298,GRU
S520,0.3861322807396424,0.3950076841922918,0.2188600350680671,ANN
S521,0.08592762401893948,0.1363276238464941,0.7777447521345666,GRU
S522,0.08826699786471116,0.3203844556555613,0.5913485464797276,GRU
S523,0.25962102175513135,0.29540007063934565,0.4449789076055249,GRU
S524,0.0910335254072311,0.038006736613270156,0.8709597379794983,GRU
S525,0.04598364778891142,0.04562639011189838,0.9083899620991897,GRU
S526,0.12272884465148798,0.2503425300944869,0.6269286252540249,GRU
S527,0.09479526781419717,0.1355251629948099,0.7696795691909916,GRU
S528,0.07139599732616933,0.10161659174127498,0.8269874109325552,GRU
S529,0.2348766454302618,0.19877910915479344,0.5663442454149449,GRU
S530,0.8399714249659829,0.0641527428126681,0.09587583222134859,1D-CNN
S531,0.9535729649727785,0.019229533652007164,0.027197501375214355,1D-CNN
S532,0.8549742085521976,0.09644676850799846,0.04857902293980303,1D-CNN
S533,0.5579807723640969,0.37827919838184654,0.06374002925405721,1D-CNN
S534,0.5181398452947777,0.3838338558121033,0.09802629889311847,1D-CNN
S535,0.6326864074373403,0.2004705224261984,0.16684307013646205,1D-CNN
S536,0.27087787730947815,0.5392036496098133,0.1899184730807087,ANN
S537,0.21971818440146587,0.3825113646384815,0.39777045096005265,GRU
S538,0.059072805469799636,0.3832312904020133,0.5576959041281871,GRU
S539,0.06072011612357985,0.239918011131851,0.6993618727445698,GRU
S540,0.05536959122195481,0.014445310391975982,0.9301850983860682,GRU
S541,0.12004012559700646,0.11391801701769834,0.7660418573852975,GRU
S542,0.35393678116770466,0.23455918212020138,0.4115040367120936,GRU
S543,0.24529337393819717,0.31526110986868594,0.43944551619311556,GRU
S544,0.20765704856315026,0.38277950004309114,0.4095634513937585,GRU
S545,0.7288815925650725,0.1357729769496404,0.13534543048528666,1D-CNN
S546,0.6178007662404941,0.09937781770206815,0.28282141605743705,1D-CNN
S547,0.17854088550908162,0.2791115210165766,0.5423475934743418,GRU
S548,0.15239099818120183,0.6029567931054741,0.2446522087133235,ANN
S549,0.2520533764365386,0.3359995211383549,0.4119471024251065,GRU
S550,0.1381934781824196,0.12359926111209349,0.7382072607054863,GRU
S551,0.06351039036698862,0.0722281319603821,0.8642614776726298,GRU
S552,0.6051652376434368,0.30354381088134563,0.09129095147521725,1D-CNN
S553,0.5222665682160877,0.17048240016905283,0.30725103161485684,1D-CNN
S554,0.2820940206985963,0.306925914178406,0.41098006512299784,GRU
S555,0.3340145692338932,0.5634464275627821,0.10253900320332544,ANN
S556,0.6272016299741149,0.19860540419100384,0.17419296583488186,1D-CNN
S557,0.49233749872549065,0.25231825905698885,0.2553442422175184,1D-CNN
S558,0.44320899673494535,0.4756999036042809,0.08109109966077452,ANN
S559,0.47143066740089407,0.34841684590613586,0.1801524866929708,1D-CNN
S560,0.7252741858148851,0.18777896907938957,0.08694684510572598,1D-CNN
S561,0.2534914870694714,0.4780805305811576,0.2684279823493703,ANN
S562,0.1581499449373476,0.5711047114295299,0.2707453436331221,ANN
S563,0.23129852911705215,0.35852158779444493,0.41017988308850206,GRU
S564,0.0894833223938116,0.19682302287765108,0.7136936547285384,GRU
S565,0.11280212954827568,0.13750715404305353,0.7496907164086712,GRU
S566,0.20056972097898132,0.09368040995507776,0.7057498690659415,GRU
S567,0.06552912879177884,0.035968537357429345,0.8985023338507916,GRU
S568,0.12997996159657207,0.19011919791623605,0.6799008404871919,GRU
S569,0.2419911750636818,0.08596871023079752,0.6720401147055202,GRU
S570,0.39203955634694015,0.02062173056417278,0.5873387130888846,GRU
S571,0.48059448249952114,0.2020094082748999,0.31739610922557854,1D-CNN
S572,0.6383811123555376,0.27035093659430504,0.09126795105015983,1D-CNN
S573,0.5499684290008354,0.3751349473754811,0.07489662362368218,1D-CNN
S574,0.4036598406838734,0.49756450856169854,0.09877565075442706,ANN
S575,0.1436955421919901,0.22766770150419338,0.6286367563038161,GRU
S576,0.09314951428052622,0.32320031300843755,0.5836501727110386,GRU
S577,0.2928529739763757,0.3978877251650176,0.3092593008586061,ANN
S578,0.7155186014529302,0.08046246133296803,0.20401893721410172,1D-CNN
S579,0.343302802378637,0.2832077050756058,0.3734894925457553,GRU
S580,0.3012526612642391,0.559169889419837,0.13957744931592597,ANN
S581,0.4529096721469888,0.4641095338047911,0.08298079404822048,ANN
S582,0.2757351955337668,0.22353118242529146,0.5007336220409405,GRU
S583,0.10794768117792289,0.6152163893641366,0.2768359294579402,ANN
S584,0.34278952496083037,0.5061044350110023,0.15110604002816733,ANN
S585,0.3030292772008888,0.16225887398688318,0.5347118488122279,GRU
