Segment,1D-CNN,ANN,GRU,Selected
S1,0.31700813431336283,0.31371227048798855,0.3692795951986494,GRU
S2,0.33972564738103944,0.2785900002625953,0.3816843523563653,GRU
S3,0.3373355991554478,0.2684918852249321,0.3941725156196202,GRU
S4,0.3226306518757069,0.26421710124026765,0.41315224688402513,GRU
S5,0.44757109261202305,0.25476039259717975,0.29766851479079703,1D-CNN
S6,0.49618114692913534,0.41012926978584174,0.09368958328502294,1D-CNN
S7,0.2822698679196749,0.6039783440380424,0.11375178804228309,ANN
S8,0.21525849593987345,0.6406348251815804,0.1441066788785462,ANN
S9,0.3093334201185431,0.4796837216965106,0.2109828581849463,ANN
S10,0.23352254837469083,0.5548123795667611,0.21166507205854818,ANN
S11,0.2998123984643527,0.29092371778664045,0.4092638837490063,GRU
S12,0.26395723151020745,0.28645934007106344,0.4495834284187287,GRU
S13,0.23631567612653548,0.24417608123806311,0.5195082426354012,GRU
S14,0.21255346605231393,0.24131515898669526,0.546131374960991,GRU
S15,0.27566170292660314,0.17301253807554534,0.5513257589978512,GRU
S16,0.3197566173656575,0.15064390274987705,0.5295994798844655,GRU
S17,0.2222750098698032,0.21504951780393458,0.5626754723262621,GRU
S18,0.36656425752200167,0.2772384631662631,0.3561972793117354,1D-CNN
S19,0.34070323259301316,0.278648215310011,0.38064855209697596,GRU
S20,0.2177504889445516,0.3420812858678497,0.4401682251875989,GRU
S21,0.16888898297515395,0.4731822091495917,0.3579288078752544,ANN
S22,0.3557703069710166,0.24548903575169068,0.3987406572772935,GRU
S23,0.13156927637445276,0.08909276900361635,0.7793379546219308,GRU
S24,0.18590971024443742,0.34740842669699357,0.46668186305856907,GRU
S25,0.5135681645741219,0.4006987968014612,0.08573303862441688,1D-CNN
S26,0.2906400323954169,0.2168003006523144,0.4925596669522687,GRU
S27,0.1942514779397848,0.621959251871334,0.1837892701888818,ANN
S28,0.5214861739282964,0.2960146467075154,0.1824991793641882,1D-CNN
S29,0.5180280336227122,0.3011711907806262,0.18080077559666144,1D-CNN
S30,0.4413580980837302,0.40018059005612333,0.15846131186014648,1D-CNN
S31,0.45732777413085834,0.3865678843187756,0.15610434155036676,1D-CNN
S32,0.2814531923437278,0.6080315761254658,0.11051523153080639,ANN
S33,0.25624759351981896,0.594306848731579,0.14944555774860216,ANN
S34,0.2534904553417806,0.5459887911693355,0.20052075348888374,ANN
S35,0.22284927687169026,0.49124481374925794,0.2859059093790518,ANN
S36,0.2527679664351627,0.5344709494229213,0.21276108414191586,ANN
S37,0.20353759659614526,0.4173952141507892,0.3790671892530655,ANN
S38,0.40356274967617,0.36643484844678814,0.23000240187704274,1D-CNN
S39,0.5499593111944279,0.34600305236394946,0.10403763644162206,1D-CNN
S40,0.2702301776482211,0.42658989620117865,0.3031799261506001,ANN
S41,0.21791621643300588,0.35624794039889746,0.42583584316809675,GRU
S42,0.3262875982870331,0.4160489576867745,0.2576634440261922,ANN
S43,0.27260055873804556,0.198140614623038,0.5292588266389163,GRU
S44,0.22377570660685236,0.2833471084205098,0.49287718497263727,GRU
S45,0.29996762738632365,0.2895689766259527,0.4104633959877235,GRU
S46,0.28287181970858005,0.2545629246083937,0.46256525568302614,GRU
S47,0.19254797360331913,0.16644642957091377,0.6410055968257669,GRU
S48,0.3191921067252877,0.24936669970746714,0.43144119356724503,GRU
S49,0.2743622641757063,0.23514050434986414,0.4904972314744294,GRU
S50,0.27398668594447767,0.21700050394701628,0.5090128101085066,GRU
S51,0.3397754809420132,0.2108234450590131,0.4494010739989742,GRU
S52,0.4159490485601604,0.20717774844935496,0.3768732029904847,1D-CNN
S53,0.4563109338573185,0.22416249368932473,0.3195265724533567,1D-CNN
S54,0.3806303162216402,0.4661676570628589,0.15320202671550068,ANN
S55,0.2962573519065685,0.5652122619343694,0.13853038615906174,ANN
S56,0.25151278836288865,0.5660099194651685,0.18247729217194283,ANN
S57,0.12763959385432694,0.6608978812665942,0.21146252487907943,ANN
S58,0.22732835038995788,0.518459203070222,0.25421244653982,ANN
S59,0.279355812925256,0.2690029910546006,0.45164119602014297,GRU
S60,0.19004221552069941,0.2055952472294753,0.604362537249825,GRU
S61,0.11914756933445357,0.09957597393339358,0.781276456732153,GRU
S62,0.22387125988510212,0.22479014479691134,0.5513385953179865,GRU
S63,0.22494174981839443,0.35317037650829525,0.4218878736733105,GRU
S64,0.1894680568962348,0.6056676392141629,0.2048643038896023,ANN
S65,0.36591862623061155,0.39233987038157736,0.241741503387811,ANN
S66,0.3961454750645774,0.13458061619568004,0.4692739087397421,GRU
S67,0.4038773285553874,0.13312635492615346,0.4629963165184587,GRU
S68,0.5746236221210441,0.15153482525309525,0.27384155262586135,1D-CNN
S69,0.354642262899214,0.14721933475660423,0.4981384023441817,GRU
S70,0.2837326687280149,0.6176432325365985,0.09862409873538644,ANN
S71,0.5324260015382511,0.28647017198361063,0.18110382647813805,1D-CNN
S72,0.3321753150040247,0.2999499569836716,0.36787472801230336,GRU
S73,0.2322863281448507,0.4333259055048818,0.3343877663502677,ANN
S74,0.331093866926088,0.3494383016340685,0.3194678314398437,ANN
S75,0.2489388399574959,0.2324868693508203,0.5185742906916845,GRU
S76,0.3726678814605347,0.25035390888625353,0.3769782096532113,GRU
S77,0.6169590599790079,0.21727252132123712,0.16576841869975514,1D-CNN
S78,0.5110684044237315,0.30061428326924383,0.1883173123070241,1D-CNN
S79,0.3572504117042508,0.5104909030426814,0.1322586852530678,ANN
S80,0.3658164345964185,0.404702360026796,0.22948120537678557,ANN
S81,0.17103517237856444,0.7312348034092598,0.09773002421217576,ANN
S82,0.1003394975661329,0.7793298847466562,0.12033061768721151,ANN
S83,0.2888730254689415,0.42072565771069786,0.29040131682036047,ANN
S84,0.300837612568647,0.46979206126339257,0.22937032616796052,ANN
S85,0.2817770426039754,0.4602223267793148,0.2580006306167095,ANN
S86,0.15291929780379296,0.6245594919383016,0.222521210257905,ANN
S87,0.47812006032537857,0.42740262492916764,0.09447731474545326,1D-CNN
S88,0.37043645381557466,0.45475233848773017,0.17481120769669511,ANN
S89,0.32713173450257443,0.44630625737668084,0.22656200812074467,ANN
S90,0.3800845476830074,0.45993529558723417,0.15998015672975816,ANN
S91,0.43612767447994333,0.44855998423062254,0.1153123412894341,ANN
S92,0.4609198960462859,0.34307473043314884,0.19600537352056488,1D-CNN
S93,0.3007601545721289,0.427212035695522,0.27202780973234914,ANN
S94,0.19069073917504034,0.6467335676358468,0.1625756931891127,ANN
S95,0.28354265760623326,0.5128633666264708,0.20359397576729601,ANN
S96,0.29261597694834207,0.34182274825849956,0.365561274793158,GRU
S97,0.37264445234233595,0.36010524036400365,0.2672503072936604,1D-CNN
S98,0.41729665979102976,0.30339544205026336,0.2793078981587068,1D-CNN
S99,0.2083941897557613,0.586245532728541,0.2053602775156975,ANN
S100,0.32730102195271504,0.4684361605469633,0.20426281750032146,ANN
S101,0.40858393955580086,0.33923535901842483,0.2521807014257743,1D-CNN
S102,0.3492456147682959,0.43125956344319033,0.21949482178851368,ANN
S103,0.4862202685491883,0.3350865949291711,0.17869313652164057,1D-CNN
S104,0.3921152617443232,0.4585958779887832,0.1492888602668933,ANN
S105,0.4051469861475539,0.38961681923934044,0.20523619461310555,1D-CNN
S106,0.3034977400725494,0.47699708673139063,0.21950517319605994,ANN
S107,0.27729358274616134,0.48705305762652057,0.2356533596273181,ANN
S108,0.2481546055619184,0.45916728979286264,0.2926781046452191,ANN
S109,0.2511722970472209,0.2904474405509651,0.4583802624018132,GRU
S110,0.309618653368166,0.32189435223488894,0.3684869943969455,GRU
S111,0.42465383781911226,0.25784008933401703,0.3175060728468709,1D-CNN
S112,0.32991715988960135,0.3358459207531786,0.3342369193572201,ANN
S113,0.3725119662041502,0.3764850988731388,0.2510029349227111,ANN
S114,0.3832227697820379,0.39201234963873677,0.22476488057922467,ANN
S115,0.37696924621108935,0.406384886457325,0.21664586733158528,ANN
S116,0.26750611812823494,0.45145393360499836,0.2810399482667663,ANN
S117,0.2741594006227446,0.24846497441041207,0.47737562496684327,GRU
S118,0.1581965339405359,0.45712890590021393,0.3846745601592509,ANN
S119,0.31253675684128596,0.23011404217076603,0.4573492009879482,GRU
S120,0.265792053944133,0.2563784048960679,0.47782954115979903,GRU
S121,0.2676197281888741,0.25445087659264715,0.4779293952184785,GRU
S122,0.3825377712431028,0.30183898879820314,0.3156232399586947,1D-CNN
S123,0.40264472803879703,0.24771904062655803,0.34963623133464433,1D-CNN
S124,0.3995900141852839,0.2528007597664679,0.34760922604824773,1D-CNN
S125,0.38858346246860015,0.34394886696173654,0.26746767056966253,1D-CNN
S126,0.4332350969912652,0.37381871941343525,0.19294618359529914,1D-CNN
S127,0.3558176376759377,0.5043996953794692,0.1397826669445933,ANN
S128,0.2535701210034174,0.5920034869270465,0.15442639206953584,ANN
S129,0.13661228906573533,0.560698897242057,0.3026888136922078,ANN
S130,0.20945579741269169,0.6115982578631677,0.1789459447241407,ANN
S131,0.44451749595167783,0.28960606925284776,0.2658764347954737,1D-CNN
S132,0.4633937103717387,0.31193150412402587,0.22467478550423517,1D-CNN
S133,0.4016122662681021,0.31448322829360226,0.2839045054382957,1D-CNN
S134,0.3442385516721507,0.42560353401162243,0.23015791431622662,ANN
S135,0.3391231292696111,0.43166746168217557,0.22920940904821413,ANN
S136,0.39428672261286024,0.3288912998703376,0.2768219775168023,1D-CNN
S137,0.22429293680782564,0.31982850056624834,0.4558785626259255,GRU
S138,0.16692383084462134,0.3584184384149889,0.47465773074038964,GRU
S139,0.33906997557637136,0.23517287905196022,0.42575714537166826,GRU
S140,0.2160035545598762,0.07049345290057765,0.7135029925395461,GRU
S141,0.18091201213624364,0.21700835252559053,0.6020796353381659,GRU
S142,0.2976464346744352,0.5530883098997114,0.14926525542585314,ANN
S143,0.7307339510149901,0.15371130070073513,0.11555474828427435,1D-CNN
S144,0.13213183195009653,0.16741165330977428,0.700456514740129,GRU
S145,0.16021083260611288,0.7720126238366216,0.06777654355726562,ANN
S146,0.671154540292296,0.20918974694654682,0.1196557127611571,1D-CNN
S147,0.48738549076596355,0.3476302513723363,0.16498425786170004,1D-CNN
S148,0.3788565399237675,0.452479100312795,0.16866435976343716,ANN
S149,0.35335991613669826,0.4724153425866997,0.17422474127660195,ANN
S150,0.3411122144680998,0.4741231337830745,0.18476465174882548,ANN
S151,0.2704045576431695,0.4738723302178254,0.25572311213900506,ANN
S152,0.23897256534283945,0.408320596555233,0.35270683810192766,ANN
S153,0.323042941273238,0.282936939943197,0.39402011878356474,GRU
S154,0.22874447514380253,0.21521888129662234,0.556036643559575,GRU
S155,0.22425287465853708,0.2331825128705699,0.5425646124708938,GRU
S156,0.44162805631649293,0.1508050623116124,0.4075668813718943,1D-CNN
S157,0.084927184667508,0.2696151343197288,0.6454576810127634,GRU
S158,0.2314287117346814,0.25706243935566303,0.5115088489096553,GRU
S159,0.7762788009766087,0.14990861587741103,0.07381258314598016,1D-CNN
S160,0.6774149083822064,0.22803889968248267,0.09454619193531097,1D-CNN
S161,0.29754153693117014,0.26713374067572043,0.43532472239311004,GRU
S162,0.2002346273039387,0.686753702985287,0.1130116697107756,ANN
S163,0.5457870553888303,0.2963853778787317,0.15782756673243808,1D-CNN
S164,0.40489395687235036,0.3679137151349313,0.22719232799271785,1D-CNN
S165,0.26035269978269077,0.34008465280398836,0.39956264741332054,GRU
S166,0.2767040801639146,0.475838481301848,0.24745743853423724,ANN
S167,0.3761012006699169,0.33672546502148515,0.2871733343085978,1D-CNN
S168,0.3573153592776883,0.2727560351166611,0.36992860560565016,GRU
S169,0.3750359915146966,0.3604141826350215,0.26454982585028114,1D-CNN
S170,0.4036499699033857,0.42528454700590856,0.17106548309070546,ANN
S171,0.24043791546004445,0.6995844875458386,0.059977596994117,ANN
S172,0.4144553407039101,0.42721016431115233,0.1583344949849376,ANN
S173,0.3375697937695321,0.46229262805713833,0.20013757817332958,ANN
S174,0.26688192911586084,0.5594856900795458,0.17363238080459328,ANN
S175,0.32766360477291917,0.5078266978209384,0.16450969740614307,ANN
S176,0.3663184996540865,0.4317839394593149,0.20189756088659847,ANN
S177,0.3142658788891645,0.3992196400331611,0.28651448107767447,ANN
S178,0.16065164519504374,0.606248668194389,0.23309968661056682,ANN
S179,0.2397572373630801,0.36037425031177,0.3998685123251493,GRU
S180,0.18535498835713987,0.31091684206808506,0.5037281695747752,GRU
S181,0.06399228654630489,0.06595641343271916,0.8700513000209757,GRU
S182,0.3535887727533065,0.3801047536980279,0.26630647354866643,ANN
S183,0.5676105016398889,0.16613781421104917,0.2662516841490615,1D-CNN
S184,0.3208743103286524,0.3979004642375254,0.28122522543382233,ANN
S185,0.1921845896528381,0.4063295419694591,0.4014858683777027,ANN
S186,0.2515471995790226,0.4894027859803497,0.2590500144406284,ANN
S187,0.1341126567674679,0.12932764116213635,0.7365597020703953,GRU
S188,0.14625901577109018,0.1729206319791908,0.6808203522497188,GRU
S189,0.21443621740111726,0.22519297255827217,0.5603708100406112,GRU
S190,0.24293165121903934,0.23970488764940157,0.5173634611315592,GRU
S191,0.24780708521993494,0.1912593103778832,0.5609336044021818,GRU
S192,0.28777678100719917,0.22392746075921427,0.48829575823358673,GRU
S193,0.2777358074523343,0.2120064205226204,0.510257772025046,GRU
S194,0.28377388688536737,0.1892595314073777,0.526966581707255,GRU
S195,0.27568003862562834,0.11540504597434449,0.6089149154000273,GRU
S196,0.41680015843697443,0.14297565597995462,0.4402241855830711,GRU
S197,0.5676304601486847,0.15272044868755963,0.2796490911637554,1D-CNN
S198,0.5689300266275678,0.3156342566126435,0.11543571675978873,1D-CNN
S199,0.29869315480273123,0.6050855892637931,0.09622125593347555,ANN
S200,0.24003032106873284,0.6217790129883527,0.13819066594291454,ANN
S201,0.1725548197492485,0.6691067677620604,0.15833841248869077,ANN
S202,0.1950841656389915,0.614543124995976,0.19037270936503262,ANN
S203,0.2632837583975345,0.42811088609737524,0.30860535550509033,ANN
S204,0.2708134793973575,0.3485438452263057,0.3806426753763367,GRU
S205,0.2631086339109083,0.3369187909204651,0.3999725751686263,GRU
S206,0.22753013331780836,0.394503952339332,0.37796591434286014,ANN
S207,0.28461537492592714,0.33190066828013065,0.3834839567939423,GRU
S208,0.3765893023351085,0.2500394069373283,0.37337129072756325,1D-CNN
S209,0.35548929770539067,0.28136011050405113,0.363150591790558,GRU
S210,0.3302638900145147,0.3957816028130179,0.27395450717246717,ANN
S211,0.38095684220601245,0.4100443049579036,0.20899885283608333,ANN
S212,0.4412942006241278,0.3975750650726237,0.1611307343032483,1D-CNN
S213,0.35939908284998545,0.45773047905842285,0.18287043809159173,ANN
S214,0.2315400165158939,0.6175457231473217,0.15091426033678462,ANN
S215,0.34805954968327923,0.5599977150918856,0.09194273522483525,ANN
S216,0.5431504292989398,0.31734689043217584,0.1395026802688845,1D-CNN
S217,0.4424860542873428,0.3688582040415516,0.18865574167110524,1D-CNN
S218,0.3616610960367792,0.45357372256456135,0.1847651813986591,ANN
S219,0.35135348534001126,0.48498176510890595,0.16366474955108357,ANN
S220,0.3724235686407719,0.4456847479819613,0.18189168337726733,ANN
S221,0.38335172044891963,0.3873172133997721,0.22933106615130908,ANN
S222,0.33636779051202415,0.345449677775141,0.31818253171283484,ANN
S223,0.3559464268226159,0.44094896092968777,0.20310461224769627,ANN
S224,0.4582654546321347,0.3159655969064173,0.2257689484614487,1D-CNN
S225,0.359443133731347,0.3633650012136956,0.27719186505495735,ANN
S226,0.35121614491227093,0.38066173264856873,0.26812212243916084,ANN
S227,0.38413952385965233,0.35945315876748907,0.2564073173728586,1D-CNN
S228,0.3501093783638409,0.3580694115219731,0.29182121011418577,ANN
S229,0.37105597682504027,0.3527285615222845,0.27621546165267485,1D-CNN
S230,0.46521047210107325,0.25985920782824823,0.27493032007067847,1D-CNN
S231,0.32929832304617623,0.36002470241127926,0.31067697454254456,ANN
S232,0.2833885224655255,0.364781860221182,0.3518296173132925,ANN
S233,0.415290496464829,0.3290903898606597,0.25561911367451146,1D-CNN
S234,0.5025269441857624,0.22312122883933833,0.27435182697489946,1D-CNN
S235,0.40734162635525,0.34992607976903856,0.24273229387571155,1D-CNN
S236,0.40310692264531944,0.3761394626287228,0.2207536147259576,1D-CNN
S237,0.42419553781072045,0.3705824350481016,0.2052220271411778,1D-CNN
S238,0.3710231239959559,0.4097491410669701,0.21922773493707387,ANN
S239,0.35199842290630157,0.40240067612694386,0.24560090096675521,ANN
S240,0.3507814705877086,0.3498589060592989,0.2993596233529931,1D-CNN
S241,0.3507830246176325,0.31873827751530703,0.33047869786706036,1D-CNN
S242,0.3941860282163337,0.3119836891819302,0.29383028260173527,1D-CNN
S243,0.44644184599204845,0.26312676473484264,0.2904313892731083,1D-CNN
S244,0.4137455663496065,0.26319901245346294,0.32305542119693054,1D-CNN
S245,0.3955607997997607,0.3171487543203002,0.28729044587993907,1D-CNN
S246,0.4301834907281955,0.27116683184723944,0.29864967742456444,1D-CNN
S247,0.4182358246592471,0.2633833301129073,0.3183808452278454,1D-CNN
S248,0.4906302421370038,0.2098585779900178,0.29951117987297826,1D-CNN
S249,0.5011802633282985,0.21729617476676963,0.2815235619049318,1D-CNN
S250,0.49764944333509153,0.263018068382067,0.23933248828284148,1D-CNN
S251,0.6908579784550376,0.2176514157895778,0.09149060575538469,1D-CNN
S252,0.7202849270324022,0.20004440935072426,0.0796706636168735,1D-CNN
S253,0.6116347233816404,0.30565692634556985,0.08270835027278942,1D-CNN
S254,0.5469026552970317,0.3531997984631341,0.0998975462398342,1D-CNN
S255,0.4966307970566731,0.3704817395121413,0.13288746343118554,1D-CNN
S256,0.4311349407505311,0.4217251167719816,0.14713994247748705,1D-CNN
S257,0.4088804408363588,0.4188571117592378,0.17226244740440352,ANN
S258,0.39523678530250966,0.41410322194076027,0.1906599927567299,ANN
S259,0.38586859234516185,0.38439531347345723,0.22973609418138105,1D-CNN
S260,0.36557232899943976,0.382427557010759,0.2520001139898013,ANN
S261,0.378056724434195,0.34164862053450257,0.28029465503130235,1D-CNN
S262,0.3599466833917865,0.3187811289146674,0.32127218769354615,1D-CNN
S263,0.37917087220054585,0.2854411562237593,0.33538797157569555,1D-CNN
S264,0.45731018786875377,0.2811365414699767,0.26155327066126943,1D-CNN
S265,0.48709581180618866,0.2863383517426422,0.22656583645116912,1D-CNN
S266,0.4546878096195055,0.3233936213720895,0.22191856900840481,1D-CNN
S267,0.4317016998960682,0.3508609130979884,0.21743738700594395,1D-CNN
S268,0.4299764419439323,0.3435709008686185,0.22645265718744884,1D-CNN
S269,0.3923998083324302,0.3590561311561662,0.24854406051140351,1D-CNN
S270,0.3698997022041441,0.3567455881360912,0.2733547096597647,1D-CNN
S271,0.40702339188230274,0.3142259518200867,0.27875065629761003,1D-CNN
S272,0.40202085129464776,0.30502508941104006,0.2929540592943116,1D-CNN
S273,0.3878559201732523,0.2964650120927862,0.315679067733962,1D-CNN
S274,0.39273836500062126,0.27654233181823523,0.3307193031811436,1D-CNN
S275,0.39675837981144424,0.23726679398463968,0.3659748262039157,1D-CNN
S276,0.38681958801820093,0.229275198342436,0.3839052136393631,1D-CNN
S277,0.5067174672684446,0.17701206397849448,0.316270468753061,1D-CNN
S278,0.5217004850938356,0.19299837546063542,0.2853011394455292,1D-CNN
S279,0.5463664512747669,0.23616897870553955,0.21746457001969333,1D-CNN
S280,0.47936075903689807,0.25247159848485123,0.2681676424782502,1D-CNN
S281,0.2378861408836237,0.2573191934531672,0.504794665663209,GRU
S282,0.21363583371889366,0.28218024506020806,0.5041839212208976,GRU
S283,0.2510543501553233,0.2418495630291244,0.5070960868155524,GRU
S284,0.23362900850458998,0.22929885583271742,0.5370721356626926,GRU
S285,0.2780823731680404,0.39958000435513247,0.3223376224768271,ANN
S286,0.3679991219031842,0.2833411535597102,0.34865972453710575,1D-CNN
S287,0.28407829834529197,0.1908604723293435,0.5250612293253644,GRU
S288,0.2494945862935916,0.40103820142751273,0.34946721227889554,ANN
S289,0.5374529578977586,0.22291435097728377,0.23963269112495753,1D-CNN
S290,0.6260022090075683,0.27188591224062497,0.10211187875180683,1D-CNN
S291,0.6861115907604999,0.2069150103038066,0.10697339893569358,1D-CNN
S292,0.4940773628306817,0.38651656696240183,0.11940607020691604,1D-CNN
S293,0.4285267663865246,0.4173029562527861,0.15417027736068922,1D-CNN
S294,0.2981986188068516,0.5444552529400005,0.15734612825314676,ANN
S295,0.2734378580058262,0.5316284304940033,0.19493371150016975,ANN
S296,0.2772867321432971,0.48326133529016896,0.2394519325665345,ANN
S297,0.28875312145483323,0.4245154490934552,0.2867314294517117,ANN
S298,0.2761615118941757,0.3454103608108296,0.37842812729499475,GRU
S299,0.28391063931849664,0.3040880371541508,0.412001323527352,GRU
S300,0.27228153259651805,0.23906575193069501,0.48865271547278627,GRU
S301,0.24794106647763348,0.19951966851537642,0.55253926500699,GRU
S302,0.2217323051345305,0.13178656693352112,0.646481127931948,GRU
S303,0.2767686931235717,0.32557077889627933,0.39766052798014906,GRU
S304,0.2887884662637744,0.3519722133820849,0.35923932035414063,GRU
S305,0.3087396384163047,0.3283135874422115,0.3629467741414847,GRU
S306,0.3117357045641143,0.30713779548390147,0.381126499951985,GRU
S307,0.31620094025162815,0.30188086467506664,0.38191819507330527,GRU
S308,0.3507601508808132,0.2899109845767273,0.3593288645424593,GRU
S309,0.3372829280922855,0.22476563776056113,0.4379514341471527,GRU
S310,0.591719839288792,0.2930293912605646,0.11525076945064336,1D-CNN
S311,0.463465135486804,0.3734441132715479,0.16309075124164815,1D-CNN
S312,0.24550454109860406,0.6570326252503196,0.09746283365107633,ANN
S313,0.2140084238591232,0.6449556436044118,0.1410359325364652,ANN
S314,0.3017743946393099,0.402500256948442,0.29572534841224785,ANN
S315,0.22459666269426282,0.45970889802832654,0.31569443927741125,ANN
S316,0.3084484890618412,0.29870349444733446,0.3928480164908242,GRU
S317,0.3005019860791561,0.2892793728809379,0.4102186410399066,GRU
S318,0.3601030574895181,0.3225667349455269,0.31733020756495506,1D-CNN
S319,0.3765349059309583,0.3765964848369136,0.24686860923212817,ANN
S320,0.40314714182862565,0.34070735653873896,0.2561455016326361,1D-CNN
S321,0.2670855614899839,0.3871682444620511,0.3457461940479646,ANN
S322,0.25802129472392893,0.5039792046396061,0.2379995006364652,ANN
S323,0.25276036523396583,0.4585090488897195,0.2887305858763147,ANN
S324,0.32699582957964546,0.3737316749060864,0.2992724955142689,ANN
S325,0.29385586408625974,0.294436087587717,0.4117080483260233,GRU
S326,0.29311759011000393,0.3349976167612226,0.3718847931287734,GRU
S327,0.2162469330926758,0.18596701374987387,0.5977860531574508,GRU
S328,0.21935755637058924,0.20331969964831148,0.5773227439810991,GRU
S329,0.26232253567942,0.20320918013755268,0.5344682841830267,GRU
S330,0.2664706320908754,0.25936863970089696,0.47416072820822724,GRU
S331,0.3150087190587777,0.22729750940116442,0.45769377154005797,GRU
S332,0.22270789903374552,0.2447804191194694,0.5325116818467851,GRU
S333,0.22123057197439736,0.173698224250891,0.6050712037747114,GRU
S334,0.19174275438618255,0.1345426440049697,0.6737146016088481,GRU
S335,0.36804781373403767,0.20324584795509343,0.4287063383108689,GRU
S336,0.272334828097503,0.17417047973312477,0.5534946921693723,GRU
S337,0.27823658490766634,0.24370458418593247,0.47805883090640117,GRU
S338,0.35792158170864674,0.25167180913423676,0.39040660915711556,GRU
S339,0.41289343239669396,0.18188615306462605,0.40522041453867963,1D-CNN
S340,0.44402209940334325,0.2817026344625572,0.27427526613409936,1D-CNN
S341,0.5134024807468468,0.29001714577446,0.19658037347869328,1D-CNN
S342,0.33372547919541834,0.5550099030160887,0.1112646177884927,ANN
S343,0.3160600019690651,0.4970098774207668,0.18693012061016867,ANN
S344,0.2358112094587531,0.5512729456913702,0.21291584484987686,ANN
S345,0.2786119263828421,0.4444065266118145,0.27698154700534416,ANN
S346,0.18778048013272675,0.47737696981201144,0.33484255005526187,ANN
S347,0.24141191543598947,0.29682271074214833,0.46176537382186206,GRU
S348,0.30391886652231925,0.3382081123705583,0.35787302110712244,GRU
S349,0.34261823106273914,0.33448950256048005,0.32289226637678164,1D-CNN
S350,0.3841317613330051,0.3096766948101641,0.30619154385683056,1D-CNN
S351,0.35997763521838555,0.3663203796012528,0.2737019851803615,ANN
S352,0.35323055535583586,0.3471866366043456,0.2995828080398182,1D-CNN
S353,0.5983202438869695,0.31690517976569293,0.08477457634733734,1D-CNN
S354,0.3729553159945926,0.48877780945336075,0.13826687455204625,ANN
S355,0.3763145043353648,0.46262027541095435,0.1610652202536813,ANN
S356,0.2293298089556955,0.6538924667596854,0.11677772428461909,ANN
S357,0.3089687069263038,0.5410637865671262,0.1499675065065707,ANN
S358,0.30119482384593926,0.4470135955642383,0.2517915805898231,ANN
S359,0.2813781023061747,0.40351961097916067,0.31510228671466445,ANN
S360,0.21325430953247457,0.4176402542455169,0.3691054362220085,ANN
S361,0.32244590065426404,0.30398485979819867,0.3735692395475368,GRU
S362,0.3069587197046015,0.231809297587657,0.46123198270774124,GRU
S363,0.350824744353028,0.2394422937990676,0.4097329618479043,GRU
S364,0.3449222160732718,0.3079116729728381,0.34716611095388933,GRU
S365,0.3970706232095319,0.3357139570233426,0.26721541976712565,1D-CNN
S366,0.39290649227174357,0.3325613635406144,0.2745321441876421,1D-CNN
S367,0.36104930406869007,0.332085990590303,0.3068647053410065,1D-CNN
S368,0.24420209212667945,0.3673359621716174,0.3884619457017032,GRU
S369,0.1662296016693106,0.256281246177214,0.5774891521534751,GRU
S370,0.09892120254017198,0.13401184197455102,0.7670669554852769,GRU
S371,0.14334959598308436,0.15876303961784066,0.697887364399075,GRU
S372,0.2223746349823441,0.24710078922724954,0.530524575790407,GRU
S373,0.39682853824971853,0.33340057293267406,0.26977088881760736,1D-CNN
S374,0.649043269798201,0.19597095797421493,0.15498577222758397,1D-CNN
S375,0.42899639893457453,0.29240990949274853,0.2785936915726769,1D-CNN
S376,0.2073809242300628,0.6659869732019712,0.12663210256796598,ANN
S377,0.3093657217793402,0.5160616218093909,0.17457265641126896,ANN
S378,0.2869536984964582,0.41503909523078886,0.2980072062727523,ANN
S379,0.10888119593473815,0.1579394720019419,0.7331793320633206,GRU
S380,0.353118283004066,0.26578850733142945,0.38109320966450455,GRU
S381,0.2555777210614906,0.1918407304715426,0.5525815484669675,GRU
S382,0.9134829391555174,0.044922638652839464,0.04159442219164282,1D-CNN
S383,0.7330216169806214,0.18885908207382118,0.07811930094555733,1D-CNN
S384,0.6334440306852772,0.2710612552590099,0.09549471405571293,1D-CNN
S385,0.3532733085347765,0.5560628581494341,0.09066383331578944,ANN
S386,0.3912054909890447,0.49167634316395425,0.11711816584700117,ANN
S387,0.3472992535693151,0.48036631711541805,0.1723344293152668,ANN
S388,0.2694557479694477,0.553025613945325,0.1775186380852272,ANN
S389,0.28055405413626955,0.513917357199057,0.20552858866467347,ANN
S390,0.33712750897441446,0.44287556128211497,0.21999692974347057,ANN
S391,0.339860201019026,0.38371460016883685,0.27642519881213784,ANN
S392,0.32792709194038566,0.39093725314698485,0.2811356549126302,ANN
S393,0.33238354610585946,0.34977961176572414,0.31783684212841645,ANN
S394,0.30491055051325117,0.31930328600435526,0.3757861634823931,GRU
S395,0.3554337454554386,0.27056621276208476,0.3740000417824759,GRU
S396,0.2424518395185919,0.25385248009960587,0.5036956803818016,GRU
S397,0.2135126327464412,0.3244630984854928,0.4620242687680659,GRU
S398,0.41759191678745267,0.19509007195039435,0.387318011262153,1D-CNN
S399,0.26093216224891647,0.24082901729894582,0.49823882045213774,GRU
S400,0.27734354162134,0.450958773395464,0.27169768498319624,ANN
S401,0.4638779566156131,0.3642207511424893,0.17190129224189743,1D-CNN
S402,0.6605470087379275,0.270970536477913,0.0684824547841597,1D-CNN
S403,0.37982901754678206,0.5279537948731376,0.09221718758008034,ANN
S404,0.2704399954689283,0.4503091038142633,0.27925090071680847,ANN
S405,0.1937866534891008,0.7244826024518519,0.08173074405904686,ANN
S406,0.5640640708477608,0.27782280822231775,0.15811312092992125,1D-CNN
S407,0.3019546656642089,0.3001374021773196,0.3979079321584714,GRU
S408,0.198581984438027,0.4900114479136179,0.31140656764835456,ANN
S409,0.3089874281039662,0.38785614870722634,0.303156423188808,ANN
S410,0.3844583971920986,0.2622546498132011,0.35328695299470025,1D-CNN
S411,0.46492142302010336,0.2695251692618673,0.26555340771802927,1D-CNN
S412,0.4652821651892828,0.34047668225078354,0.19424115255993335,1D-CNN
S413,0.4446272367591021,0.36881134350478995,0.18656141973610804,1D-CNN
S414,0.3850223293582427,0.44513174360721236,0.16984592703454493,ANN
S415,0.33136833489782214,0.46734397007353173,0.2012876950286465,ANN
S416,0.2698603799205792,0.4822888738013509,0.24785074627807072,ANN
S417,0.2451382837599776,0.47780054139922623,0.2770611748407968,ANN
S418,0.33606102581970204,0.316406484067356,0.3475324901129411,GRU
S419,0.3406653502582418,0.259523950908847,0.39981069883291104,GRU
S420,0.28740061249279375,0.2125477431600128,0.5000516443471934,GRU
S421,0.22598150961307953,0.22098568208826536,0.5530328082986553,GRU
S422,0.2605264129464639,0.20631467353237906,0.5331589135211569,GRU
S423,0.27377510248024584,0.2798426109147939,0.44638228660495977,GRU
S424,0.2597224648339752,0.3614940445667442,0.3787834905992811,GRU
S425,0.2774303049465107,0.3752690739774299,0.3473006210760595,ANN
S426,0.30241019193174096,0.30641798687678423,0.3911718211914746,GRU
S427,0.27104654945420675,0.2311666810326137,0.4977867695131803,GRU
S428,0.2551297690986977,0.1997542685340211,0.545115962367281,GRU
S429,0.28054593942960665,0.18456651927593246,0.5348875412944608,GRU
S430,0.19555920217542686,0.10268404405559019,0.7017567537689828,GRU
S431,0.1236294133207357,0.06683265154353094,0.8095379351357335,GRU
S432,0.15502057586374837,0.0634407257108588,0.7815386984253924,GRU
S433,0.1284980659741029,0.040889710971087095,0.8306122230548099,GRU
S434,0.49656034902984597,0.1744352327790703,0.32900441819108384,1D-CNN
S435,0.5320717061062215,0.24925158440362669,0.21867670949015192,1D-CNN
S436,0.47373269551405445,0.30772552839634826,0.21854177608959724,1D-CNN
S437,0.3300843225425567,0.5033673886638536,0.1665482887935896,ANN
S438,0.2641437763374505,0.5527327552752642,0.18312346838728596,ANN
S439,0.28975673317272616,0.4982219069755229,0.21202135985175105,ANN
S440,0.20610432140187068,0.44756751977866766,0.3463281588194623,ANN
S441,0.27346979554849155,0.3728198102713164,0.35371039418019196,ANN
S442,0.3207847375101993,0.29338663614361055,0.38582862634619003,GRU
S443,0.34656023307383765,0.27646952477431685,0.37697024215184544,GRU
S444,0.319836783843376,0.26515978239259674,0.41500343376402715,GRU
S445,0.28129159247737856,0.3021763025396366,0.41653210498298476,GRU
S446,0.23092347624972642,0.271752519455487,0.49732400429478624,GRU
S447,0.24544577932958583,0.19121907394489987,0.5633351467255141,GRU
S448,0.25493604677658693,0.18483788716369617,0.5602260660597169,GRU
S449,0.2749256039028618,0.19654337229637875,0.5285310238007592,GRU
S450,0.2434748825366802,0.2482275192600637,0.508297598203256,GRU
S451,0.2672525783656974,0.2934268419138267,0.43932057972047656,GRU
S452,0.27794399371294054,0.3456319419951051,0.3764240642919551,GRU
S453,0.20797098455573462,0.23599673531248366,0.556032280131782,GRU
S454,0.18196893337874817,0.20139401098930892,0.6166370556319418,GRU
S455,0.21371927736112842,0.19048183699663104,0.5957988856422404,GRU
S456,0.22188894456999722,0.18539210060517042,0.592718954824832,GRU
S457,0.25454845971580625,0.19887375157358758,0.5465777887106059,GRU
S458,0.3086225860869223,0.2321366860069198,0.4592407279061577,GRU
S459,0.3943803818178666,0.18254070838341832,0.4230789097987144,GRU
S460,0.5013787763265414,0.18631991842389034,0.31230130524956834,1D-CNN
S461,0.47979393749894467,0.3341476185142814,0.18605844398677449,1D-CNN
S462,0.38081821596170723,0.4610722524610665,0.15810953157722646,ANN
S463,0.2095224312225216,0.6932831744438639,0.0971943943336139,ANN
S464,0.15620024477488795,0.6731678019900034,0.17063195323510874,ANN
S465,0.19682550743771007,0.580071252888889,0.22310323967340073,ANN
S466,0.14776411148353277,0.3757434672997712,0.47649242121669594,GRU
S467,0.11318812674150669,0.2914242045693337,0.5953876686891593,GRU
S468,0.22964433591061242,0.3235206052039551,0.446835058885433,GRU
S469,0.2946538600584804,0.3299775533926931,0.3753685865488265,GRU
S470,0.32761281193626235,0.3203671316241442,0.3520200564395934,GRU
S471,0.32807210528368835,0.3318502678744712,0.3400776268418406,GRU
S472,0.33039152217480106,0.3206616155700054,0.34894686225519483,GRU
S473,0.32003096282036003,0.3059439083323255,0.3740251288473145,GRU
S474,0.326000475120599,0.27078309741461476,0.40321642746478614,GRU
S475,0.31062849792068475,0.23540435165004378,0.4539671504292721,GRU
S476,0.2825412260218752,0.20746087036291838,0.5099979036152071,GRU
S477,0.2796864022250655,0.20374318453265663,0.5165704132422775,GRU
S478,0.28446584994607454,0.2043651490244087,0.5111690010295169,GRU
S479,0.30014898584822725,0.2074408549072776,0.49241015924449516,GRU
S480,0.2927859806699175,0.20692034782715318,0.5002936715029301,GRU
S481,0.3437087835909367,0.2445095909650318,0.41178162544403163,GRU
S482,0.37437407666606054,0.2289694887318919,0.39665643460204747,GRU
S483,0.4562045869088062,0.22522931306774369,0.3185661000234498,1D-CNN
S484,0.3795745014874768,0.37753115413083005,0.2428943443816926,1D-CNN
S485,0.3245861541256358,0.4270666651237317,0.24834718075063272,ANN
S486,0.2788208085847464,0.4564496285182422,0.2647295628970114,ANN
S487,0.14372783355216956,0.5161314245849234,0.3401407418629071,ANN
S488,0.29095772674051706,0.29554088738383283,0.41350138587565016,GRU
S489,0.2807158613364076,0.23230490059264605,0.486979238070946,GRU
S490,0.24267939161505248,0.14359397451687297,0.6137266338680752,GRU
S491,0.24054492747914905,0.06257158776723858,0.6968834847536124,GRU
S492,0.24421543556034134,0.08163150982183222,0.6741530546178266,GRU
S493,0.10222617585280547,0.07719051883924748,0.8205833053079469,GRU
S494,0.11833485376037318,0.03836991726040366,0.843295228979223,GRU
S495,0.11874416236143309,0.04242380449648398,0.8388320331420829,GRU
S496,0.045545695988589305,0.08064738159481456,0.8738069224165959,GRU
S497,0.4578468874040424,0.16329774428229846,0.3788553683136592,1D-CNN
S498,0.29708550486287655,0.30314119984986054,0.39977329528726285,GRU
S499,0.21222032884006875,0.20497341572538932,0.5828062554345426,GRU
S500,0.2804507931398871,0.24496582385291382,0.4745833830071984,GRU
S501,0.24917926353720532,0.23982283496861578,0.5109979014941787,GRU
S502,0.27084311893522245,0.2718335331419837,0.4573233479227934,GRU
S503,0.27932072483352743,0.23508860575357798,0.4855906694128945,GRU
S504,0.3151630845635585,0.2358019877660031,0.4490349276704383,GRU
S505,0.2930600169470451,0.21641056929247718,0.49052941376047754,GRU
S506,0.34864753239329116,0.2302857465902765,0.4210667210164322,GRU
S507,0.34722821175269125,0.17289740266588885,0.47987438558141937,GRU
S508,0.4759739470258272,0.16303210662482978,0.36099394634934306,1D-CNN
S509,0.5326640297006591,0.2511398362608509,0.21619613403849008,1D-CNN
S510,0.3799702305541618,0.4628982766781144,0.1571314927677239,ANN
S511,0.2607001127231993,0.6030264098279005,0.13627347744890048,ANN
S512,0.25765315482117723,0.5569023275665436,0.18544451761227873,ANN
S513,0.19963307605068573,0.5258717025499284,0.27449522139938526,ANN
S514,0.23665142353360802,0.35278372202916936,0.4105648544372225,GRU
S515,0.179163170728062,0.2924766235874365,0.5283602056845016,GRU
S516,0.18129047323817643,0.15244868251506302,0.6662608442467607,GRU
S517,0.10794747958040181,0.048446220709573745,0.8436062997100244,GRU
S518,0.011516385119649667,0.009321882912307594,0.9791617319680428,GRU
S519,0.2622322293924168,0.376872442906247,0.3608953277013354,ANN
S520,0.3375233835453107,0.5293107687668941,0.13316584768779516,ANN
S521,0.258912470283387,0.3656072382161755,0.37548029150043755,GRU
S522,0.25860394392195957,0.28444740359213944,0.45694865248590155,GRU
S523,0.30115629283085793,0.18849176313032115,0.5103519440388216,GRU
S524,0.18820521148174052,0.10171865335477975,0.7100761351634797,GRU
S525,0.1383257467107752,0.0877135933928708,0.7739606598963541,GRU
S526,0.2166604641902963,0.14496509066439375,0.6383744451453099,GRU
S527,0.19285157554018978,0.1306151257954847,0.6765332986643257,GRU
S528,0.18622084498695243,0.13219802517605958,0.681581129836988,GRU
S529,0.277392790813895,0.14250473069935735,0.5801024784867476,GRU
S530,0.4534350962577635,0.18022435992542232,0.3663405438168141,1D-CNN
S531,0.5167196553473309,0.21065661196840732,0.2726237326842612,1D-CNN
S532,0.46379268721337097,0.3269944645530938,0.20921284823353528,1D-CNN
S533,0.3405193398060493,0.498815697746366,0.16066496244758474,ANN
S534,0.28600251662568604,0.5534900662842195,0.16050741709009445,ANN
S535,0.24022218710241952,0.5539366103003581,0.20584120259722233,ANN
S536,0.21175381111634553,0.5052121967562198,0.2830339921274345,ANN
S537,0.27487045839218666,0.36141989749502135,0.363709644112792,GRU
S538,0.26402984323131196,0.2950367181222735,0.440933438646414,GRU
S539,0.23482477436971874,0.207742199158191,0.5574330264720909,GRU
S540,0.216437015276489,0.1280820981690986,0.6554808865544123,GRU
S541,0.21034519331756993,0.16427530540891325,0.6253795012735169,GRU
S542,0.35538935691306456,0.22215741780925102,0.4224532252776841,GRU
S543,0.28613947372535,0.28213926708595427,0.4317212591886958,GRU
S544,0.2738395187141945,0.3666127367564726,0.3595477445293325,ANN
S545,0.3978788870519017,0.3041101138315067,0.2980109991165915,1D-CNN
S546,0.39752168409260485,0.23588151808727212,0.3665967978201238,1D-CNN
S547,0.2827195849437632,0.3158734545781165,0.4014069604781203,GRU
S548,0.2946441665926246,0.3863259228378014,0.3190299105695741,ANN
S549,0.2908676668766476,0.29564123301374634,0.4134911001096061,GRU
S550,0.2574666860216123,0.24015403509581584,0.502379278882572,GRU
S551,0.30701796251755936,0.2401813132981357,0.4528007241843048,GRU
S552,0.39202341871404506,0.3156130246904354,0.2923635565955194,1D-CNN
S553,0.3121275522857902,0.2349260283720068,0.45294641934220253,GRU
S554,0.2806319428863369,0.265270408276925,0.45409764883673726,GRU
S555,0.35244075094045235,0.44065184283711095,0.20690740622243659,ANN
S556,0.39190134605130394,0.3890799341706838,0.219018719778013,1D-CNN
S557,0.29919517264596834,0.527955127851928,0.17284969950210335,ANN
S558,0.29884563387533647,0.49056723218313825,0.21058713394152476,ANN
S559,0.37630072956447413,0.39379304694013145,0.22990622349539452,ANN
S560,0.27564434294318696,0.46330508117084074,0.26105057588597225,ANN
S561,0.20520446274418647,0.4776587053165874,0.3171368319392266,ANN
S562,0.32121317513415837,0.27522304217988464,0.40356378268595716,GRU
S563,0.27407250767863417,0.2690853206527488,0.456842171668617,GRU
S564,0.2806093649492717,0.21252789697854546,0.5068627380721834,GRU
S565,0.3186977555863173,0.15941550165306925,0.5218867427606134,GRU
S566,0.2751885530122887,0.160258604347634,0.5645528426400772,GRU
S567,0.2326748528156362,0.18340895031205484,0.5839161968723096,GRU
S568,0.31909598287040974,0.19423641129037683,0.48666760583921315,GRU
S569,0.4297957228330598,0.09052980015326942,0.4796744770136704,GRU
S570,0.5062200588467952,0.07108633269506405,0.42269360845814,1D-CNN
S571,0.6072361013740225,0.22302552398838008,0.16973837463759758,1D-CNN
S572,0.7246458179048901,0.2073185010331555,0.06803568106195505,1D-CNN
S573,0.5988711567600155,0.32254749633203345,0.07858134690795124,1D-CNN
S574,0.4547927936966245,0.45074056005247076,0.09446664625090444,1D-CNN
S575,0.2488630252095621,0.29089354970440695,0.46024342508603056,GRU
S576,0.23892432770707775,0.31709854204644117,0.4439771302464806,GRU
S577,0.3114107223483071,0.32061386437758754,0.36797541327410543,GRU
S578,0.37785057970039637,0.26032374054953583,0.3618256797500677,1D-CNN
S579,0.33384315824609806,0.32100298017530327,0.3451538615785978,GRU
S580,0.3523298840605287,0.3949045076105747,0.2527656083288965,ANN
S581,0.4072839661664847,0.3964507649765936,0.19626526885692153,1D-CNN
S582,0.3275212053675069,0.542622315610514,0.1298564790219791,ANN
S583,0.15190626000168586,0.6246792238706679,0.2234145161276461,ANN
S584,0.25973018565924066,0.5674526406421891,0.17281717369857025,ANN
S585,0.3302223510960742,0.48878382772871964,0.18099382117520632,ANN
S586,0.2718562353790382,0.31228135740503543,0.41586240721592566,GRU
S587,0.17238731424432452,0.2298706652849852,0.5977420204706896,GRU
S588,0.29881705105090145,0.46042701782338613,0.24075593112571256,ANN
S589,0.2967956555305496,0.2698350132844251,0.433369331185025,GRU
