Segment,1D-CNN,ANN,LSTM,CNN-LSTM,GRU,Selected
S1,0.18616067162193256,0.127876584263061,0.2805180171113578,0.2570177252464302,0.1484270017572168,LSTM
S2,0.14230886884514693,0.14468239722309667,0.2533464750821118,0.2460745791060839,0.2135876797435598,LSTM
S3,0.1105498432131249,0.13791044219297696,0.23093672234876428,0.29053894471115227,0.23006404753398613,CNN-LSTM
S4,0.15546142878121388,0.20701407394059293,0.14361659021571857,0.3095637580533176,0.18434414900915413,CNN-LSTM
S5,0.19208615404159785,0.13708504892695172,0.1876505931312883,0.312162705597817,0.17101549830234397,CNN-LSTM
S6,0.23503769605528277,0.1860414386638742,0.1987929631110753,0.20486184077599265,0.1752660613937804,1D-CNN
S7,0.1914832937643929,0.24138040751764672,0.2288074763235687,0.1493955834474833,0.18893323894691536,ANN
S8,0.16172962662869989,0.18592923707145906,0.2650553607733463,0.1418650547280935,0.24542072079840255,LSTM
S9,0.1836550645589028,0.1725194457296533,0.2200192181206154,0.20875988351625832,0.21504638807457555,LSTM
S10,0.18329495083646216,0.2883469527107086,0.1822928488420486,0.19065184905263632,0.15541339855814454,ANN
S11,0.25711203758234397,0.39450939147852815,0.1025004870582766,0.13679235700482473,0.10908572687602451,ANN
S12,0.17732466899106605,0.4494431557591144,0.08466614785064423,0.1903318922461116,0.09823413515306371,ANN
S13,0.10631993809885822,0.3272022269401741,0.12075170594259672,0.34261152970760395,0.10311459931076494,CNN-LSTM
S14,0.21329522007535634,0.29985333995427754,0.20567189973798797,0.1583662215937142,0.122813318638664,ANN
S15,0.3305808241618783,0.19123568782240116,0.1965688698388343,0.10849310329814711,0.17312151487874494,1D-CNN
S16,0.2661837166911706,0.27484413760034576,0.1425384048985874,0.13765355417297664,0.17878018663691772,ANN
S17,0.178791759617637,0.19959158378995,0.21033753854075368,0.19894864027640013,0.21233047777525668,GRU
S18,0.17778502501273993,0.20590639008383496,0.16940732000609923,0.27087039104179383,0.17603087385552543,CNN-LSTM
S19,0.16115816544748587,0.1404533663644008,0.19119664639054315,0.37270447386475347,0.13448734793281295,CNN-LSTM
S20,0.05463649624130298,0.038858124316634664,0.15631332316234425,0.6740906623926878,0.07610139388702611,CNN-LSTM
S21,0.2184904779612073,0.23929213817477704,0.1358945103650886,0.2883377175446631,0.11798515595426379,CNN-LSTM
S22,0.24968386529012637,0.2788976415675459,0.1115729870038006,0.21448899425918813,0.1453565118793357,ANN
S23,0.13172205738724055,0.3435808757954025,0.12609324998314722,0.2250160233470077,0.173587793487202,ANN
S24,0.18555839970800037,0.2223747943289697,0.2351068153977631,0.11933593786807194,0.23762405269719497,GRU
S25,0.20257184159656852,0.23468616775055726,0.22209520914082878,0.12801955200788057,0.21262722950416496,ANN
S26,0.19291502466143776,0.21393545133182185,0.2817963891304074,0.1297895333765325,0.18156360149980064,LSTM
S27,0.10810204377056032,0.40213755147390107,0.27032071940753977,0.12361590520802605,0.09582378013997053,ANN
S28,0.22936779247849795,0.20297000193979675,0.16611589163167004,0.32467431507568356,0.07687199887434891,CNN-LSTM
S29,0.052678134027570996,0.037423020659640545,0.3518968925435825,0.5164027767981676,0.0415991759710382,CNN-LSTM
S30,0.0671091905320497,0.18600437378023293,0.5747884522239761,0.09747629848921209,0.07462168497452767,LSTM
S31,0.23233074006160953,0.126093870815588,0.3830442693037539,0.09325424763452578,0.16527687218452253,LSTM
S32,0.2120371631458533,0.07125098548629828,0.297201070978523,0.213365583513856,0.2061451968754687,LSTM
S33,0.09957359178249751,0.07446634574008174,0.2067595812215063,0.4260392316259994,0.19316124962990988,CNN-LSTM
S34,0.19663746913860072,0.1535060390928938,0.16954153842648534,0.2367290342081948,0.24358591913382405,GRU
S35,0.1667432190779089,0.19132064242432967,0.176417063477052,0.23202803742550873,0.2334910375952008,GRU
S36,0.2935315651961068,0.16386679523385134,0.16521174910807596,0.2009906452916481,0.17639924517031763,1D-CNN
S37,0.2675855575150637,0.19489049331096403,0.1782283424496277,0.19472042628003222,0.16457518044431185,1D-CNN
S38,0.16552865129844746,0.2988379385199015,0.2463551736446348,0.11135816833522034,0.17792006820179598,ANN
S39,0.16948474259801083,0.21674853162396776,0.30308829375907875,0.13180140340905644,0.17887702860988292,LSTM
S40,0.21403298501895615,0.15927435532535886,0.1942333116474434,0.24814069906439903,0.18431864894384797,CNN-LSTM
S41,0.19567497392055172,0.16056015592674827,0.20224843478703206,0.27395353207836776,0.16756290328730172,CNN-LSTM
S42,0.2008010315081068,0.17661421585353498,0.18272650153352935,0.21460562732345387,0.22525262378138208,GRU
S43,0.17411619092066097,0.2093739261380843,0.2086092143836905,0.2544567044995383,0.15344396405802607,CNN-LSTM
S44,0.20973708526021842,0.1935610859819909,0.18638122467875376,0.2943208026011701,0.11599980147786321,CNN-LSTM
S45,0.27344024782587295,0.1473413366475441,0.255374136963212,0.1866665972149184,0.13717768134845076,1D-CNN
S46,0.20228278700774716,0.24591563772627387,0.19801274707114133,0.14798680031669018,0.20580202787814578,ANN
S47,0.19499453102025482,0.25147377102612045,0.15675518557493368,0.16843513270631463,0.22834137967237872,ANN
S48,0.19202326021553393,0.1533797969863428,0.21299731100860075,0.19882305182812945,0.24277657996139088,GRU
S49,0.1964955409765004,0.20049306742730136,0.22724007222027273,0.19441491418324983,0.1813564051926687,LSTM
S50,0.18944537169949083,0.22984531709358375,0.21245422327515429,0.1721282545851211,0.19612683334665731,ANN
S51,0.028852228015969497,0.05308398621338068,0.7088151289482013,0.15103503207190508,0.05821362475054653,LSTM
S52,0.3164515030153128,0.1846344899403287,0.2889870168888168,0.10538598283719126,0.10454100731834534,1D-CNN
S53,0.3060833652595913,0.16663116367663702,0.21200842157952543,0.12216669846012564,0.19311035102411994,1D-CNN
S54,0.46769046208473164,0.035939537242837986,0.10373502306845618,0.25232587957951663,0.1403090980244559,1D-CNN
S55,0.02976053684561449,0.01631715289294406,0.03907564700115869,0.8951897282383571,0.01965693502192692,CNN-LSTM
S56,0.17745988728495463,0.14294461705452438,0.15290094956614286,0.28813187737159907,0.23856266872277515,CNN-LSTM
S57,0.19686094394764317,0.060160241079960534,0.18508568331220498,0.22239170832146007,0.33550142333873134,GRU
S58,0.2944395155747287,0.0993440524039693,0.1868186267600068,0.1677418703026183,0.2516559349586767,1D-CNN
S59,0.16465283172298703,0.20311446468621325,0.2438500960191802,0.1531672788323646,0.23521532873925952,LSTM
S60,0.14623045186111666,0.31646883006951265,0.19917152126780477,0.12541117316670297,0.212718023634858,ANN
S61,0.0583752603759778,0.1009869394035036,0.1256309998311195,0.10348269287859652,0.6115241075108013,GRU
S62,0.05829497190703233,0.11528599425805484,0.07367092986636975,0.17004359695116464,0.5827045070173782,GRU
S63,0.16774722378918483,0.48484909760320727,0.03286798169860729,0.08181159496427574,0.23272410194472612,ANN
S64,0.30049835739296094,0.35586862482372694,0.05919081473027701,0.10694207983808436,0.17750012321495526,ANN
S65,0.16630335109100264,0.3566878127662464,0.11789729871484345,0.21622850848052425,0.14288302894738067,ANN
S66,0.18023052134462536,0.23783287599669384,0.27252997538000673,0.15803078018784894,0.15137584709082638,LSTM
S67,0.2940311740576094,0.1749562575175386,0.21340661663665014,0.14843156966927254,0.16917438211892877,1D-CNN
S68,0.4090517727909327,0.16021407955623174,0.09959051847381975,0.225583670634618,0.10555995854439396,1D-CNN
S69,0.16854538517598605,0.22858193703556348,0.09785169968917228,0.3695186548151179,0.1355023232841665,CNN-LSTM
S70,0.1525976456358552,0.19466595773859813,0.14113208293876334,0.30429978212246234,0.2073045315643138,CNN-LSTM
S71,0.27746749009585836,0.1919307442837142,0.11302443007553746,0.2398734677211514,0.1777038678237385,1D-CNN
S72,0.24613259702309154,0.19058373844076296,0.11707928182025379,0.30073468990311913,0.14546969281277822,CNN-LSTM
S73,0.2721310388225468,0.1308918298006445,0.1530237684140993,0.2646691516834132,0.1792842112792956,1D-CNN
S74,0.17609687371868155,0.25253961132179104,0.18044431399422334,0.17153264271418098,0.21938655825112882,ANN
S75,0.17948731371587928,0.2132633423929903,0.23706379560087176,0.12363349051784898,0.24655205777240827,GRU
S76,0.2289833482743782,0.1967774595017265,0.20354096349591658,0.14418136626240552,0.22651686246557673,1D-CNN
S77,0.22422364094843328,0.17844079646466934,0.2189322585100716,0.17318745930869217,0.20521584476813176,1D-CNN
S78,0.3450014648920791,0.25200558386427685,0.10432401953557144,0.059398120024073756,0.2392708116839929,1D-CNN
S79,0.184748184625454,0.3083605328858526,0.20038722698577655,0.092130563044397,0.21437349245851867,ANN
S80,0.21683194766708563,0.1843336413953379,0.19853262849425687,0.20398944701771013,0.19631233542561052,1D-CNN
S81,0.3129737422769457,0.1079668429401688,0.252853600837891,0.19787400078899184,0.12833181315600378,1D-CNN
S82,0.33807643018639544,0.11466908125109711,0.24001533939023337,0.17832050841237976,0.1289186407598952,1D-CNN
S83,0.3061682280652798,0.19551410912185252,0.1649792135514848,0.19089953148164737,0.14243891777973464,1D-CNN
S84,0.2956907897466069,0.22263595315998233,0.1261079348438686,0.19538598644433222,0.1601793358052041,1D-CNN
S85,0.21581554397995775,0.24733324595099102,0.2523074270647213,0.1265966918812654,0.1579470911230653,LSTM
S86,0.3616244153510655,0.1278664690970011,0.2157616332003522,0.08807807120113317,0.20666941115045243,1D-CNN
S87,0.2340718580922105,0.26715776367649285,0.15519576025329038,0.08112826710581247,0.2624463508721942,ANN
S88,0.13013267383645355,0.23828260181898758,0.18684121527709308,0.09991479118699124,0.3448287178804749,GRU
S89,0.15055015895403717,0.16574125734479028,0.27852125559706997,0.1824895268327249,0.22269780127136946,LSTM
S90,0.14010290220874522,0.27495331965015285,0.18252059315700964,0.15797106205843478,0.24445212292564747,ANN
S91,0.08769509398817102,0.1667382184812632,0.31968329404994483,0.2698491379336407,0.15603425554697922,LSTM
S92,0.20722784326213783,0.16805235354762127,0.2635802249324693,0.2205191250244403,0.14062045323332978,LSTM
S93,0.4082926854463955,0.25681364474009516,0.10206150593742569,0.15080852601138087,0.08202363786470393,1D-CNN
S94,0.3577369890402937,0.16734763582264747,0.12730855654103584,0.22724332698629762,0.12036349160972366,1D-CNN
S95,0.3047583345737987,0.16214052060904446,0.14455102490295027,0.19104508178435123,0.19750503812985248,1D-CNN
S96,0.29061673450637865,0.23476677531246068,0.1531758801198456,0.13805457032669868,0.18338603973462203,1D-CNN
S97,0.18940306629058842,0.21712486049416296,0.20935720789098497,0.1599405889016605,0.22417427642260251,GRU
S98,0.1985815075713328,0.18342125382637592,0.25337409839395353,0.1569622978269927,0.20766084238135063,LSTM
S99,0.17875417726001125,0.21730070381018723,0.22183937469913265,0.16649956364307286,0.21560618058759543,LSTM
S100,0.1514373443108299,0.40279735475045647,0.15973758037786048,0.13296869316250853,0.1530590273983419,ANN
S101,0.09891938255101809,0.18789460727441512,0.12463560523381709,0.1490473227741198,0.4395030821666211,GRU
S102,0.06302005610577016,0.11488702727673007,0.1173792440393363,0.46965404614935646,0.2350596264288065,CNN-LSTM
S103,0.0977735633133999,0.16959012084587505,0.23645297303264487,0.40027647047561016,0.09590687233246707,CNN-LSTM
S104,0.17773905429320816,0.22505102811455924,0.30699362354420195,0.18319150918257662,0.10702478486545275,LSTM
S105,0.35776097458246997,0.3011817507947527,0.12504700905000363,0.07442402475754499,0.14158624081523438,1D-CNN
S106,0.5096997825375893,0.19168454351527486,0.05771815170974209,0.08863863487292226,0.15225888736447143,1D-CNN
S107,0.17691607336536555,0.37410844987294634,0.09286460443357006,0.13444477937585106,0.22166609295226233,ANN
S108,0.2540970234200568,0.2983482256489909,0.11129341040555045,0.15430774341159076,0.18195359711381257,ANN
S109,0.27406372498289333,0.29017948798696985,0.11911642741667755,0.14674914953566212,0.1698912100777962,ANN
S110,0.1330861511559096,0.14692118579498806,0.1939587620168971,0.35755242828087036,0.16848147275133468,CNN-LSTM
S111,0.09323729180585708,0.192465107285398,0.15560281228412948,0.4409377936113402,0.11775699501328078,CNN-LSTM
S112,0.07604885452193746,0.06726887992044038,0.19983762841004918,0.5128532003357306,0.1439914368118421,CNN-LSTM
S113,0.08571017273016855,0.1093738593614462,0.1570132942919991,0.4631746201170403,0.18472805349934668,CNN-LSTM
S114,0.07992429885324244,0.17526502504194505,0.19662583679949863,0.39040204585061644,0.15778279345469295,CNN-LSTM
S115,0.21339834990475712,0.20491395451443947,0.2584573867242975,0.18351089889732744,0.13971940995918275,LSTM
S116,0.27165473729222767,0.35827603148172626,0.15384924830980523,0.13452852262500184,0.08169146029123332,ANN
S117,0.18157588494213903,0.27645240361864987,0.27399194004134614,0.18318467464676377,0.08479509675109882,ANN
S118,0.12236627646227054,0.2306862226697336,0.3381273708949955,0.20605755014788632,0.10276257982511063,LSTM
S119,0.1148161271983271,0.3342981538211778,0.2583450175240767,0.1561049883180629,0.13643571313835348,ANN
S120,0.24026610428068818,0.12604176100531117,0.20601681014750378,0.3319623883371843,0.09571293622931479,CNN-LSTM
S121,0.16362003631778477,0.08693999162291179,0.1288595605749438,0.5648459794809081,0.055734432003452704,CNN-LSTM
S122,0.19166257533368414,0.1583727501256643,0.30926052874487975,0.18701322482597219,0.15369092096979445,LSTM
S123,0.18152236342141584,0.1732345351089104,0.268252173539272,0.10860838959672109,0.26838253833367787,GRU
S124,0.2722693256365719,0.07760260355481916,0.15961669757592928,0.156333473500936,0.33417789973174933,GRU
S125,0.16545056722827414,0.11013970972619072,0.183079643294472,0.27938004106561737,0.26195003868544414,CNN-LSTM
S126,0.12874276168397464,0.15286939445262596,0.2422381547872913,0.17625291296385445,0.29989677611225485,GRU
S127,0.2544698349934402,0.20878894839330103,0.16028723712101864,0.11363236508652487,0.2628216144057141,GRU
S128,0.2070932713241105,0.26759214414738813,0.19291084270642628,0.12767186047877016,0.20473188134330705,ANN
S129,0.2738714414356817,0.28545254315672364,0.17134986392222637,0.12713773522199107,0.14218841626337655,ANN
S130,0.20183044945492215,0.27240131746703533,0.22164356650701475,0.11410282699359488,0.1900218395774385,ANN
S131,0.17751162884520458,0.1830372556798756,0.3017444103302364,0.14231654364998192,0.19539016149470081,LSTM
S132,0.16702180840148423,0.15545308386518683,0.2482753293291032,0.2851823754329405,0.14406740297127968,CNN-LSTM
S133,0.14519686824626835,0.11026739820796908,0.16797954266415652,0.47731205497983004,0.09924413590177537,CNN-LSTM
S134,0.17852086243112203,0.14370529640425744,0.23515602813508982,0.3307463144269933,0.11187149860253831,CNN-LSTM
S135,0.16062640832264222,0.1421285952433745,0.26097498253869733,0.350465655004451,0.08580435889083224,CNN-LSTM
S136,0.23831799906682635,0.10045722638970515,0.3080001794222728,0.22597007564042537,0.12725451948076463,LSTM
S137,0.16537635435986686,0.09820669104585608,0.2149168291660375,0.23086321874190602,0.2906369066863391,GRU
S138,0.11566069310753917,0.1602019796276918,0.27365377512205097,0.1884612870555215,0.26202226508719545,LSTM
S139,0.1840040804658029,0.20064333317317562,0.1967761438491179,0.1605565104241652,0.25801993208773694,GRU
S140,0.18907509780343743,0.21683334296845122,0.1898706025620572,0.1799856141527836,0.22423534251327168,GRU
S141,0.15480087907278092,0.309472531991301,0.20157140320858177,0.1424255155785873,0.19172967014874784,ANN
S142,0.2404957780445425,0.3939705892756482,0.1273998080695639,0.12376300325047496,0.1143708213597716,ANN
S143,0.24240086934115077,0.21097009614986156,0.24306957700496495,0.18503560805954786,0.11852384944447143,LSTM
S144,0.16396302998929702,0.19367173858680217,0.2887958315865159,0.1974450367579314,0.15612436307945304,LSTM
S145,0.19781528441324583,0.1607443157064371,0.22703335679532574,0.24370626173830395,0.17070078134668726,CNN-LSTM
S146,0.21993894171827372,0.18547352286777138,0.1763056286696978,0.30443663054666864,0.11384527619759538,CNN-LSTM
S147,0.1406053499828051,0.36655014949805464,0.16764967739674153,0.2583974739405414,0.06679734918185695,ANN
S148,0.22212670568380696,0.10037386881392363,0.30674354779302465,0.3079853681848044,0.06277050952444159,CNN-LSTM
S149,0.26223774289601903,0.23073295848522254,0.12075452819581588,0.25161013216831085,0.13466463825462993,1D-CNN
S150,0.26351855158968746,0.19892585810945984,0.13519593616597247,0.17065353009843393,0.2317061240364463,1D-CNN
S151,0.19381609993077095,0.20599088098324156,0.14725635180676017,0.2009637907821857,0.25197287649704597,GRU
S152,0.15855332001446554,0.16882120090916855,0.3093322243776381,0.13848069025846207,0.22481256444026537,LSTM
S153,0.11350533912037192,0.38757064722919066,0.2576419204977162,0.11748260218455821,0.12379949096816134,ANN
S154,0.2210923588645409,0.1985178343596795,0.3266427136168309,0.13449616905391526,0.11925092410503704,LSTM
S155,0.2814239303982947,0.1634821899205349,0.2595947340842089,0.15579217081097568,0.13970697478599214,1D-CNN
S156,0.1926377511095163,0.17708772587335983,0.2033649775817843,0.2552782626592499,0.17163128277608994,CNN-LSTM
S157,0.22074855755297804,0.07843670609324857,0.15245927091332864,0.3720971260196448,0.17625833942080057,CNN-LSTM
S158,0.14770871019355789,0.3099306761771456,0.1124622142709129,0.3097825654723296,0.12011583388605315,ANN
S159,0.17796027788087296,0.3503724823788672,0.16368998009436153,0.14979721276464797,0.15818004688125153,ANN
S160,0.1673549909164254,0.24298991351631108,0.26317495039058886,0.11129267783989465,0.21518746733677058,LSTM
S161,0.23885204767240936,0.1067220268482048,0.23207642794955577,0.1359136461334629,0.28643585139636746,GRU
S162,0.11357054600136386,0.19794036927866177,0.24520846342905944,0.16121628037271735,0.282064340918195,GRU
S163,0.13370638327246676,0.18481843148635124,0.21793224694953983,0.18750236533423467,0.27604057295740403,GRU
S164,0.21087426943675353,0.1392826598343401,0.21396940669772896,0.16197988315972853,0.27389378087144883,GRU
S165,0.190738868904946,0.25126814271312226,0.1652206368319394,0.2353857320503191,0.15738661949967325,ANN
S166,0.14870745561299972,0.11431491175374102,0.17627470860889338,0.47894817627506114,0.08175474774929972,CNN-LSTM
S167,0.1394524428834408,0.06926696738056372,0.6075841459029864,0.102375072286565,0.08132137154644332,LSTM
S168,0.17036495185597597,0.13029081208768556,0.27309637106726625,0.11634631064617541,0.30990155434290106,GRU
S169,0.20434540191747266,0.08040823760564897,0.17458748923518738,0.13627311917668167,0.4043857520650133,GRU
S170,0.132861424025156,0.11164820911366621,0.2592805237968264,0.27570934748686043,0.22050049557749313,CNN-LSTM
S171,0.16519700898956277,0.11737858160879187,0.29843234315646155,0.17082064932185015,0.24817141692333347,LSTM
S172,0.14162312466074617,0.0871751252142189,0.15917376923307636,0.24790026336377202,0.3641277175281828,GRU
S173,0.10476422918962858,0.09552142053176292,0.1537143051326769,0.4284715938262888,0.21752845131963458,CNN-LSTM
S174,0.13243219047562096,0.11239753212706258,0.15781584944096913,0.29257152400118897,0.30478290395515506,GRU
S175,0.14333437825641832,0.1654373889420342,0.17522710128073984,0.16224749222733387,0.35375363929346976,GRU
S176,0.08121251270859793,0.35076174410888594,0.1125816858765082,0.07577173916867612,0.37967231813733077,GRU
S177,0.20821654395855022,0.21050267804935544,0.15876668120406934,0.09666506793970683,0.325849028848317,GRU
S178,0.11650968000930896,0.11949466374538342,0.2039506538539433,0.15649727024611806,0.40354773214524836,GRU
S179,0.1338935120195909,0.29088096544561065,0.12154720141297692,0.06424929161979308,0.38942902950203434,GRU
S180,0.24274752721757453,0.47049154276979777,0.06600350151283738,0.040458179465030567,0.18029924903476727,ANN
S181,0.23647980974239285,0.4638513035905702,0.08645266011878508,0.07829687231016288,0.13491935423809198,ANN
S182,0.11991646469335883,0.34969995094649103,0.18033746510377693,0.172787049645803,0.17725906961057444,ANN
S183,0.11752235151402675,0.23855870502621127,0.17614169887978462,0.32704574081298693,0.1407315037669912,CNN-LSTM
S184,0.19543528621251968,0.3774395878033587,0.21315192717856332,0.0970097510625421,0.11696344774301641,ANN
S185,0.26614576325300243,0.27227130799485977,0.1404643364905026,0.13328983590540158,0.1878287563562351,ANN
S186,0.29370317297340626,0.23206315695007831,0.15074347733431148,0.1257617701379552,0.1977284226042497,1D-CNN
S187,0.19365324258227493,0.25223795097532753,0.19681694094921742,0.19351330379214007,0.16377856170104124,ANN
S188,0.1831489830449922,0.329284367176568,0.18060093945786973,0.1960563971553981,0.11090931316517122,ANN
S189,0.1725736350612185,0.14390137806160452,0.14947390960125503,0.42510263235409235,0.10894844492183045,CNN-LSTM
S190,0.15134229416105216,0.21202854473372287,0.12092002701247287,0.39923014382779953,0.11647899026495186,CNN-LSTM
S191,0.17851715565105147,0.13159654898065518,0.1602508285957422,0.3576389234775499,0.17199654329499775,CNN-LSTM
S192,0.1785020577982711,0.20563995173484076,0.15186160062475684,0.3021183651173857,0.16187802472474472,CNN-LSTM
S193,0.1536331435313538,0.3237455716649005,0.17021210401272838,0.21128849684263426,0.14112068394837965,ANN
S194,0.16337803744945947,0.33349998019054555,0.1533536493724374,0.1884440810288081,0.16132425195874933,ANN
S195,0.17115036019232543,0.19640229004096926,0.23723992561336835,0.17650695030364955,0.21870047384968702,LSTM
S196,0.19380470575033648,0.2660107708622793,0.20867953253583169,0.14317055976068746,0.18833443109086145,ANN
S197,0.1985109154041545,0.31878186577747236,0.19871462007846377,0.13918577658979883,0.14480682215011037,ANN
S198,0.20677591814121127,0.2641043897180218,0.1800924253703289,0.2407129604601388,0.1083143063103003,ANN
S199,0.1660318421873751,0.17327584466040355,0.16430604026927206,0.3769754435671335,0.1194108293158135,CNN-LSTM
S200,0.16995001136633928,0.13275762038691144,0.1606044490664994,0.3025576382470525,0.23413028093319482,CNN-LSTM
S201,0.14176053701711272,0.5035318098826697,0.10605782600326569,0.16125033259181765,0.08739949450513425,ANN
S202,0.2713967280320616,0.23187107617620156,0.21216875746780373,0.15223396773795217,0.13232947058598427,1D-CNN
S203,0.21369805434287922,0.3380334955079627,0.1766015513596539,0.15656911499139464,0.11509778379811028,ANN
S204,0.30037112794860693,0.1958425941038597,0.15977963958330627,0.19957089603837536,0.14443574232584724,1D-CNN
S205,0.20652109457279552,0.2556245130577205,0.14261700159406698,0.2269073573434001,0.1683300334320239,ANN
S206,0.17217834786204725,0.25338805200193276,0.1697800478999637,0.2095843026451429,0.195069249590917,ANN
S207,0.22372796822604218,0.23746325324962086,0.16940200698685728,0.21235441953424708,0.157052352003238,ANN
S208,0.269722415492639,0.18142096439061559,0.16546626746725926,0.2780544681526494,0.10533588449683884,CNN-LSTM
S209,0.2100159540757544,0.17225075138575618,0.22834342803229557,0.3030462757544779,0.08634359075171318,CNN-LSTM
S210,0.16236353411592985,0.2710710704949694,0.22602025299499498,0.13362730427348765,0.20691783812061257,ANN
S211,0.20739266222712746,0.25041548714403755,0.16859309852582072,0.13829463294867436,0.23530411915433813,ANN
S212,0.18387386277044873,0.1584795564598249,0.2199357857922798,0.22367908892650626,0.21403170605093924,CNN-LSTM
S213,0.1917594730162705,0.15479075947891385,0.19201159695540884,0.32566537826379643,0.1357727922856093,CNN-LSTM
S214,0.2834497193888171,0.20943210648208618,0.14495572883714666,0.27984261857273124,0.08231982671922405,1D-CNN
S215,0.12103536164375175,0.15325929788303785,0.20813600796266776,0.2955015302193606,0.22206780229117778,CNN-LSTM
S216,0.1981284300333516,0.35747418539582543,0.15148085693040567,0.182424222579018,0.11049230506140048,ANN
S217,0.2508419581844597,0.19357529327878087,0.19977183661564069,0.22749439810749683,0.12831651381361983,1D-CNN
S218,0.1274999733476242,0.4349256111479535,0.17613630356755805,0.15967292880520229,0.10176518313166207,ANN
S219,0.16773755583998973,0.32662847612122264,0.18785671545338642,0.20347440377828382,0.11430284880711354,ANN
S220,0.148962507110423,0.2671532419492948,0.23203737990676968,0.22153282749555525,0.13031404353795564,ANN
S221,0.20147486550027482,0.3149229003781519,0.15679164414856614,0.23067268563721144,0.09613790433579053,ANN
S222,0.20318716089999447,0.33850300110070913,0.16658841110884573,0.22328553215021194,0.06843589474023985,ANN
S223,0.2435511484719719,0.27043533783692913,0.15472956679535244,0.2714895223860359,0.05979442450971075,CNN-LSTM
S224,0.25895324084119176,0.12824574197836422,0.21136574580394954,0.32830746953615175,0.07312780184034197,CNN-LSTM
S225,0.19312506124599085,0.2909100547202957,0.19166885889996232,0.14098484037711187,0.18331118475663533,ANN
S226,0.24074080467640424,0.34166455569689275,0.0771557739758965,0.2531761217545181,0.08726274389629363,ANN
S227,0.4140756004245517,0.22638724993573164,0.10410913924040453,0.17535783084488885,0.08007017955441842,1D-CNN
S228,0.2683914950965324,0.3668039193802443,0.10652053505753505,0.1753667154681826,0.08291733499751006,ANN
S229,0.17842851541372226,0.30931286287939286,0.25738388550889807,0.1417143048135717,0.11316043138441718,ANN
S230,0.24356275942673739,0.3047507347869721,0.17734563140839354,0.1685921187098974,0.10574875566800059,ANN
S231,0.25068112752148464,0.1877721345780254,0.1682812648427154,0.27233146786383605,0.12093400519394498,CNN-LSTM
S232,0.18284672258703535,0.18267918909552067,0.26409016125765067,0.20656065001606178,0.1638232770437384,LSTM
S233,0.200165068774677,0.21072197730060704,0.1513233604255822,0.2737584581487126,0.16403113535041908,CNN-LSTM
S234,0.24842848401140902,0.11552324855423468,0.1291376889530194,0.40254555715807655,0.10436502132326575,CNN-LSTM
S235,0.18113855051917221,0.2674413647119231,0.12572020257144256,0.3386436337604263,0.08705624843703609,CNN-LSTM
S236,0.29281158345462294,0.21155108346573764,0.15684193894739748,0.19857026743659392,0.14022512669564777,1D-CNN
S237,0.2691400792082821,0.2884680243393053,0.1682322016891433,0.12235546917733348,0.15180422558593532,ANN
S238,0.2183698065609383,0.21825742361329714,0.18165681155695346,0.19109423883294063,0.19062171943587058,1D-CNN
S239,0.22259037248719227,0.19597737554189168,0.21409842742367108,0.1988269286508116,0.1685068958964344,1D-CNN
S240,0.1999107738072152,0.2342413976377564,0.20190946833441453,0.21433639139790733,0.14960196882271204,ANN
S241,0.19673714280871282,0.20850199295690552,0.2179747931566897,0.28489932734044304,0.09188674373724633,CNN-LSTM
S242,0.11883567174142026,0.2566983123509422,0.3630227009716728,0.18405213012385585,0.07739118481210898,LSTM
S243,0.2300158254883861,0.26958684109131426,0.23509773748701063,0.1741879718713224,0.09111162406196484,ANN
S244,0.3931192135494603,0.051784272851031175,0.3307372061056689,0.14747878099660983,0.07688052649723463,1D-CNN
S245,0.11934503115069699,0.14946414029383248,0.27157590950658966,0.2609755180768901,0.19863940097198649,LSTM
S246,0.21500434764418547,0.1915650214522012,0.11626917118506334,0.29878874267719113,0.1783727170413589,CNN-LSTM
S247,0.1942672477893367,0.2001620610131453,0.14423998050279782,0.2715978400547319,0.18973287063998853,CNN-LSTM
S248,0.19377728185581994,0.14631826905463047,0.2348285915976996,0.21804658581494502,0.20702927167689836,LSTM
S249,0.30251621222346864,0.1953035437817807,0.20463026396896103,0.1386380929619738,0.15891188706381498,1D-CNN
S250,0.36426228270479183,0.130402956518488,0.18931427926229877,0.1479120365158012,0.168108444998619,1D-CNN
S251,0.18050861322731296,0.19435021451948714,0.23811430864273195,0.13209075216102942,0.25493611144943473,GRU
S252,0.17730647180394374,0.1775653462061369,0.19862004914697473,0.16454966226026885,0.2819584705826767,GRU
S253,0.18944855312161352,0.15509951401208144,0.20233647499428928,0.23431863182357146,0.21879682604844017,CNN-LSTM
S254,0.17847184527854382,0.3742487386455736,0.11381045882912703,0.2506534425388986,0.08281551470785783,ANN
S255,0.11897718628636744,0.3707304884591427,0.2392225520168785,0.17883962169701786,0.09223015154059132,ANN
S256,0.18307641278087128,0.16376479057355448,0.41918932184351926,0.14510920846107656,0.08886026634097768,LSTM
S257,0.21362302442812056,0.15892448438085877,0.3023607969900463,0.18990621919309875,0.1351854750078767,LSTM
S258,0.2088065424559122,0.2196111668477836,0.23953589282110035,0.15137546358646078,0.18067093428874523,LSTM
S259,0.11295264463330369,0.17852438295375808,0.2746981991632996,0.1977571128787648,0.23606766037086957,LSTM
S260,0.2516797226969249,0.13488581521278947,0.19000294085714048,0.20883969561769394,0.2145918256154512,1D-CNN
S261,0.10813692019958743,0.12738306217287718,0.25090206802205944,0.41410551346630337,0.09947243613917198,CNN-LSTM
S262,0.25719906929299285,0.08606277022603008,0.40969625904008045,0.12444994644660859,0.12259195499429007,LSTM
S263,0.24484267204372373,0.10545550022547961,0.22794958530722356,0.15687935862150312,0.26487288380207547,GRU
S264,0.1871996429251535,0.23715665517001153,0.1373139043639528,0.2183374603696653,0.21999233717122246,ANN
S265,0.19714699004311903,0.11493472386171373,0.22884395582486428,0.24183849301767957,0.21723583725262266,CNN-LSTM
S266,0.20195054890667588,0.19138946562115192,0.24453921441627308,0.13861170575671372,0.22350906529918474,LSTM
S267,0.2535354154277163,0.19697512081874352,0.20543478451740313,0.17342336537739175,0.17063131385874666,1D-CNN
S268,0.1233319463464912,0.10442757674656121,0.3132028420908729,0.34344101828511575,0.11559661653095894,CNN-LSTM
S269,0.13705048913919501,0.07872538897494247,0.22488245760252001,0.32895025595948524,0.230391408323857,CNN-LSTM
S270,0.10140069307456054,0.23539755031873907,0.1802888250779944,0.17868201590969898,0.30423091561901344,GRU
S271,0.15605820787834793,0.23678708433415208,0.15425049461218898,0.13987233318899756,0.3130318799863133,GRU
S272,0.1893619677103468,0.24135579899672124,0.18668501141685082,0.19204596691412826,0.19055125496195255,ANN
S273,0.18611433073415923,0.17148971930785112,0.32324035158452336,0.13887099829803765,0.1802846000754249,LSTM
S274,0.1930764457605309,0.2324621999452101,0.26986009174171205,0.15252326681898518,0.15207799573356798,LSTM
S275,0.18536254009397224,0.1461735991177452,0.21807711998958323,0.28754367869005065,0.16284306210864802,CNN-LSTM
S276,0.1431529329277052,0.2572922266876519,0.18220422095316538,0.2783348745225432,0.13901574490893456,CNN-LSTM
S277,0.20529822722796606,0.16466136870052905,0.1836804054433231,0.256970038413887,0.18938996021429708,CNN-LSTM
S278,0.25963469293558994,0.16216836072878557,0.14164221199903504,0.23511278327081975,0.20144195106576782,1D-CNN
S279,0.20688201292459898,0.36254947126627435,0.13952856552965567,0.18097965092291535,0.11006029935655448,ANN
S280,0.22602722884543724,0.1961615272510218,0.25396114569221506,0.11650673772099844,0.20734336049032534,LSTM
S281,0.17589467687328098,0.21714132756108387,0.22736954759946834,0.14529867661999937,0.23429577134617305,GRU
S282,0.14677706773537377,0.2051741828489036,0.2500978220900268,0.16979669733347083,0.2281542299922275,LSTM
S283,0.18702348941264363,0.1748100192046252,0.23765784460112754,0.20730605391369036,0.19320259286790695,LSTM
S284,0.17974852986147785,0.20658440236197098,0.2071204415510678,0.23477184686242825,0.1717747793630582,CNN-LSTM
S285,0.06696409379919023,0.09633336288065655,0.21336523781056943,0.4599645945684292,0.16337271094115663,CNN-LSTM
S286,0.08349831422484585,0.15993166810383713,0.2779034573937614,0.35567902561002396,0.12298753466753697,CNN-LSTM
S287,0.3522712054882403,0.21295760634014244,0.17612484673363463,0.16097637568129222,0.09766996575668951,1D-CNN
S288,0.34565653599772583,0.1286867960020263,0.15720770578151658,0.20787977573428784,0.16056918648443907,1D-CNN
S289,0.1328292748192951,0.3634306465723215,0.16707477463037387,0.15122505176641157,0.18544025221159782,ANN
S290,0.17006902360153567,0.18187215380538058,0.24733651025936781,0.1594409867213183,0.2412813256123976,LSTM
S291,0.20145291694182918,0.1596849456576602,0.2499389128657002,0.16547744488270918,0.22344577965210702,LSTM
S292,0.20159433967016166,0.2700137697144187,0.20284974581514487,0.1442353821652511,0.1813067626350232,ANN
S293,0.31340151543470696,0.21278117859863327,0.15479197894759253,0.16273149639968373,0.15629383061938248,1D-CNN
S294,0.1183235889162323,0.2841309581577943,0.2749755703566759,0.17781089092272895,0.14475899164656622,ANN
S295,0.1796399469596492,0.1558060673692273,0.4101938249128536,0.16905438320019067,0.08530577755808254,LSTM
S296,0.3911629185723305,0.16450564017867236,0.25559575517450966,0.12787058341012933,0.060865102664357525,1D-CNN
S297,0.35200383981354816,0.125846752760609,0.3592009634113768,0.07715397576141769,0.08579446825304546,LSTM
S298,0.1258493159502655,0.3048585818984313,0.13022679386920039,0.28378731646960076,0.15527799181249186,ANN
S299,0.2379837264167534,0.1436910643917141,0.14383593980127826,0.18838509441776694,0.2861041749724863,GRU
S300,0.21769134100428295,0.19935168321039548,0.18422338612172995,0.1767448047009905,0.22198878496260244,GRU
S301,0.21164458962807076,0.17455955733050385,0.23388157804802945,0.16269707598932828,0.21721719900406783,LSTM
S302,0.2989732844346375,0.16590476852804,0.18277455063859685,0.13963621536743948,0.2127111810312885,1D-CNN
S303,0.17463759240944207,0.20311058065216853,0.2574039869139971,0.1389471066324455,0.2259007333919491,LSTM
S304,0.1515901399992678,0.11992342713335148,0.2470240322424608,0.14782149946387765,0.33364090116104445,GRU
S305,0.16608073819478839,0.15295755515103304,0.20011063847446858,0.26485677680260766,0.2159942913771067,CNN-LSTM
S306,0.1408881116021366,0.1997279323209963,0.191096264814702,0.27734162852760397,0.19094606273456302,CNN-LSTM
S307,0.10163963770424876,0.21406355862680812,0.34363339128843834,0.2319586408616848,0.10870477151881752,LSTM
S308,0.30488585946191843,0.19586951778268577,0.1854514393771563,0.23323985606290853,0.08055332731532758,1D-CNN
S309,0.4997019487254337,0.10661975409730869,0.1573360367407594,0.18024627554133366,0.05609598489516279,1D-CNN
S310,0.21649315261383412,0.2526609767190616,0.18411887583478473,0.175755483280486,0.17097151155183354,ANN
S311,0.07116208848986198,0.13662478593020527,0.31741119661659833,0.17780754698370782,0.29699438197961997,LSTM
S312,0.17211310389661563,0.23178421373135052,0.18876332569101606,0.15106858381688767,0.256270772864131,GRU
S313,0.17668192867207913,0.1861945726667958,0.25560720301519113,0.1690452377396894,0.2124710579062382,LSTM
S314,0.16938257396239706,0.1928686866909762,0.22746374277960535,0.16272376868326807,0.24756122788375268,GRU
S315,0.16414511390957942,0.21101834612179574,0.19926459422038115,0.1653101932457464,0.2602617525025029,GRU
S316,0.075815481434114,0.2772798621550749,0.2562976246364319,0.18019369360440543,0.2104133381699703,ANN
S317,0.09536763705557566,0.15038484643983666,0.2703414795456926,0.3024381248327466,0.18146791212614805,CNN-LSTM
S318,0.13456957272458453,0.20524479235046672,0.2757856649742324,0.24826223153146112,0.13613773841925675,LSTM
S319,0.0597561307992934,0.20025406819270333,0.43834283812579733,0.22203929117435542,0.07960767170785664,LSTM
S320,0.15543948763905607,0.19242582493949378,0.3526423700564979,0.238370172655327,0.06112214470962497,LSTM
S321,0.26716114699445814,0.08141907151039401,0.31919261414335043,0.2340549744799483,0.0981721928718492,LSTM
S322,0.13794437372980736,0.09417551639094475,0.13668710685447408,0.546607829289271,0.08458517373550793,CNN-LSTM
S323,0.3283390496901201,0.06878505479431345,0.14331621484657792,0.3255653249066729,0.1339943557623138,1D-CNN
S324,0.15357963705967506,0.2475741995106433,0.08454435524245658,0.3687291863573184,0.14557262182990666,CNN-LSTM
S325,0.2152796790526445,0.1319829754914532,0.15060008556656257,0.27421674579855493,0.227920514090782,CNN-LSTM
S326,0.21076345493502796,0.15574263604617195,0.17114488524068677,0.18198653969879805,0.28036248407931486,GRU
S327,0.1434850291668013,0.1798502979048528,0.27848400230014997,0.12443931780791065,0.27374135282028045,LSTM
S328,0.18154922035152066,0.2157160518421788,0.23028778187583224,0.11760247250405648,0.25484447342641037,GRU
S329,0.22407648995482649,0.19828962345059717,0.2132978736410048,0.150609598668021,0.21372641428554912,1D-CNN
S330,0.2042065816512738,0.16070830298178942,0.2256858243406854,0.17070657823334368,0.2386927127929088,GRU
S331,0.18402788973713463,0.1432668409800499,0.196874862810876,0.12884179035622254,0.34698861611572346,GRU
S332,0.18759464816805535,0.18067592428226514,0.15658344240692035,0.2637150944282773,0.21143089071448312,CNN-LSTM
S333,0.1571734778778788,0.1543929628160327,0.14538671378077064,0.44595038171362233,0.0970964638117008,CNN-LSTM
S334,0.18747844541208322,0.13152868213039934,0.30794410589485244,0.26782882064060154,0.1052199459220571,LSTM
S335,0.24136943446259515,0.16015253692066742,0.27522715370712386,0.17587283471559867,0.14737804019401093,LSTM
S336,0.2331296046866713,0.17423323499116336,0.16299330741329976,0.19847065613225204,0.23117319677661305,1D-CNN
S337,0.12793260711851145,0.10294785794686451,0.27950969968242273,0.2304626264419033,0.25914720881029635,LSTM
S338,0.07535266760458942,0.09207135011165592,0.43033212077151506,0.16848424933125478,0.23375961218098193,LSTM
S339,0.3810288332809642,0.3216396392291124,0.09533192369689335,0.05150204506255966,0.15049755873046877,1D-CNN
S340,0.27384242694980643,0.19265883779750084,0.16065701169611857,0.1855856061417775,0.1872561174147922,1D-CNN
S341,0.09331042150397732,0.13227482024918427,0.16111370516337856,0.41410295775892003,0.19919809532453997,CNN-LSTM
S342,0.09087442354260179,0.08231272187241233,0.1788513023353556,0.1747864364662759,0.4731751157833493,GRU
S343,0.11337261385594628,0.3290957976027639,0.22579524631528955,0.159190370323645,0.17254597190235554,ANN
S344,0.19322079060152572,0.16970404729257074,0.3077602012265052,0.17181571897387282,0.15749924190552061,LSTM
S345,0.20590988999364032,0.22717831650009693,0.20025438677585278,0.2557093778506453,0.11094802887976458,CNN-LSTM
S346,0.16390726535238573,0.10711093169302978,0.3575148623542835,0.22406665361702388,0.14740028698327662,LSTM
S347,0.09755560900673396,0.16361727283703847,0.3564203564382099,0.2356260792944236,0.14678068242359932,LSTM
S348,0.14050497169169998,0.2417948074035974,0.13748762649165094,0.30008490300671753,0.18012769140633253,CNN-LSTM
S349,0.19760612611591225,0.19224225585352345,0.1907668478052543,0.23635045284850575,0.18303431737680087,CNN-LSTM
S350,0.19356748981644248,0.1901772058307246,0.32230057336870643,0.14701540682658784,0.1469393241575368,LSTM
S351,0.2919612170711902,0.23736764798232304,0.23337696146286036,0.13265912982043593,0.10463504366319584,1D-CNN
S352,0.29247509114816267,0.2057770054551641,0.1845287332618927,0.21358121330576887,0.10363795682901186,1D-CNN
S353,0.16341347359999978,0.1365273284263698,0.2791473397908086,0.2419495310259251,0.17896232715689697,LSTM
S354,0.20693759554234917,0.13022434654657353,0.20480412639171613,0.2082986767299629,0.24973525478939437,GRU
S355,0.18689728924725765,0.14012893602399343,0.17067171127617445,0.2507410360947371,0.25156102735783675,GRU
S356,0.1371994574948499,0.11797062019132586,0.19876138464272308,0.40985761739840326,0.13621092027269216,CNN-LSTM
S357,0.2776845574522722,0.21201861458873972,0.14280043583798402,0.22803787732961167,0.1394585147913926,1D-CNN
S358,0.20691139589989896,0.15205879061964114,0.171620187036121,0.19423165368084855,0.2751779727634889,GRU
S359,0.1993421987404157,0.16870534260639283,0.24145321908638998,0.15280091645968805,0.2376983231071083,LSTM
S360,0.16155419671995408,0.13009610190477347,0.22445023356302285,0.16125442902826062,0.32264503878399103,GRU
S361,0.12207941122278959,0.19248728924319994,0.24663579658686166,0.21030789811542777,0.22848960483172112,LSTM
S362,0.14190760261614532,0.14249190309694076,0.024862185826386086,0.02414304381194551,0.6665952646485868,GRU
S363,0.19797862600555732,0.3017130992302339,0.059877534609025854,0.10455663063982486,0.3358741095153578,GRU
S364,0.07484143611722138,0.5546657577909954,0.1340923027025582,0.13216839873858802,0.10423210465064313,ANN
S365,0.1776225687710418,0.3337641938603312,0.2439401041608635,0.12976743738045607,0.11490569582731333,ANN
S366,0.07026664919604213,0.282651278390227,0.28901996952220166,0.1819975415629328,0.1760645613285932,LSTM
