Segment,1D-CNN,ANN,LSTM,CNN-LSTM,GRU,Selected
S1,0.1734460334401118,0.14406873894698977,0.2590237504659964,0.24370698452129844,0.1797544926256021,LSTM
S2,0.18690212107995363,0.18064936390780548,0.22943801534261138,0.23336840253464936,0.16964209713498027,CNN-LSTM
S3,0.15862640789881505,0.20280629439660747,0.23335512896645447,0.2871976903208949,0.11801447841723209,CNN-LSTM
S4,0.1956543477090223,0.21661002619570283,0.1741473037105993,0.26390743419252605,0.1496808881921479,CNN-LSTM
S5,0.19337414388645763,0.15264764846713239,0.2037372703886492,0.2798991057075263,0.1703418315502333,CNN-LSTM
S6,0.22683493051863043,0.20421484832022133,0.20227144518469156,0.20123443991424397,0.16544433606221698,1D-CNN
S7,0.1489522478934779,0.20757433629828304,0.27878753006560353,0.23977717529224893,0.1249087104503941,LSTM
S8,0.14160577920625084,0.21045935635945398,0.2625866581940689,0.18432410448659353,0.20102410175363414,LSTM
S9,0.15524190412087288,0.1482255365235001,0.25054421233839946,0.22698330758452545,0.21900503943270877,LSTM
S10,0.2012530560178812,0.2650841388063898,0.19725752397330262,0.19028392180211112,0.14612135940031495,ANN
S11,0.1790601538336543,0.27325952058278896,0.2041273936728619,0.25192568542519767,0.0916272464854956,ANN
S12,0.1495301742078946,0.2687618211460406,0.2144314645690445,0.29638115588796754,0.07089538418905277,CNN-LSTM
S13,0.12498175719138864,0.23386213739828024,0.266135579968143,0.3065200207538527,0.06850050468833259,CNN-LSTM
S14,0.15591393473201032,0.3675158545975954,0.2073838379310681,0.1955098217549571,0.07367655098436905,ANN
S15,0.3646786381725446,0.31388907623774254,0.130416849559774,0.12293887568256827,0.06807656034737582,1D-CNN
S16,0.28949767006961186,0.36252107912491177,0.10764737581813559,0.13510704499268913,0.10522682999464907,ANN
S17,0.20075329025554242,0.25815591391019255,0.1457322941390534,0.20953659854641635,0.1858219031487943,ANN
S18,0.19294601911901832,0.2239119594243319,0.14385904586630363,0.26865507472042377,0.17062790086991622,CNN-LSTM
S19,0.2037699444595918,0.18854581143086616,0.1575807144042922,0.3542557532981073,0.09584777640713911,CNN-LSTM
S20,0.12254561858442727,0.12261309317079278,0.19362407945964324,0.5002901296897644,0.06092707909536834,CNN-LSTM
S21,0.2056700924626953,0.28804269025459783,0.13244619107431427,0.30236204739184136,0.07147897881655119,CNN-LSTM
S22,0.2575885661260985,0.2603077251131652,0.09853772920691962,0.2809074850898467,0.10265849446396695,CNN-LSTM
S23,0.11034753434074991,0.34805237898503455,0.10837075300035823,0.2964914101419253,0.13673792353193204,ANN
S24,0.18029815966497625,0.24313667246954168,0.22042465436405978,0.13564500518621178,0.2204955083152107,ANN
S25,0.1971651182902638,0.17485952895185,0.2897111990960353,0.11333575098550039,0.22492840267635075,LSTM
S26,0.2537773631751381,0.17632956675963013,0.3074096579667585,0.09340398959884273,0.16907942249963068,LSTM
S27,0.18433955985300163,0.3391129979311194,0.2913401269688521,0.10263638283862216,0.08257093240840196,ANN
S28,0.26090936762326217,0.23324805116427103,0.17957355023965674,0.2730689320521608,0.05320009892064572,CNN-LSTM
S29,0.039353889733005555,0.03013687117823377,0.3340285641326104,0.5889726869952361,0.007507987960914091,CNN-LSTM
S30,0.06639316520086287,0.2428110315691801,0.4624440873535702,0.19195998151363622,0.0363917343627494,LSTM
S31,0.2529902229436264,0.16713810808804214,0.28560115882731285,0.15145984526895326,0.14281066487206454,LSTM
S32,0.15551317492196073,0.09228984369780592,0.2800028129275095,0.2230790480511023,0.24911512040162098,LSTM
S33,0.11752164749063038,0.09808711858374967,0.25142131810463225,0.2880939380401383,0.2448759777808447,CNN-LSTM
S34,0.17963139063281638,0.14209363556902846,0.2193220091386579,0.22782454098843732,0.2311284236710589,GRU
S35,0.16562478862528607,0.18134024366678378,0.21261140738905002,0.2192529899189939,0.2211705703998862,GRU
S36,0.2544546729788395,0.20485637855657976,0.1864738121741266,0.19857576977633376,0.15563936651412155,1D-CNN
S37,0.2506091665192552,0.21761679751359522,0.18725238193605553,0.19900903277791201,0.14551262125318198,1D-CNN
S38,0.19855223763272642,0.23346101196021354,0.2215662746987592,0.15949490434707778,0.18692557136122306,ANN
S39,0.2012371132849249,0.2055161963917006,0.21712926418250086,0.1714372109067474,0.20468021523412272,LSTM
S40,0.2013747850836525,0.1783654736854774,0.20444357406561423,0.20969146986730247,0.20612469729795652,CNN-LSTM
S41,0.1924029583337025,0.19150822216486224,0.20448519927347786,0.2150603853728845,0.19654323485507383,CNN-LSTM
S42,0.2061905247249194,0.20417592142833604,0.19863054168485902,0.20823209643865137,0.18277091572324095,CNN-LSTM
S43,0.18184605238927068,0.2037662370610592,0.22462419247978332,0.22846619410924107,0.16129732396064667,CNN-LSTM
S44,0.21389106111179648,0.21133311622378673,0.20912067134512985,0.216491447070279,0.14916370424900524,CNN-LSTM
S45,0.23741982010863677,0.20765228460448912,0.1939902182490542,0.19417655786080598,0.1667611191770131,1D-CNN
S46,0.2079914859089563,0.22383696514742216,0.1883931932272404,0.18289370556328663,0.19688465015309295,ANN
S47,0.1952468150658473,0.2186763440984797,0.18863600968122543,0.18514567254743333,0.21229515860701842,ANN
S48,0.19543966582072467,0.16391050095515716,0.22059305926841868,0.1950240888468088,0.22503268510888913,GRU
S49,0.1948445199495643,0.18060720221990578,0.2431889262237657,0.18406793703876603,0.1972914145679926,LSTM
S50,0.1205732590677907,0.2225029344083239,0.24396518472170067,0.207309112719988,0.20564950908220436,LSTM
S51,0.008249353800261998,0.029692609038644794,0.6554882483711795,0.2696237770547336,0.03694601173518273,LSTM
S52,0.2197396193502914,0.21037715385081293,0.30637639787010207,0.13621707331711197,0.12728975561167555,LSTM
S53,0.124580681161318,0.20738521907523852,0.22277014946415374,0.21019130104060144,0.23507264925868676,GRU
S54,0.5029627970972015,0.06580802493662714,0.1288517065155437,0.15232984354408227,0.1500476279065434,1D-CNN
S55,0.2019425206543116,0.12951687683971033,0.19246048756051615,0.27389341381869076,0.20218670112677256,CNN-LSTM
S56,0.3107118402882308,0.11389259625183273,0.1634856675832197,0.2073830326142126,0.204526863262501,1D-CNN
S57,0.1754800401807667,0.07202477607974501,0.23892103202131829,0.23466750341270137,0.2789066483054687,GRU
S58,0.2880695342632323,0.08172362092688742,0.23374663975885315,0.1597257597430492,0.2367344453079776,1D-CNN
S59,0.1538801917406911,0.17011852819271409,0.2756349385640751,0.14170185124583132,0.25866449025669275,LSTM
S60,0.15076797652745982,0.28348152970248425,0.20811008465237732,0.10952305211431854,0.2481173570033555,ANN
S61,0.03728345473732485,0.13034244005221024,0.23028363014177697,0.1810214816408327,0.4210689934278553,GRU
S62,0.05104303421661956,0.19600264035364207,0.22450046673953694,0.296338031158672,0.23211582753152932,CNN-LSTM
S63,0.22807468438371648,0.3906797085542209,0.14520917570278546,0.1593309335938876,0.0767054977653898,ANN
S64,0.27036957842071935,0.30479452408492197,0.19373760387547642,0.16304688580305196,0.06805140781583684,ANN
S65,0.12900373656744854,0.22373034899511957,0.33644498566198594,0.2307658389247572,0.08005508985068722,LSTM
S66,0.1840451575841095,0.2520160188251243,0.3148751536640797,0.16778971268758097,0.08127395723910685,LSTM
S67,0.30610897009461746,0.2577382995025601,0.1922543994783022,0.13283333369939115,0.11106499722512836,1D-CNN
S68,0.3431943845800968,0.2516277658730559,0.137159261960757,0.1432403918937546,0.12477819569233062,1D-CNN
S69,0.23521079779972925,0.25965501717764905,0.1370176888577377,0.20669476666750197,0.16142172949738842,ANN
S70,0.1830541368086778,0.19501544615174143,0.14848596720699894,0.26519844084069366,0.20824600899188095,CNN-LSTM
S71,0.24330788284238525,0.1980574807120714,0.14642333077449093,0.24077392564405894,0.17143738002699344,1D-CNN
S72,0.21247480246541675,0.21133298172165735,0.15488904016266583,0.25952543585382515,0.16177773979644003,CNN-LSTM
S73,0.25961764145540084,0.18168872951472384,0.1686321231772328,0.22518303712422175,0.16487846872842005,1D-CNN
S74,0.20833856064417502,0.23948074047559154,0.19538537794718894,0.17124647085419817,0.1855488500788519,ANN
S75,0.219971979436716,0.23024615168240917,0.2389233660031211,0.12565096006505572,0.18520754281269627,LSTM
S76,0.2714093062615084,0.191945884987687,0.23787282337778698,0.11367863058260619,0.18509335479041605,1D-CNN
S77,0.23095248700432164,0.16426391136475912,0.24822425080668095,0.12969422803665553,0.22686512278758042,LSTM
S78,0.4283268253113848,0.19284703810324447,0.07432753943884736,0.04384415431831203,0.2606544428282067,1D-CNN
S79,0.21752495133903382,0.2723415600970527,0.10675176014843352,0.09372692235955067,0.30965480605592866,GRU
S80,0.23754212586364906,0.17322515513470926,0.13489583430328875,0.17648937472655365,0.277847509971799,GRU
S81,0.17931134868899867,0.1536822048479744,0.15789186399969166,0.23676527014235005,0.27234931232098536,GRU
S82,0.21689236675079288,0.16754851015519906,0.17529537908819864,0.21400587265261592,0.22625787135319467,GRU
S83,0.2409568246223139,0.19024653547118928,0.18919153282582876,0.2047008096466738,0.17490429743399313,1D-CNN
S84,0.23442268898305565,0.17277441018660092,0.18834771137279743,0.21002602519420746,0.19442916426333118,1D-CNN
S85,0.17059744665478835,0.1580520296525236,0.23360029280426525,0.2072669734164874,0.23048325747193676,LSTM
S86,0.21529959347787325,0.17625182523887323,0.22254620885377904,0.1682965902077296,0.21760578222174945,LSTM
S87,0.2125745945675634,0.2594810779633014,0.20229548406231537,0.15361228053377807,0.17203656287304162,ANN
S88,0.18009273263711822,0.23600357492363183,0.21349530162393515,0.16924016885767948,0.20116822195763456,ANN
S89,0.128320162507527,0.16312994435826894,0.2527558407002289,0.20649785483690092,0.24929619759706614,LSTM
S90,0.15568449145553964,0.21923599919085546,0.21308164440390084,0.2029961510221189,0.20900171392757616,ANN
S91,0.04447018310805465,0.13064038756728721,0.3686027145977164,0.32671566351404535,0.12957105121289544,LSTM
S92,0.16027945722955833,0.1624034499185499,0.33991597616047475,0.22790009843565923,0.10950101825575687,LSTM
S93,0.3194444768208315,0.2369448801828089,0.1679785997622496,0.15514059696606042,0.1204914462680489,1D-CNN
S94,0.2820746367209273,0.1922492885120703,0.1670312250349472,0.18466181996719327,0.17398302976486046,1D-CNN
S95,0.25108464913045153,0.19306196719059232,0.1720392062205536,0.19006591787384006,0.19374825958456096,1D-CNN
S96,0.24179847064382512,0.22338086734242477,0.17257023692421078,0.16321919919779557,0.19903122589174943,1D-CNN
S97,0.18686166529048095,0.2138299551847528,0.2016664560683063,0.17586488647138082,0.22177703698507908,GRU
S98,0.19704633311615238,0.17081362452467433,0.2491378702142458,0.16592281198680792,0.21707936015812412,LSTM
S99,0.1589308667408008,0.19265146740047007,0.260691845978041,0.15555765210683536,0.23216816777385135,LSTM
S100,0.1817767850350184,0.27723152032575155,0.19053874386537556,0.13662415903063804,0.21382879174321384,ANN
S101,0.03482925756220843,0.12220824821478385,0.28667152114707295,0.3247063021022148,0.23158467097371285,CNN-LSTM
S102,0.02598616962415157,0.09976688974644483,0.34082714481309717,0.4327227529777373,0.1006970428385703,CNN-LSTM
S103,0.04659285992101655,0.11867820210529517,0.5219070357367881,0.26797179125534876,0.04485011098154907,LSTM
S104,0.12972783786482883,0.2463724140638443,0.41255892105339736,0.15014678667638395,0.06119404034154476,LSTM
S105,0.3184034230578987,0.4900502622563559,0.08595989191378625,0.050512537945190075,0.05507388482677452,ANN
S106,0.6411790502617453,0.24131025539981102,0.0322467152027043,0.037131806889820866,0.04813217224591912,1D-CNN
S107,0.12934915564739013,0.632275618340829,0.04540925453163443,0.07338808129974557,0.11957789018039783,ANN
S108,0.35124706976971337,0.32624879206170426,0.05283317174782254,0.09940894874506093,0.1702620176757,1D-CNN
S109,0.34927652932308767,0.3326061685152687,0.06894687741817344,0.09725589107081647,0.15191453367265323,1D-CNN
S110,0.09233275602714804,0.11198974589439442,0.1805793321769807,0.4626200014304204,0.15247816447105625,CNN-LSTM
S111,0.03536178242261389,0.08989186778094344,0.15518214555317844,0.60476859710533,0.11479560713793857,CNN-LSTM
S112,0.02344681029788114,0.03373983479563098,0.14626477586270403,0.7061836401641128,0.09036493887967066,CNN-LSTM
S113,0.02838867536999047,0.051063231186739534,0.16729560947221336,0.6532984296815468,0.09995405428950968,CNN-LSTM
S114,0.030929984144062055,0.12146109045744975,0.1705424552645434,0.5791240887110413,0.0979423814228998,CNN-LSTM
S115,0.2295747349936482,0.2785177237405736,0.19132779053614693,0.23318555015024114,0.06739420057939446,ANN
S116,0.31254590836998736,0.3941653210418646,0.12179182589966239,0.12924576869389498,0.042251175994584854,ANN
S117,0.24152573369885805,0.3198959019536482,0.2008147591680591,0.19320115964185577,0.04456244553757737,ANN
S118,0.209257611039278,0.2796732097497082,0.23519584570970134,0.2313270762771737,0.04454625722413564,ANN
S119,0.14737055807208121,0.28183214506670695,0.2576970146825652,0.20444825735073696,0.10865202482790723,ANN
S120,0.2528210370030085,0.1624969815416282,0.20838089963343565,0.30652604914853143,0.06977503267339846,CNN-LSTM
S121,0.20435539752337853,0.16441601265284286,0.18198258416337684,0.38235365106209107,0.06689235459831205,CNN-LSTM
S122,0.18405372405657713,0.16114954771966508,0.2792791273588053,0.224162258831698,0.1513553420332493,LSTM
S123,0.17264154777095814,0.14241967604921837,0.2675305586535617,0.1683520379882239,0.24905617953803522,LSTM
S124,0.12267473089686601,0.08692635563680373,0.23922639507978127,0.1724704378520782,0.37870208053447607,GRU
S125,0.10892444883028457,0.07528600421974575,0.26024521009776574,0.21305177532733768,0.34249256152486374,GRU
S126,0.08940519540810103,0.12253158049409162,0.2917914642277426,0.14920424238367969,0.347067517486387,GRU
S127,0.24604952255442977,0.2026305066327397,0.17994557739219463,0.09898302483187162,0.27239136858876406,GRU
S128,0.2228416574413547,0.2211283835619586,0.2004737604543407,0.11493547857286132,0.24062071996948678,GRU
S129,0.2588165080286645,0.2346786142066089,0.19185339532522094,0.13084133415961405,0.18381014827989092,1D-CNN
S130,0.22405484038151738,0.22862281535783952,0.21327804375949816,0.13315702286135117,0.20088727763979933,ANN
S131,0.21200717758674759,0.19595663801793767,0.2588457140570433,0.16941011864002026,0.1637803516982498,LSTM
S132,0.19909091572611423,0.16221381359655315,0.24408640383492727,0.24195841866076565,0.1526504481816334,LSTM
S133,0.1655849021893312,0.15717229829545906,0.21833443109132689,0.3117735092614217,0.14713485916245891,CNN-LSTM
S134,0.2046365343732718,0.18524337392246815,0.22872294456817152,0.2670786289535549,0.11431851818253363,CNN-LSTM
S135,0.1884427910773805,0.1824506427150784,0.2684666956067775,0.29366899437636074,0.06697087622440136,CNN-LSTM
S136,0.24817740734526145,0.15631943777854634,0.2566082801630957,0.2285041792026103,0.110390695510481,LSTM
S137,0.11201276308735501,0.07472072929507331,0.24597785458137414,0.2648339960685933,0.30245465696760737,GRU
S138,0.062387606160152265,0.11640905587649955,0.34991969907234516,0.17648871455844614,0.29479492433255633,LSTM
S139,0.18884145116595163,0.20175330553176674,0.22019240269107718,0.1353951788640714,0.2538176617471313,GRU
S140,0.18923421196017612,0.23969879146810952,0.20517523052559467,0.17597301920626612,0.18991874683985338,ANN
S141,0.1542795148014182,0.2822864446501087,0.22599454052275217,0.17262692974002503,0.16481257028569407,ANN
S142,0.12954982997494466,0.31329460776853335,0.22594336768521173,0.2332810429510425,0.09793115162026675,ANN
S143,0.13600086420483004,0.19132477451508118,0.32965970812851064,0.2845280054578404,0.058486647693735225,LSTM
S144,0.20712029121065823,0.2291141150908316,0.2655400473053782,0.2210363935740622,0.07718915281906916,LSTM
S145,0.19590218308808072,0.20958866244556731,0.2224876893889553,0.24900716464706643,0.12301430043033053,CNN-LSTM
S146,0.20089921378872447,0.250850241320059,0.18943233319137753,0.2737150675964871,0.08510314410335865,CNN-LSTM
S147,0.2089292941193566,0.4106650476606821,0.13778438905851728,0.18592719649690845,0.05669407266453575,ANN
S148,0.31502079546163236,0.24633402110602892,0.17484336985833773,0.21677710043896667,0.04702471313503514,1D-CNN
S149,0.3131108954121116,0.3582448640262058,0.10154817870269721,0.16185933138040162,0.06523673047858138,ANN
S150,0.33395760658766316,0.2897704034170432,0.09763305665170673,0.17196210495622857,0.10667682838735816,1D-CNN
S151,0.2139214343260887,0.21355862941912337,0.12580828545372935,0.20367768833139985,0.2430339624696628,GRU
S152,0.12150566095675182,0.14185286539236847,0.3486858315691545,0.1268618564318797,0.2610937856498468,LSTM
S153,0.08630321484839057,0.3426028249766615,0.29205919744234,0.12494631956481721,0.15408844316778925,ANN
S154,0.20373049533614235,0.2121152053062427,0.2964024411534167,0.14235173096867892,0.1454001272355235,LSTM
S155,0.26267079471442395,0.18203261660690961,0.24540099866102547,0.15749399709059603,0.1524015929270516,1D-CNN
S156,0.21107089324656259,0.19249282617462998,0.21582968119652382,0.21179680619309693,0.16880979318918554,LSTM
S157,0.23537093504125114,0.1264600315295897,0.19453918234004536,0.2692120613030283,0.17441778978608768,CNN-LSTM
S158,0.1854065811044176,0.24235119770703015,0.16865352829471736,0.2558580991973967,0.14773059369643848,CNN-LSTM
S159,0.20803734643767618,0.2585769507823766,0.20166393181220504,0.1855142776461741,0.14620749332156902,ANN
S160,0.1992415422091869,0.18898810966195942,0.2367622577193471,0.1682906997601498,0.2067173906493471,LSTM
S161,0.13597847165919258,0.09796996709241446,0.2561941460365423,0.18299730034882233,0.3268601148630283,GRU
S162,0.0699804041417068,0.09921911581515885,0.28582965037175684,0.17737524538385366,0.3675955842875221,GRU
S163,0.11578785237715886,0.13652964560337486,0.2640966506168526,0.15442112788438905,0.32916472351822246,GRU
S164,0.23439961741524945,0.15372308595548057,0.18645245092808038,0.10656045440943332,0.31886439129175725,GRU
S165,0.23674243028688877,0.22519281814604453,0.14990619426649293,0.14135671800695576,0.24680183929361724,GRU
S166,0.2168902285270308,0.1721999955758473,0.2010117388146064,0.2976469106092029,0.11225112647330764,CNN-LSTM
S167,0.22482481871894652,0.14821304064911262,0.27130214982296186,0.20510954165049716,0.15055044915848045,LSTM
S168,0.14540847372980548,0.13824301789450066,0.2254095269186882,0.18025282251279873,0.3106861589442123,GRU
S169,0.1147982839348919,0.08442948589979805,0.22625259545870746,0.175472201914809,0.399047432791799,GRU
S170,0.08955641955524828,0.07556124618888634,0.32255837708213525,0.19647086200690278,0.3158530951668293,LSTM
S171,0.15228336534071057,0.08679546702265734,0.22128174403344397,0.11931642380942743,0.4203229997937608,GRU
S172,0.14667749044369144,0.07475767186087857,0.113369615376876,0.10760589774680916,0.5575893245717415,GRU
S173,0.12882779485174942,0.08539252135575374,0.15660558524240972,0.2509073920282111,0.3782667065218677,GRU
S174,0.1339334112596306,0.1382437834509759,0.19994365381309676,0.2473294608257002,0.2805496906505937,GRU
S175,0.16211747611873548,0.16933758126790063,0.20385875887774063,0.17769690903917573,0.2869892746964424,GRU
S176,0.1325152809289626,0.3136985476329687,0.18769455800716722,0.139199539745328,0.22689207368557215,ANN
S177,0.18692070559133764,0.23103415655046852,0.22198735885246193,0.16078445419632229,0.19927332480940818,ANN
S178,0.12752625768977974,0.12852752182770555,0.26123268582218134,0.20808967671142733,0.27462385794890715,GRU
S179,0.2161498323342503,0.2960434842965035,0.20155519031492114,0.13840670247938117,0.14784479057494915,ANN
S180,0.21803321488507574,0.454701431722893,0.15374115344892778,0.1051103338764103,0.06841386606669898,ANN
S181,0.2687412853005883,0.3286647696598862,0.1982646401458015,0.14465475794296437,0.05967454695076389,ANN
S182,0.15049700252214654,0.2572948993979426,0.2819415438848969,0.2221984936128412,0.0880680605821784,LSTM
S183,0.17200179426853765,0.2155008400279018,0.28282890200530747,0.2419812552316385,0.08768720846661453,LSTM
S184,0.19051090107600038,0.40988812010259223,0.18050591034209912,0.14183483072540823,0.0772602377538998,ANN
S185,0.4015869701576595,0.33892863044782434,0.0987695018516763,0.09540661738588098,0.065308280156961,1D-CNN
S186,0.3321202090513409,0.31958741991827,0.08736048234144132,0.09860718709993135,0.1623247015890173,1D-CNN
S187,0.20391840072202233,0.28013531468766995,0.13498592979860952,0.19116464714768713,0.1897957076440109,ANN
S188,0.19959850629286313,0.35237087627684427,0.13001939009765473,0.20146580394065666,0.11654542339198096,ANN
S189,0.14693932731982298,0.16879575828835022,0.14961750105608207,0.4514257154473651,0.08322169788838069,CNN-LSTM
S190,0.13196299302945574,0.23426933231319322,0.13108028520005277,0.3947212475457342,0.10796614191156335,CNN-LSTM
S191,0.16350631630537113,0.14429607295214444,0.17043892452157824,0.39087172976929274,0.13088695645161036,CNN-LSTM
S192,0.1378872842211317,0.20899853619636877,0.1744405695445811,0.3506184707982069,0.1280551392397117,CNN-LSTM
S193,0.1491294798699679,0.26336165381048554,0.1895995137951662,0.29648945113656405,0.10141990138781289,CNN-LSTM
S194,0.16009263958455014,0.30533511913162975,0.17634216049312648,0.24893294128921203,0.10929713950148129,ANN
S195,0.17135579012210683,0.18159117681558637,0.2410251313618671,0.2045243860478432,0.2015035156525962,LSTM
S196,0.21230432247856618,0.2801421628165135,0.2090649958729222,0.1451345366267295,0.15335398220526478,ANN
S197,0.2465782775371025,0.31492366260763466,0.18996826851705167,0.12805200430339111,0.12047778703481936,ANN
S198,0.23167617698358708,0.2579528094819988,0.18351087237454383,0.23987421462645417,0.08698592653341629,ANN
S199,0.09123709854340527,0.18471775814771454,0.2381847932105754,0.42576401142763703,0.06009633867066573,CNN-LSTM
S200,0.16943908024347382,0.21326866634297809,0.24701885410062116,0.3170206745442155,0.053252724768709216,CNN-LSTM
S201,0.279629327293082,0.3140663594765389,0.1695950121484238,0.18863602055002263,0.04807328053193265,ANN
S202,0.2987919454680944,0.3278596334942595,0.1465366763572122,0.16018431362521765,0.06662743105522069,ANN
S203,0.273638529692661,0.3636220548730074,0.11709134005451546,0.1625796690790017,0.08306840630081652,ANN
S204,0.3194838800245595,0.27025774425358995,0.11549310292622453,0.1992642816774848,0.09550099111813713,1D-CNN
S205,0.25609283447618164,0.31750781582374643,0.11549491237359318,0.21107013609550343,0.09983430123098166,ANN
S206,0.220833817961887,0.2918583921817294,0.1365997629716061,0.20203404891254703,0.1486739779722336,ANN
S207,0.258116408800032,0.25319644951012965,0.1461046338985876,0.21602454029878973,0.1265579674924665,1D-CNN
S208,0.21940576989499597,0.2081119737241517,0.16234375881909988,0.3145564401984207,0.09558205736333164,CNN-LSTM
S209,0.09506803531051647,0.1514737703977976,0.23146035689865993,0.4533006377224871,0.06869719967053525,CNN-LSTM
S210,0.15265741035098615,0.2961619839529534,0.20694895022434862,0.25245267040222935,0.0917789850694777,ANN
S211,0.2264080737129479,0.28185023322475955,0.15897737779998508,0.18445806875568302,0.14830624650662247,ANN
S212,0.17553917804340574,0.16370909910440573,0.23045005407362168,0.23381016574496244,0.19649150303360297,CNN-LSTM
S213,0.20269175645368567,0.16452801204480896,0.2142420442617082,0.2861968482769486,0.13234133896284686,CNN-LSTM
S214,0.1841433925232402,0.23391164967296374,0.18242174188364466,0.3421297530294684,0.057393462890687585,CNN-LSTM
S215,0.08852896995593086,0.20670051999789107,0.25012605525057996,0.42138725005794864,0.03325720473764628,CNN-LSTM
S216,0.22995223349547703,0.4171637226428441,0.13139351989891024,0.1873958619676068,0.03409466199516348,ANN
S217,0.2786808238130303,0.2314116105810899,0.17359852041933357,0.23832565209603276,0.07798339309051092,1D-CNN
S218,0.11943627094716336,0.4833073914580472,0.15683668182930977,0.1731569472383688,0.06726270852711111,ANN
S219,0.13782791359419086,0.3020959277431242,0.20359817726167723,0.29292349820959024,0.06355448319141377,ANN
S220,0.12293413895040535,0.3360118367746975,0.20261177052876442,0.2810513552615511,0.057390898484579275,ANN
S221,0.24631015100706422,0.38847077305815464,0.12158424168219913,0.20310264221247223,0.04053219204010514,ANN
S222,0.2582205985511133,0.4045864240059989,0.1161755365751088,0.190913071596188,0.030104369271591613,ANN
S223,0.2635516241417244,0.3235999821368082,0.1283669340802759,0.2547829484902962,0.029698511150895078,ANN
S224,0.22313747258041508,0.18458580413514372,0.19078095359209093,0.3629809860534221,0.03851478363892716,CNN-LSTM
S225,0.1622834401442984,0.38647005663243994,0.13081620969574262,0.27338442079241565,0.04704587273510114,ANN
S226,0.24646092017356602,0.4574264016504802,0.05904369262177884,0.1972565352764713,0.03981245027770939,ANN
S227,0.5031303043817894,0.2990732888756211,0.04694437601913261,0.12116980154849959,0.029682229174953823,1D-CNN
S228,0.37376797080598845,0.39617153868663185,0.057958973179139214,0.13756566341833223,0.034535853909911284,ANN
S229,0.21646040789925433,0.329320248284991,0.17982196883518536,0.1895782128695377,0.08481916211103266,ANN
S230,0.2307465807252909,0.3141245571604242,0.16258434804242,0.21501507673505244,0.07752943733681351,ANN
S231,0.2636794308921059,0.21729468333155869,0.15280890659469085,0.27356573941971185,0.09265123976193916,CNN-LSTM
S232,0.2263129115608037,0.2177902106784054,0.21184930480059244,0.24232147827098152,0.10172609468922351,CNN-LSTM
S233,0.21037162328943998,0.23238672918828593,0.16214524682542286,0.2768100210203718,0.11828637967647697,CNN-LSTM
S234,0.22948351962159008,0.1635116555374012,0.15693198085990612,0.3665897494184234,0.08348309456268449,CNN-LSTM
S235,0.19536187373703606,0.2737865187842193,0.14889979094932745,0.3087096542846049,0.07324216224481218,CNN-LSTM
S236,0.28923903908003984,0.2511541122234471,0.15403516233454256,0.21368700316003714,0.09188468320193441,1D-CNN
S237,0.2918213156624962,0.28343005532259047,0.16655549496023112,0.16279853038570935,0.0953946036689723,1D-CNN
S238,0.24773817936354364,0.23419463790085146,0.17262940537931054,0.20345388622761226,0.14198389112868165,1D-CNN
S239,0.2269868646845817,0.21690577484801246,0.20674981241774443,0.20400344093634432,0.14535410711331795,1D-CNN
S240,0.21292714844346383,0.25166830630045567,0.1967648210419132,0.21092163019063198,0.1277180940235421,ANN
S241,0.09977006236529014,0.16052418635269367,0.26771271879510344,0.4180442017166664,0.05394883077024423,CNN-LSTM
S242,0.13451982488397743,0.26680988032210273,0.29974100496609357,0.2504950856050141,0.04843420422281107,LSTM
S243,0.25694908401890554,0.2827023697089188,0.19298113989352775,0.19248768098304414,0.07487972539560295,ANN
S244,0.3584249271162318,0.13512210983222944,0.2191036509116126,0.21121149900077185,0.0761378131391595,1D-CNN
S245,0.16006709772856287,0.2419134243844563,0.2118557882136911,0.26557546036029517,0.12058822931299178,CNN-LSTM
S246,0.2535358123721991,0.21293426520025602,0.13722881482666122,0.24212782895345467,0.15417327864742902,1D-CNN
S247,0.2006832645049711,0.19783611678217705,0.15898981949262575,0.25670615020928444,0.18578464901094116,CNN-LSTM
S248,0.20125224952902482,0.1256631235328634,0.247420448776863,0.2070990198621947,0.2185651582990469,LSTM
S249,0.22471324890104521,0.20216087054326495,0.22799031502091882,0.1548314767248697,0.19030408880990093,LSTM
S250,0.2687832863175135,0.1644564787790271,0.21268057977866947,0.15848628255952932,0.1955933725652586,1D-CNN
S251,0.18593837964219406,0.2000169252205333,0.23112076447134017,0.1313001828390714,0.2516237478268572,GRU
S252,0.17747780817256997,0.1726890337984443,0.2146071127132723,0.154026569349063,0.2811994759666507,GRU
S253,0.1914888351524112,0.17021518842289268,0.2134036163919363,0.19022738416551746,0.23466497586723847,GRU
S254,0.1821860493233611,0.3011459286937297,0.17134117679826177,0.24323932847884608,0.10208751670580342,ANN
S255,0.1252332790282791,0.30877343254698497,0.25956347998730794,0.2299241454439122,0.0765056629935139,ANN
S256,0.20924329649102236,0.20208204424423548,0.33021395838665807,0.18830382598673417,0.0701568748913486,LSTM
S257,0.2523160180103245,0.2083385343899855,0.24456048585939663,0.19900638354092035,0.0957785781993742,1D-CNN
S258,0.19365809672319997,0.1645892532205558,0.23259649702879912,0.21001096462700983,0.1991451884004365,LSTM
S259,0.07930584108183877,0.11494156299688668,0.3409259587820397,0.20268671016504763,0.2621399269741837,LSTM
S260,0.23636799598385225,0.1621695557802094,0.21262958673353427,0.15960079479876563,0.22923206670363766,1D-CNN
S261,0.15441578477775056,0.1761988599637748,0.24839573156066783,0.29329885791158716,0.12769076578621866,CNN-LSTM
S262,0.23907468313963623,0.13097417958247798,0.2633085320093449,0.18894679561147806,0.17769580965706422,LSTM
S263,0.20519073410260558,0.14185850879962705,0.23138955873889971,0.18947921754862232,0.23208198081025114,GRU
S264,0.21120270181425038,0.1826517241552136,0.17715585719234003,0.19541581276974587,0.23357390406845593,GRU
S265,0.17929552641024002,0.14673405395411507,0.23576331050321064,0.1802253161317912,0.25798179300064217,GRU
S266,0.1946814608051018,0.17461296027795442,0.2380600631980232,0.11692168408802239,0.2757238316308984,GRU
S267,0.3008474751128034,0.17132956336106406,0.15404071842535924,0.10629465817003014,0.267487584930744,1D-CNN
S268,0.1684071544147375,0.14343710138509091,0.23754048655241233,0.24684762480585024,0.2037676328419115,CNN-LSTM
S269,0.10607346629826887,0.08927924627303718,0.2430622599045087,0.275350417216171,0.28623461030801384,GRU
S270,0.08276694635317262,0.19252282371018892,0.23030469669144635,0.198348285431661,0.2960572478135378,GRU
S271,0.18006385506638573,0.23059957655562593,0.20578788476795618,0.17568426229358425,0.20786442131644775,ANN
S272,0.19084065899501482,0.20869749084248856,0.20908865113547764,0.19595348199729182,0.19541971702972738,LSTM
S273,0.1956638432640728,0.17646012941044184,0.2290399659002,0.17710052584578911,0.22173553557949185,LSTM
S274,0.21181397181328065,0.20421166991903936,0.2127036163359025,0.18451931605227062,0.18675142587951363,LSTM
S275,0.20028794791714424,0.17142896275253827,0.22046923047071668,0.23185562501753476,0.17595823384206444,CNN-LSTM
S276,0.15471946138239084,0.198653065005786,0.21387767441220146,0.2327483905111845,0.20000140868843627,CNN-LSTM
S277,0.17734815535668697,0.20033084152948727,0.20573218805396584,0.21636304149020508,0.20022577356965685,CNN-LSTM
S278,0.15052006126665032,0.19116196133854743,0.22614550172519546,0.25494558729776906,0.17722688837183606,CNN-LSTM
S279,0.17999211277141605,0.2636959826922287,0.21752953673687916,0.21647779321237642,0.12230457458709827,ANN
S280,0.25053301329412453,0.2490485018991788,0.19625169662337866,0.1662727048076496,0.13789408337566578,1D-CNN
S281,0.18820559631784767,0.2128492376128376,0.20604513945459996,0.17625228432139584,0.2166477422933246,GRU
S282,0.1430754262625236,0.18585178043370892,0.2519928201979943,0.1874492525140783,0.23163072059169496,LSTM
S283,0.189643264714848,0.19441695550350327,0.22592466429557526,0.18108416696526308,0.20893094852080338,LSTM
S284,0.1871963511998802,0.19747900448897318,0.20939819977732532,0.1970974852137692,0.20882895932005638,LSTM
S285,0.03434395159793101,0.10705599239905371,0.32112960698937615,0.3920152052127076,0.1454552438009326,CNN-LSTM
S286,0.05188055257993182,0.153695474746573,0.4008045784502877,0.3080771674788509,0.08554222674436049,LSTM
S287,0.3076527604734108,0.23021451170380722,0.214291670719196,0.1534623148951013,0.0943787422084844,1D-CNN
S288,0.33030374054247696,0.17294261301334996,0.1798636672744344,0.17218036824749933,0.14470961092223567,1D-CNN
S289,0.13424066872223958,0.31518721458312493,0.1636820462009808,0.18353898027527818,0.20335109021837763,ANN
S290,0.17144631027182403,0.17661870195313661,0.23261740286018237,0.1821491308965892,0.2371684540182673,GRU
S291,0.18970021303211748,0.11201694932806011,0.3261123079553424,0.15652768563500505,0.21564284404948025,LSTM
S292,0.20982356868613058,0.20810619323887672,0.2559358128469275,0.12054420871476886,0.20559021651329742,LSTM
S293,0.2115813188587372,0.21134945709276054,0.19311354960474764,0.15307176682633034,0.23088390761742292,GRU
S294,0.08154324574882588,0.19292713741563902,0.33179575096998143,0.26236963349740017,0.13136423236815106,LSTM
S295,0.0748526137296756,0.11118125027111735,0.427556073323816,0.29629440507687166,0.0901156575985233,LSTM
S296,0.15469111475078834,0.18140224117207646,0.3173030226142049,0.23697481495971282,0.10962880650321628,LSTM
S297,0.35251198921527754,0.16717006340376667,0.1760869015690588,0.14655430771043373,0.15767673810146016,1D-CNN
S298,0.1456098582639086,0.15147243773308303,0.21213784859835302,0.25555699945181837,0.2352228559528285,CNN-LSTM
S299,0.2110235651817611,0.16523133088833278,0.19627059844125766,0.20346765609635692,0.22400684939229049,GRU
S300,0.20050440440732245,0.14502419151775955,0.21975179871412093,0.19602958296816878,0.23869002239262924,GRU
S301,0.16746119428215253,0.14400154145818783,0.2628900929681277,0.17038733012066215,0.25525984117087097,LSTM
S302,0.24155316533845483,0.17241569470466478,0.2078145005131504,0.14803838720074342,0.23017825224298877,1D-CNN
S303,0.19389265328250938,0.20361869523195564,0.240468009483415,0.16139581622901616,0.20062482577310617,LSTM
S304,0.1460139575457994,0.17189828017823885,0.25112172095384117,0.18473246198583465,0.2462335793362867,LSTM
S305,0.13505403988072417,0.14136700166882546,0.22978078195506837,0.24222502646001537,0.2515731500353711,GRU
S306,0.13651670994154594,0.1892705842228975,0.24542251115677285,0.2674715282072812,0.16131866647150375,CNN-LSTM
S307,0.07784616612840052,0.22408349950880746,0.33778181723909645,0.2846182290039177,0.07567028811977483,LSTM
S308,0.2806332174557175,0.21557452039764285,0.2441757027795473,0.20163232368983258,0.05798423567725665,1D-CNN
S309,0.3988201566116912,0.1548315693456612,0.2268828837601826,0.1704721809829429,0.04899320929952064,1D-CNN
S310,0.2550090726011005,0.24526423053191376,0.15912818155778552,0.17300055828032082,0.16759795702888175,1D-CNN
S311,0.022925305421516277,0.06083474271641621,0.4247045361553819,0.1764095509019347,0.31512586480474614,LSTM
S312,0.12913116887036954,0.27241625967826066,0.21976127021520564,0.10860472833096828,0.27008657290519617,ANN
S313,0.15594752313024388,0.1828418978362769,0.2722806354631878,0.15140895291764633,0.23752099065263785,LSTM
S314,0.12765722028015442,0.21710966372666138,0.26141471884968803,0.16835372384064867,0.22546467330284875,LSTM
S315,0.17827520735199928,0.23301589837461611,0.25028962330407417,0.19805741251879952,0.14036185845051607,LSTM
S316,0.0656017777514853,0.1875661197214217,0.3598083890443855,0.3001336541881167,0.08689005929458847,LSTM
S317,0.047091740998676225,0.13168257461405528,0.30055056987894047,0.36563238921818414,0.1550427252901426,CNN-LSTM
S318,0.09801517909018125,0.15114087433204795,0.3146794626338221,0.3271031198178009,0.10906136412614899,CNN-LSTM
S319,0.03868262281506147,0.18243438836524137,0.3981103993987815,0.32715082227397735,0.05362176714694365,LSTM
S320,0.20259745838797658,0.25968880113513704,0.2641258546316992,0.22751446732052347,0.04607341852466331,LSTM
S321,0.22042239145699588,0.13480515499021878,0.2583464083097044,0.2764332691313469,0.10999277611173407,CNN-LSTM
S322,0.1498183267250394,0.1439667071601662,0.18446238121591121,0.3984512991729075,0.12330128572598002,CNN-LSTM
S323,0.24590451755242212,0.1217928406423211,0.17330231404528543,0.31339430764832993,0.1456060201116403,CNN-LSTM
S324,0.16679938149238874,0.1490723806635033,0.166919781206138,0.3134401519478896,0.2037683046900793,CNN-LSTM
S325,0.19239739977839615,0.1433647755450613,0.1936747223688385,0.23626741702834758,0.2342956852793531,CNN-LSTM
S326,0.21526853321344727,0.16425550391577912,0.1958955213613171,0.18115695732016512,0.24342348418928988,GRU
S327,0.14374668224842438,0.13545442333613164,0.2873790503000654,0.1314671258977747,0.30195271821759884,GRU
S328,0.16231435997844124,0.19467567412720696,0.22512167349732307,0.11654039191476219,0.3013479004822648,GRU
S329,0.22463521313549178,0.16930049624773688,0.20526851304688024,0.12269654952972439,0.2780992280401656,GRU
S330,0.22075396231315453,0.1648640340830381,0.186847524040874,0.12391551862462022,0.30361896093831325,GRU
S331,0.23330805889634654,0.1696319625714726,0.16308852411915026,0.12245193309433541,0.3115195213187009,GRU
S332,0.18851568432992094,0.17889868046907595,0.1730454229117983,0.19810834440551187,0.26143186788369427,GRU
S333,0.21142423585328723,0.18824264447027284,0.18881412646248347,0.2896931441341176,0.12182584907984412,CNN-LSTM
S334,0.22036550178119443,0.1656409018984762,0.22084305998844103,0.253011329693025,0.14013920663885682,CNN-LSTM
S335,0.1781463383860507,0.18466457644599577,0.24701801064792056,0.22022307069812141,0.16994800382190772,LSTM
S336,0.2195186391529492,0.17400958810363276,0.20967077998929678,0.2114474410558377,0.1853535516982824,1D-CNN
S337,0.08084012356695726,0.055087579210139535,0.33279158414482357,0.24926688654629156,0.282013826531787,LSTM
S338,0.032538433733987675,0.055435113853644594,0.5280709026727834,0.13916849765838532,0.24478705208119517,LSTM
S339,0.33193253755496266,0.2503788573120536,0.130399013627579,0.044046690934906874,0.2432429005704952,1D-CNN
S340,0.2057767447287406,0.1931759423533562,0.24834941096332128,0.2313943532598976,0.12130354869468028,LSTM
S341,0.08769969662055103,0.17637292070768482,0.27804818157375755,0.37808064997316965,0.0797985511248377,CNN-LSTM
S342,0.12965102232260578,0.15535261231573616,0.297492505148904,0.27626861160353333,0.14123524860921502,LSTM
S343,0.1133546981934088,0.22915116779995182,0.3258783666114734,0.2506299897136252,0.08098577768154286,LSTM
S344,0.17649914799757402,0.18797285939593633,0.28795377160443214,0.2216770126465995,0.12589720835545207,LSTM
S345,0.1951473602380989,0.23133669868300893,0.21279858449928113,0.2321290341425893,0.12858832243702287,CNN-LSTM
S346,0.19573279953165654,0.14833555005866178,0.25638260777058225,0.23445405951809362,0.1650949831210051,LSTM
S347,0.15146164858236255,0.17599588717087755,0.25633425256440845,0.24386718316254674,0.17234102851981103,LSTM
S348,0.15894410730383612,0.18444433211403855,0.19811559565801037,0.24769352429216712,0.2108024406319466,CNN-LSTM
S349,0.18713083933819197,0.20579532010204915,0.20097902971789391,0.21580309874751763,0.19029171209434406,CNN-LSTM
S350,0.20251906811937917,0.20442408083515867,0.22677736477328725,0.18498476392781024,0.1812947223443625,LSTM
S351,0.234743312687441,0.21479426750389224,0.19749068781785317,0.16978995538443803,0.1831817766063809,1D-CNN
S352,0.21445191846846007,0.1893567093865311,0.1959487568852816,0.19642911676551705,0.2038134984942101,1D-CNN
S353,0.17711387406146278,0.14624969642639402,0.2393905282474707,0.21216844405725163,0.225077457207422,LSTM
S354,0.162120065333624,0.16321544839953048,0.24049074445383012,0.18414728538496963,0.250026456428042,GRU
S355,0.21498575459995098,0.1704133735920129,0.19019975212023824,0.16324210772119174,0.26115901196660435,GRU
S356,0.23283187791931037,0.17625489197036714,0.1661252978850706,0.17153294811694336,0.25325498410830277,GRU
S357,0.2571676854633635,0.14906285925217388,0.1624396562024957,0.17457741798571985,0.25675238109624654,1D-CNN
S358,0.1727090694223598,0.1670511340488171,0.1811587348975529,0.19102479232488487,0.28805626930638323,GRU
S359,0.22378607818214294,0.1645901088367138,0.1724522895823686,0.1689525402675143,0.27021898313125553,GRU
S360,0.17019766379030082,0.10655420799088702,0.22939068503746965,0.21065574250531544,0.28320170067602823,GRU
S361,0.07738677611415967,0.1607759260944753,0.28751894464586075,0.21035346557167756,0.26396488757382636,LSTM
S362,0.23733939947434762,0.27999565232028467,0.10933359597868023,0.09728300862803914,0.2760483435986526,ANN
S363,0.0922854450387427,0.461925599767177,0.1386571942905708,0.17712423775777453,0.13000752314573472,ANN
S364,0.07748788511563766,0.4891836599605755,0.21136601398645663,0.16617343504418935,0.05578900589314575,ANN
S365,0.15415648658724831,0.2248631637483328,0.4132082527780344,0.14700129992165695,0.060770796964732934,LSTM
S366,0.05650362842193485,0.29495908349416555,0.38895433898383996,0.15359479295462777,0.10598815614542882,LSTM
S367,0.260122950157898,0.31218524246682117,0.2187747212726927,0.11226371957404929,0.09665336652853782,ANN
