Segment,1D-CNN,ANN,CNN-LSTM,GRU,Selected
S1,0.24419775154520837,0.15528424001995633,0.3881052911414721,0.21241271729337025,CNN-LSTM
S2,0.1930250217411563,0.18419783723150884,0.33555777292959604,0.2872193680977389,CNN-LSTM
S3,0.1427800172500769,0.18458092519457167,0.40533107209499064,0.2673079854603604,CNN-LSTM
S4,0.1708251550454825,0.21573875242286464,0.40460932318059406,0.20882676935105662,CNN-LSTM
S5,0.22168947323334454,0.15382116006717192,0.4121910962661649,0.2122982704333186,CNN-LSTM
S6,0.29109859456277254,0.2289390654283151,0.25541725942188664,0.22454508058702502,1D-CNN
S7,0.2445051491741878,0.3151060093593742,0.2112177436638453,0.22917109780259604,ANN
S8,0.201082054182678,0.2685457608624028,0.20142919826861544,0.328942986686301,GRU
S9,0.22054528868717757,0.22147818250419646,0.28505119536716106,0.2729253334414653,CNN-LSTM
S10,0.2264955373846132,0.3768622643964416,0.2261741422869906,0.17046805593195463,ANN
S11,0.2733507070998202,0.45957533673327217,0.1675750160233337,0.09949894014357469,ANN
S12,0.1758189765167391,0.5135488164180876,0.22680999855873635,0.0838222085064341,ANN
S13,0.10492301318908683,0.38551359658220213,0.4175855491705634,0.09197784105814395,CNN-LSTM
S14,0.24947659490194682,0.4351117569285691,0.193859889096773,0.1215517590727154,ANN
S15,0.46792838926452596,0.25736255967280336,0.11578169399367284,0.15892735706899777,1D-CNN
S16,0.32491197461509497,0.3634126620141243,0.14207902708967726,0.16959633628110296,ANN
S17,0.22277910086152214,0.25642516510936103,0.260410953570282,0.2603847804588348,CNN-LSTM
S18,0.20912269738448877,0.22915463748021977,0.35069725766946735,0.21102540746582377,CNN-LSTM
S19,0.18577451086818192,0.1627355167057585,0.5102657054305768,0.14122426699548177,CNN-LSTM
S20,0.04928045504520812,0.0328539814910045,0.8598226783626131,0.05804288510117434,CNN-LSTM
S21,0.261858506544321,0.279847368044327,0.35339268392175954,0.10490144148959853,CNN-LSTM
S22,0.2838071461479217,0.33909570264268873,0.24325678507567805,0.13384036613371247,ANN
S23,0.12978851584923673,0.41503575584440583,0.27497278024843586,0.1802029480579208,ANN
S24,0.25113351988918775,0.29242173613376554,0.13891872651607895,0.31752601746096787,GRU
S25,0.26660720746556105,0.2871199429507884,0.14750276927406294,0.2987700803095912,GRU
S26,0.3070931743322499,0.2562400597610487,0.15282026905613144,0.28384649685057023,1D-CNN
S27,0.1438827682774569,0.6122454326888793,0.12301094623967583,0.120860852793987,ANN
S28,0.3136823236493824,0.23522174003236737,0.36493093460350273,0.08616500171474734,CNN-LSTM
S29,0.05611332224784287,0.03703408288566457,0.8753314030634118,0.031521191803079676,CNN-LSTM
S30,0.1514889046392418,0.5050778213165655,0.1983337631133457,0.1450995109308472,ANN
S31,0.3376909005769837,0.18777886542993963,0.13526645633478449,0.33926377765829213,GRU
S32,0.2584851545037107,0.07590946710387231,0.2979548793455999,0.3676504990468132,GRU
S33,0.0981507331892053,0.0673806077990769,0.5543662228713356,0.28010243614038155,CNN-LSTM
S34,0.21438153260150553,0.1683146317853559,0.31162053619122715,0.30568329942191025,CNN-LSTM
S35,0.20258370440914664,0.22917583681230713,0.2962821781694002,0.271958280609146,CNN-LSTM
S36,0.3691496181039102,0.19115634110767338,0.2472288811144272,0.1924651596739924,1D-CNN
S37,0.33911775078552503,0.24354521575095073,0.24064163944262926,0.17669539402089696,1D-CNN
S38,0.2183963863200606,0.40251603826728133,0.13841303245601055,0.24067454295664611,ANN
S39,0.24223482856008632,0.3120325753458345,0.17817135265361295,0.26756124344046434,ANN
S40,0.2694126760961534,0.1892680153024756,0.3046785112657725,0.2366407973355986,CNN-LSTM
S41,0.23532361299236146,0.19401927728751378,0.34946026912495165,0.22119684059517639,CNN-LSTM
S42,0.24261748314367204,0.20670284647547676,0.2586898307427677,0.29198983963808345,GRU
S43,0.2210292542339719,0.262966745883151,0.3176056568658312,0.19839834301704623,CNN-LSTM
S44,0.25323963385234444,0.23146578265120943,0.36983571748696425,0.14545886600948157,CNN-LSTM
S45,0.3514607346281909,0.18687498925536158,0.2636486105151879,0.1980156656012607,1D-CNN
S46,0.24605267543951337,0.2775483985567518,0.19352574427697014,0.28287318172676196,GRU
S47,0.21529935546334877,0.28164512737703085,0.20689346872318526,0.29616204843643584,GRU
S48,0.23997172929752955,0.17783793782470184,0.25322522789252727,0.32896510498523707,GRU
S49,0.2608918217687748,0.24477528630643008,0.25088325225274366,0.24344963967204913,1D-CNN
S50,0.2512070567089795,0.29322193317631456,0.18309877212930714,0.27247223798539844,ANN
S51,0.04701486423366757,0.11620024010366649,0.6925830484482394,0.14420184721442444,CNN-LSTM
S52,0.44501632885240877,0.28959899029133634,0.1373327847591387,0.1280518960971163,1D-CNN
S53,0.2988050878180649,0.2315924957886983,0.17811095355394396,0.2914914628392938,1D-CNN
S54,0.5723235416893677,0.029078705906626083,0.2547701042039971,0.14382764820000937,1D-CNN
S55,0.029061699215227298,0.014912209880685262,0.9353689379416283,0.020657152962459246,CNN-LSTM
S56,0.24929861508124604,0.134692564645833,0.3270323464334613,0.2889764738394557,CNN-LSTM
S57,0.22053174175749674,0.054313219053931314,0.2805354905865495,0.44461954860202246,GRU
S58,0.3907611317162887,0.09854974643816676,0.19477463425273442,0.3159144875928095,1D-CNN
S59,0.21385973286540447,0.24908431419520013,0.1974708036507223,0.33958514928867684,GRU
S60,0.1856729129976656,0.4088162096429162,0.1271775564239794,0.2783333209354385,ANN
S61,0.03427669406907427,0.09487055961819642,0.09160038949436208,0.7792523568183664,GRU
S62,0.041554194952271424,0.12942392679839715,0.1889068301577472,0.6401150480915816,GRU
S63,0.17185763991846764,0.5482559530226679,0.08046325150957913,0.19942315554928558,ANN
S64,0.34187966579504986,0.4061017765208366,0.10723432441461579,0.1447842332694976,ANN
S65,0.17589530594305464,0.4304929060495799,0.259056065233156,0.13455572277421163,ANN
S66,0.2510294102700044,0.36040949721972976,0.2140023862437898,0.17455870626647357,ANN
S67,0.4053978128867925,0.22084064980914725,0.17756910288246408,0.19619243442159648,1D-CNN
S68,0.46888801031353267,0.18286271802051354,0.23749158473169374,0.11075768693426037,1D-CNN
S69,0.1869234359270769,0.2628448877874112,0.4066567426655475,0.14357493361996457,CNN-LSTM
S70,0.17105958693125511,0.23626408508144814,0.35294644246741697,0.2397298855198754,CNN-LSTM
S71,0.32217647027029944,0.21143072919067238,0.27401020284370375,0.19238259769532445,1D-CNN
S72,0.27606163445054516,0.21847640863212908,0.3477970419256535,0.15766491499167176,CNN-LSTM
S73,0.34584567240194464,0.15093977962963392,0.3075688822281026,0.19564566574031986,1D-CNN
S74,0.2255610779241922,0.3095690875810196,0.19525312400388672,0.26961671049090213,ANN
S75,0.24090573938504123,0.2917502914629731,0.14370068524985383,0.3236432839021276,GRU
S76,0.30191726164834315,0.237431928185367,0.16523982877284032,0.29541098139345334,1D-CNN
S77,0.2978829315988224,0.220689426384613,0.20701664445663956,0.27441099755992876,1D-CNN
S78,0.4245847282829912,0.269065960752046,0.04430732367571629,0.2620419872892465,1D-CNN
S79,0.241955892693181,0.3788848394720913,0.09135055010187916,0.28780871773284855,ANN
S80,0.27607107929686714,0.19818465487644657,0.2281869589672235,0.29755730685946985,GRU
S81,0.39928727527667746,0.1287296605622215,0.2593070932615447,0.2126759708995555,1D-CNN
S82,0.4430922119385327,0.1344150653544746,0.22580601708334605,0.19668670562364635,1D-CNN
S83,0.3785847164216075,0.209844626005539,0.22180065429495374,0.18977000327790064,1D-CNN
S84,0.3404808426490107,0.21659798186155768,0.23643610915829652,0.20648506633113625,1D-CNN
S85,0.26466613478591283,0.2831011765942971,0.1987697701961509,0.2534629184236362,ANN
S86,0.4408347672845984,0.13767801695561344,0.11903427338144004,0.30245294237834713,1D-CNN
S87,0.28262322063382955,0.3177995993852619,0.08776440082687106,0.3118127791540373,ANN
S88,0.15864277207485936,0.2870719423326264,0.11607231818686925,0.43821296740564664,GRU
S89,0.18356976535174638,0.21636622401932587,0.2597582867018893,0.340305723927038,GRU
S90,0.16240658123909393,0.3515540799890372,0.17863967894582677,0.3073996598260386,ANN
S91,0.09077754436657107,0.23009500895201793,0.4647269413229903,0.21440050535842017,CNN-LSTM
S92,0.2788954540204381,0.2288772376967599,0.3232874754427336,0.16893983284006492,CNN-LSTM
S93,0.4651839668293922,0.2946618257159555,0.15857455007261698,0.08157965738203359,1D-CNN
S94,0.4198833738548527,0.18224900588123477,0.2578348987583795,0.14003272150553245,1D-CNN
S95,0.3676707767235477,0.1835763275949136,0.2186219226718523,0.2301309730096864,1D-CNN
S96,0.3577909222869587,0.2720278115651066,0.15258049311082456,0.21760077303711078,1D-CNN
S97,0.23583944513708405,0.27848418457721313,0.1967631140257154,0.2889132562599881,GRU
S98,0.28213118756250277,0.22897565359433622,0.1980984794656667,0.2907946793774981,GRU
S99,0.2164309051798091,0.28361899918893824,0.20625844606815522,0.29369164956309574,GRU
S100,0.17868246193659948,0.5159779345254333,0.12681852694180887,0.1785210765961562,ANN
S101,0.0750824352653056,0.19310286887532588,0.1880738367796447,0.5437408590797247,GRU
S102,0.043963888339733366,0.10721422922807539,0.6239539077860653,0.22486797464612612,CNN-LSTM
S103,0.09945179031087469,0.20640745136505934,0.5981333721459546,0.09600738617811222,CNN-LSTM
S104,0.25621854443518804,0.34341936493023245,0.2703272808640256,0.13003480977055284,ANN
S105,0.44422874104312815,0.3829738270611463,0.05815735823157199,0.11464007366415367,1D-CNN
S106,0.6292860040508028,0.19770826636804248,0.06042202863336837,0.11258370094778482,1D-CNN
S107,0.18251782772005873,0.4795344133516552,0.11948166327179822,0.21846609565648972,ANN
S108,0.3088081343054635,0.32152304384363134,0.15242132089707305,0.21724750095383116,ANN
S109,0.334721447633712,0.3212681599671267,0.14630206442748586,0.19770832797167212,1D-CNN
S110,0.1400400112525934,0.15718208857947652,0.5031613717129865,0.19961652845494443,CNN-LSTM
S111,0.06947789259810051,0.1817324304395927,0.6307533984327496,0.11803627852956017,CNN-LSTM
S112,0.05084721718079218,0.050732618473777254,0.7531293066181538,0.1452908577272752,CNN-LSTM
S113,0.060639357468042776,0.09030759207354323,0.6636565391595752,0.18539651129883492,CNN-LSTM
S114,0.06135622497342654,0.18064183604791886,0.5869717441410148,0.1710301948376397,CNN-LSTM
S115,0.272289888946428,0.3218179216148821,0.25909299827544724,0.14679919116324142,ANN
S116,0.35661934827903585,0.4541262901989561,0.13047196710472092,0.05878239441728686,ANN
S117,0.26247019482431516,0.4349426794303113,0.2267366134888102,0.07585051225656445,ANN
S118,0.19835333750160775,0.40191368490103246,0.29062339533466675,0.10910958226269821,ANN
S119,0.15855842437277648,0.5015884600969416,0.18634353280444288,0.15350958272583998,ANN
S120,0.290372222488101,0.15716488844751095,0.45686433219572803,0.09559855686866332,CNN-LSTM
S121,0.1584428030204046,0.08003814536398154,0.718710844985776,0.04280820662983934,CNN-LSTM
S122,0.2969414915817187,0.24151806491086875,0.2778738115102012,0.18366663199721242,1D-CNN
S123,0.24101073933976377,0.2310545433777344,0.148079047961036,0.3798556693214694,GRU
S124,0.30924893224750855,0.07731152930929781,0.1926266985916907,0.42081283985150386,GRU
S125,0.19264963033598492,0.11924542011151983,0.3705166016687838,0.31758834788370827,CNN-LSTM
S126,0.1538735217970684,0.1990102557856692,0.22762774551900566,0.41948847689825686,GRU
S127,0.31228154408968783,0.256971699822153,0.12017094380136288,0.3105758122867962,1D-CNN
S128,0.2723099468232624,0.33762196438541875,0.1512719163221219,0.23879617246920037,ANN
S129,0.34335680140933555,0.36196123945357006,0.15032055526738772,0.14436140386970578,ANN
S130,0.26888353307054635,0.37194059551089387,0.13777534964494584,0.2214005217736134,ANN
S131,0.27223294424822203,0.2707269196103337,0.19245257444887734,0.26458756169256703,1D-CNN
S132,0.22288129321151826,0.20033204923262865,0.40736707452611554,0.16941958302973634,CNN-LSTM
S133,0.16444694748020783,0.12703718529334315,0.6073009327564532,0.10121493446999283,CNN-LSTM
S134,0.23774708708565817,0.1807323420834501,0.4612991932537718,0.12022137757712145,CNN-LSTM
S135,0.2082981730378033,0.18424324463037717,0.5132964597666575,0.0941621225651616,CNN-LSTM
S136,0.371139703816223,0.14073145198891648,0.3353645712161488,0.1527642729787094,1D-CNN
S137,0.18021563067639498,0.09459296657082686,0.3269437589435658,0.39824764380921185,GRU
S138,0.12497642985875088,0.2038695261710218,0.2657313013059586,0.40542274266426853,GRU
S139,0.2243209874394911,0.259262950090437,0.18514625144202382,0.33126981102804753,GRU
S140,0.22463031607530046,0.27550893870668325,0.22819286960961338,0.2716678756084029,ANN
S141,0.16518469677183625,0.4347570661637703,0.17630834853410465,0.22374988853028946,ANN
S142,0.25136147629426936,0.49549712890794506,0.14057878140408014,0.11256261339370456,ANN
S143,0.30391423825182085,0.3130756678451046,0.250767752457131,0.13224234144594355,ANN
S144,0.24328726503011447,0.2759223023950366,0.290382328708855,0.19040810386598997,CNN-LSTM
S145,0.278634645619789,0.20583127558111255,0.32439090571087276,0.191143173088226,CNN-LSTM
S146,0.27851772240238676,0.21003637376556553,0.395546618576849,0.11589928525519778,CNN-LSTM
S147,0.15357883137956724,0.47068964334670205,0.3158874651023811,0.059844060171349224,ANN
S148,0.31524009917292095,0.13969095592202127,0.4754179911779143,0.06965095372714532,CNN-LSTM
S149,0.3020617658178929,0.28861833704217804,0.2875942093151407,0.12172568782478742,1D-CNN
S150,0.3386094779231758,0.2401602566916621,0.19092740969202368,0.23030285569313824,1D-CNN
S151,0.23342285988878841,0.2270915237086886,0.24452578364617422,0.29495983275634974,GRU
S152,0.20865974836637982,0.23236006239232124,0.20319635048519533,0.3557838387561061,GRU
S153,0.11221439539813555,0.5773231335973703,0.15911244868050134,0.15135002232399183,ANN
S154,0.32613436938353424,0.3079931145679189,0.19625108686046341,0.1696214291880796,1D-CNN
S155,0.4000971570812908,0.20616129577311476,0.21261289388463314,0.1811286532609633,1D-CNN
S156,0.24954524482957394,0.20582113257662016,0.33736493994136557,0.20726868265244383,CNN-LSTM
S157,0.2739091797376504,0.08349473976140512,0.4527963702191508,0.18979971028179382,CNN-LSTM
S158,0.17208672441576559,0.35111884264090903,0.36045811573903613,0.11633631720428766,CNN-LSTM
S159,0.21856770848597207,0.4404077335202611,0.17884087628106474,0.16218368171270275,ANN
S160,0.2286215643460183,0.32139060099544553,0.14756626845828022,0.3024215662002534,ANN
S161,0.26657951921948564,0.1084829579094409,0.1779605232784439,0.4469769995926303,GRU
S162,0.11618286115615613,0.22201706153310677,0.21324848949120437,0.44855158781953214,GRU
S163,0.14517164523936096,0.21230984207792378,0.2238529014236274,0.41866561125908647,GRU
S164,0.2778960392633801,0.1688532682565644,0.16865917067548314,0.3845915218045716,GRU
S165,0.2439217393902085,0.30725473054461494,0.266364058724768,0.18245947134040705,ANN
S166,0.16800360142213272,0.128896128150042,0.624996619382524,0.07810365104530123,CNN-LSTM
S167,0.39116124982702344,0.16187194503114788,0.2694569383638151,0.17750986677801395,1D-CNN
S168,0.22352644495718968,0.170113559413451,0.16424388174257964,0.4421161138867781,GRU
S169,0.20137741931019318,0.07344166807579777,0.1587728247796876,0.5664080878343197,GRU
S170,0.14979350661150811,0.11916310471258255,0.3823239644887334,0.3487194241871767,CNN-LSTM
S171,0.22309192732246216,0.13451442864225308,0.20709718112891834,0.43529646290636637,GRU
S172,0.15355963229723518,0.07824363799489956,0.25705197937312674,0.5111447503347367,GRU
S173,0.1087087916370598,0.09021132333786727,0.5177277524100076,0.28335213261506204,CNN-LSTM
S174,0.13912537404084888,0.1257655336344304,0.3855536402862237,0.3495554520384981,CNN-LSTM
S175,0.16532946743363613,0.1907335559386389,0.18933349560774515,0.4546034810199787,GRU
S176,0.08776997540749207,0.4159142629332715,0.07923197755819658,0.4170837841010407,GRU
S177,0.24669535907989537,0.26927484177609745,0.11660257148582397,0.36742722765818336,GRU
S178,0.13245961847415963,0.133185011433054,0.20449758457089923,0.5298577855218857,GRU
S179,0.14778093959050823,0.3766491425183106,0.07072268398588462,0.4048472339052962,GRU
S180,0.2516003320733778,0.5631326617163614,0.03769611353289381,0.1475708926773653,ANN
S181,0.2621982200187101,0.5479579732301131,0.07923747916006879,0.1106063275911082,ANN
S182,0.14067659696180082,0.45969972833870876,0.2190704257659803,0.18055324893351066,ANN
S183,0.13545639597599568,0.29917749689266243,0.4166062714295304,0.14875983570181034,CNN-LSTM
S184,0.23150802240031665,0.5440557814588199,0.10656083163856418,0.11787536450229849,ANN
S185,0.34952387188484885,0.3299106249109765,0.1354919592540257,0.18507354395014858,1D-CNN
S186,0.37980286109044853,0.2779022535850786,0.12347713740464161,0.21881774791983138,1D-CNN
S187,0.22366972574958335,0.33915715318608913,0.23857436298385046,0.19859875808047786,ANN
S188,0.21497276413875188,0.44038551623568933,0.22363493551778152,0.12100678410777717,ANN
S189,0.20022780973407625,0.17975093601461628,0.497206024110925,0.12281523014038057,CNN-LSTM
S190,0.13624744788756277,0.2531951119718608,0.4935184304170206,0.11703900972355512,CNN-LSTM
S191,0.19340371333357234,0.12690828114339203,0.49237031380114377,0.18731769172188775,CNN-LSTM
S192,0.1845965184632931,0.24572086128582918,0.39756888095362064,0.1721137392972527,CNN-LSTM
S193,0.16498507509131385,0.40720956150168014,0.2735277064878174,0.154277656919188,ANN
S194,0.18562507730907488,0.40878596347533713,0.23759146449885143,0.16799749471673517,ANN
S195,0.229609214847306,0.2731027750519771,0.23058271579547557,0.2667052943052416,ANN
S196,0.23308708738592904,0.36586649732186544,0.1733417621027795,0.227704653189426,ANN
S197,0.2649923808533181,0.4242207471479213,0.15758750405612765,0.15319936794263236,ANN
S198,0.2570545014897592,0.3410110602271547,0.29823870457343765,0.10369573370964782,ANN
S199,0.15743466020931887,0.20347241463781818,0.5333982685980896,0.10569465655477442,CNN-LSTM
S200,0.2044973641035603,0.16097298867183213,0.40635810478892276,0.22817154243568477,CNN-LSTM
S201,0.15381663006457594,0.6128238389805348,0.16584315113021839,0.06751637982467072,ANN
S202,0.3705604188396511,0.3207736400913904,0.180521341406986,0.1281445996619725,1D-CNN
S203,0.2582993613692711,0.4647286298259644,0.1695865817481677,0.10738542705659673,ANN
S204,0.38508038296853886,0.2500235995088289,0.22607539125635243,0.13882062626627684,1D-CNN
S205,0.25973561344141394,0.33643957237660455,0.25020668801175605,0.15361812617022472,ANN
S206,0.2137002142878012,0.35114628321863595,0.24219585739561283,0.19295764509794996,ANN
S207,0.2816127376540201,0.3026398742750766,0.25844972338343664,0.15729766468747375,ANN
S208,0.32746892498383307,0.22180437143658915,0.3492619332916205,0.10146477028795717,CNN-LSTM
S209,0.22700143265147923,0.20753736396130767,0.47984723601047874,0.08561396737673439,CNN-LSTM
S210,0.20654429029937474,0.3871819724535122,0.18318183820211933,0.22309189904499283,ANN
S211,0.2444945531709107,0.2985788485794636,0.1683082167358719,0.2886183815137541,ANN
S212,0.21565946568827796,0.1963308251922315,0.29993643801898384,0.2880732711005016,CNN-LSTM
S213,0.24473917252406244,0.19253013344769548,0.3912837368266366,0.1714469572016071,CNN-LSTM
S214,0.33375351314054114,0.2607575426768616,0.3290655943056189,0.07642334987697998,1D-CNN
S215,0.13331896261184223,0.18601350245380516,0.4693782449424558,0.2112892899918989,CNN-LSTM
S216,0.23287733205680866,0.4903608334395728,0.19069341645728177,0.08606841804633603,ANN
S217,0.3492574665358755,0.2698313929248717,0.2636208085861169,0.11729033195313437,1D-CNN
S218,0.132234426818141,0.6101563495794315,0.17553462706891335,0.08207459653351336,ANN
S219,0.16938165369560526,0.4333999858838203,0.29216316331327835,0.10505519710729808,ANN
S220,0.1682036123608066,0.3958337320585352,0.3120713959411428,0.12389125963951204,ANN
S221,0.24273718882346715,0.4218514719599381,0.26674757219093526,0.06866376702566274,ANN
S222,0.24755445117003466,0.44253852627229784,0.2601526095337876,0.04975441302387992,ANN
S223,0.29959327309954986,0.3157051106874556,0.34051038991817933,0.044191226294814964,CNN-LSTM
S224,0.3273661878178287,0.15126387768182764,0.45988566686755394,0.06148426763278816,CNN-LSTM
S225,0.23162900726512417,0.41837429301285134,0.1800036447185519,0.1699930550034725,ANN
S226,0.25237642314123576,0.390043722642233,0.28475239581169237,0.07282745840484532,ANN
S227,0.5130028300802031,0.27136319249264457,0.15673039602762295,0.058903581399527866,1D-CNN
S228,0.34030655051337766,0.42617356039782356,0.1718430615719354,0.061676827516862966,ANN
S229,0.2358646865318592,0.45689059805070487,0.17556963677147022,0.13167507864596467,ANN
S230,0.30975624119971745,0.37277010490166534,0.20754780866020756,0.10992584523840844,ANN
S231,0.31137743325742445,0.22213673695459307,0.3423031361890689,0.12418269359890928,CNN-LSTM
S232,0.2500394361822614,0.25639733944569193,0.292246502506835,0.20131672186520697,CNN-LSTM
S233,0.23830372616153908,0.2512497520329374,0.343394597463419,0.1670519243421041,CNN-LSTM
S234,0.2758969234530458,0.12187929343818457,0.5091689537917773,0.0930548293169922,CNN-LSTM
S235,0.1999700916537642,0.316504248212435,0.4089111009279423,0.074614559205857,CNN-LSTM
S236,0.37915120801639923,0.25692088455848944,0.22946448550184487,0.13446342192326602,1D-CNN
S237,0.33725878663019887,0.37979106183663375,0.13512379660498405,0.1478263549281839,ANN
S238,0.2798088551465856,0.2610868498872715,0.22644627700407904,0.2326580179620636,1D-CNN
S239,0.27748591181523946,0.25906404894112645,0.2508286405293843,0.21262139871424954,1D-CNN
S240,0.2605763697565427,0.2920297510913764,0.2561238631681148,0.19127001598396975,ANN
S241,0.21415956552267276,0.25017198831675047,0.44416127088485885,0.09150717527571782,CNN-LSTM
S242,0.17203039747800672,0.4227394404195643,0.3155692266519321,0.08966093545049596,ANN
S243,0.3138835759712347,0.3645948163425125,0.22717924683991708,0.094342360846339,ANN
S244,0.6226131730973283,0.06581946666112422,0.22153077720479322,0.09003658303675496,1D-CNN
S245,0.15767022687588564,0.2013051023106884,0.38708049802610217,0.2539441727873247,CNN-LSTM
S246,0.23754902372280715,0.20837382472968047,0.3572529836442719,0.19682416790323837,CNN-LSTM
S247,0.2234678444277268,0.22045536072086547,0.3258391345379188,0.23023766031348722,CNN-LSTM
S248,0.2604387782240194,0.17310589211796115,0.27548241325755074,0.29097291640046974,GRU
S249,0.41512986342828867,0.23465347378942336,0.15025242136357583,0.19996424141871114,1D-CNN
S250,0.47668277552231375,0.1539756447579478,0.15868645307386858,0.21065512664587094,1D-CNN
S251,0.22391851558255402,0.2622962003404302,0.15791852704565715,0.3558667570313582,GRU
S252,0.2126812509919329,0.21626123913117626,0.19019223775654198,0.38086527212034854,GRU
S253,0.23089946710073558,0.19255196168597594,0.28656867824260557,0.2899798929706845,GRU
S254,0.18740938471503696,0.43866104429308356,0.29366575462245975,0.08026381636941735,ANN
S255,0.14215750650397566,0.5081256753186616,0.24891791313237052,0.10079890504499524,ANN
S256,0.318950015228995,0.2866559796858733,0.26842260434495635,0.12597140074017527,1D-CNN
S257,0.3208763407480698,0.23239807681392807,0.27671032294977954,0.17001525948822194,1D-CNN
S258,0.2685324731724388,0.24702755847980049,0.21791236738204747,0.2665276009657132,1D-CNN
S259,0.11923265512295077,0.19756412740163248,0.30446876432917,0.3787344531462495,GRU
S260,0.3327072855371677,0.14712086782004768,0.2425811299079763,0.27759071673480723,1D-CNN
S261,0.13976513281564545,0.1478111721941009,0.5936769570287435,0.11874673796150978,CNN-LSTM
S262,0.440745407281087,0.1407160334051885,0.20138147020418262,0.2171570891095403,1D-CNN
S263,0.30145389047117666,0.12476763032126037,0.19546051170557835,0.37831796750198526,GRU
S264,0.22603204679884523,0.25683260283475345,0.23534355801134438,0.28179179235505714,GRU
S265,0.2303516425626523,0.14253651425678657,0.29342608278428023,0.33368576039628095,GRU
S266,0.26069432938105236,0.24021860170836382,0.16100232507857926,0.33808474383200404,GRU
S267,0.3585288405018821,0.2360430271013356,0.16887021929381282,0.23655791310297045,1D-CNN
S268,0.1697989622660806,0.13108155984856776,0.5170380240356809,0.18208145384967234,CNN-LSTM
S269,0.15213514437485093,0.08022261848609039,0.442169746850666,0.3254724902883935,CNN-LSTM
S270,0.10152714453708314,0.2862915258762802,0.22053981909206452,0.39164151049457274,GRU
S271,0.17909537867289574,0.29146059455580847,0.15303437745858384,0.37640964931270865,GRU
S272,0.23511850532484618,0.2940664073858899,0.22901829828905168,0.24179678900021215,ANN
S273,0.2729213728362949,0.24152207705920983,0.1939913801021579,0.29156517000233934,GRU
S274,0.26431486901210904,0.32374032957684296,0.19824574933047534,0.21369905208056936,ANN
S275,0.23275563001427843,0.1612222660698036,0.3810183713901799,0.2250037325257374,CNN-LSTM
S276,0.16330882476811903,0.2805442677206163,0.3675442657687193,0.18860264174254707,CNN-LSTM
S277,0.2385867436752267,0.1918201334693633,0.32406120119519805,0.24553192166021218,CNN-LSTM
S278,0.2978878485949085,0.18783515865087577,0.2768095736582081,0.2374674190960051,1D-CNN
S279,0.23936014911561407,0.4365982629669401,0.20388170473234896,0.12015988318509611,ANN
S280,0.30862934884744236,0.2562802416331935,0.1532356233730465,0.2818547861463172,1D-CNN
S281,0.22215790541938785,0.2754186828330193,0.1866371441479401,0.31578626759965367,GRU
S282,0.18202135570605582,0.2719448154117067,0.22464923119895455,0.3213845976832862,GRU
S283,0.2433408111298863,0.22478467361888804,0.2639804020489961,0.26789411320223044,GRU
S284,0.22893921255884164,0.2644573385969396,0.279722372867305,0.22688107597691462,CNN-LSTM
S285,0.04918532448691956,0.10558076958006263,0.6646660886484619,0.18056781728455587,CNN-LSTM
S286,0.08055517534785298,0.21474833419934436,0.5693925138304042,0.13530397662239924,CNN-LSTM
S287,0.46547269475149267,0.2584962008335816,0.18046752201181304,0.09556358240311465,1D-CNN
S288,0.4388884259389874,0.149103983765166,0.23831704125341735,0.17369054904243006,1D-CNN
S289,0.1468266910898762,0.46099233174773796,0.17077196185821167,0.22140901530417023,ANN
S290,0.21237339500240532,0.24830323199059598,0.20421232988992755,0.33511104311707085,GRU
S291,0.2712908400306101,0.1884034885365387,0.22034524790114673,0.31996042353170356,GRU
S292,0.26328168764257004,0.33646111235406845,0.15875317909710135,0.24150402090625994,ANN
S293,0.37984163940935906,0.27338330339372835,0.1603795458469005,0.18639551135001062,1D-CNN
S294,0.13473792602318307,0.3926651550339523,0.2813257955236907,0.19127112341917377,ANN
S295,0.27487213478655137,0.2574571810875262,0.3302604034451429,0.13741028068077907,CNN-LSTM
S296,0.5110470294087056,0.2302011456983188,0.1855378225519087,0.07321400234106866,1D-CNN
S297,0.613519534736086,0.17436201074708285,0.10303961425826856,0.10907884025856572,1D-CNN
S298,0.13618438821247708,0.32605304147799635,0.35305781362166416,0.18470475668786268,CNN-LSTM
S299,0.28512102039537485,0.16451703062466486,0.22244934542813768,0.3279126035518229,GRU
S300,0.28277466595165107,0.22832545511620003,0.2125942486023124,0.2763056303298344,1D-CNN
S301,0.2790831342844696,0.21845211429485023,0.20721970622319322,0.2952450451974859,GRU
S302,0.38264921328229734,0.20108196899101818,0.15863952434723275,0.2576292933794524,1D-CNN
S303,0.2337693187347731,0.27953291409788644,0.1872335982219429,0.2994641689453963,GRU
S304,0.19384713909067847,0.1509761774281834,0.19947530840725827,0.4557013750738834,GRU
S305,0.19771620013465163,0.17689034085698482,0.33765578368340426,0.2877376753249589,CNN-LSTM
S306,0.1642316297191648,0.24725002891626016,0.37865448904691135,0.20986385231766289,CNN-LSTM
S307,0.1275246382390216,0.3279027758291233,0.40810233457758727,0.13647025135427118,CNN-LSTM
S308,0.40904305012300246,0.24223360106838857,0.2746889937266124,0.07403435508199503,1D-CNN
S309,0.6484039207590218,0.10917812017486145,0.19260295360483606,0.04981500546127975,1D-CNN
S310,0.2414795801699226,0.38454054476226673,0.18929141985251038,0.18468845521529562,ANN
S311,0.05893977515384094,0.1435515596630983,0.27807405124789947,0.5194346139351589,GRU
S312,0.1988423035241149,0.2949413235528516,0.16803855934238632,0.3381778135806469,GRU
S313,0.22560609935417483,0.24540471414273787,0.228950297985765,0.3000388885173233,GRU
S314,0.196021904559294,0.2624527009665965,0.20278910942360306,0.3387362850505081,GRU
S315,0.19793482320693612,0.2699059628638172,0.2173472262457211,0.31481198768352553,GRU
S316,0.08152564930286073,0.392325392649913,0.2734245373729,0.2527244206743262,ANN
S317,0.09681287849975746,0.18906466693201454,0.47489883229555413,0.23922362227267352,CNN-LSTM
S318,0.16383244417800277,0.2740429729573262,0.3861340735717215,0.17599050929294935,CNN-LSTM
S319,0.08046700514273725,0.35865056407861123,0.44284728411534346,0.11803514666331191,CNN-LSTM
S320,0.24233828711580688,0.2964845082194906,0.3905850881850829,0.0705921164796152,CNN-LSTM
S321,0.3638181184093108,0.10374321672688613,0.3847839119833442,0.14765475288045915,CNN-LSTM
S322,0.13237178329210444,0.0883577829656483,0.695780699435198,0.08348973430704906,CNN-LSTM
S323,0.3802309836528808,0.06839888639433063,0.40818039568133097,0.14318973427145512,CNN-LSTM
S324,0.15723917735605375,0.2580938668637818,0.4247929384741347,0.15987401730602985,CNN-LSTM
S325,0.260292873455803,0.15548146425952833,0.3383199672321623,0.2459056950525075,CNN-LSTM
S326,0.2538975231117508,0.1902580481510274,0.22071468356950757,0.3351297451677135,GRU
S327,0.19507321110680342,0.25450482778417177,0.16049191730140028,0.38993004380762425,GRU
S328,0.23318410525420583,0.2883746975648185,0.13932811681700588,0.3391130803639654,GRU
S329,0.2920111407129757,0.25332597120182576,0.1814574012470113,0.2732054868381949,1D-CNN
S330,0.27022890801523575,0.19886225508093594,0.21848798892414495,0.31242084797968056,GRU
S331,0.22956726089951796,0.17146024258329084,0.16363414085826333,0.43533835565892676,GRU
S332,0.22471215988141613,0.21034362292892145,0.33527202011663754,0.2296721970730239,CNN-LSTM
S333,0.17542345643087467,0.1748775262828688,0.5534749827930593,0.09622403449319819,CNN-LSTM
S334,0.2726014983692868,0.19315733509140043,0.39692693477050944,0.1373142317688061,CNN-LSTM
S335,0.3432677330824252,0.22350395667164938,0.25009867291519666,0.183129637330728,1D-CNN
S336,0.28596482742483126,0.20389038368000736,0.2498249266828333,0.2603198622123317,1D-CNN
S337,0.13929249366876376,0.10088070339967328,0.3438733580636472,0.4159534448679118,GRU
S338,0.1044975646042743,0.14185517959957408,0.2933225287796101,0.46032472701654004,GRU
S339,0.44344955044690004,0.35610602832301325,0.035379023716491195,0.16506539751359947,1D-CNN
S340,0.32533045665511334,0.2527146055818151,0.2191588196358098,0.2027961181272625,1D-CNN
S341,0.0948138593892758,0.1440214913522191,0.5512553294093974,0.20990931984911104,CNN-LSTM
S342,0.09869004529230418,0.09857981364494962,0.23032896758884955,0.5724011734738956,GRU
S343,0.12111328798147471,0.47241564615939063,0.2046139776086586,0.2018570882504755,ANN
S344,0.28272042463805647,0.24927540576975998,0.2434047422417935,0.2245994273503883,1D-CNN
S345,0.269676372287045,0.26420715974332865,0.32978212516193417,0.13633434280769327,CNN-LSTM
S346,0.25482779118813775,0.16033079316324247,0.37549153021170334,0.2093498854369154,CNN-LSTM
S347,0.14185882546996126,0.24597808299039925,0.3753433445846454,0.2368197469549941,CNN-LSTM
S348,0.16683228261058636,0.2720318997528117,0.36518309832043033,0.1959527193161717,CNN-LSTM
S349,0.25579182326263017,0.23413560165933658,0.29511762091382454,0.21495495416420882,CNN-LSTM
S350,0.2890806870838495,0.2871333960722684,0.21314400145427548,0.21064191538960655,1D-CNN
S351,0.394679791099155,0.30549513975039017,0.16366381333695718,0.1361612558134984,1D-CNN
S352,0.3689964665093776,0.2417157631955666,0.25933136365645554,0.12995640663859853,1D-CNN
S353,0.22733000301848003,0.17993546711856695,0.3421000479773655,0.25063448188558535,CNN-LSTM
S354,0.2569210204783388,0.15635931758725516,0.263278513230365,0.32344114870403956,GRU
S355,0.22724091919056008,0.16148065051865781,0.29274968131259105,0.3185287489781912,GRU
S356,0.18414402757003442,0.1470200304994104,0.48713358419943054,0.18170235773112148,CNN-LSTM
S357,0.3317022990896924,0.23799677154874566,0.2587640196106985,0.17153690975086092,1D-CNN
S358,0.2345307599062828,0.17720995565396513,0.22228128660934376,0.3659779978304062,GRU
S359,0.26565865400783206,0.21748118268250446,0.1916116640334103,0.3252484992762502,GRU
S360,0.19483168531913544,0.1444861347536136,0.21343689555267958,0.4472452843745713,GRU
S361,0.1300029363506287,0.24546676451061597,0.2902222532793501,0.33430804585940327,GRU
S362,0.15386050526383407,0.15911742534930284,0.019092363335631142,0.667929706051232,GRU
S363,0.1927098464208146,0.36251873522147077,0.11029411077619783,0.3344773075815161,ANN
S364,0.06528465645579375,0.721618803693279,0.12190661238678577,0.09118992746414196,ANN
S365,0.22076836474118264,0.48805321805687235,0.15951044279692433,0.13166797440502068,ANN
S366,0.07955079281274577,0.44581685725737585,0.24311718857572737,0.2315151613541518,ANN
S367,0.19312725987277687,0.3441956930359964,0.29030249752838605,0.1723745495628452,ANN
S368,0.1475674757345212,0.39365538746416295,0.2359562825131632,0.22282085428815168,ANN
S369,0.1884549654992501,0.3077887845566511,0.2313636758300827,0.2723925741140171,ANN
S370,0.2083907945136509,0.3852118320718793,0.2435482257358548,0.16284914767861355,ANN
S371,0.44074212467509916,0.11752379061645087,0.310700258974365,0.13103382573408406,1D-CNN
S372,0.26522621893664733,0.11692047146417929,0.4707656730097394,0.14708763658943355,CNN-LSTM
S373,0.10550919181643925,0.1520480989099601,0.24220062799893124,0.5002420812746695,GRU
S374,0.11675552780433715,0.12176100096185567,0.25198486678354026,0.5094986044502675,GRU
S375,0.1591777967600181,0.1941572443787441,0.27162777676600003,0.3750371820952395,GRU
S376,0.1653325034882484,0.4053465460286335,0.15480150707747914,0.2745194434056358,ANN
S377,0.21259786010248694,0.24455541660938662,0.31095142084582583,0.23189530244229853,CNN-LSTM
S378,0.12762729127735925,0.1859844097861027,0.3490684791543669,0.33731981978217085,CNN-LSTM
S379,0.19228815296596813,0.31700729778016057,0.25169782726153905,0.2390067219923334,ANN
S380,0.19413220208908918,0.22911284017675415,0.41466686458682217,0.16208809314733477,CNN-LSTM
S381,0.09619558508484784,0.5135003880956571,0.3424969351048808,0.047807091714614475,ANN
S382,0.1112385463765085,0.5630513476487535,0.24440127829196637,0.08130882768277062,ANN
S383,0.3007620967505678,0.3089257066239516,0.14308686091527373,0.24722533571020683,ANN
S384,0.3350092808011674,0.4752938416875914,0.09140124070699103,0.09829563680425035,ANN
S385,0.30067187934246326,0.386327989555522,0.1627062702917785,0.15029386081023446,ANN
S386,0.25454492831724135,0.4195613786186134,0.16542967089210522,0.16046402217204092,ANN
S387,0.13562634931228906,0.3124917869190439,0.39084564309626496,0.16103622067240042,CNN-LSTM
S388,0.1367478121471501,0.33668205740005386,0.41715742417563095,0.10941270627716494,CNN-LSTM
S389,0.29267777438007536,0.3968108363794537,0.2375498295343004,0.07296155970617393,ANN
S390,0.4035318141755491,0.19028025955862637,0.3621739371321504,0.044013989133674,1D-CNN
S391,0.2815950757515354,0.11564836221184098,0.5127658933108195,0.08999066872580501,CNN-LSTM
S392,0.32019785018828933,0.29166008898650825,0.3031683746828208,0.08497368614238063,1D-CNN
S393,0.3248747965727769,0.3364095545876622,0.26581049801376444,0.07290515082579584,ANN
S394,0.24538915639246422,0.21318955052849442,0.3858082040799403,0.15561308899910117,CNN-LSTM
S395,0.36905813648311936,0.15481320914731503,0.2532548794857788,0.2228737748837867,1D-CNN
S396,0.27844113733112114,0.3145215435711046,0.18608213406698962,0.22095518503078385,ANN
S397,0.2520711871525783,0.34141509420287347,0.21786684729494224,0.1886468713496067,ANN
S398,0.20859319774751,0.31465623202986065,0.24543527620934436,0.2313152940132846,ANN
S399,0.28099921084840657,0.3901542148100227,0.16438647346779517,0.1644601008737705,ANN
S400,0.24474191789458993,0.4300370094546626,0.23986728062613583,0.08535379202460898,ANN
S401,0.2636265803290995,0.18484801523987887,0.43393810257579296,0.11758730185523039,CNN-LSTM
S402,0.19157438615217945,0.2978078568034175,0.4006039295448311,0.1100138274995753,CNN-LSTM
S403,0.41311292019031753,0.21980328264042806,0.2732727672296119,0.09381102993964663,1D-CNN
S404,0.36076463986349605,0.3342776743504285,0.22900116429811287,0.075956521487958,1D-CNN
S405,0.3502372789884145,0.3969576554360568,0.1691381702574203,0.08366689531810738,ANN
S406,0.35703483150965803,0.3641520394680633,0.13963511980926607,0.13917800921301274,ANN
S407,0.24453801812456727,0.4033240241136984,0.16565697439169824,0.18648098337003774,ANN
S408,0.26599954570243817,0.2881125499381709,0.21829972778106194,0.22758817657833005,ANN
S409,0.23691643239242435,0.3183647150715385,0.2674019698986891,0.1773168826373463,ANN
S410,0.19203541767819302,0.2932656100925418,0.3727874717021555,0.14191150052710952,CNN-LSTM
S411,0.08270920913756907,0.10257098813511537,0.723968246598593,0.09075155612872228,CNN-LSTM
S412,0.20716990138862235,0.3155112044171116,0.31162958135056795,0.16568931284369795,ANN
S413,0.31743768935794164,0.36382256461585316,0.21204312795181718,0.10669661807438821,ANN
S414,0.32362617882801725,0.3875104614700811,0.18099952690471346,0.10786383279718888,ANN
S415,0.1549439516519883,0.4760815379316237,0.20730965596305898,0.16166485445333056,ANN
S416,0.26646728155201305,0.40009029301246635,0.19519770552792853,0.13824471990759174,ANN
S417,0.27711962801715134,0.16673390567557714,0.3860243680703446,0.1701220982369262,CNN-LSTM
S418,0.1733927087838553,0.17406268811330353,0.5072020873698269,0.14534251573301538,CNN-LSTM
S419,0.19526356266271896,0.32740780284579907,0.3356858535190568,0.1416427809724251,CNN-LSTM
S420,0.324100862727869,0.21221410445316205,0.3872671126444641,0.07641792017450502,CNN-LSTM
S421,0.19079492767602435,0.20345204136204495,0.4989317336633963,0.10682129729853596,CNN-LSTM
S422,0.16915734535041616,0.5000998309969621,0.22216671092567863,0.10857611272694327,ANN
S423,0.35647731831110807,0.3015895850939827,0.17950608004723312,0.16242701654767555,1D-CNN
S424,0.18606348783470097,0.5830417622404869,0.1343659261776797,0.09652882374713251,ANN
S425,0.24453205414937293,0.25921546429244013,0.3113580707159792,0.18489441084221117,CNN-LSTM
S426,0.22980630262593207,0.3460325486023047,0.3231219097162079,0.10103923905555515,ANN
S427,0.12818420500714245,0.265724053435457,0.46460185687141,0.14148988468598975,CNN-LSTM
S428,0.1815323015849826,0.17510048770674547,0.4843676309865909,0.15899957972168438,CNN-LSTM
S429,0.26051873926217906,0.14328222441001257,0.5122823763350672,0.08391665999273971,CNN-LSTM
S430,0.09295592559555191,0.03626108765766318,0.8092156226483996,0.06156736409838306,CNN-LSTM
S431,0.4169184954917713,0.10126964176497427,0.1499864658878966,0.33182539685535606,1D-CNN
S432,0.2429429237688108,0.20793247859611988,0.12719682372514854,0.4219277739099187,GRU
S433,0.20316490340433593,0.17788982758089739,0.12982391632578796,0.4891213526889846,GRU
S434,0.14926842320611644,0.27335136113758923,0.10444156072279001,0.4729386549335038,GRU
S435,0.15452389256077256,0.3148793594362917,0.13331868704148064,0.3972780609614587,GRU
S436,0.22425317743771397,0.10914263407554162,0.24386977986788264,0.4227344086188611,GRU
S437,0.21128422865395943,0.10872083613026803,0.4307912788924796,0.24920365632329752,CNN-LSTM
S438,0.31179497775522197,0.08798084731268524,0.3451466876086314,0.25507748732345953,CNN-LSTM
S439,0.17261310163430232,0.10317265191394324,0.3038828946940721,0.4203313517576826,GRU
S440,0.23061571443196247,0.13079830238105392,0.20883730698562658,0.42974867620135626,GRU
S441,0.24795153404158748,0.1708766198095149,0.19590085059796636,0.38527099555092875,GRU
S442,0.24054239691717474,0.2187063714926051,0.20402753966075707,0.33672369192946294,GRU
S443,0.27225943655398294,0.35371512604564587,0.10019169722161754,0.27383374017875695,ANN
S444,0.3533431796767758,0.32517111440170093,0.0981447757719801,0.22334093014954454,1D-CNN
S445,0.11596253137347669,0.6378414439242555,0.06430102416730181,0.18189500053496366,ANN
S446,0.21066773167633293,0.5732363652183116,0.09163109921299736,0.12446480389235985,ANN
S447,0.1535143419123701,0.24563781394929726,0.47992333706866597,0.12092450706966229,CNN-LSTM
S448,0.3001590829546597,0.26388079266987063,0.3218135582197237,0.11414656615574587,CNN-LSTM
