Segment,1D-CNN,ANN,BiLSTM,LSTM,CNN-LSTM,GRU,Selected
S1,0.1616878976567641,0.11106586524898651,0.13146049459292344,0.2436409798396751,0.22323004796638862,0.12891471469526966,LSTM
S2,0.12721417604565183,0.12933594441730834,0.10606993732710798,0.22647403034811076,0.21997346392250935,0.1909324479393199,LSTM
S3,0.10060178145257656,0.12550027898980223,0.08998711776884953,0.21015539231761185,0.26439418247699,0.20936124699416506,CNN-LSTM
S4,0.12611292048747785,0.16793329156520442,0.1887832147422196,0.11650418862447934,0.25112331664032994,0.14954306794028743,CNN-LSTM
S5,0.15660340251426552,0.11176227252249603,0.184723108775711,0.15298719220447235,0.25449904017595393,0.13942498380710924,CNN-LSTM
S6,0.20458780386919787,0.16193916977451842,0.12955322783168097,0.17303869306980993,0.17832132804392162,0.15255977741086943,1D-CNN
S7,0.17063407556186222,0.21509825680248593,0.1088827009012244,0.20389430031506448,0.13312898881900628,0.1683616776003579,ANN
S8,0.1298056996202601,0.1492285315994113,0.19739071729715202,0.21273589298683981,0.11386220981591522,0.19697694868042154,LSTM
S9,0.14546641819617998,0.136646304308336,0.20793679964362402,0.17426912604452047,0.16535102144391023,0.17033033036342587,BiLSTM
S10,0.149835138030013,0.23571028695978763,0.18254628757505903,0.14901596603445122,0.15584906178875696,0.12704325961193216,ANN
S11,0.1855696484424141,0.28473567310303377,0.2782537519932947,0.07397934195317035,0.09872937042422517,0.07873221408385425,ANN
S12,0.13337211395310408,0.33804198889195375,0.24786486442096128,0.06368038459259946,0.14315530357954462,0.07388534456183944,ANN
S13,0.09015221482731181,0.27744566054635617,0.15206671072845834,0.10238939120505633,0.290511721327324,0.08743430136549421,CNN-LSTM
S14,0.1920064963301561,0.2699253607144851,0.09980872397271873,0.18514404986809577,0.14255989109606576,0.11055547801848478,ANN
S15,0.29610739483431264,0.17129336362447456,0.10428139446674409,0.17607039398328903,0.09717929119619201,0.1550681618949945,1D-CNN
S16,0.22924583716448932,0.23670446561178896,0.13876836639687118,0.12275858330199468,0.11855159533166945,0.15397115219318497,ANN
S17,0.139493062365323,0.15572105394984118,0.21980150168194668,0.16410503170941193,0.1552194303860662,0.1656599199074103,BiLSTM
S18,0.14270762825423064,0.1652805829351986,0.19730231360036377,0.13598286382806132,0.2174270362034169,0.14129957517873926,CNN-LSTM
S19,0.1412489741402353,0.12310200887698015,0.12353821013021563,0.16757655491255688,0.32666123025598043,0.11787302168403453,CNN-LSTM
S20,0.05068292653249324,0.03604629863584964,0.07236133318924436,0.1450022827030761,0.6253125633715332,0.07059459556780119,CNN-LSTM
S21,0.2029345147416072,0.2222551499502962,0.07119744240003592,0.12621916879088863,0.26780880950801805,0.10958491460915047,CNN-LSTM
S22,0.23304825663145465,0.26031561579045753,0.06662668666772673,0.10413924855811617,0.20019830324500562,0.1356718891072377,ANN
S23,0.12033632639729387,0.31388258909466926,0.08643754292779242,0.11519405927482414,0.2055661911695098,0.15858329113591133,ANN
S24,0.16232672132146586,0.19453374961608175,0.12519874294611436,0.20567173765189875,0.10439522845869362,0.20787382000574464,GRU
S25,0.16070772504003297,0.18618520629668056,0.20666305951796715,0.17619633371550267,0.10156263971181266,0.16868503571800555,BiLSTM
S26,0.15398487130882194,0.17076338662340768,0.20179948876940415,0.22493002186682604,0.10359807189352825,0.14492415953800838,LSTM
S27,0.08298196500864777,0.30869133516010655,0.2323737635823766,0.20750527646451247,0.09489081207619399,0.07355684770815482,ANN
S28,0.19337988240816517,0.17112391710873037,0.15690045093714378,0.14005223332683586,0.2737327686326016,0.06481074758652418,CNN-LSTM
S29,0.05058614342305326,0.03593685170058695,0.03971269376062263,0.3379221190146859,0.4958950314660491,0.0399471606350063,CNN-LSTM
S30,0.06300365836532283,0.17462520300418344,0.061176898934076504,0.5396246771737957,0.09151300082806968,0.0700565616945505,LSTM
S31,0.21335425959135848,0.11579468321641007,0.08167873293571949,0.35175769872873347,0.0856373588468636,0.15177726668091132,LSTM
S32,0.19419709760706202,0.0652561766899522,0.08413650359262481,0.27219561200240616,0.19541374932999978,0.18880086077795322,LSTM
S33,0.09209387286804284,0.06887262028786484,0.07511749632164848,0.19122831913963506,0.39403623121145714,0.17865146017135083,CNN-LSTM
S34,0.16698595388413245,0.13035843309615636,0.15079280355041275,0.14397589452890477,0.20103199945815844,0.2068549154822294,GRU
S35,0.13287993844043566,0.15246602127700962,0.2030864033016589,0.14058915657445686,0.1849062978396192,0.1860721825668188,BiLSTM
S36,0.23668112748665823,0.1321294962865809,0.1936774250206034,0.13321396295767426,0.16206329465833272,0.14223469359015284,1D-CNN
S37,0.2287220629651394,0.16658505823830946,0.14523763879796284,0.15234287882536912,0.16643969134138756,0.14067266983183133,1D-CNN
S38,0.14455060896325486,0.2609651299368777,0.12673360273665088,0.21513369493583465,0.09724534646794239,0.15537161695943005,ANN
S39,0.13642936726527966,0.17447508590949382,0.1950345194855275,0.2439756140240888,0.10609558002765307,0.14398983328795564,LSTM
S40,0.17139734061519082,0.12754670000302834,0.19920127918595495,0.15554178750674758,0.19871075439267252,0.14760213829640567,BiLSTM
S41,0.16817174407656507,0.13799251335211496,0.14055568421924458,0.17382126765326872,0.23544780593281295,0.14401098476599133,CNN-LSTM
S42,0.16590717752086476,0.14592338416915845,0.17377328057118097,0.15097351791475186,0.17731290343441966,0.186109736389624,GRU
S43,0.14247309117975712,0.17132324289662204,0.18173553862846323,0.17069750644480855,0.2082128782496893,0.12555774260065308,CNN-LSTM
S44,0.1823843771218112,0.16831795892484785,0.1304142665302606,0.16207445396726142,0.25593717100533947,0.10087177245047124,CNN-LSTM
S45,0.25513785946095957,0.13747922458843695,0.06693377624704497,0.23828098162043415,0.1741722969641379,0.1279958611189852,1D-CNN
S46,0.18160454273332152,0.22077704979684065,0.10222443827429853,0.17777100523064393,0.1328589327823064,0.1847640311825916,ANN
S47,0.1647312291212172,0.2124448474330664,0.1552007727636917,0.13242665963898775,0.14229386994973933,0.1929026210932976,ANN
S48,0.15407810459395443,0.12307086327008131,0.19760707936626326,0.1709075344673237,0.1595342092456858,0.19480220905669052,BiLSTM
S49,0.1574578617395063,0.1606612014390342,0.19866954254021793,0.18209439102546493,0.15579059211946775,0.1453264111363027,BiLSTM
S50,0.1562160794849713,0.18952975204532913,0.17540302999445645,0.17518910877757032,0.14193643718323115,0.16172559251443294,ANN
S51,0.025971303153537538,0.0477834951873678,0.09985103614311336,0.6380392038888077,0.1359540276256168,0.052400934001557986,LSTM
S52,0.2822820829662655,0.16469824889802467,0.1079767980984864,0.25778312411312887,0.09400674184596923,0.09325300407811989,1D-CNN
S53,0.25993534514814864,0.1415082750609135,0.15076944829166028,0.18004402882479514,0.10374769273367913,0.16399520994080496,1D-CNN
S54,0.4340665599872558,0.033355718286395726,0.0718934954277183,0.09627714966178992,0.23418529010967173,0.13022178652716748,1D-CNN
S55,0.029386742208163445,0.016112208194483422,0.012560077104452415,0.03858485386191748,0.8839460762285621,0.01941004240241415,CNN-LSTM
S56,0.17199719764227914,0.1385443996814225,0.03078267278455266,0.14819424966720163,0.2792624080716719,0.2312190721528735,CNN-LSTM
S57,0.1776970910685052,0.05430381274983701,0.09734715528049995,0.16706811855861345,0.2007425081583942,0.30284131418414545,GRU
S58,0.2506679007995257,0.08457548581552683,0.14866080284693858,0.15904601971910154,0.14280522919238395,0.2142445616265228,1D-CNN
S59,0.13468474651369094,0.1661460656537707,0.18200771220086046,0.19946749792276616,0.12528965282805288,0.19240432488085077,LSTM
S60,0.12265940197484917,0.26545686583034106,0.16119111707768097,0.1670668412645862,0.10519600606993963,0.17842976778259872,ANN
S61,0.05171126240727403,0.08945848103404859,0.11415791425653554,0.11128922692443587,0.09166932449792639,0.5417137908797794,GRU
S62,0.04895126323515673,0.09680757821193883,0.16028326914329172,0.06186271238656171,0.14278845333494739,0.4893067236881016,GRU
S63,0.13868005229607555,0.40083464091077803,0.1732795979362322,0.02717263104489715,0.06763531468234409,0.19239776312967305,ANN
S64,0.17096463144792703,0.202466824826292,0.4310630083599498,0.033675844065367215,0.0608433051828095,0.10098638611765443,BiLSTM
S65,0.13213863468203685,0.2834112498482524,0.2054361273229697,0.09367693424502807,0.171807361081466,0.11352969282025671,ANN
S66,0.1493358294894093,0.19706412405535245,0.1714176468265313,0.2258135283106713,0.1309415157218858,0.12542735559614285,LSTM
S67,0.25032937808581446,0.14895254313410305,0.1486298046860621,0.18168803288723223,0.12637021446008345,0.14403002674670773,1D-CNN
S68,0.374998450420215,0.1468763505391162,0.08324941886543184,0.09129966568636769,0.20680396114875627,0.09677215334011458,1D-CNN
S69,0.15533108033787354,0.2106606430569696,0.07840205665859672,0.09017992518600187,0.340547632303895,0.1248786624566699,CNN-LSTM
S70,0.12275642224229803,0.1565980681077156,0.19555493971884688,0.11353300696727861,0.2447924565730469,0.1667651063908113,CNN-LSTM
S71,0.23029771872551041,0.15930231158453273,0.17000107419450064,0.09381015555247482,0.1990947205377958,0.14749401940518536,1D-CNN
S72,0.21736191553461057,0.1683062176983611,0.11689098411365849,0.10339376934896333,0.26558151604322594,0.12846559726118018,CNN-LSTM
S73,0.25137778852746817,0.12090976043734429,0.07626197432263952,0.1413538737165496,0.24448495963373762,0.16561164336225906,1D-CNN
S74,0.15694315716145565,0.22507136596011065,0.10876806698921364,0.16081773476187564,0.1528753687406068,0.19552430638673543,ANN
S75,0.14967011066828237,0.17783512046970237,0.1661242927441445,0.19768174022143442,0.10309496434608136,0.2055937715503534,GRU
S76,0.1798768408524301,0.15457764956657385,0.21445449108861434,0.15989068975371412,0.11326102473614062,0.17793930400253244,BiLSTM
S77,0.18051457442196125,0.1436564150733039,0.19493513860353348,0.17625466835262588,0.1394271379239582,0.16521206562461457,BiLSTM
S78,0.30764259838633057,0.22471687954172054,0.10828610979213252,0.09302717730218647,0.05296612867770093,0.21336110629992852,1D-CNN
S79,0.1495442436390395,0.2496021422458547,0.19055094402028488,0.16220325171402927,0.07457499728316659,0.17352442109762212,ANN
S80,0.17718550457495094,0.15062932198034615,0.18284410354974606,0.16223210801184884,0.16669117944414766,0.16041778243895682,BiLSTM
S81,0.28260028258772474,0.09748888230373351,0.09704794871367867,0.22831467755170642,0.17867073490865132,0.11587747393450656,1D-CNN
S82,0.30663531725423565,0.10400485502433827,0.09300001456719142,0.21769390933059155,0.161736698532399,0.1169292052912421,1D-CNN
S83,0.256295990039458,0.16366649956044332,0.16289161792184856,0.13810548253260777,0.15980359793807722,0.1192368120075552,1D-CNN
S84,0.24442268568020883,0.18403440177142175,0.17338417645788576,0.1042428144161594,0.16150914809326952,0.13240677358104727,1D-CNN
S85,0.17790885949876534,0.20389066928077648,0.1756439030393152,0.20799116580926677,0.10436075480737461,0.13020464756450406,LSTM
S86,0.29812896730383925,0.1054151676890223,0.1755839632276578,0.17787735053056125,0.07261297438619002,0.17038157686272884,1D-CNN
S87,0.1888651550992435,0.2155611224859456,0.19313173040716447,0.1252225345237182,0.0654598244947329,0.21175963298920356,ANN
S88,0.09103457105931612,0.1666910684917693,0.30044800913162506,0.13070514412335732,0.06989559109205781,0.24122561610187582,BiLSTM
S89,0.09295808796525383,0.1023379217051012,0.3825440729449291,0.17197460007923213,0.11267923996834203,0.13750607733714013,BiLSTM
S90,0.0995054513547518,0.19528042418787273,0.2897688071693667,0.1296318185940592,0.1121959758384854,0.17361752285546522,BiLSTM
S91,0.07305600588613939,0.13890432995550075,0.16693166557306346,0.26631802931830445,0.22480277188492295,0.12998719738206913,LSTM
S92,0.1760424778784634,0.14276244092550533,0.1504882977729289,0.22391448555577628,0.1873335772731366,0.11945872059418824,LSTM
S93,0.3732136425972143,0.23474913766169203,0.08591641266075645,0.09329274747652748,0.1378515984578265,0.07497646114598353,1D-CNN
S94,0.3202841375491058,0.14982737276938782,0.10469381875121012,0.11398013759705049,0.20345235529837238,0.10776217803487252,1D-CNN
S95,0.27536454415769446,0.14650214770808548,0.09644950467789817,0.13060915015037808,0.17261887827510194,0.17845577503083873,1D-CNN
S96,0.26617727145914255,0.21502402395399836,0.0840951677774113,0.14029452878171517,0.1264448480726371,0.16796415995510466,1D-CNN
S97,0.16756377057864782,0.19208907766543745,0.11530592476488269,0.18521708142892124,0.14149849139091464,0.198325654171196,GRU
S98,0.1680658040583215,0.15523520232437543,0.15366840490950026,0.21443850484837096,0.13284215188898818,0.17574993197044447,LSTM
S99,0.14597907686656625,0.17745798521130612,0.18335292017132152,0.1811644775390668,0.13597138244186474,0.17607415776987465,BiLSTM
S100,0.12792200809291646,0.34025059478349784,0.1552809600889951,0.13493337553449317,0.11232118682645516,0.12929187467363948,ANN
S101,0.07987889090350554,0.1517277246255472,0.19248494234881383,0.10064512794577686,0.12035795744269903,0.35490535673365514,GRU
S102,0.04544004212879967,0.08283825312286862,0.2789590340488555,0.08463524350473785,0.33863980709839403,0.16948762009634122,CNN-LSTM
S103,0.08021800038161321,0.139139660228255,0.17955326917475883,0.1939970687185413,0.32840552162797876,0.07868647986884593,CNN-LSTM
S104,0.15294457610342269,0.19365656148838875,0.13949932550492242,0.2641682201254735,0.1576364172133783,0.09209489956441257,LSTM
S105,0.33115145372592364,0.2787804755054695,0.0743779303698562,0.11574627131792385,0.06888851982628391,0.13105534925454937,1D-CNN
S106,0.48267247381383166,0.18152029092452976,0.053025937325689707,0.05465759261462645,0.08393848817551566,0.1441852171458032,1D-CNN
S107,0.15785941569775844,0.3338110561756274,0.10771580730402147,0.08286161859703982,0.11996295142757074,0.19778915079798204,ANN
S108,0.21692525992197068,0.25470296946051346,0.14628964557618737,0.09501233684235652,0.13173411831824675,0.15533566988071917,ANN
S109,0.23489927689150425,0.24871205374275926,0.14290270663815674,0.10209436753376758,0.12577829887016934,0.14561329632364856,ANN
S110,0.11489485732907641,0.12683880729827776,0.1366881051772493,0.16744690635428403,0.3086792643576368,0.14545205948348372,CNN-LSTM
S111,0.08386083521037359,0.17310975397500467,0.10056551851599363,0.1399545347842284,0.39659465576351544,0.10591470175088437,CNN-LSTM
S112,0.07017455155276135,0.06207277560652456,0.07724380605208855,0.18440140939923386,0.47323846719580404,0.13286899019358647,CNN-LSTM
S113,0.07881810856788153,0.10057896801559413,0.08041127374674932,0.1443876553028057,0.4259301589462607,0.1698738354207059,CNN-LSTM
S114,0.07227327261495031,0.15848718245225749,0.09572841236107503,0.1778031576135169,0.3530294778188255,0.14267849713938147,CNN-LSTM
S115,0.17803464503571925,0.17095625702413406,0.16571686184462447,0.21562663967578397,0.15310004861777585,0.1165655478019642,LSTM
S116,0.2349850411414404,0.3099136383075848,0.1349864041257045,0.13308169150302396,0.11636900110351105,0.07066422381874297,ANN
S117,0.1634691620733278,0.24888460704514165,0.09971986574417611,0.24666950056543502,0.1649175234845967,0.07633934108731429,ANN
S118,0.10723749769750102,0.2021652859562034,0.12363519755735758,0.296322926594847,0.18058158422716986,0.09005750796693064,LSTM
S119,0.10085365849229125,0.2936450885671028,0.12160720838387547,0.2269284011430918,0.13712149647390665,0.11984414693973583,ANN
S120,0.19513976466069574,0.10236882831904727,0.18781816833919143,0.1673231102185163,0.2696138206021904,0.07773630786035889,CNN-LSTM
S121,0.15341656600061734,0.08151834740461905,0.06236076306297404,0.12082378004953172,0.5296217531874298,0.052258790294836356,CNN-LSTM
S122,0.17987699596639498,0.14863420511773942,0.06149129190595486,0.29024369929684063,0.17551354002792577,0.1442402676851469,LSTM
S123,0.16977483977024574,0.16202337214235726,0.06471667418685247,0.25089178502441767,0.10157961583323204,0.2510137130428984,GRU
S124,0.24454243209726972,0.06969984358688491,0.10183627360325928,0.1433619278899373,0.14041305512014587,0.30014646770250253,GRU
S125,0.1332931433008747,0.08873265506182587,0.19436273000523047,0.14749578401537664,0.22507897357513362,0.2110367140415683,CNN-LSTM
S126,0.10400312300256749,0.12349350151126591,0.1921633368572213,0.19568886264922816,0.142383565077914,0.24226761090179955,GRU
S127,0.20076999111747507,0.16472897589386412,0.21102636340904468,0.12646240437048697,0.08965294031674673,0.2073593248923823,BiLSTM
S128,0.16154212972826815,0.20873399018585173,0.21995471559552324,0.15047919316364056,0.09958983271761024,0.15970013860910245,BiLSTM
S129,0.22031570344159598,0.22963211321007937,0.1955506485573654,0.1378422869020201,0.10227586864321721,0.11438337924572983,ANN
S130,0.17246328983836245,0.23276580661413873,0.14550410850231674,0.18939351695713835,0.09750039687429815,0.1623728812137537,ANN
S131,0.1394203884587982,0.14376030153818292,0.2145844789674211,0.23699474325819095,0.11177762228240638,0.15346246549500023,LSTM
S132,0.12653023772029817,0.11776615188200029,0.24243283597943896,0.18808523713611996,0.21604480338538015,0.10914073389675993,BiLSTM
S133,0.12062106311151917,0.09160370302083487,0.16925850696081265,0.13954757607286128,0.3965229291995467,0.0824462216344249,CNN-LSTM
S134,0.16036875690408692,0.1290932579590007,0.10168058388155131,0.2112452258910467,0.2971158360593845,0.10049633930492773,CNN-LSTM
S135,0.14349111305143805,0.1269666086721204,0.10667794573844508,0.23313470751234264,0.3130786988766977,0.07665092614895401,CNN-LSTM
S136,0.21955375710753766,0.09254761104417307,0.07873615099473759,0.2837494307888754,0.20817806164450922,0.11723498842016475,LSTM
S137,0.14525579149139353,0.08625834505079884,0.12166529457221778,0.18876890983702366,0.20277517722778074,0.2552764818207863,GRU
S138,0.09614718448117188,0.13317375917150387,0.16871339866712398,0.22748471666312298,0.1566653427992055,0.21781559821787858,LSTM
S139,0.14882271953707968,0.1622805669538718,0.191198808415892,0.1591527796204926,0.1298582969476512,0.20868682852501247,GRU
S140,0.1514830070336127,0.1737223314947533,0.1988209510747166,0.15212034877953926,0.14420070316715997,0.17965265845021786,BiLSTM
S141,0.12090786951198787,0.24171480639949394,0.21894584684405638,0.15743818163353582,0.11124204045803335,0.14975125515290033,ANN
S142,0.20102666038593392,0.3293138553047428,0.1641156363722039,0.10649150749453072,0.10345155921268805,0.09560078122990094,ANN
S143,0.2120744011858926,0.18457589253173787,0.12510874337079714,0.2126594476742046,0.16188603565636803,0.10369547958100506,LSTM
S144,0.13224012807245947,0.1562009162456099,0.19347594344230126,0.23292078560811072,0.1592441719931908,0.12591805463832745,LSTM
S145,0.14150187032222106,0.11498414484802758,0.2846767592203967,0.1624022365479034,0.1743287529449248,0.12210623611652209,BiLSTM
S146,0.15229075303233336,0.12842610883012076,0.3075771309866177,0.12207804922667957,0.21079888515589032,0.07882907276835949,BiLSTM
S147,0.12687379226683768,0.3307527596103685,0.09766027905514334,0.15127696311867025,0.23316230452836292,0.06027390142061266,ANN
S148,0.2104400762859756,0.09509295402052342,0.052612446404648475,0.2906050193247912,0.2917815045077642,0.059467999456294184,CNN-LSTM
S149,0.2509097112901227,0.22076585681107883,0.04319756370992088,0.11553822677081584,0.24074118745390877,0.12884745396415223,1D-CNN
S150,0.24778714705987492,0.18705047731944766,0.05969752199574362,0.12712507379296883,0.16046593723173086,0.21787384260023132,1D-CNN
S151,0.164740880669504,0.1750892684105575,0.15001446872396837,0.1251657684242386,0.1708163144752405,0.21417329929649048,GRU
S152,0.12647472108687344,0.1346651984114247,0.20232057534126108,0.2467479507699655,0.11046319733171647,0.17932835705876896,LSTM
S153,0.0893126573031495,0.30496331419292577,0.2131413553292533,0.20272777237320164,0.09244220112733416,0.09741269967413599,ANN
S154,0.18227231532471116,0.163661491911422,0.17558292714952656,0.26928982982792304,0.11088093800103119,0.09831249778538854,LSTM
S155,0.24117483312170387,0.1401010561420779,0.14301945545151426,0.222467636577403,0.13351085937797957,0.11972615932932018,1D-CNN
S156,0.16473113723274685,0.1514337781928062,0.1448657582225624,0.17390435590848466,0.21829718358137912,0.1467677868620206,CNN-LSTM
S157,0.1807140224056187,0.06421157546615654,0.18135808265814335,0.12480954985702862,0.30461430468211576,0.14429246493093556,CNN-LSTM
S158,0.13091007096731946,0.2746828319070176,0.11372815593762627,0.09967209402921992,0.27455156555953497,0.10645528159928222,ANN
S159,0.16510064586997852,0.3250541290711031,0.0722612493306164,0.15186153762984028,0.13897267902403132,0.14674975907443785,ANN
S160,0.15406016329525538,0.22368658114365642,0.07944087922546939,0.2422681009414433,0.10245148966093737,0.19809278573323724,LSTM
S161,0.214231930987198,0.09572145649727049,0.10307684997944357,0.20815472080203473,0.1219040956208051,0.25691094611325044,GRU
S162,0.09439208986468545,0.1645145311230262,0.16886822166416166,0.20380054627279193,0.1339919738028653,0.2344326372724649,GRU
S163,0.09770300752532633,0.13505201592008362,0.26927192902804975,0.15924921041602072,0.13701324172336382,0.20171059538715672,BiLSTM
S164,0.14434320331569647,0.09533882602423899,0.31550111020543387,0.14646182133459595,0.11087505019188659,0.18747998892814094,BiLSTM
S165,0.1421819396266829,0.1873021062904054,0.25457280708979707,0.12315995552447022,0.1754629254933848,0.11732026597526911,BiLSTM
S166,0.13710855633240454,0.10539856561469872,0.07799810192960545,0.16252561591920514,0.44159112760295943,0.07537803260112054,CNN-LSTM
S167,0.1318320009687484,0.06548184256943601,0.054645453009834186,0.5743824350085303,0.09678074008455205,0.07687752835890756,LSTM
S168,0.15288915216123886,0.116925761886316,0.10257860847758536,0.24508252534290728,0.10441166799858967,0.27811228413336503,GRU
S169,0.17381125568468245,0.0683933018041407,0.14942419034768648,0.14849989501138466,0.11591061867755266,0.34396073847455977,GRU
S170,0.08025132217906497,0.06743805785643221,0.3959772539855511,0.15661133397182403,0.16653471717086568,0.13318731483626448,BiLSTM
S171,0.14043072690979258,0.09978122267337475,0.14991967609617174,0.25369146293382583,0.1452112729049821,0.21096563848186145,LSTM
S172,0.11666887517140336,0.07181471123471238,0.17620180001762803,0.1311270645786195,0.20421979073423405,0.29996775826341054,GRU
S173,0.08971728992071164,0.08180199525903442,0.14362668809104417,0.13163682857425502,0.3669316378639299,0.1862855602910226,CNN-LSTM
S174,0.1101830044348383,0.09351425613624356,0.16800436480644793,0.13130209789924976,0.24341823095091605,0.2535780457723059,GRU
S175,0.1181306928824037,0.13634714589835736,0.17583838350996558,0.1444154510443974,0.13371815546553364,0.29155017119933835,GRU
S176,0.06781012895391002,0.29287603974853754,0.16502855665577373,0.09400249275043528,0.06326723841837238,0.31701554347297844,GRU
S177,0.16315061661218475,0.1649419449066706,0.21643778390317298,0.12440357256659959,0.07574309485398736,0.2553229871573874,GRU
S178,0.06691934739051202,0.06863382436421439,0.42563272523651535,0.11714258124031945,0.08988691061918687,0.23178461114924953,BiLSTM
S179,0.09830389601036371,0.21356323952706244,0.26580538124969294,0.08923930120156782,0.04717148416577152,0.2859166978455497,GRU
S180,0.15358584889616633,0.2976790075805755,0.3673021074339963,0.04176027630914876,0.025597804884581715,0.11407495489552905,BiLSTM
S181,0.16419675072149753,0.32206925804985165,0.3056627079480302,0.060027305917566366,0.05436443829597718,0.09367953906707692,ANN
S182,0.09537375356286479,0.27812858749465486,0.20466506574600335,0.14342868595184569,0.13742357676998757,0.14098033047465158,ANN
S183,0.10573160555527598,0.21462466140833072,0.10032768921700097,0.15846980925641857,0.29423399736895683,0.1266122371940149,CNN-LSTM
S184,0.17946002396519173,0.346586938240755,0.08174195436721723,0.19572847207384877,0.08907998441801263,0.10740262693497432,ANN
S185,0.23070251546571255,0.2360123072252036,0.13317231638061514,0.12175837543119573,0.11553931970788675,0.16281516578938457,ANN
S186,0.25411732095981443,0.20078525928274685,0.13478183300789479,0.13042599514520825,0.10881136823644351,0.17107822336788833,1D-CNN
S187,0.15184047396569192,0.19777582609780825,0.2159156648193985,0.15432108029644798,0.151730750152463,0.128416204668197,BiLSTM
S188,0.15730102781063401,0.28281221406576973,0.14113076034938576,0.1551125915523656,0.16838680875349388,0.09525659746834146,ANN
S189,0.15414931373759097,0.12853816671486962,0.10676208632386362,0.1335157631612415,0.379717788422206,0.09731688164023605,CNN-LSTM
S190,0.1337666500635699,0.18740530070663428,0.11613174093145134,0.10687737376203667,0.352866852192765,0.1029520823435458,CNN-LSTM
S191,0.1593868894516334,0.11749439166281393,0.10716206030536383,0.14307801963778247,0.31931359959230726,0.15356503935010699,CNN-LSTM
S192,0.16049122751056544,0.18489091210609945,0.10089984681331056,0.13653878838489528,0.2716346683575547,0.14554455682757722,CNN-LSTM
S193,0.14306599173946902,0.3014777945492462,0.06878171954952002,0.1585046228105911,0.1967557107087645,0.1314141606424057,ANN
S194,0.14972879643390122,0.3056380859031153,0.08354391586924322,0.14054188499102643,0.1727007245772822,0.14784659222544042,ANN
S195,0.14650528236583443,0.16812101901167353,0.14399664598308073,0.20307817203176787,0.15109054146722176,0.18720833914042168,LSTM
S196,0.1526352748984194,0.209502792923974,0.21242740568411844,0.16435028081987127,0.11275720918038225,0.1483270364932362,BiLSTM
S197,0.15426201992759678,0.24772408323744877,0.22290409263627597,0.15442031799631342,0.10816069735117564,0.11252878885119885,ANN
S198,0.15953716213031657,0.20376872326591683,0.22845385688789924,0.13894961619818244,0.1857211562401175,0.0835694852775757,BiLSTM
S199,0.14262104422692212,0.148843628903901,0.14100185634290546,0.1411385835829518,0.3238212062284758,0.10257368071483745,CNN-LSTM
S200,0.13993620645427243,0.10931213022866731,0.17660372406430785,0.13224110526005922,0.2491248325885216,0.19278200140417012,CNN-LSTM
S201,0.12319819433382052,0.4375985804829237,0.13094153756663407,0.0921704511954237,0.14013596610911414,0.07595527031208552,ANN
S202,0.2374378500947613,0.2028578981981388,0.12512633510190876,0.18562085842273252,0.1331854892768806,0.11577156890558472,1D-CNN
S203,0.18954281080694102,0.2998240628932975,0.11303445700624505,0.15663949089525508,0.13887141009439416,0.10208776830386881,ANN
S204,0.2752417484396684,0.17945818690446685,0.08366110178619597,0.1464122988927679,0.1828745749913494,0.13235208898556183,1D-CNN
S205,0.1821654815921535,0.22547799596087068,0.11793280987117692,0.1257977778606757,0.2001475351114483,0.14847839960367518,ANN
S206,0.14344231411571048,0.21109836979938273,0.16689690720786332,0.14144428299985543,0.17460533073435,0.16251279514283262,ANN
S207,0.18396912491491726,0.1952635034688392,0.1777106529254104,0.1392974657183483,0.17461677698721997,0.12914247598527154,ANN
S208,0.23755469593978804,0.15978428027273828,0.11926231453213677,0.14573237743212025,0.24489304871476192,0.09277328310845596,CNN-LSTM
S209,0.19763938854420204,0.1620997477547845,0.058931549205491374,0.21488679606746094,0.28518728924331344,0.08125522918475023,CNN-LSTM
S210,0.1478676932601016,0.24686980436763561,0.08928015108047918,0.20584113066035722,0.12169703835947561,0.18844418227196133,ANN
S211,0.17703611364892038,0.21376158715263743,0.14637233666908717,0.14391573274831493,0.11805212437518336,0.20086210540585667,ANN
S212,0.14014496439032512,0.12078993426262086,0.23782008884380243,0.16763063767522546,0.17048370812550084,0.16313066670251142,BiLSTM
S213,0.15411240950178914,0.1244015564742569,0.1963244001577308,0.1543150353598107,0.2617293182240169,0.1091172802823972,CNN-LSTM
S214,0.2613697719991389,0.19311792595368465,0.07789722790090652,0.1336640793923777,0.25804365433738524,0.07590734041651369,1D-CNN
S215,0.1089897077903901,0.13800666074429788,0.09952177355255223,0.18742194331007336,0.2660926938444345,0.19996722075824058,CNN-LSTM
S216,0.17083249014309812,0.3082253528318202,0.13776892031930482,0.13061150282206083,0.1572918343942185,0.09526989948950028,ANN
S217,0.2072007918663418,0.15989730882115083,0.17397873399643374,0.16501578539310977,0.18791521073347456,0.10599216918949077,1D-CNN
S218,0.11301124290594769,0.3855019149960865,0.11363712525784783,0.1561206803765967,0.1415281561942777,0.09020088026924132,ANN
S219,0.1468023323145141,0.285862172337076,0.12480939894848923,0.1644104317092142,0.17807888574131656,0.10003677894939911,ANN
S220,0.12455779851085669,0.22338520160361933,0.1638312154713985,0.19402241392184683,0.18523883510014452,0.10896453539214067,ANN
S221,0.1413397698991418,0.22092646725384016,0.2984744298094664,0.10999334756243437,0.16182278731902688,0.0674431981560886,BiLSTM
S222,0.17515738491253963,0.2918063336050499,0.13795052730348523,0.14360745195372862,0.19248317525084818,0.058995126974337106,ANN
S223,0.2159494309915643,0.23978682790985512,0.11333027026798342,0.13719402317198637,0.24072154143909924,0.05301790621950637,CNN-LSTM
S224,0.24827974662983446,0.12295972902795378,0.041217843718365905,0.20265370552598602,0.31477534356523756,0.07011363153261892,CNN-LSTM
S225,0.17998912446648677,0.27112300034903286,0.0680177740514658,0.1786319697626037,0.13139536535966037,0.1708427660107532,ANN
S226,0.2197668684982951,0.3118978919394087,0.08712248098655447,0.07043377152467815,0.23111878990070908,0.07966019715035375,ANN
S227,0.38533020383749195,0.21067130030000286,0.06942064820431203,0.09688181531034326,0.1631843765599356,0.0745116557879155,1D-CNN
S228,0.2407846913956196,0.329074393728123,0.10286020311851529,0.0955638111852235,0.15732845949489754,0.07438844107761976,ANN
S229,0.15910774093134064,0.27581953893206496,0.10828299746586334,0.22951358688658427,0.12636905510456728,0.10090708067958247,ANN
S230,0.20326367801388764,0.25432769515352566,0.16545666302885945,0.14800261503281406,0.14069742933519183,0.08825191943571865,ANN
S231,0.22346058296877466,0.16738264692263535,0.10858633364961033,0.15000821927152486,0.24275999223108372,0.10780222495637085,CNN-LSTM
S232,0.15811407786607148,0.15796920568489298,0.1352643589725266,0.2283681748841817,0.17862035610268948,0.14166382648963746,LSTM
S233,0.16433132930780606,0.1729983301090292,0.17902094349543332,0.12423330966929501,0.22474996068107508,0.13466612673736,CNN-LSTM
S234,0.22371427667824265,0.1040307438685033,0.09948218068275153,0.11629079004764149,0.3624994473078358,0.09398256141502487,CNN-LSTM
S235,0.16411210370977805,0.2423027282491267,0.09399681492755259,0.11390290395768132,0.3068122107914565,0.07887323836441376,CNN-LSTM
S236,0.2626061944971788,0.18972823518541476,0.10315640044385321,0.14066268908694926,0.1780864734126614,0.12576000737394138,1D-CNN
S237,0.2382145014731916,0.2553215664165915,0.1149051372284023,0.14890145746781616,0.10829619720086649,0.1343611402131322,ANN
S238,0.17946054001555944,0.17936818153070364,0.178180615526265,0.1492890890591972,0.15704494973416466,0.15665662413411266,1D-CNN
S239,0.1839803438871315,0.16198357792123014,0.1734577653500341,0.176961392637804,0.16433885391563058,0.13927806628816758,1D-CNN
S240,0.16728874063959967,0.1960171914209541,0.163182966812361,0.16896128226409898,0.17936034315374208,0.12518947570925207,ANN
S241,0.15951201889571015,0.16905081249793477,0.18921248617093508,0.17673124062091722,0.23099281730593096,0.07450062450857044,CNN-LSTM
S242,0.1025082782749762,0.22142932041857172,0.1373947168150929,0.31314529977421884,0.1587643398262736,0.06675804489086454,LSTM
S243,0.2066284288697206,0.24217596898115143,0.10167733706585783,0.21119362558912194,0.1564770027425428,0.08184763675159823,ANN
S244,0.37789533410848647,0.049778882374934746,0.03872585952621253,0.3179291235219268,0.14176753844063716,0.07390326202780098,1D-CNN
S245,0.11240517311763057,0.1407728700777833,0.05814953472427273,0.25578389672646135,0.24579991312629385,0.1870886122275579,LSTM
S246,0.19629133972619078,0.17489206668396398,0.08703548613333958,0.10614962734865015,0.27278351920711075,0.16284796090073853,CNN-LSTM
S247,0.16624372599236184,0.17128819810748472,0.1442524260567251,0.12343301338089437,0.2324191927150703,0.1623634437474633,CNN-LSTM
S248,0.16114027863073482,0.12167456586460441,0.1684253330035309,0.19527750785910739,0.18132201698878037,0.17216029765323873,LSTM
S249,0.26056781282119273,0.1682217850918164,0.13866496309059217,0.17625521596848495,0.1194138469184503,0.13687637610945322,1D-CNN
S250,0.3179234679168451,0.11381403491770817,0.12721277219222643,0.16523108498176756,0.12909573631002766,0.1467229036814195,1D-CNN
S251,0.15286099588839075,0.16458254712288684,0.15316508638901827,0.20164350998900796,0.11185906069509567,0.21588879991560322,GRU
S252,0.1370825028750053,0.13728264870511436,0.2268612562175161,0.15356085528750707,0.12721971916973612,0.21799301774512084,BiLSTM
S253,0.14752021721185418,0.12077323167428798,0.22131779429765844,0.1575558126425887,0.18245974906553225,0.1703731951080697,BiLSTM
S254,0.1410874532276366,0.2958550763385158,0.20946940954501983,0.0899706492181417,0.1981492139298483,0.06546819774083573,ANN
S255,0.10660088212404585,0.3321661768408394,0.10402249833453918,0.2143380244981191,0.16023627744689056,0.08263614075556605,ANN
S256,0.16175341546169447,0.14469102712509174,0.11647047806589997,0.37036614112828714,0.12820826957985162,0.07851066863918145,LSTM
S257,0.19116158525170496,0.14221433504597292,0.10514521661017229,0.2705690054961025,0.1699384886404209,0.12097136895562399,LSTM
S258,0.1868896526521212,0.19656019494396448,0.10496265847809116,0.21439356870967452,0.13548669250007234,0.16170723271607798,LSTM
S259,0.08309313477662356,0.13133070643762848,0.26435423405638364,0.202080567126817,0.14547918277449676,0.17366217482804536,BiLSTM
S260,0.190620854064393,0.1021617833233093,0.24260543510713636,0.14390719471885763,0.15817405039472052,0.16253068239157897,BiLSTM
S261,0.09828119167597892,0.11577321720073779,0.09114119863426749,0.22803455280271248,0.37636344060792587,0.09040639907837728,CNN-LSTM
S262,0.244656525183304,0.08186584177395885,0.04876590006396069,0.38971705221514874,0.11838103279522648,0.1166136479683915,LSTM
S263,0.22227280740328925,0.0957344971592602,0.09218109103302714,0.20693694383307537,0.14241804818320994,0.24045661238813332,GRU
S264,0.16428643574072052,0.20812871745513958,0.12239984449966104,0.12050670382216207,0.19161298917196487,0.19306530931034527,ANN
S265,0.1570973842845017,0.09158620417277291,0.20314591538961843,0.182355240937441,0.19270999097715735,0.1731052642385085,BiLSTM
S266,0.1540830091008191,0.14602517761282502,0.237026044568854,0.18657705168121078,0.105757121410259,0.17053159562603887,BiLSTM
S267,0.20861071109448143,0.16207250554167524,0.17719301367601337,0.1690331759348839,0.14269395662433682,0.14039663712861913,1D-CNN
S268,0.11017043605355782,0.09328346796590013,0.10671614843373547,0.2797790411044363,0.3067903155995689,0.10326059084280374,CNN-LSTM
S269,0.11650947136353201,0.06692609059602261,0.14987920075790942,0.19117725459257998,0.279647454507168,0.19586052818278826,CNN-LSTM
S270,0.07804479014387718,0.18117777953943626,0.23033277409168534,0.13876239986004893,0.13752569150492294,0.23415656486003192,GRU
S271,0.1056074279838916,0.16023812714694202,0.32328180991149974,0.10438411553421754,0.09465415215911503,0.21183436726434066,BiLSTM
S272,0.12962451018938378,0.1652160019490962,0.3154670298543754,0.1277920453468469,0.1314617961362168,0.13043861652408176,BiLSTM
S273,0.15534699345150213,0.14314003761681923,0.1653141762984811,0.2698041391159026,0.11591365360265243,0.15048099991465838,LSTM
S274,0.16462912104493774,0.1982118921984826,0.1473371057952595,0.23009968685484344,0.13005093011943686,0.12967126398703932,LSTM
S275,0.15779921549449205,0.1244376520471336,0.14869954083228967,0.18564915238110452,0.2447860656996133,0.1386283735453684,CNN-LSTM
S276,0.11963677504749391,0.21502606768975305,0.1642729729616226,0.15227299189103077,0.2326119772058222,0.116179215204268,CNN-LSTM
S277,0.1570323549390478,0.12594927313141743,0.23510126190872224,0.14049691033569225,0.19655605811004956,0.1448641415750733,BiLSTM
S278,0.2156232076315182,0.13467869690804588,0.16951311400818367,0.11763199956807056,0.19525808323545074,0.16729489864872435,1D-CNN
S279,0.18741420338596104,0.32843319428709533,0.09410102533048036,0.12639878445042427,0.16394928020711705,0.09970351233892337,ANN
S280,0.20289796504683943,0.17608840714907484,0.10232954638581493,0.22797341685390732,0.10458465609911684,0.18612600846523858,LSTM
S281,0.14591936422264543,0.18013691504150137,0.17041625808967112,0.1886220800940266,0.12053741984503855,0.1943679627071261,GRU
S282,0.11291264129617082,0.15783636550786562,0.23072014560378695,0.19239521616222469,0.13062117860164957,0.17551445282829983,BiLSTM
S283,0.133367121794767,0.12465765233782812,0.28689640957073276,0.16947466227874594,0.14783069136357674,0.13777346265434923,BiLSTM
S284,0.13603563608665653,0.15634531532775145,0.2431891588126382,0.15675099559736116,0.17767787891106454,0.13000101526452934,BiLSTM
S285,0.05464490832197133,0.07861120018657416,0.18396703036348155,0.1741130686277602,0.3753462740333308,0.13331751846687995,CNN-LSTM
S286,0.06942430534578638,0.13297448055062513,0.16855440747176018,0.23106160479840332,0.2957277581981945,0.1022574436352381,CNN-LSTM
S287,0.3143189907387765,0.1900144515138741,0.10773578469709381,0.1571498981661326,0.14363345952957535,0.08714741535455514,1D-CNN
S288,0.3166965537725535,0.11790508949074661,0.08378253905015676,0.1440364450328907,0.19046308030609144,0.1471162923475542,1D-CNN
S289,0.12336059899619159,0.337523654448366,0.07128455557695969,0.1551649235727268,0.14044504115914,0.1722212262466145,ANN
S290,0.14374812165076362,0.15372452864406388,0.15476599673107289,0.2090572287210916,0.13476494349160775,0.20393918076140038,LSTM
S291,0.15657445095086586,0.12411129643104966,0.2227739695817881,0.1942590290936493,0.1286133776099351,0.1736678763327076,BiLSTM
S292,0.15922972208572134,0.21327095582787575,0.21014785263196115,0.16022130732515533,0.11392462632967501,0.14320553579962247,ANN
S293,0.252031008737035,0.17111421751769193,0.19582070818179,0.12448050400921352,0.1308652995312145,0.12568826202304956,1D-CNN
S294,0.0936233039265587,0.22481805440658162,0.20875199286898274,0.21757387205443499,0.1406925130888002,0.1145402636546413,ANN
S295,0.1445285303422728,0.12535308719692323,0.19545439203042228,0.3300196402498764,0.13601196151171857,0.06863238866878467,LSTM
S296,0.3589186525979333,0.1509451430958469,0.08243180639945881,0.23452653536744397,0.1173299802342812,0.05584788230504671,1D-CNN
S297,0.3376200065051039,0.12070431251030841,0.04086271705464104,0.34452303607774726,0.07400125468023915,0.08228867317196888,LSTM
S298,0.11537221166889382,0.2794787446740225,0.08325118179834379,0.11938525937778127,0.26016168699412845,0.1423509154868297,ANN
S299,0.20640821293471712,0.12462623500500483,0.13267929684713636,0.12475188844709756,0.16339029255393608,0.24814407421210655,GRU
S300,0.1608197405874286,0.14727129628427568,0.26124879452938254,0.13609524857330643,0.13057043753352504,0.16399448249207949,BiLSTM
S301,0.16824842025824568,0.1387674015832278,0.20504265876148667,0.18592587744972747,0.12933723495575547,0.17267840699154907,BiLSTM
S302,0.2562893527548011,0.14221881338124126,0.1427683806616753,0.15668012401775855,0.1197005790177049,0.18234275016681845,1D-CNN
S303,0.14928606135742792,0.1736257250643536,0.14516651714125947,0.2200375466354168,0.11877663909575771,0.1931075107057828,LSTM
S304,0.10538079791554594,0.08336707413912577,0.3048307896802968,0.1717235014239832,0.10276095505057993,0.23193688179048125,BiLSTM
S305,0.11659502514323754,0.10738204913182685,0.297961784066201,0.14048531562398933,0.185939579064479,0.1516362469702691,BiLSTM
S306,0.10591400930353694,0.1501474172764865,0.24824026598756047,0.14365847720787084,0.20849426889248812,0.14354556133205748,BiLSTM
S307,0.08504211332645664,0.17910746066192082,0.16329775226166035,0.2875188308889889,0.19408031619130472,0.09095352666967856,LSTM
S308,0.2703564232012761,0.1736865800707951,0.11325364948568739,0.1644483870653198,0.20682459115826793,0.0714303690186517,1D-CNN
S309,0.4656456928814055,0.09935328328840567,0.06815313794731401,0.14661309212468204,0.16796192625987486,0.05227286749831209,1D-CNN
