Segment,1D-CNN,ANN,CNN-LSTM,GRU,Selected
S1,0.25874264547184195,0.1777342411684185,0.3572260756475562,0.2062970377121876,CNN-LSTM
S2,0.19059558964889037,0.19377447824813826,0.3295699690604772,0.28605996304249587,CNN-LSTM
S3,0.14374609531578442,0.17932262038848426,0.3777828862125275,0.2991483980832027,CNN-LSTM
S4,0.18153250869300924,0.24173059820570184,0.3614779951555757,0.21525889794571051,CNN-LSTM
S5,0.2364575543693877,0.1687513375006465,0.384271475990956,0.21051963213901015,CNN-LSTM
S6,0.29335450792834955,0.23220145367952516,0.2556915146070948,0.21875252378503196,1D-CNN
S7,0.24829505977515495,0.3129963013216677,0.19372021753437593,0.24498842136880616,ANN
S8,0.22005688319446734,0.25298400334901827,0.1930282189381923,0.33393089451832236,GRU
S9,0.2354610124064593,0.22118422624973127,0.2676474707661955,0.2757072905776141,GRU
S10,0.22415720661963098,0.3526286303139,0.23315419069364343,0.19005997237282912,ANN
S11,0.2864759633569171,0.43956502013627813,0.15241496516968808,0.12154405133711503,ANN
S12,0.1937267681892,0.4910155509967715,0.20793712785688012,0.10732055295714614,ANN
S13,0.12092140390541058,0.37213859742651134,0.38966413926898874,0.11727585939908934,CNN-LSTM
S14,0.2685228182220924,0.377493053381052,0.19937129448332042,0.15461283391353453,ANN
S15,0.4114613085698629,0.23802374670749846,0.1350372162905654,0.21547772843207694,1D-CNN
S16,0.3104322318478756,0.32053230042080205,0.16053611608890353,0.2084993516424179,ANN
S17,0.22641542221374134,0.2527555677664074,0.25194136733909833,0.26888764268075244,GRU
S18,0.2140459810144805,0.24790296741520537,0.32611699761643015,0.2119340539538815,CNN-LSTM
S19,0.1992550658059021,0.17365576655635576,0.460809753324442,0.1662794143133003,CNN-LSTM
S20,0.06475922607441688,0.046057529866756486,0.7989822298952829,0.09020101416354366,CNN-LSTM
S21,0.25285162585128534,0.27692468228141937,0.33368346920986286,0.13654022265743693,CNN-LSTM
S22,0.2810403799498123,0.3139229643940844,0.24142556577138632,0.16361108988472295,ANN
S23,0.15072781779600666,0.39315507723081067,0.25748287599640163,0.19863422897678096,ANN
S24,0.2425938725084801,0.29072659922392957,0.15601647428736026,0.31066305398023025,GRU
S25,0.26040698550375935,0.3016900917801966,0.1645696922196448,0.27333323049640246,ANN
S26,0.26860770642444753,0.29787576683552336,0.18071411980146518,0.2528024069385636,ANN
S27,0.14815007996771895,0.5511154861727583,0.1694112858839255,0.13132314797559697,ANN
S28,0.2750595558503994,0.24340312988689924,0.3893518437603745,0.0921854705023286,CNN-LSTM
S29,0.0812804836476012,0.05774238732863506,0.7967910828646853,0.06418604615907585,CNN-LSTM
S30,0.15782541862526997,0.43743961036121637,0.2292418891232868,0.17549308189022703,ANN
S31,0.3765760305029018,0.204380743288159,0.15115225127949886,0.2678909749294403,1D-CNN
S32,0.30170387914659713,0.1013817502333174,0.30359406467925326,0.2933203059408322,CNN-LSTM
S33,0.12552763251251237,0.09387613638593015,0.5370871447550005,0.2435090863465568,CNN-LSTM
S34,0.2367818238205691,0.18484493348654388,0.28505824813880704,0.2933149945540789,GRU
S35,0.2024607500756092,0.23230282457290663,0.2817300203002002,0.28350640505128394,GRU
S36,0.3516239775565662,0.19629743837286767,0.24076841651388972,0.21131016755667698,1D-CNN
S37,0.3256203290251132,0.23715893766878743,0.23695198598169862,0.20026874732440444,1D-CNN
S38,0.21963748109165063,0.396523571939164,0.14775948091324304,0.2360794660559388,ANN
S39,0.24319399585378898,0.311012901179535,0.18912209714481895,0.25667100582185687,ANN
S40,0.2656264997211049,0.19766808137850145,0.30795601586823984,0.22874940303215996,CNN-LSTM
S41,0.24528309620842256,0.20126586136360058,0.34340707561662204,0.21004396681135862,CNN-LSTM
S42,0.24569624719862704,0.21610172871741404,0.26258728286936606,0.27561474121459106,GRU
S43,0.22001291155426445,0.2645645235495516,0.32153104272167593,0.19389152217450809,CNN-LSTM
S44,0.2577829957001764,0.23790144949096953,0.36174288441778296,0.14257267039107216,CNN-LSTM
S45,0.367218305728341,0.19787297750664457,0.2506850842564628,0.18422363250854956,1D-CNN
S46,0.2522269353646336,0.30663285086912506,0.18452512777010138,0.2566150859961385,ANN
S47,0.2312430834848403,0.2982215445909116,0.19974641981184924,0.27078895211239906,ANN
S48,0.2439931437357925,0.19489107106217116,0.25263325603491305,0.308482529167119,GRU
S49,0.25427760150693646,0.2594506524210627,0.25158513943889343,0.2346866066331091,ANN
S50,0.2405515683003624,0.29185010431956765,0.21856285649952473,0.24903547088054326,ANN
S51,0.0990856012256099,0.1823033800541684,0.5186912064708054,0.19991981224941555,CNN-LSTM
S52,0.44507134262248843,0.25967808510672186,0.14821949154297298,0.1470310807278166,1D-CNN
S53,0.3884348178861674,0.2114631275763734,0.15503553820334975,0.24506651633410645,1D-CNN
S54,0.5218216421731878,0.0400992319993143,0.28153044699278656,0.1565486788347113,1D-CNN
S55,0.030970738490223613,0.016980684111107872,0.9315923001063072,0.020456277292361002,CNN-LSTM
S56,0.20949130706033267,0.16874604803454019,0.3401395353046712,0.28162310960045595,CNN-LSTM
S57,0.24157256771212568,0.07382400805581711,0.27290195271739376,0.4117014715146626,GRU
S58,0.3620834481261915,0.12216715197022825,0.20627854476582133,0.3094708551377571,1D-CNN
S59,0.21775157393548134,0.26861666399334067,0.2025620555210034,0.31106970655017796,GRU
S60,0.18259896562696828,0.39517679312619036,0.15660178989294202,0.2656224513538986,ANN
S61,0.06676272873889938,0.11549693479983644,0.11835128287783421,0.699389053583426,GRU
S62,0.06293116969612436,0.12445468675772468,0.18356716034684653,0.629046983199308,GRU
S63,0.1734481131994832,0.501326694213644,0.08459196202392738,0.24063323056294536,ANN
S64,0.31940414921311416,0.378258025533307,0.11367031860708729,0.18866750664648976,ANN
S65,0.18853059949676151,0.4043608666503124,0.24512849599655084,0.1619800378563761,ANN
S66,0.2477497563405051,0.3269315132550363,0.21723339084713275,0.20808533955732342,ANN
S67,0.3738032638926831,0.22242274244597976,0.18870177757484063,0.21507221608649343,1D-CNN
S68,0.45429527474277354,0.17793468732100864,0.2505345348565834,0.11723550307963423,1D-CNN
S69,0.18682669481050285,0.2533751235321353,0.40959857119699794,0.15019961046036376,CNN-LSTM
S70,0.17767300722792784,0.22665412675406782,0.354303352212385,0.2413695138056191,CNN-LSTM
S71,0.31282427555416015,0.21638785868708826,0.2704397684161468,0.20034809734260475,1D-CNN
S72,0.2787708929636662,0.21585600441416095,0.3406134703953028,0.16475963222686776,CNN-LSTM
S73,0.32129713759853823,0.1545401451886779,0.31248710626488235,0.2116756109478999,1D-CNN
S74,0.21486871084613365,0.3081421014264169,0.20929955784965462,0.26768962987779266,ANN
S75,0.23525861360484182,0.2795297184263941,0.16204957872620543,0.3231620892425561,GRU
S76,0.28750172674223057,0.24706538626951316,0.18102797464043302,0.28440491234782345,1D-CNN
S77,0.28707323198461016,0.228457516532797,0.22173167589577852,0.2627375755868141,1D-CNN
S78,0.38518557203375153,0.28135797918082883,0.06631652664535562,0.2671399221400664,1D-CNN
S79,0.23104706535518052,0.38563732758227,0.11521897367534725,0.2680966333872032,ANN
S80,0.27054369943933904,0.229995191256539,0.2545199645925319,0.24494114471159725,1D-CNN
S81,0.41889212425828626,0.1445056056768106,0.26483966329878356,0.17176260676611962,1D-CNN
S82,0.4448463866562023,0.150883415408797,0.23463698368504676,0.16963321424995392,1D-CNN
S83,0.36665940900401534,0.23414280493951262,0.22861650222334698,0.17058128383312693,1D-CNN
S84,0.3383607673492033,0.2547636739557842,0.2235813714699712,0.18329418722504026,1D-CNN
S85,0.28864208605511854,0.33079537620657956,0.16931650315085287,0.21124603458744984,ANN
S86,0.4611154346181677,0.16304541388200947,0.11231033181985837,0.26352881967995934,1D-CNN
S87,0.27707230513235853,0.3162362960637986,0.09603203119593294,0.3106593676079102,ANN
S88,0.1600335337713871,0.2930332996404693,0.12287242425971984,0.42406074232842356,GRU
S89,0.208668876418014,0.22972438014366423,0.25293818875253044,0.30866855468579146,GRU
S90,0.17138401412435264,0.33634280857543897,0.19324164099558414,0.2990315363046209,ANN
S91,0.12890333755027494,0.24508911367745287,0.3966522291361337,0.22935531963613798,CNN-LSTM
S92,0.2813990746556676,0.22820184796396975,0.2994475874907332,0.19095148988962826,CNN-LSTM
S93,0.45470005812886083,0.2860036031846497,0.16794972819248688,0.09134661049400085,1D-CNN
S94,0.40992379577182764,0.19176037198136756,0.2603936691364881,0.13792216311031522,1D-CNN
S95,0.3562554207738982,0.18953850589469717,0.22332726713791182,0.23087880619349194,1D-CNN
S96,0.3431842902012584,0.27723203650090134,0.1630262613991622,0.2165574118986761,1D-CNN
S97,0.23955579963659898,0.2746181495122332,0.20229184468377168,0.28353420616739516,GRU
S98,0.2659718972301496,0.24566687739043339,0.2102288408282569,0.2781323845511592,GRU
S99,0.22971372676547067,0.27924916366228414,0.2139655467387567,0.27707156283348783,ANN
S100,0.18022624929356076,0.4793709028800702,0.15824662636025544,0.18215622146611282,ANN
S101,0.11300366240900331,0.21464730390891162,0.17026888877966453,0.5020801449024223,GRU
S102,0.07140105835963236,0.13016578921451324,0.5321130768539143,0.2663200755719399,CNN-LSTM
S103,0.1280517896870555,0.2221082852217382,0.5242328976977669,0.12560702739343885,CNN-LSTM
S104,0.2564753519328483,0.3247459702543075,0.26434317981237476,0.1544354980004711,ANN
S105,0.4088916527892797,0.3442262086192048,0.08506059814337823,0.16182154044813724,1D-CNN
S106,0.5409207271289624,0.20342591111468464,0.09406807000872865,0.16158529174762365,1D-CNN
S107,0.1950271968551037,0.41240640779907933,0.14820806247109594,0.24435833287472103,ANN
S108,0.28591778928522454,0.33571060363706523,0.17363182091629026,0.20473978616141977,ANN
S109,0.31112366436708566,0.3294186621462073,0.16659312774479162,0.19286454574191303,ANN
S110,0.16511084654790267,0.1822750237476907,0.4435907388256553,0.2090233908787513,CNN-LSTM
S111,0.1104187616470721,0.22793196150501552,0.5221923995318998,0.13945687731601505,CNN-LSTM
S112,0.09504177804665502,0.08406903687157206,0.6409364130890977,0.17995277199267135,CNN-LSTM
S113,0.10167440619147457,0.12974565152790382,0.5494447504104252,0.21913519187019473,CNN-LSTM
S114,0.09948577202786632,0.21816114218027768,0.48595295160517216,0.19640013418668467,CNN-LSTM
S115,0.28777624654918516,0.27633469856741993,0.2474718183580606,0.18841723652533335,1D-CNN
S116,0.3210476818103583,0.42341867659641974,0.15898883544838838,0.096544806144832,ANN
S117,0.2501017481162404,0.3807842073191236,0.25231768729564336,0.11679635726899251,ANN
S118,0.18487888920219733,0.34853567367134164,0.3113250814231764,0.1552603557032846,ANN
S119,0.15481070027336427,0.45074618484347767,0.21048195185978005,0.18396116302337792,ANN
S120,0.30260855311725765,0.15874613293604756,0.41809750203761364,0.12054781190908621,CNN-LSTM
S121,0.18782279976093424,0.09980020176803087,0.6483982994219624,0.06397869904907272,CNN-LSTM
S122,0.2774744796115711,0.22928000601716314,0.2707435040394588,0.2225020103318106,1D-CNN
S123,0.2480668296609683,0.23674075801058628,0.14842324865115372,0.36676916367729534,GRU
S124,0.3239823124176954,0.09234191508919233,0.18602639182619835,0.39764938066691297,GRU
S125,0.2025296173246338,0.1348230691304614,0.3419917728483341,0.3206555406965673,CNN-LSTM
S126,0.16989871223700317,0.20173804661504757,0.23259671106082014,0.39576653008713003,GRU
S127,0.30304390530040703,0.24864329521140338,0.13532289862658892,0.312989900861603,GRU
S128,0.2565928057050847,0.33155214851938997,0.15818805063234212,0.2536669951431861,ANN
S129,0.33050310319381704,0.34447896733336614,0.15342751987439365,0.17159040959842664,ANN
S130,0.25930337409710597,0.34996989264236406,0.1465945704097818,0.2441321628507484,ANN
S131,0.2542215650993327,0.26213503821207107,0.20381726370037354,0.27982613298822245,GRU
S132,0.22218481701873877,0.20679524023928764,0.3793707810313356,0.1916491617106346,CNN-LSTM
S133,0.17451117573622316,0.13252967187976203,0.5736782680899432,0.11928088429406909,CNN-LSTM
S134,0.23340821003771045,0.18788838206289604,0.4324363224312767,0.14626708546811595,CNN-LSTM
S135,0.21734908092073293,0.1923190580633046,0.4742270514851731,0.11610480953078894,CNN-LSTM
S136,0.34439026135565237,0.1451694399369028,0.326546436748744,0.18389386195869975,1D-CNN
S137,0.21064819690911613,0.1250908116416945,0.29406211636999907,0.370198875079191,GRU
S138,0.15923631065470767,0.22055870071412753,0.25946481251030057,0.3607401761208635,GRU
S139,0.2290819415493542,0.2497975273477012,0.1998901168020159,0.3212304143009286,GRU
S140,0.23338876283392895,0.2676527276435015,0.22216897044101058,0.2767895390815624,GRU
S141,0.19388193220391547,0.3876020137992979,0.17838228258724897,0.2401337714095374,ANN
S142,0.2756082112616756,0.4514903765997053,0.14183242726164932,0.13106898487697005,ANN
S143,0.3202419429543016,0.27871795047567527,0.24445523979257744,0.15658486677744377,1D-CNN
S144,0.2305428416639582,0.27231524671577007,0.277620752980654,0.21952115863961646,CNN-LSTM
S145,0.2559169741052666,0.20795763584312038,0.3152869064671559,0.22083848358445538,CNN-LSTM
S146,0.26701522964526386,0.22517274528442144,0.36959901772181314,0.13821300734850153,CNN-LSTM
S147,0.1689256868947294,0.44037965691132586,0.3104431714910345,0.08025148470290919,ANN
S148,0.3204105853997724,0.14478605787855867,0.4442589278532281,0.09054442886843983,CNN-LSTM
S149,0.29825316286010195,0.2624215487988435,0.28616596870498084,0.1531593196360774,1D-CNN
S150,0.30471474708548746,0.2300241944140974,0.1973320168523001,0.26792904164811504,1D-CNN
S151,0.22728530472366387,0.24156249233833088,0.23566729720939975,0.2954849057286022,GRU
S152,0.22956524918452018,0.24443184823129147,0.20050260797773156,0.3255002946064578,GRU
S153,0.15289836839449786,0.5220804594583781,0.1582559756921148,0.16676519645500906,ANN
S154,0.3283433079815648,0.2948179790642576,0.19973968021693086,0.1770990327372466,1D-CNN
S155,0.3800944473972722,0.2208009551611256,0.2104147255331562,0.18868987190844844,1D-CNN
S156,0.24181431356703015,0.22229467810215472,0.32044569404486317,0.21544531428595357,CNN-LSTM
S157,0.26045775734089077,0.09254623807610243,0.43903155712720104,0.20796444745580583,CNN-LSTM
S158,0.16642526388013965,0.3492027958252468,0.34903591762896347,0.1353360226656509,ANN
S159,0.21279223451245072,0.41895047774077854,0.17911684566633526,0.18914044208043704,ANN
S160,0.2271298878955621,0.3297796588825561,0.15104355898173114,0.29204689424015035,ANN
S161,0.3110362233505176,0.13897480261381306,0.1769885065131648,0.3730004675225043,GRU
S162,0.1504661095132589,0.26224508316285067,0.2135904717548001,0.3736983355690888,GRU
S163,0.17096521720905164,0.2363202302683699,0.23975207340141663,0.3529624791211583,GRU
S164,0.2682774324989432,0.17719750480599797,0.20607325534139756,0.3484518073536649,GRU
S165,0.22849015838277914,0.3009994662057018,0.2819735877957132,0.18853678761580425,ANN
S166,0.18053039911141178,0.13877795540390248,0.5814416302141411,0.09925001527054335,CNN-LSTM
S167,0.3553690337112765,0.176514191914987,0.2608841391542143,0.2072326352195215,1D-CNN
S168,0.2343707543544818,0.1792408331747946,0.16005740790838907,0.4263310045623356,GRU
S169,0.2475676092286617,0.09741582124935769,0.16509698774787493,0.48991958177410533,GRU
S170,0.17936807157573995,0.15072940931155088,0.3722183044249188,0.29768421468778894,CNN-LSTM
S171,0.23546839335896635,0.1673089978761225,0.24348421375409268,0.35373839501081755,GRU
S172,0.16843328559287626,0.10367793251966739,0.29482936460921505,0.43305941727824215,GRU
S173,0.12379298128872908,0.1128713637854168,0.5062966282249007,0.2570390267009533,CNN-LSTM
S174,0.15724849534120855,0.13345956707028384,0.34739614110166384,0.36189579648684356,GRU
S175,0.17378647925870763,0.200585384411797,0.19671777828694273,0.42891035804255184,GRU
S176,0.0915154796966435,0.39526088038349294,0.08538446633650601,0.42783917358335766,GRU
S177,0.2475134297540344,0.25023102788017304,0.11490874859553199,0.3873467937702572,GRU
S178,0.1463598714996387,0.15010961861082686,0.19659242357747442,0.5069380863120566,GRU
S179,0.15241969999407545,0.3311287366987571,0.07313915070125176,0.4433124126059156,GRU
S180,0.25990196709598157,0.5037401569833194,0.043317271028919524,0.19304060489177946,ANN
S181,0.2588588455340921,0.5077474185966995,0.08570642033760756,0.14768731553160078,ANN
S182,0.14629979972006568,0.4266389349987384,0.21080266852465007,0.21625859675655046,ANN
S183,0.14264874354513302,0.28956278610270514,0.3969684354315499,0.1708200349206117,CNN-LSTM
S184,0.24837740977332326,0.47968547022039,0.1232890495806768,0.14864807042560996,ANN
S185,0.3096389999297113,0.316765574197551,0.1550719086642394,0.21852351720849708,ANN
S186,0.345835639921276,0.27325448878704717,0.1480845501700803,0.2328253211215968,1D-CNN
S187,0.2411072300393604,0.3140478974661472,0.24093299978318417,0.20391187271130615,ANN
S188,0.2235162228814591,0.4018608063312991,0.23926851591175155,0.13535445487549375,ANN
S189,0.20290222370522712,0.1691910215172122,0.4998113957383655,0.1280953590391954,CNN-LSTM
S190,0.17215987033206978,0.24119369255239662,0.4541454203205512,0.13250101679498105,CNN-LSTM
S191,0.2125839021103523,0.1567093525803609,0.42588779561341517,0.20481894969587153,CNN-LSTM
S192,0.2104633606139745,0.24246037189958544,0.3562135205055358,0.19086274698090244,CNN-LSTM
S193,0.1851474868147644,0.3901546084613747,0.25462952383903675,0.1700683808848242,ANN
S194,0.19297081636076013,0.3939070663250878,0.2225770900555192,0.19054502725863046,ANN
S195,0.22438295597728508,0.2574889491940251,0.23140559689832652,0.2867224979303677,GRU
S196,0.24491304562283775,0.3361606097650007,0.18092614262776022,0.23800020198440028,ANN
S197,0.24774059327476228,0.39783811581422907,0.17370312759659784,0.1807181633144116,ANN
S198,0.2521941796117765,0.32211483085433174,0.29358548195979534,0.13210550757409803,ANN
S199,0.19867541251688953,0.20734366049054073,0.4510926986819439,0.1428882283106239,CNN-LSTM
S200,0.20246713385284978,0.15815859428760448,0.36044703585881016,0.27892723600073477,CNN-LSTM
S201,0.1585790906175888,0.5632711203582931,0.18038116701764018,0.09776862200647592,ANN
S202,0.3444858662367264,0.2943156651555671,0.19323169673831514,0.16796677186939016,1D-CNN
S203,0.25953176702695113,0.4105345304768883,0.19014987853078016,0.13978382396538144,ANN
S204,0.3574908941740516,0.23308479933375487,0.2375220899662583,0.17190221652593263,1D-CNN
S205,0.24087379264198414,0.29814506881169894,0.2646511043084237,0.19633003423789055,ANN
S206,0.20738883403912745,0.305205929297397,0.2524443096254193,0.2349609270380578,ANN
S207,0.2693577038567451,0.2858943258316567,0.25566449873529346,0.1890834715763057,ANN
S208,0.323201333844293,0.21739200863698768,0.33318541517642014,0.12622124234229923,CNN-LSTM
S209,0.2721624641130443,0.22322203638662969,0.39272169351414815,0.11189380598617797,CNN-LSTM
S210,0.2097774970782032,0.35023018566559244,0.1726496136243529,0.26734270363185075,ANN
S211,0.24944784781001608,0.301194862226935,0.16633808632507455,0.28301920363797517,ANN
S212,0.23571631594099127,0.20316219302635957,0.28674445622875716,0.274377034803887,CNN-LSTM
S213,0.23732948677691348,0.19157547174643236,0.40305699566559766,0.16803804581105658,CNN-LSTM
S214,0.3315029746978205,0.24493714950836318,0.3272843617701177,0.09627551402370005,1D-CNN
S215,0.15284867459669274,0.19354245100693146,0.37317207650658085,0.280436797889794,CNN-LSTM
S216,0.23349906911540522,0.4212918333257992,0.21499128696034125,0.13021781059845586,ANN
S217,0.31346304674355524,0.2419001256592929,0.2842869178027536,0.1603499097944,1D-CNN
S218,0.1547585770555668,0.5279096688339369,0.19380988566024968,0.12352186845024664,ANN
S219,0.20653689937685207,0.4021808495326863,0.2505400311127065,0.14074221997775233,ANN
S220,0.1939710387106324,0.34787271536323194,0.28846824272340327,0.16968800320272787,ANN
S221,0.23893841196205393,0.37348171207359404,0.27356546461673753,0.11401441134761456,ANN
S222,0.24380169847449892,0.4061654596753131,0.2679174793420989,0.08211536250808922,ANN
S223,0.28813399700803904,0.3199394267366431,0.3211865832769589,0.07073999297835838,CNN-LSTM
S224,0.3283565727247972,0.16261751413410314,0.41629876940969907,0.09272714373139912,CNN-LSTM
S225,0.23891824949756676,0.359889703524727,0.17441470853795105,0.22677733843975442,ANN
S226,0.2608683002911426,0.370229932703688,0.2743432906821959,0.09455847632297366,ANN
S227,0.46219424548373406,0.2526951215282931,0.19573570679827007,0.08937492618970368,1D-CNN
S228,0.30038910308231187,0.4105342470337162,0.19627391825896565,0.09280273162500612,ANN
S229,0.24027019065697933,0.41651784393523145,0.19083117380328496,0.15238079160450677,ANN
S230,0.2960693685292388,0.37044808417988206,0.20493675733896424,0.12854578995191301,ANN
S231,0.3014013234583161,0.22576398323228164,0.32743216709232054,0.14540252621708022,CNN-LSTM
S232,0.24846348419463163,0.24823582928000104,0.2806874417782843,0.22261324474708277,CNN-LSTM
S233,0.2358555183927934,0.24829477739163194,0.3225709833205669,0.19327872089501139,CNN-LSTM
S234,0.2852672355435133,0.13265386168262105,0.4622378900220399,0.11984101275182504,CNN-LSTM
S235,0.20718601876875006,0.30589905599846273,0.3873401109764275,0.09957481425635928,CNN-LSTM
S236,0.3472795872805574,0.25090323302090733,0.23550776136647242,0.16630941833206225,1D-CNN
S237,0.32357597848203357,0.3468131669981966,0.14710291673446776,0.18250793778530186,ANN
S238,0.2668438005531659,0.26670647070277037,0.23351356928443473,0.23293615945962884,1D-CNN
S239,0.2832293257252302,0.24936631046486082,0.2529921501480398,0.21441221366186808,1D-CNN
S240,0.2504863369197067,0.293502288705144,0.26856150135072215,0.18744987302442634,ANN
S241,0.2515739148650389,0.2666179953438283,0.3643096473711586,0.11749844241997352,CNN-LSTM
S242,0.1865618632291875,0.40299444382479654,0.28894613733427654,0.12149755561173797,ANN
S243,0.30071270116615917,0.3524461284839487,0.22772578982712258,0.11911538052277396,ANN
S244,0.5873914060902182,0.07737509588678428,0.22036004741643328,0.1148734506065684,1D-CNN
S245,0.16384003866464292,0.20518835420804296,0.3582741448050072,0.27269746232230724,CNN-LSTM
S246,0.24329166827019189,0.21676851729738286,0.3380992638650619,0.20184055056736303,CNN-LSTM
S247,0.22701136225489593,0.23389975747026484,0.31737617307046806,0.22171270720436864,CNN-LSTM
S248,0.2532468930856078,0.19122286516187034,0.2849643667034476,0.27056587504907276,CNN-LSTM
S249,0.3803466469984765,0.24555063504975913,0.174306472426006,0.19979624552575842,1D-CNN
S250,0.4493261363643158,0.16085512940800908,0.18245299347471608,0.20736574075295802,1D-CNN
S251,0.23692348507785332,0.25509104150946976,0.1733734517650747,0.3346120216476011,GRU
S252,0.22125144460528404,0.2215744803911402,0.2053328912023745,0.3518411838012002,GRU
S253,0.23750434510623802,0.19444227941972395,0.29375623239372173,0.27429714308031705,CNN-LSTM
S254,0.20139240759120042,0.42231229467129405,0.2828440541147929,0.09345124362271087,ANN
S255,0.1563889500165724,0.487304782025254,0.2350748200687808,0.12123144788939366,ANN
S256,0.3152084141461795,0.28195898720965556,0.24983908512436406,0.15299351351979995,1D-CNN
S257,0.3062084577621877,0.2278032594716305,0.27221265429716446,0.19377562846901436,1D-CNN
S258,0.2745777749202692,0.2887857096404934,0.19905668414518476,0.2375798312940516,ANN
S259,0.15573192359787805,0.24613806659216253,0.2726549315755669,0.32547507823439276,GRU
S260,0.31071683514907145,0.16652630239858612,0.25782772080516947,0.26492914164717124,1D-CNN
S261,0.14435618573136347,0.17004861011501085,0.5528055755979576,0.13278962855567153,CNN-LSTM
S262,0.4357063176912088,0.1457940450895316,0.21082357744207142,0.20767605977718728,1D-CNN
S263,0.31713301020782814,0.13659146892297577,0.2031983347666868,0.3430771861025101,GRU
S264,0.21699624448813273,0.2749049235517787,0.25309027405696916,0.25500855790311955,ANN
S265,0.25565122847995897,0.14904210986850683,0.3136051319890272,0.2817015296625056,CNN-LSTM
S266,0.26732102150164466,0.2533413636728618,0.18347968339562765,0.2958579314298696,GRU
S267,0.31908698051138035,0.2479030254289526,0.21826196515796265,0.21474802890170547,1D-CNN
S268,0.1795755048287635,0.15205010030105384,0.500061793107418,0.16831260176276716,CNN-LSTM
S269,0.17681252409188228,0.10156574283100422,0.4243875773241107,0.29723415575300227,CNN-LSTM
S270,0.12370295315811422,0.28717133244052057,0.21798167620039915,0.37114403820096503,GRU
S271,0.18452060200353163,0.2799730686517819,0.1653826958194441,0.37012363352524263,GRU
S272,0.23282734287269025,0.2967556265219947,0.23612741632695813,0.23428961427835746,ANN
S273,0.27500801971559136,0.25339826289786543,0.20519987948924298,0.2663938378972992,1D-CNN
S274,0.26443760103608427,0.31838035055464103,0.2088959459603021,0.20828610244896817,ANN
S275,0.23705987487091182,0.18694119695768208,0.3677391799639119,0.2082597482074943,CNN-LSTM
S276,0.17504728759367563,0.31461672128894297,0.34034765359996233,0.16998833751741987,CNN-LSTM
S277,0.2514924652022569,0.20171189053712743,0.31479097173140924,0.2320046725292067,CNN-LSTM
S278,0.30247840302148965,0.18892862975759878,0.2739100018168131,0.2346829654040974,1D-CNN
S279,0.24042868204212214,0.4213381836312079,0.2103261580488328,0.1279069762778369,ANN
S280,0.30296978172156647,0.26293741420884964,0.156167117903128,0.27792568616645263,1D-CNN
S281,0.22765693007152615,0.28104163754668565,0.18805714448422398,0.3032442878975628,GRU
S282,0.19572828571381176,0.2736012627950173,0.2264251289504245,0.304245322540744,GRU
S283,0.24532749250209143,0.22930651016296286,0.2719330846989898,0.2534329126359556,CNN-LSTM
S284,0.22670344814174498,0.2605495376449106,0.29610026436007364,0.21664674985327062,CNN-LSTM
S285,0.08512730051848955,0.12246263133926741,0.5847244702080231,0.20768559793422225,CNN-LSTM
S286,0.11563317271050436,0.22148239005078185,0.4925643658758995,0.17032007136281435,CNN-LSTM
S287,0.4275783825882035,0.25848286053517117,0.195389283246472,0.11854947363015354,1D-CNN
S288,0.41013253012505657,0.15269099739617042,0.24665599953907344,0.19052047293969962,1D-CNN
S289,0.1594732285366302,0.43633045980933177,0.18155897691692804,0.22263733473710628,ANN
S290,0.22595625524514412,0.2416380710429481,0.21183568605973066,0.32056998765217437,GRU
S291,0.2685820133817405,0.2128959206079529,0.2206186238976008,0.2979034421127043,GRU
S292,0.25289377832075943,0.33872380808625313,0.18093876456546137,0.22744364902752598,ANN
S293,0.3707980847655419,0.25175007015869216,0.1925342546998773,0.18491759037588593,1D-CNN
S294,0.16319945105083153,0.39189156467123953,0.245248137376838,0.19966084690109126,ANN
S295,0.3045745442273567,0.2641648628826333,0.2866270146717457,0.14463357821826422,1D-CNN
S296,0.5254711016109684,0.22098965894161124,0.17177573112859693,0.08176350831882506,1D-CNN
S297,0.5493201763964705,0.19639035887221598,0.12040276491699721,0.1338866998143195,1D-CNN
S298,0.14469210486502548,0.3505035332769144,0.32627737261767004,0.17852698924039115,ANN
S299,0.2779650974388202,0.16783122659734467,0.22003387338408203,0.3341698025797531,GRU
S300,0.2668516568149212,0.24437043158501517,0.2166583372140698,0.27211957438599377,GRU
S301,0.27625571134137156,0.2278493145821356,0.21236544028636872,0.28352953379012413,GRU
S302,0.365839420037959,0.2030097920441424,0.17086621014623757,0.2602845777716596,1D-CNN
S303,0.235171734472019,0.2735142352947762,0.18710995505486636,0.30420407517833753,GRU
S304,0.20132135219497455,0.15926594243173364,0.19631635775057868,0.44309634762271344,GRU
S305,0.20762963752642216,0.1912233897689485,0.3311167638202826,0.270030208884346,CNN-LSTM
S306,0.17417166650845314,0.24691186804229925,0.3428611050535835,0.23605536039566125,CNN-LSTM
S307,0.15485193237323006,0.32613413873538244,0.3533979909749174,0.1656159379164699,CNN-LSTM
S308,0.37430040908646267,0.2404638928253893,0.28634248139185575,0.09889321669629236,1D-CNN
S309,0.5930026327371306,0.12652701283786583,0.21390053853042515,0.06656981589457774,1D-CNN
S310,0.26534889238348514,0.3096786642509652,0.21541800401414163,0.20955443935140075,ANN
S311,0.1042532314288368,0.2001567931571622,0.2604899847497747,0.4350999906642248,GRU
S312,0.21216139426046335,0.285717129256743,0.18622011134490268,0.3159013651378911,GRU
S313,0.23735040073968702,0.2501294658156093,0.22709144745141974,0.2854286859932851,GRU
S314,0.21925517718979276,0.24965648523076786,0.21063576908189702,0.32045256849754117,GRU
S315,0.20499295113566568,0.26353068017061326,0.20644796277591232,0.325028405917812,GRU
S316,0.10194330950879513,0.37283713396709883,0.24229274986020635,0.2829268066638998,ANN
S317,0.1307017383915382,0.20610304988448924,0.41449269261522453,0.24870251910874797,CNN-LSTM
S318,0.1858145665119936,0.28340338270598353,0.34280215058519703,0.1879799001968293,CNN-LSTM
S319,0.10639253775362133,0.3565414665495777,0.39532887007694706,0.14173712561985657,CNN-LSTM
S320,0.24011378015676088,0.29724809910140004,0.3682202257755584,0.094417894966279,CNN-LSTM
S321,0.39241810906368574,0.11959193334535498,0.34379029861058263,0.14419965898037426,1D-CNN
S322,0.1597849109228507,0.1090861924322833,0.6331514722288842,0.09797742441598063,CNN-LSTM
S323,0.38326749657263365,0.0802922338281386,0.38002975024018676,0.15641051935903863,1D-CNN
S324,0.1677630565054303,0.27043822486474756,0.4027821429349263,0.1590165756948946,CNN-LSTM
S325,0.25344914144033087,0.15538378712869103,0.32283585286379807,0.2683312185671802,CNN-LSTM
S326,0.2542826257351751,0.18790091690680735,0.21956375301085546,0.338252704347162,GRU
S327,0.19886603987191484,0.24926723520782165,0.17246924282291315,0.3793974820973539,GRU
S328,0.23586636157857332,0.2802554601093524,0.15278758701617126,0.3310905912959013,GRU
S329,0.28483015673530193,0.25205171920447184,0.19144425014467845,0.2716738739155521,1D-CNN
S330,0.2637257434650418,0.20754921972718512,0.22046164670560248,0.3082633901021715,GRU
S331,0.22913974574524792,0.1783866975966805,0.16042554813706594,0.4320480085210059,GRU
S332,0.22242229711900305,0.21421908623405833,0.3126747892890077,0.250683827357929,CNN-LSTM
S333,0.18391181182451113,0.18065827586072222,0.521815409267137,0.11361450304763065,CNN-LSTM
S334,0.2709007278299409,0.19005499880970128,0.3870046089079497,0.15203966445240838,CNN-LSTM
S335,0.3330277006060195,0.22096928401750812,0.24265924919120183,0.20334376618527075,1D-CNN
S336,0.2785277665656465,0.20816229611344042,0.23711955697617615,0.2761903803447405,1D-CNN
S337,0.17756326082685878,0.14288583468991528,0.31986915901618757,0.3596817454670386,GRU
S338,0.13227473472199547,0.16162285687644978,0.29575873149007,0.41034367691148166,GRU
S339,0.4211808101353873,0.355533313990123,0.05692921681620621,0.16635665905828342,1D-CNN
S340,0.3262580741910768,0.229535291867775,0.22110818667444182,0.22309844726670633,1D-CNN
S341,0.11123130998599809,0.15767908125730684,0.49363419131739494,0.23745541743930357,CNN-LSTM
S342,0.11066743916302861,0.10024094552729726,0.21285601129657905,0.5762356040130935,GRU
S343,0.1464375067659637,0.42507591956324414,0.2056179189884874,0.22286865468230296,ANN
S344,0.27912407079725043,0.24515210999606266,0.248202601581556,0.22752121762513197,1D-CNN
S345,0.2574692334522754,0.28406322303442977,0.3197383938372135,0.1387291496760849,CNN-LSTM
S346,0.25511448553191063,0.16671347773976633,0.3487499406415535,0.2294220960867692,CNN-LSTM
S347,0.1515828071671549,0.2542300311605926,0.36611798034876636,0.22806918132348541,CNN-LSTM
S348,0.16290197799735087,0.2803377839323912,0.347919533937924,0.20884070413233194,CNN-LSTM
S349,0.24418936072994454,0.23756102346046742,0.2920671900397225,0.22618242576986441,CNN-LSTM
S350,0.28562439661285755,0.2806217599682166,0.21693305475758157,0.216820788661343,1D-CNN
S351,0.3808406510040509,0.30962759537629225,0.17304349484927212,0.13648825877038376,1D-CNN
S352,0.3586577517538613,0.25234120912472385,0.26191139040385303,0.1270896487175627,1D-CNN
S353,0.22669469451992724,0.18939699603348814,0.33564352936661285,0.24826478007997074,CNN-LSTM
S354,0.2602347451871814,0.16376386104176757,0.2619463752808309,0.3140550184902188,GRU
S355,0.2253598385445848,0.16896678665046488,0.30234231667242323,0.3033310581325289,GRU
S356,0.17123420522321225,0.1472353153357724,0.511530035550829,0.17000044389018296,CNN-LSTM
S357,0.3239438854868422,0.24733868687393093,0.2660265903804289,0.1626908372587944,1D-CNN
S358,0.24977841403399992,0.18356168057208774,0.23447173704765076,0.3321881683462609,GRU
S359,0.2627948648075789,0.22240598319223112,0.20143901510682286,0.31336013689336367,GRU
S360,0.20830925842730183,0.16774694227871342,0.20792273559580038,0.4160210636981855,GRU
S361,0.16204567547768434,0.2555036307421174,0.27915833691410047,0.30329235686609796,GRU
S362,0.14552568934720786,0.14612488719627345,0.024758596642471035,0.6835908268140477,GRU
S363,0.21058812366878482,0.3209295707073215,0.1112159686518525,0.35726633697204113,GRU
S364,0.08643119393765183,0.6405599113186555,0.15263566677036544,0.12037322797332535,ANN
S365,0.2349318747741547,0.4414520538612751,0.17163645115236362,0.15197962021220662,ANN
S366,0.09883069310515134,0.39755164178138563,0.25598122839065696,0.247636436722806,ANN
S367,0.2034906295532678,0.3168448736996044,0.3013100037830897,0.17835449296403724,ANN
S368,0.15429223203212117,0.3565382114671181,0.25657371275603863,0.23259584374472128,ANN
S369,0.20295453883651754,0.285533730211927,0.2409556115264501,0.270556119425103,ANN
S370,0.21693535884804435,0.3413677189264313,0.2567172426784142,0.18497967954710862,ANN
S371,0.3785818491700241,0.14047797127281528,0.3257167702693775,0.15522340928778228,1D-CNN
S372,0.25759010525747605,0.13297244284094012,0.4485174056838352,0.16092004621774753,CNN-LSTM
S373,0.11683954553290007,0.1585821202687445,0.22980537813652835,0.4947729560618256,GRU
S374,0.1558778331140308,0.1524169770361591,0.2523634534815515,0.43934173636825935,GRU
S375,0.1890097818721615,0.22471866729859113,0.2559820090161954,0.3302895418130528,GRU
S376,0.20116005518016253,0.3834298078690383,0.16806748247149786,0.2473426544793015,ANN
S377,0.2733975588134952,0.24106386147366773,0.2505940009611709,0.23494457875166322,1D-CNN
S378,0.15180347309022885,0.178089595605939,0.31332406441753935,0.3567828668862924,GRU
S379,0.19795776133293358,0.293671591415574,0.2369114478131476,0.27145919943834856,ANN
S380,0.20896934493402633,0.2196997912106939,0.3816030208149421,0.18972784304033827,CNN-LSTM
S381,0.10915803521267628,0.5104987981754173,0.3157106757442244,0.06463249086768334,ANN
S382,0.14040063784310924,0.5388812953122921,0.21057671389780172,0.1101413529467958,ANN
S383,0.2822099559686036,0.2582645686129993,0.139158214448665,0.32036726096973306,GRU
S384,0.30844234219543337,0.4573956795671011,0.10572662420358607,0.12843535403388018,ANN
S385,0.308178083141199,0.35479646376503926,0.1752536962185023,0.16177175687525555,ANN
S386,0.2615919057568815,0.38965145906920295,0.1813674638567592,0.16738917131715725,ANN
S387,0.16726002968382678,0.31032652618732326,0.34235979269203687,0.18005365143681226,CNN-LSTM
S388,0.1688080552082764,0.33610560293469405,0.35490983964548695,0.14017650221154163,CNN-LSTM
S389,0.29506587006919793,0.36257390964906183,0.24078564572443584,0.10157457455730412,ANN
S390,0.38294967614980785,0.193954118509621,0.35560535056819786,0.06749085477237128,1D-CNN
S391,0.29216904849125835,0.1289132084460445,0.45287759094848234,0.12604015211421848,CNN-LSTM
S392,0.31776741899431366,0.2685025079281159,0.29995064254048254,0.11377943053708876,1D-CNN
S393,0.31296889013495943,0.32621784844075574,0.26342591934822707,0.09738734207605688,ANN
S394,0.24639196154252482,0.2370559147988811,0.34112336058139164,0.1754287630772024,CNN-LSTM
S395,0.3447547747365111,0.1784378938251264,0.24273844084334026,0.23406889059502048,1D-CNN
S396,0.26632074901196795,0.30011053235655505,0.18840812173825428,0.24516059689322073,ANN
S397,0.24618796156958003,0.3293990405588657,0.21863744993011686,0.2057755479414363,ANN
S398,0.22000788255603226,0.2820790586812732,0.25149288037369927,0.2464201783889926,ANN
S399,0.26926370619014145,0.36915986357806607,0.18142157377264423,0.18015485645914733,ANN
S400,0.2458405643501269,0.40331209101640186,0.24568240751245185,0.10516493712101922,ANN
S401,0.25911575146272675,0.18766812563147156,0.4119977709601186,0.14121835194568405,CNN-LSTM
S402,0.19746936239095642,0.2848229643678737,0.3871124650578544,0.13059520818331646,CNN-LSTM
S403,0.39250878304836045,0.21660641634731068,0.2687582249359305,0.12212657566839832,1D-CNN
S404,0.3601815332307445,0.30545235951967786,0.2361939776555017,0.09817212959407509,1D-CNN
S405,0.33267832375292217,0.3648406409902827,0.19201274527777368,0.11046828997902011,ANN
S406,0.3335076241231693,0.33667654166593797,0.15667518770276306,0.17314064650812874,ANN
S407,0.24663560432738632,0.35619369065619666,0.184595833727298,0.21257487128911728,ANN
S408,0.25061315069678325,0.2781444488499707,0.22618020541590064,0.24506219503734541,ANN
S409,0.23818935878534822,0.2978878620170303,0.26545246244332815,0.1984703167542909,ANN
S410,0.2082637940641831,0.2909103623077069,0.33819730149825533,0.16262854212985475,CNN-LSTM
S411,0.12049652905453265,0.12516876282361314,0.6283209383973053,0.12601376972454895,CNN-LSTM
S412,0.21312537020536085,0.29340476767402274,0.2838455170972479,0.20962434502336966,ANN
S413,0.30676182591393475,0.3361569877107529,0.21912762435139924,0.1379535620239133,ANN
S414,0.32330500545093915,0.3556951216392378,0.18229566656434287,0.13870420634548095,ANN
S415,0.17256279247113415,0.4237414662805698,0.2026596493617929,0.20103609188650282,ANN
S416,0.26727831075453856,0.3787353461470085,0.1819285646137077,0.17205777848474416,ANN
S417,0.2597475953521688,0.1766399654497129,0.3433729440002532,0.22023949519786254,CNN-LSTM
S418,0.18017091067497787,0.18027169471052945,0.44423642331230473,0.19532097130218976,CNN-LSTM
S419,0.19820704714928686,0.2968023316835721,0.31602814074007934,0.1889624804270606,CNN-LSTM
S420,0.331133751087346,0.2190103378884003,0.3343142798433049,0.1155416311809488,CNN-LSTM
S421,0.23284204355237265,0.2187679815347938,0.4006613177498164,0.14772865716301592,CNN-LSTM
S422,0.19750890501556323,0.4430471516387706,0.21041902953418956,0.1490249138114746,ANN
S423,0.322101846780199,0.30333723089992926,0.18246719840513417,0.19209372391473706,1D-CNN
S424,0.19685706999521443,0.523974796681358,0.14728214210451154,0.1318859912189128,ANN
S425,0.23926052415031995,0.2694974901652797,0.28667767155693985,0.2045643141274654,CNN-LSTM
S426,0.21695135587408967,0.31308177546064686,0.3158729152401983,0.15409395342506332,CNN-LSTM
S427,0.12893020558589266,0.24634279960237865,0.4238672243532739,0.20085977045845105,CNN-LSTM
S428,0.17243058935617858,0.17219069530376194,0.42643441470540927,0.22894430063464907,CNN-LSTM
S429,0.2746348633082617,0.16598080359147055,0.44714293636841373,0.11224139673185127,CNN-LSTM
S430,0.12831398828427568,0.05074831122438261,0.7375486744695874,0.08338902602175714,CNN-LSTM
S431,0.3789165217237406,0.12633959998520583,0.18106954504084993,0.3136743332502024,1D-CNN
S432,0.2635883305023793,0.25453037843689774,0.1436987215986586,0.3381825694620633,GRU
S433,0.24214985267746955,0.21703570648396778,0.1501232883587974,0.3906911524797689,GRU
S434,0.16681403606146278,0.29060860962743185,0.12352365852098256,0.41905369579012275,GRU
S435,0.16703968889018167,0.33213693776370307,0.14507617110389784,0.35574720224222106,GRU
S436,0.2254675868910174,0.1246370028414686,0.2623562571840974,0.38753915308341585,GRU
S437,0.20949530259150786,0.11513932923130138,0.4498080999984529,0.22555726817873792,CNN-LSTM
S438,0.30436273621637366,0.09575870564040309,0.37255259507956473,0.22732596306365224,CNN-LSTM
S439,0.18256193593855558,0.11572346685806163,0.32446208373486346,0.3772525134685193,GRU
S440,0.24892457438452995,0.1471435470618887,0.20721445156041474,0.3967174269931709,GRU
S441,0.2647488026917784,0.18282644813734394,0.19484045879908124,0.35758429037179323,GRU
S442,0.25153114798135656,0.2293216970161749,0.21412357655055667,0.30502357845191164,GRU
S443,0.27677770390260603,0.3584052595852595,0.11296122677543503,0.2518558097367031,ANN
S444,0.3507933675801379,0.3357310949033393,0.10406574471221432,0.20940979280430863,1D-CNN
S445,0.12200295453638889,0.6285420163619513,0.07117501670047043,0.17828001240118443,ANN
S446,0.22769639234271982,0.5174669664684234,0.1024562362049539,0.1523804049839038,ANN
S447,0.18211314909346216,0.23741987449868748,0.4254851726481238,0.15498180375972337,CNN-LSTM
S448,0.28585210927053534,0.25794324072360986,0.31206326432267495,0.14414138568318063,CNN-LSTM
