Segment,1D-CNN,ANN,GRU,Selected
S1,0.40719433922270504,0.25180249376810926,0.3410031670091923,1D-CNN
S2,0.29268132205763325,0.2861952984190964,0.42112337952327045,GRU
S3,0.23990102142154449,0.3349235150215423,0.42517546355691754,GRU
S4,0.29101712473544944,0.3951582309215501,0.3138246443430002,ANN
S5,0.3978846309025987,0.2554339811207395,0.346681387976667,1D-CNN
S6,0.41267081202061456,0.31239920892239753,0.2749299790569878,1D-CNN
S7,0.29822184231942656,0.4331120171451772,0.2686661405353969,ANN
S8,0.2364438703740045,0.33818615250806383,0.42536997711793034,GRU
S9,0.3011250893486633,0.28519829403557106,0.41367661661576566,GRU
S10,0.28510376571328777,0.5121150950269666,0.20278113925974536,ANN
S11,0.31348418213295925,0.5908289105619678,0.09568690730507044,ANN
S12,0.20926383400713122,0.7097402487597848,0.08099591723308373,ANN
S13,0.16731171267234687,0.7101664638494193,0.12252182347823254,ANN
S14,0.28101780545747457,0.6068416236811739,0.1121405708613472,ANN
S15,0.5685166984845226,0.30353636987412175,0.12794693164135457,1D-CNN
S16,0.38887189455308274,0.45360576273575454,0.15752234271116142,ANN
S17,0.29465547155269917,0.36822526801846317,0.33711926042884444,ANN
S18,0.3172482573785502,0.381427158248248,0.30132458437319803,ANN
S19,0.4096399019664607,0.3468002079782791,0.24355989005525577,1D-CNN
S20,0.37340230139777025,0.25884353921074943,0.36775415939147915,1D-CNN
S21,0.3913978058256346,0.48570440041665064,0.12289779375771463,ANN
S22,0.39640041887823135,0.4567835929911582,0.14681598813060875,ANN
S23,0.14395686768921653,0.6449813584718724,0.2110617738389163,ANN
S24,0.2690995330393248,0.3593035975979574,0.3715968693627185,GRU
S25,0.3117007984383572,0.33427449575888823,0.3540247058027554,GRU
S26,0.3773803243011354,0.3228709157850564,0.2997487599138081,1D-CNN
S27,0.150635629962006,0.7545868044340146,0.0947775656039772,ANN
S28,0.5113148418909257,0.4049061350912001,0.08377902301787377,1D-CNN
S29,0.5062821431685587,0.3138745675802638,0.17984328925118623,1D-CNN
S30,0.14627255635068312,0.7332575620868453,0.12046988156247164,ANN
S31,0.47303166405923064,0.21962523135516737,0.3073431045856026,1D-CNN
S32,0.38091828262570854,0.09843691074973782,0.5206448066245549,GRU
S33,0.21237193278481228,0.14277127365429665,0.6448567935608881,GRU
S34,0.31626664845519864,0.22530958510570043,0.4584237664391005,GRU
S35,0.26818468224231856,0.31727468996791763,0.4145406277897614,GRU
S36,0.5093903437871037,0.2530244772410669,0.23758517897182901,1D-CNN
S37,0.46564357922466454,0.3187280069480369,0.2156284138272971,1D-CNN
S38,0.24987985628835224,0.4853105232258914,0.264809620485757,ANN
S39,0.2962497091736308,0.3831720264794204,0.3205782643469494,ANN
S40,0.389271665395729,0.2696732338648855,0.34105510073939166,1D-CNN
S41,0.36804732447093147,0.30201407598108987,0.32993859954798577,1D-CNN
S42,0.33732970330693446,0.2917927445573761,0.37087755213569557,GRU
S43,0.32264907187522024,0.40432654279967334,0.27302438532510376,ANN
S44,0.41648868307732595,0.38104907856915327,0.2024622383535198,1D-CNN
S45,0.5090940482085753,0.25862646495087166,0.23227948684055044,1D-CNN
S46,0.3067329003084642,0.3726794500174888,0.320587649674045,ANN
S47,0.27407720171830013,0.37196837131662336,0.353954426965076,ANN
S48,0.32214947959961526,0.23274983695590035,0.4451006834444849,GRU
S49,0.3461612482697932,0.3313355485600018,0.3225032031701998,1D-CNN
S50,0.2609416429839863,0.3983035093402458,0.34075484767577335,ANN
S51,0.113616695233205,0.3926383930317999,0.4937449117349931,GRU
S52,0.5404684093273097,0.3237264888198254,0.1358051018528669,1D-CNN
S53,0.3653600618151994,0.2808900848641364,0.3537498533206627,1D-CNN
S54,0.8325360822509678,0.024034883931294063,0.1434290338177393,1D-CNN
S55,0.47002785238344275,0.21011332937914023,0.3198588182374144,1D-CNN
S56,0.3950434288114057,0.1815473788869541,0.423409192301642,GRU
S57,0.2949645391599714,0.05790755945838382,0.6471279013816446,GRU
S58,0.511714107143094,0.09284373968703562,0.39544215316986675,1D-CNN
S59,0.2445408726004799,0.3068802571739074,0.44857887022561277,GRU
S60,0.17850216115034687,0.5007459406883769,0.3207518981612763,ANN
S61,0.023748722757530538,0.08179805527462591,0.8944532219678403,GRU
S62,0.037254766583465576,0.15134189699239992,0.811403336424133,GRU
S63,0.17971593900669267,0.6701633302844584,0.15012073070884815,ANN
S64,0.3934362561764331,0.48940378004765633,0.11715996377590907,ANN
S65,0.22242793205648134,0.6268381644518642,0.1507339034916543,ANN
S66,0.3216113054693777,0.497768700642903,0.18061999388771316,ANN
S67,0.5279560483729404,0.28308681220862186,0.18895713941843661,1D-CNN
S68,0.661577474151557,0.22847775465005782,0.10994477119838632,1D-CNN
S69,0.3214880270702079,0.4602035095201475,0.21830846340964205,ANN
S70,0.26322940487603047,0.3555294734475532,0.3812411216764121,GRU
S71,0.4618567775515986,0.28810482384164393,0.25003839860675814,1D-CNN
S72,0.43437123600358346,0.33855904349394356,0.22706972050247062,1D-CNN
S73,0.5213718064827625,0.2091193786795227,0.2695088148377144,1D-CNN
S74,0.2732432668775342,0.40709327645994053,0.31966345666252455,ANN
S75,0.28650888724646834,0.34935200311884007,0.36413910963469115,GRU
S76,0.38953499424429355,0.28127520271330325,0.32918980304240303,1D-CNN
S77,0.38671162689069505,0.26096186690205664,0.35232650620724826,1D-CNN
S78,0.48919662179994594,0.24534082403591995,0.2654625541641368,1D-CNN
S79,0.24214196594880102,0.43103007594147513,0.32682795810971693,ANN
S80,0.3657874900544548,0.25614472712737557,0.3780677828181696,GRU
S81,0.5394364458389643,0.17028381395683534,0.290279740204199,1D-CNN
S82,0.5866198562323984,0.17161517040148813,0.24176497336611957,1D-CNN
S83,0.5074408568371427,0.2785871889371102,0.2139719542257525,1D-CNN
S84,0.46536457790391134,0.2899108201063941,0.24472460198970053,1D-CNN
S85,0.33327711667328125,0.36037420790848756,0.3063486754182386,ANN
S86,0.5186596454610326,0.16108440098654056,0.3202559535524224,1D-CNN
S87,0.3074684262722471,0.37780492794042775,0.3147266457873247,ANN
S88,0.17103460687915897,0.3472999513501125,0.48166544177073656,GRU
S89,0.22951577926713712,0.285833439510812,0.4846507812220509,GRU
S90,0.18627463805217984,0.4359762617761583,0.3777491001716593,ANN
S91,0.1362578852351552,0.44727279552410565,0.41646931924073843,ANN
S92,0.42089050013031265,0.3447612454240036,0.23434825444568358,1D-CNN
S93,0.5922282802332761,0.3314801084232755,0.07629161134344475,1D-CNN
S94,0.6003140444004736,0.23379047946985299,0.16589547612967095,1D-CNN
S95,0.4894525711258979,0.22854190831615573,0.28200552055794653,1D-CNN
S96,0.42751816401918763,0.32656884207633746,0.24591299390447569,1D-CNN
S97,0.2849489929343377,0.34886196543586223,0.366189041629804,GRU
S98,0.34374722099476246,0.2847492920344037,0.3715034869708332,GRU
S99,0.2614886555024412,0.35377558490452554,0.38473575959302525,GRU
S100,0.18769339476186955,0.6108049113438154,0.20150169389431677,ANN
S101,0.062234858196496455,0.22048351639343666,0.7172816254100653,GRU
S102,0.0848659383353691,0.29769321733320847,0.6174408443314237,GRU
S103,0.21419290294646487,0.5802007460972591,0.20560635095627583,ANN
S104,0.3235654446990089,0.5417142556683838,0.13472029963260573,ANN
S105,0.4597261171767379,0.4642701113624102,0.07600377146085378,ANN
S106,0.7557911044828398,0.1789264924074774,0.06528240310968306,1D-CNN
S107,0.15282784083980164,0.6649722819028794,0.18219987725731904,ANN
S108,0.38187126128721965,0.41489207081270507,0.20323666790007408,ANN
S109,0.41082493338162157,0.4101322327465133,0.1790428338718616,1D-CNN
S110,0.26157877881546654,0.31402396651389797,0.42439725467063144,GRU
S111,0.15212917568076584,0.5013935550995977,0.346477269219643,ANN
S112,0.16941126378384713,0.18188919559903033,0.64869954061712,GRU
S113,0.14667407981178512,0.25179969893717996,0.6015262212510405,GRU
S114,0.11289526386315084,0.4813848873783941,0.40571984875845446,ANN
S115,0.4002726361149877,0.4512187837342697,0.14850858015074908,ANN
S116,0.39476390507065645,0.5633162175183629,0.04191987741097973,ANN
S117,0.3380199843646188,0.5957151118023634,0.06626490383302021,ANN
S118,0.28082012488053243,0.6119406874311498,0.10723918768831567,ANN
S119,0.17035437095563807,0.6645491959867187,0.16509643305765048,ANN
S120,0.6003606561630062,0.26722581906145526,0.13241352477554488,1D-CNN
S121,0.5966737160643988,0.2848129762942392,0.11851330764135881,1D-CNN
S122,0.4086658953029853,0.31818490000168054,0.27314920469533627,1D-CNN
S123,0.274611895701804,0.24309893982747133,0.4822891644707286,GRU
S124,0.30831571519910916,0.0726532711941896,0.6190310136067029,GRU
S125,0.24377448545736718,0.1359748569423763,0.6202506576002552,GRU
S126,0.15011690799710795,0.20923145836706555,0.6406516336358246,GRU
S127,0.3546550914604972,0.2695612312297878,0.37578367730971335,GRU
S128,0.30876205543761204,0.3912140695814512,0.3000238749809338,ANN
S129,0.41272104535030046,0.4155354669343547,0.17174348771534448,ANN
S130,0.3097621700945899,0.42562951241572566,0.2646083174896836,ANN
S131,0.34137362348247785,0.33618446792324097,0.3224419085942758,1D-CNN
S132,0.38714535473795736,0.3273821758733076,0.2854724693887351,1D-CNN
S133,0.4212214013197685,0.3154339840290392,0.2633446146511891,1D-CNN
S134,0.4521466078551475,0.3418390154576245,0.20601437668723388,1D-CNN
S135,0.45378261234920064,0.3963102937312572,0.14990709391954002,1D-CNN
S136,0.5938817100759647,0.19945106108625169,0.20666722883777938,1D-CNN
S137,0.2300751628108532,0.11060285287198995,0.6593219843171556,GRU
S138,0.12878031877875615,0.24440146580260882,0.6268182154186351,GRU
S139,0.2661428618095253,0.30500765727429646,0.4288494809161743,GRU
S140,0.28637828624797185,0.37082459451278227,0.34279711923924533,ANN
S141,0.19380833344093745,0.5507380693538907,0.2554535972051662,ANN
S142,0.25467901586294145,0.639602818611354,0.10571816552570643,ANN
S143,0.4166282051587263,0.444643377867521,0.13872841697374774,ANN
S144,0.35673433709323976,0.43165398449108955,0.2116116784156681,ANN
S145,0.40697263684321106,0.3270488163403214,0.2659785468164628,1D-CNN
S146,0.45090660634609514,0.39739798193444104,0.15169541171947012,1D-CNN
S147,0.20387596473511102,0.743021939320976,0.053102095943911805,ANN
S148,0.6552988535156995,0.2662785255962464,0.07842262088805244,1D-CNN
S149,0.4527835818003603,0.4345335512835848,0.11268286691605671,1D-CNN
S150,0.4548955255007966,0.31645034829571234,0.2286541262034887,1D-CNN
S151,0.2960458719075645,0.3035023381371744,0.4004517899552645,GRU
S152,0.23662326515467816,0.27289412882967395,0.4904826060156544,GRU
S153,0.1054802986036099,0.7365900432790147,0.15792965811737322,ANN
S154,0.41743368676727133,0.38867539678802193,0.19389091644470696,1D-CNN
S155,0.5367689522491527,0.2566638345742088,0.20656721317663515,1D-CNN
S156,0.37869713608923156,0.3212854098156984,0.3000174540950701,1D-CNN
S157,0.5181699085369676,0.13506607050250874,0.3467640209605255,1D-CNN
S158,0.25004923871964085,0.5774991224330482,0.17245163884731038,ANN
S159,0.25734199631954996,0.5578555925577803,0.18480241112267237,ANN
S160,0.26859253179919645,0.3769223638531995,0.35448510434760333,ANN
S161,0.3007495520106321,0.1135384770194016,0.585711970969967,GRU
S162,0.11322471163906188,0.23542235321640512,0.6513529351445297,GRU
S163,0.16408792817184203,0.24779550945826684,0.5881165623698853,GRU
S164,0.3282593660190241,0.1771352223358605,0.4946054116451132,GRU
S165,0.325200846376295,0.41245939925411673,0.2623397543695885,ANN
S166,0.4772284992540391,0.3342521647348278,0.18851933601112997,1D-CNN
S167,0.5434319746876247,0.2123970040805592,0.24417102123181617,1D-CNN
S168,0.2327480735191502,0.1740971336809576,0.5931547927998935,GRU
S169,0.19658755883971404,0.06636110942135084,0.737051331738934,GRU
S170,0.20349757737367632,0.1563044861649553,0.640197936461367,GRU
S171,0.24784073869035192,0.13169719922390907,0.6204620620857402,GRU
S172,0.15874363627671614,0.06918900361334293,0.7720673601099419,GRU
S173,0.19070436630671084,0.1420548109808477,0.6672408227124416,GRU
S174,0.19663805030051076,0.17333660128024583,0.6300253484192426,GRU
S175,0.18474967945317536,0.21694708369725546,0.5983032368495674,GRU
S176,0.07597627379835764,0.48069909821917484,0.4433246279824636,ANN
S177,0.26963451965520824,0.3059442944279586,0.42442118591682965,GRU
S178,0.1427080313030646,0.1456624681850322,0.7116295005119049,GRU
S179,0.16486076949125633,0.4329706422969615,0.4021685882117836,ANN
S180,0.23924532528471745,0.6590569327475556,0.1016977419677266,ANN
S181,0.2892261523645266,0.630671054152531,0.080102793482939,ANN
S182,0.16921204950663835,0.6400053827873359,0.19078256770603005,ANN
S183,0.23916381209718984,0.5495389807204013,0.21129720718240824,ANN
S184,0.23645350951379193,0.6710912869881267,0.09245520349807983,ANN
S185,0.4484615790134459,0.41510109151634,0.13643732947021964,1D-CNN
S186,0.4485167771903523,0.3384141480912998,0.2130690747183474,1D-CNN
S187,0.29329010588684706,0.4609468955307668,0.24576299858238157,ANN
S188,0.25960171558210243,0.6172831773881065,0.12311510702979113,ANN
S189,0.4158064140242631,0.37747968672238136,0.20671389925335432,1D-CNN
S190,0.2691367549868814,0.5311161567103468,0.19974708830277194,ANN
S191,0.39175803452119995,0.2622132840382533,0.3460286814405445,1D-CNN
S192,0.30014274818784453,0.43265470829964653,0.2672025435125092,ANN
S193,0.21686557272994092,0.6111768611298938,0.17195756614016308,ANN
S194,0.22012668120329418,0.5996804032388358,0.18019291555786857,ANN
S195,0.28540378018932827,0.3400431749940448,0.37455304481662666,GRU
S196,0.2879241179605067,0.46589560624687365,0.24618027579262303,ANN
S197,0.3060099845162648,0.541258494465187,0.1527315210185487,ANN
S198,0.37416803838692986,0.5065157316878226,0.11931622992524933,ANN
S199,0.32263851335721283,0.48634128633011003,0.1910202003126755,ANN
S200,0.37649852453045707,0.3234429874434008,0.30005848802614193,1D-CNN
S201,0.19372848290319686,0.7547182279422612,0.05155328915453981,ANN
S202,0.470693342760058,0.4195528936993005,0.10975376354064036,1D-CNN
S203,0.3157114877893306,0.5891223667304669,0.09516614548020148,ANN
S204,0.5338661253031262,0.32500142702108165,0.1411324476757912,1D-CNN
S205,0.3489789101967673,0.47937464055303547,0.171646449250194,ANN
S206,0.2775704941202175,0.4772805600315019,0.24514894584827232,ANN
S207,0.3936632675773599,0.41669368050876965,0.18964305191387543,ANN
S208,0.5219958751619799,0.34472195338393224,0.1332821714540885,1D-CNN
S209,0.4200241309963362,0.4334787281459568,0.1464971408577084,ANN
S210,0.23514622818871123,0.5360189744699844,0.2288347973413051,ANN
S211,0.3032819756126654,0.4015446233151225,0.29517340107220835,ANN
S212,0.31813096656871487,0.27254949613230567,0.40931953729897513,GRU
S213,0.42928230342090745,0.31551172513553966,0.255205971443552,1D-CNN
S214,0.5007296433031027,0.4163191023451828,0.0829512543517213,1D-CNN
S215,0.2489091592108913,0.45995261730285075,0.2911382234862657,ANN
S216,0.2735199858020806,0.6661787591877295,0.06030125501018976,ANN
S217,0.5059514919161028,0.36263411739974316,0.13141439068416147,1D-CNN
S218,0.12038357124909549,0.8105572146594227,0.06905921409148333,ANN
S219,0.22449483397543923,0.6674099506493737,0.10809521537518357,ANN
S220,0.21780159379305522,0.6510509261666309,0.13114748004031257,ANN
S221,0.31797454721980933,0.6222173179069905,0.05980813487320172,ANN
S222,0.3157805171297805,0.647597846100391,0.036621636769828145,ANN
S223,0.44168596091559176,0.5213801457144271,0.03693389336997953,ANN
S224,0.6388525756161736,0.2852492367453578,0.0758981876384732,1D-CNN
S225,0.2622068855384294,0.6009545489768834,0.13683856548468531,ANN
S226,0.32893331622707217,0.618575998380727,0.052490685392205166,ANN
S227,0.6716798022456684,0.29433168375218616,0.033988514002143505,1D-CNN
S228,0.40864821927646877,0.5520109527776494,0.039340827945880105,ANN
S229,0.2810750858775055,0.602473968695262,0.11645094542723167,ANN
S230,0.3769923373366747,0.5253973748490017,0.0976102878143197,ANN
S231,0.5065610066525347,0.3443974277564523,0.14904156559101123,1D-CNN
S232,0.3820264709084179,0.37979409146429555,0.2381794376272924,1D-CNN
S233,0.3693243055942487,0.40483719317533867,0.2258385012304125,ANN
S234,0.6043831590005905,0.24042812529870494,0.15518871570069753,1D-CNN
S235,0.32994027991497205,0.5732718962860966,0.09678782379892904,ANN
S236,0.5170713802516284,0.34412390302418516,0.13880471672418648,1D-CNN
S237,0.4155308530698263,0.4489924114127931,0.13547673551738484,ANN
S238,0.37936642971916135,0.36068474807467027,0.2599488222061769,1D-CNN
S239,0.3965763124583001,0.35101133937293866,0.2524123481687633,1D-CNN
S240,0.35261921806679863,0.4339485796689277,0.2134322022642725,ANN
S241,0.3724105602074089,0.4963326813800876,0.13125675841250306,ANN
S242,0.227942995937944,0.6818129424461795,0.09024406161587538,ANN
S243,0.41153556065092173,0.49932310354208215,0.0891413358069896,ANN
S244,0.8511180576923666,0.06949917965631547,0.07938276265131586,1D-CNN
S245,0.2528125039520418,0.37637723317571187,0.3708102628722453,ANN
S246,0.3991501380715574,0.329591594757847,0.2712582671705969,1D-CNN
S247,0.3362172939223895,0.3385083397234307,0.3252743663541792,ANN
S248,0.367850020405903,0.21862384335244492,0.41352613624165185,GRU
S249,0.48506450042267263,0.2846432872048782,0.23029221237244843,1D-CNN
S250,0.5946403595746411,0.16785212434791472,0.23750751607744924,1D-CNN
S251,0.2619405212258355,0.3003411388625192,0.43771833991165326,GRU
S252,0.24992002943544725,0.249074525499031,0.5010054450655217,GRU
S253,0.32443563737268494,0.2552654205459178,0.42029894208139695,GRU
S254,0.24779564177858404,0.6638774038905577,0.08832695433085835,ANN
S255,0.15780181338324234,0.7452763877839943,0.09692179883276109,ANN
S256,0.4602991998050923,0.40681684227003856,0.13288395792486776,1D-CNN
S257,0.48034831869852873,0.3274686823564463,0.1921829989450241,1D-CNN
S258,0.34983983113914946,0.32678431946528097,0.32337584939557834,1D-CNN
S259,0.14588855989112717,0.27258116214293315,0.5815302779659365,GRU
S260,0.4421233189375193,0.1887171209906888,0.3691595600717855,1D-CNN
S261,0.33164409252044275,0.3944598515888524,0.27389605589070426,ANN
S262,0.592737287281461,0.15300758484868363,0.2542551278698552,1D-CNN
S263,0.388849685487969,0.1422074991027435,0.46894281540929533,GRU
S264,0.29436175017052646,0.33688473567934635,0.36875351415013385,GRU
S265,0.3363648500713297,0.1853556304040614,0.478279519524609,GRU
S266,0.3074511973986033,0.2758485818159607,0.4167002207854419,GRU
S267,0.4509513421229403,0.2617788381247449,0.2872698197523149,1D-CNN
S268,0.3530143322592566,0.27014635967102985,0.37683930806970517,GRU
S269,0.23409440775699492,0.12128748446078477,0.6446181077822204,GRU
S270,0.09959296698522566,0.3502885364255312,0.5501184965892433,GRU
S271,0.2046163732180524,0.35249599807289933,0.44288762870904896,GRU
S272,0.29977813011093,0.3930256583694242,0.3071962115196408,ANN
S273,0.3414128135464148,0.2970139871577228,0.361573199295862,GRU
S274,0.33880876525723475,0.4047705725113957,0.2564206622313688,ANN
S275,0.3890692790335107,0.2737264745082388,0.33720424645825664,1D-CNN
S276,0.24365996300953896,0.4753098906079318,0.28103014638252743,ANN
S277,0.35031001315404253,0.2952868261197545,0.35440316072620814,GRU
S278,0.39570201432708235,0.2729875110230644,0.3313104746498523,1D-CNN
S279,0.28409306523266714,0.5893854856466799,0.12652144912065286,ANN
S280,0.3888329270988241,0.3307604913800784,0.28040658152109715,1D-CNN
S281,0.2670051543440712,0.34683426528575184,0.38616058037017215,GRU
S282,0.21847228915906905,0.3482243279107458,0.43330338293018095,GRU
S283,0.3288257233855086,0.30896356469364955,0.3622107119208401,GRU
S284,0.31352686250953915,0.3688736732046462,0.31759946428581537,ANN
S285,0.11391825357187557,0.30308061075883486,0.583001135669292,GRU
S286,0.15944569099671146,0.5382251411319809,0.3023291678713144,ANN
S287,0.5975096147275596,0.3109189830823259,0.09157140219012044,1D-CNN
S288,0.628828222971541,0.17422682071641094,0.19694495631205258,1D-CNN
S289,0.1477696270092776,0.6010230031010533,0.25120736988966735,ANN
S290,0.2626690961056129,0.29458450395455205,0.442746399939835,GRU
S291,0.35643917017279836,0.21706388191161313,0.4264969479155802,GRU
S292,0.3115959951190546,0.40823891181717825,0.2801650930637685,ANN
S293,0.45294586851049423,0.3146464717461195,0.2324076597433889,1D-CNN
S294,0.1604376405255446,0.587475463249777,0.2520868962246835,ANN
S295,0.3891266930147678,0.40771758499491884,0.20315572199031318,ANN
S296,0.6281887539579124,0.28941003303031787,0.08240121301176852,1D-CNN
S297,0.7154486227381257,0.17314041533482616,0.11141096192705441,1D-CNN
S298,0.1999246118083596,0.4897069953037059,0.3103683928879291,ANN
S299,0.3639962253512538,0.1957057604848362,0.4402980141639072,GRU
S300,0.3521330489935676,0.26936811457726606,0.37849883642916193,GRU
S301,0.334445269480739,0.2543063362647403,0.4112483942545264,GRU
S302,0.4635870420471993,0.21994886604413902,0.31646409190866026,1D-CNN
S303,0.2852657361338772,0.34211112181403347,0.3726231420520884,GRU
S304,0.21625038355424506,0.1814793471370185,0.6022702693087364,GRU
S305,0.27234271431888885,0.2525036695116749,0.475153616169442,GRU
S306,0.2456955621220685,0.40659939682501206,0.34770504105292716,ANN
S307,0.18051807455519817,0.6285472478687144,0.19093467757608584,ANN
S308,0.5950780464572987,0.33299764325898107,0.07192431028371886,1D-CNN
S309,0.8513352568390155,0.11316849959503303,0.03549624356595348,1D-CNN
S310,0.33780651514813664,0.43952192913112614,0.2226715557207307,ANN
S311,0.04956596106762021,0.15464162734942719,0.7957924115829492,GRU
S312,0.20014778957526608,0.37764545428944596,0.42220675613529063,GRU
S313,0.276330796764574,0.31430112998281057,0.4093680732526154,GRU
S314,0.22398810073413916,0.3365215104760477,0.43949038878981117,GRU
S315,0.25590062528659263,0.3749044972782254,0.36919487743518015,ANN
S316,0.09560709307209542,0.5940496549690008,0.31034325195890183,ANN
S317,0.1429766854934858,0.3705538919118165,0.48646942259469395,GRU
S318,0.25231148366736905,0.47482668951540163,0.2728618268172293,ANN
S319,0.10457083385588242,0.7304452799694953,0.16498388617461934,ANN
S320,0.3916012284909559,0.5328744855262775,0.07552428598276825,ANN
S321,0.6521807786037002,0.15898281160885644,0.18883640978744126,1D-CNN
S322,0.44652046486456326,0.2973311339625672,0.25614840117286436,1D-CNN
S323,0.6806095126074179,0.10128465599499342,0.21810583139758769,1D-CNN
S324,0.2771257680617586,0.4301974450704485,0.2926767868677928,ANN
S325,0.37966801769073916,0.20478435918419977,0.4155476231250591,GRU
S326,0.32681615449760676,0.2179517816960708,0.45523206380632253,GRU
S327,0.20578770902228183,0.25595267727306015,0.5382596137046619,GRU
S328,0.24260354035654935,0.31500334089620297,0.4423931187472491,GRU
S329,0.35525440957542326,0.27852614654220015,0.3662194438823689,GRU
S330,0.33292164859116036,0.22695427716022643,0.4401240742486108,GRU
S331,0.2634650109916064,0.17758764252720374,0.5589473464811903,GRU
S332,0.3156817504099,0.29436241013290626,0.3899558394571891,GRU
S333,0.4139469850994572,0.39046085423962046,0.19559216066092253,1D-CNN
S334,0.48150545583282733,0.30255578821650925,0.21593875595066608,1D-CNN
S335,0.447276193951863,0.29880666792748134,0.2539171381206512,1D-CNN
S336,0.3900318099927572,0.2606720890429192,0.34929610096432545,1D-CNN
S337,0.17980517612726687,0.11898896074549817,0.7012058631272354,GRU
S338,0.09453499538552555,0.14909362249527133,0.7563713821192025,GRU
S339,0.4808126714949505,0.35541529502639296,0.16377203347865282,1D-CNN
S340,0.4450190176176612,0.3176116602162133,0.23736932216612505,1D-CNN
S341,0.1994812634987633,0.3844377665644623,0.4160809699367743,GRU
S342,0.1309171133848163,0.13256671697076702,0.7365161696444192,GRU
S343,0.1490554876116921,0.6453012213036678,0.20564329108463633,ANN
S344,0.38359818935956225,0.346042521946276,0.2703592886941585,1D-CNN
S345,0.388997074638367,0.43808012723311707,0.17292279812851405,ANN
S346,0.41905385302072895,0.24140813981037762,0.33953800716888966,1D-CNN
S347,0.2243928565497242,0.4049963667922096,0.3706107766580644,ANN
S348,0.2396143967312346,0.42830221974999705,0.3320833835187723,ANN
S349,0.3468481193945789,0.3420714154874457,0.31108046511796994,1D-CNN
S350,0.36969699931554345,0.36617935648078304,0.2641236442036729,1D-CNN
S351,0.47869824340415645,0.3682944715757076,0.15300728502013433,1D-CNN
S352,0.5007743043781678,0.3257768519603406,0.17344884366149088,1D-CNN
S353,0.33716749160082793,0.2553440230665596,0.40748848533261206,GRU
S354,0.3244403224859333,0.20199747722535316,0.47356220028871143,GRU
S355,0.3177178272105872,0.21246512563747405,0.46981704715193806,GRU
S356,0.36088037555536984,0.26949033292140173,0.36962929152322754,GRU
S357,0.47469637731655273,0.2842493824426795,0.2410542402407613,1D-CNN
S358,0.2879410722278638,0.21113922664591853,0.5009197011262176,GRU
S359,0.32916095424725833,0.243104737327478,0.427734308425263,GRU
S360,0.23614895085921003,0.15256927516895305,0.6112817739718367,GRU
S361,0.1483190110183484,0.33673644288564164,0.5149445460960105,GRU
S362,0.14449759981100044,0.156848425126002,0.6986539750629956,GRU
S363,0.16337146308963482,0.5158315042593707,0.32079703265099446,ANN
S364,0.04903001881853526,0.8910242969677965,0.05994568421366902,ANN
S365,0.2656957871473332,0.6196470235440411,0.1146571893086222,ANN
S366,0.07509161107242503,0.6679922331752653,0.25691615575230486,ANN
S367,0.29743510048189037,0.5258377983052599,0.1767271012128497,ANN
S368,0.19172752830219444,0.5604130447795994,0.24785942691820262,ANN
S369,0.21543003438294786,0.45261648614805317,0.3319534794689988,ANN
S370,0.27418951425699883,0.5182165746305882,0.20759391111240935,ANN
S371,0.6799323665721586,0.15653337645860796,0.16353425696923454,1D-CNN
S372,0.5213521147901666,0.20445454656766085,0.27419333864217194,1D-CNN
S373,0.10693252473210813,0.17227164910640508,0.7207958261614866,GRU
S374,0.11928850022767161,0.12222156271188124,0.7584899370604471,GRU
S375,0.18362652047915484,0.2463100750265671,0.5700634044942798,GRU
S376,0.17269700586272074,0.5023001666280764,0.32500282750920845,ANN
S377,0.2601590645527072,0.38946891124151295,0.350372024205782,ANN
S378,0.17628950403198212,0.2755569994897234,0.5481534964782998,GRU
S379,0.2535612468233493,0.45395223655398836,0.2924865166226623,ANN
S380,0.32587563783331164,0.4116154849414572,0.26250887722523225,ANN
S381,0.12701198360202237,0.8195544585360317,0.053433557861949865,ANN
S382,0.12011005180316547,0.7995635214307218,0.08032642676610911,ANN
S383,0.35229558748638296,0.4256052731559639,0.2220991393576493,ANN
S384,0.3514211078861691,0.5848290879871019,0.06374980412672575,ANN
S385,0.3885172171511333,0.4874055480166672,0.12407723483219531,ANN
S386,0.30494120095037747,0.5443637424035115,0.15069505664611288,ANN
S387,0.1887093819434499,0.5670612790106401,0.24422933904591324,ANN
S388,0.203080186792304,0.6471146220560533,0.14980519115164165,ANN
S389,0.3692638458935285,0.5670829087381379,0.06365324536833156,ANN
S390,0.7030235978456488,0.25620701875171475,0.04076938340263629,1D-CNN
S391,0.6007163306151487,0.24545758371145446,0.15382608567339473,1D-CNN
S392,0.47585088866957204,0.43421581643717816,0.08993329489325108,1D-CNN
S393,0.43723376091546756,0.4993159417411214,0.06345029734340893,ANN
S394,0.4208379439576856,0.3773015821984538,0.20186047384386055,1D-CNN
S395,0.5309330546278276,0.18523656170120187,0.28383038367097074,1D-CNN
S396,0.333192937602376,0.4034437556713005,0.2633633067263234,ANN
S397,0.31196903589154173,0.4729462457652919,0.21508471834317155,ANN
S398,0.260380327318063,0.42868761096528557,0.31093206171664695,ANN
S399,0.33237776339176944,0.49732475961649925,0.17029747699173123,ANN
S400,0.3280912811345543,0.589419955083447,0.08248876378199796,ANN
S401,0.48463228549203974,0.35333051653128256,0.16203719797667515,1D-CNN
S402,0.32292439258846745,0.5378793484569863,0.13919625895454807,ANN
S403,0.6233745295717951,0.28929928655612047,0.08732618387208453,1D-CNN
S404,0.4316960318769169,0.4984387193626953,0.06986524876038784,ANN
S405,0.4477730611108162,0.48733227464513196,0.0648946642440564,ANN
S406,0.42787141696997905,0.4555486577943241,0.11657992523569863,ANN
S407,0.2917965983193735,0.5196979215832079,0.18850548009741844,ANN
S408,0.3422826931552927,0.38625769065449034,0.2714596161902153,ANN
S409,0.32509174853805684,0.45621998482666687,0.21868826663527097,ANN
S410,0.28830979185614947,0.511254350788873,0.20043585735497466,ANN
S411,0.26480765125989686,0.427746339214326,0.3074460095257773,ANN
S412,0.2988484112366476,0.5139400280609333,0.18721156070242578,ANN
S413,0.4170373656957558,0.48741803827956276,0.09554459602468131,ANN
S414,0.4134501549729817,0.4903215841333869,0.09622826089363588,ANN
S415,0.18100292619020883,0.6598240949877591,0.15917297882203196,ANN
S416,0.3056108369332991,0.557885051911228,0.13650411115547084,ANN
S417,0.4638839734891867,0.2675297676554904,0.2685862588553226,1D-CNN
S418,0.36125476084516916,0.3579550235649282,0.2807902155899025,1D-CNN
S419,0.2909780639441573,0.513571866134867,0.19545006992097638,ANN
S420,0.5508524332651383,0.3446751598874695,0.10447240684739416,1D-CNN
S421,0.38010257916964424,0.43254869902616483,0.18734872180419262,ANN
S422,0.19070972388895122,0.7029508120849438,0.1063394640261044,ANN
S423,0.448181532448556,0.4004296482275477,0.15138881932390022,1D-CNN
S424,0.20054950550406533,0.7212462124786542,0.0782042820172813,ANN
S425,0.36465274626965216,0.40089239555645517,0.2344548581738938,ANN
S426,0.3397114405449975,0.5371464600454835,0.1231420994095187,ANN
S427,0.2371014782494395,0.53309706913373,0.2298014526168239,ANN
S428,0.3726074480077765,0.3782803114817734,0.24911224051044642,ANN
S429,0.5791007637907578,0.28130743378787404,0.13959180242136726,1D-CNN
S430,0.5280604123982782,0.180481076869523,0.29145851073220264,1D-CNN
S431,0.5135966121200419,0.10900418735721447,0.3773992005227434,1D-CNN
S432,0.2527550476456278,0.21560855895011788,0.5316363934042471,GRU
S433,0.19274299137946901,0.1561848696300401,0.651072138990491,GRU
S434,0.13878207002695248,0.22903403180172333,0.6321838981713216,GRU
S435,0.15133249147957784,0.3061099074876555,0.5425576010327693,GRU
S436,0.2627817768676713,0.1264484008240859,0.610769822308242,GRU
S437,0.3489940832687906,0.16708603095093316,0.483919885780278,GRU
S438,0.47262146650527137,0.11589148213081744,0.4114870513639068,1D-CNN
S439,0.24674316646962813,0.13753560962238742,0.6157212239079881,GRU
S440,0.26843969844141014,0.14875387222096537,0.5828064293376238,GRU
S441,0.27216202027506126,0.1818160394534645,0.5460219402714734,GRU
S442,0.2790908918138793,0.23786579318808673,0.4830433149980358,GRU
S443,0.2989112932659045,0.39593689222473316,0.3051518145093684,ANN
S444,0.40349319064223027,0.36802597874632087,0.22848083061144894,1D-CNN
S445,0.117823236800545,0.7092227495448238,0.17295401365463106,ANN
S446,0.21237487516406503,0.6721455182334622,0.11547960660246766,ANN
S447,0.28541009726985506,0.5034435638375746,0.21114633889257298,ANN
S448,0.4761680207422154,0.39545519476368507,0.12837678449410006,1D-CNN
S449,0.5321080756023423,0.3707917810652041,0.09710014333245683,1D-CNN
S450,0.4372065849072096,0.4272875560057105,0.13550585908708554,1D-CNN
S451,0.344849656543331,0.45352088986257794,0.20162945359409085,ANN
S452,0.47701506689047607,0.3715231072018424,0.1514618259076808,1D-CNN
S453,0.3527741507916333,0.38201389362884236,0.26521195557952437,ANN
S454,0.2702987184764007,0.4072176550459174,0.32248362647768203,ANN
S455,0.27619186726648515,0.33210076134428046,0.39170737138923245,GRU
S456,0.18941268544365367,0.31299226990561463,0.49759504465073373,GRU
S457,0.10856255823613874,0.3276215345256714,0.5638159072381916,GRU
S458,0.09163010720130028,0.49507115414401626,0.4132987386546832,ANN
S459,0.14163923226507477,0.6891170600393546,0.16924370769557318,ANN
S460,0.5642121873496844,0.38965070489732867,0.04613710775298428,1D-CNN
S461,0.2862580316766015,0.6206385907966059,0.09310337752679092,ANN
S462,0.42729835496694624,0.4906823683769128,0.08201927665614075,ANN
S463,0.2238804881931072,0.5952570009449276,0.18086251086196287,ANN
S464,0.3923561120701639,0.4222580495673,0.18538583836253558,ANN
S465,0.22793744684041203,0.631150150737462,0.14091240242212363,ANN
S466,0.49756944582469015,0.3230233797699444,0.17940717440536133,1D-CNN
S467,0.35311494996569714,0.3791887560430104,0.2676962939912864,ANN
S468,0.3295710613044205,0.3261945982597321,0.3442343404358453,GRU
S469,0.33809718450272336,0.24401837323134482,0.4178844422659309,GRU
S470,0.3818521937597477,0.3906371887475933,0.22751061749265827,ANN
S471,0.4320811512766649,0.38004936195529554,0.18786948676803605,1D-CNN
S472,0.39178601498942006,0.2886657329160242,0.3195482520945556,1D-CNN
S473,0.2984704682022147,0.506333306480073,0.1951962253177127,ANN
S474,0.254589578496973,0.3975290703327875,0.34788135117023816,ANN
S475,0.26434210604294395,0.38473869892629464,0.35091919503076013,ANN
S476,0.3322886674070293,0.3582201291514481,0.3094912034415175,ANN
S477,0.3714594694218011,0.5651518738288824,0.06338865674931507,ANN
S478,0.2701839569277527,0.35585971200413197,0.3739563310681133,GRU
S479,0.11306555625381533,0.8095662446703138,0.07736819907587064,ANN
S480,0.4262863540642309,0.4891725659776235,0.08454107995814387,ANN
S481,0.4909626400816792,0.3852665994336724,0.12377076048465445,1D-CNN
S482,0.38127168909597137,0.3087601689516438,0.30996814195239236,1D-CNN
S483,0.3254877166677836,0.39511505112240736,0.27939723220980794,ANN
S484,0.3520334993672912,0.32209050769370384,0.32587599293900477,1D-CNN
S485,0.31819358443262513,0.30674655113766275,0.37505986442970846,GRU
S486,0.5329224726278958,0.29668212192917964,0.17039540544292436,1D-CNN
S487,0.3464707143366401,0.4783790816007979,0.17515020406256457,ANN
S488,0.2576377540258287,0.5432421324083707,0.199120113565809,ANN
S489,0.3249129891303496,0.3065518777872476,0.3685351330824031,GRU
S490,0.2572516824563714,0.34795139233779104,0.39479692520583626,GRU
S491,0.33014861650582805,0.3730372413172052,0.29681414217696617,ANN
S492,0.4748051679902541,0.4189912377154465,0.10620359429430232,1D-CNN
S493,0.39534279584060433,0.5395982374281144,0.06505896673128105,ANN
S494,0.6135090406037784,0.28845983759447785,0.09803112180175048,1D-CNN
S495,0.143682432038269,0.8133210767160756,0.04299649124565956,ANN
S496,0.4047329240315345,0.47494031738336934,0.12032675858510103,ANN
S497,0.3618490121684559,0.4967069687315473,0.14144401909999554,ANN
S498,0.3112396831565239,0.5415480623076765,0.14721225453579573,ANN
S499,0.25807235520240146,0.5895958091137553,0.1523318356838361,ANN
S500,0.2313177172395986,0.6748670621156089,0.09381522064479224,ANN
S501,0.5442173513824663,0.3773078374112835,0.07847481120624901,1D-CNN
S502,0.5262777114887781,0.3636424864604327,0.11007980205078988,1D-CNN
S503,0.38816888130713706,0.35901991641303144,0.2528112022798301,1D-CNN
S504,0.2738598973269072,0.5596122408411462,0.1665278618319464,ANN
S505,0.23096032309054637,0.6149870778200386,0.15405259908941474,ANN
S506,0.13255069829268595,0.7680080401652097,0.09944126154210355,ANN
S507,0.459242503051073,0.2232319729559921,0.31752552399293416,1D-CNN
S508,0.27616815749948836,0.4527807929302028,0.27105104957031134,ANN
S509,0.29854764598568057,0.35930123426561694,0.3421511197487008,ANN
S510,0.2720135778251782,0.46417317970908273,0.26381324246573706,ANN
S511,0.5127365286889528,0.3672683642110796,0.11999510709996665,1D-CNN
S512,0.5900049484655278,0.2862973945666519,0.1236976569678192,1D-CNN
S513,0.27168130975701976,0.560122623915086,0.16819606632789538,ANN
S514,0.3299781568395849,0.35778674170629354,0.3122351014541214,ANN
S515,0.38165178558069934,0.2712252425312476,0.3471229718880612,1D-CNN
S516,0.3805295348856335,0.4399872684848202,0.1794831966295463,ANN
S517,0.23718739980602993,0.5404003546676149,0.2224122455263579,ANN
S518,0.2715169888082397,0.566328428737133,0.1621545824546244,ANN
S519,0.4551067943736907,0.46838077866197764,0.07651242696433219,ANN
S520,0.2150803751924644,0.6599503509259752,0.12496927388156003,ANN
S521,0.23894669613760727,0.5929398030553958,0.16811350080699924,ANN
S522,0.18860444489029593,0.7400541941649219,0.07134136094478663,ANN
S523,0.3078878032090151,0.5498023967643243,0.14230980002666524,ANN
S524,0.3186965562842088,0.5858948771958337,0.09540856651995648,ANN
S525,0.3157715712915947,0.5586153914998055,0.1256130372085965,ANN
S526,0.1895823596502419,0.7546198316935833,0.05579780865617654,ANN
S527,0.22024395723885135,0.5968851628283881,0.18287087993276127,ANN
S528,0.26453400442850317,0.5684301128662047,0.16703588270529265,ANN
S529,0.31863060375121044,0.6095696837678184,0.07179971248096952,ANN
S530,0.25881534557721636,0.7047112669043998,0.03647338751837778,ANN
S531,0.37849315895837377,0.5604696645189747,0.06103717652264804,ANN
S532,0.32071910654576075,0.5955114475221369,0.08376944593210107,ANN
S533,0.34575018742071645,0.5837124534354313,0.07053735914385101,ANN
S534,0.6164636530565064,0.2444163396119506,0.13912000733154178,1D-CNN
S535,0.35956511553988296,0.40814552863185555,0.23228935582826232,ANN
S536,0.3158475999918597,0.2844678525049905,0.39968454750314825,GRU
S537,0.38095337905017723,0.3173125595100002,0.30173406143982073,1D-CNN
S538,0.5365788504309743,0.3103776024542667,0.15304354711475815,1D-CNN
S539,0.5060847967423012,0.4298523040369331,0.0640628992207659,1D-CNN
S540,0.3796030901538556,0.5277080984915435,0.09268881135459983,ANN
S541,0.4218077368559871,0.4988410176846818,0.07935124545933152,ANN
S542,0.3815127713381715,0.4918714773243605,0.12661575133746655,ANN
S543,0.23885877884358955,0.6706478649892,0.090493356167215,ANN
S544,0.3733326493237688,0.5453563391581517,0.08131101151808011,ANN
S545,0.383935287997533,0.50248108937538,0.11358362262708303,ANN
S546,0.39467983029093795,0.5049682959386942,0.10035187377037177,ANN
S547,0.40847218896109544,0.39324582134820624,0.19828198969069544,1D-CNN
S548,0.628601521041832,0.20072277208441466,0.17067570687375888,1D-CNN
S549,0.492738791204705,0.20590665243113432,0.3013545563641671,1D-CNN
S550,0.31713123935753385,0.28962124698448977,0.3932475136579763,GRU
S551,0.1398876827942934,0.1523368274458872,0.7077754897598146,GRU
S552,0.1815698019926253,0.08225085307933601,0.7361793449280408,GRU
S553,0.23625298430446345,0.14278720817098897,0.6209598075245476,GRU
S554,0.2343603085829478,0.2577310567610391,0.5079086346560125,GRU
S555,0.35044060395835186,0.24348052785994528,0.40607886818170136,GRU
S556,0.26249451605646446,0.11931937077202491,0.6181861131715065,GRU
S557,0.16763767642140776,0.1038262888699097,0.7285360347086792,GRU
S558,0.10454940022558813,0.11224871857730642,0.7832018811971049,GRU
S559,0.1955892991711077,0.1331096650457764,0.6713010357831225,GRU
S560,0.2064387605808195,0.17246321729672384,0.6210980221224627,GRU
S561,0.15567229681132286,0.13023345308217885,0.7140942501064925,GRU
S562,0.2598968823659536,0.12736377459807882,0.6127393430359681,GRU
S563,0.29516899023300824,0.2242908995456909,0.48054011022129983,GRU
S564,0.2634506999068695,0.14192661724627784,0.5946226828468526,GRU
S565,0.19288017939731078,0.25044877837127866,0.5566710422314105,GRU
S566,0.17596983029731084,0.2313261720988316,0.5927039976038634,GRU
S567,0.35926067267744655,0.42173567272608636,0.2190036545964645,ANN
S568,0.2375054509916432,0.5474344833048627,0.21506006570349617,ANN
S569,0.3334955215441574,0.4548258921943352,0.21167858626150565,ANN
S570,0.30582884555367407,0.4923474300681483,0.20182372437817672,ANN
S571,0.38498433653291814,0.5006726950179209,0.11434296844916168,ANN
S572,0.2193513774876444,0.6502140304628931,0.1304345920494627,ANN
S573,0.5407562297767283,0.3280093167904968,0.13123445343277296,1D-CNN
S574,0.3508372757957975,0.5476065877892325,0.10155613641496873,ANN
S575,0.3480607305713422,0.574814134697751,0.07712513473090514,ANN
S576,0.2674454025172307,0.4568570739506123,0.2756975235321648,ANN
S577,0.18534064233602052,0.308937331336597,0.5057220263273822,GRU
S578,0.22043576019860958,0.25486749501134653,0.5246967447900438,GRU
S579,0.22700413212436285,0.40670315022411035,0.36629271765152677,ANN
S580,0.2731475127107615,0.5027450453305887,0.22410744195864932,ANN
S581,0.3722406299179049,0.3824425280724554,0.24531684200963935,ANN
S582,0.3682303675387517,0.3595811075950094,0.272188524866235,1D-CNN
S583,0.39383132407089294,0.32628674155730714,0.27988193437179876,1D-CNN
S584,0.40702768460209426,0.40094893439616547,0.19202338100173863,1D-CNN
S585,0.4709401912470212,0.3868441419503907,0.14221566680258632,1D-CNN
S586,0.4034974415427358,0.4271058782112144,0.1693966802460518,ANN
S587,0.40181441001336365,0.4222248818467715,0.1759607081398701,ANN
S588,0.2046555544176418,0.6628918979468771,0.13245254763548178,ANN
