Segment,1D-CNN,ANN,BiLSTM,LSTM,CNN-LSTM,GRU,Selected
S1,0.14535851299125807,0.12415759140920592,0.17277055696637217,0.20726738604841505,0.19397345095703647,0.15647250162771253,LSTM
S2,0.16275238846734744,0.15351577418849566,0.151551212430714,0.19287109627641047,0.18654147659277628,0.15276805204425625,LSTM
S3,0.1485118944751073,0.17582192201399835,0.1389120366800697,0.19794162506890708,0.22209677697296815,0.11671574478894928,CNN-LSTM
S4,0.16241334482365583,0.16723786511374145,0.15564976497998362,0.15816504918842572,0.21568152588298328,0.1408524500112105,CNN-LSTM
S5,0.1551031043140384,0.1323310343558913,0.18056264788889353,0.17191259869174821,0.20992468111683088,0.1501659336325986,CNN-LSTM
S6,0.18023059136908354,0.1685697004774967,0.15701569426702863,0.17357834328399263,0.16840534957196301,0.15220032103043518,1D-CNN
S7,0.13892827346614986,0.17180077784730075,0.15226679960124803,0.21928350809209085,0.1965117020778923,0.12120893891531648,LSTM
S8,0.125271930916959,0.1738434204271366,0.17886901603678815,0.20139795399292307,0.1589104374883107,0.16170724113788215,LSTM
S9,0.13207626798262878,0.1337125106821564,0.19772763422740594,0.18946322110642932,0.17917785426030816,0.16784251174107184,BiLSTM
S10,0.1681788627153807,0.20519702040308577,0.1762339792297098,0.16249102613874425,0.15868754697903897,0.1292115645340405,ANN
S11,0.15275174797393284,0.20794713619019542,0.1690729970295554,0.1728983944756472,0.20411742136022443,0.09321230297044458,ANN
S12,0.138304291596853,0.21408444879166721,0.14944368120898255,0.18457729347748447,0.23282045298509568,0.08076983193991707,CNN-LSTM
S13,0.12356017146375191,0.20013678596659068,0.13995239404739526,0.21503517883265064,0.24024718247282462,0.08106828721678618,CNN-LSTM
S14,0.14918896495125908,0.28402550137901805,0.12109015072381872,0.1839995116377682,0.1756195749723085,0.08607629633582746,ANN
S15,0.2924042778074409,0.25926748901935426,0.10300720390446219,0.13440021572429048,0.12854425991270613,0.08237655363174748,1D-CNN
S16,0.23947269677493452,0.28754546745133275,0.10907230038899657,0.1146668320668749,0.13707894269787546,0.11216376061998577,ANN
S17,0.1728064213766645,0.2046757560165505,0.14269875062996332,0.13379178712618794,0.18262196094771654,0.16340532390291598,ANN
S18,0.16614128086598812,0.17572523536158743,0.15086100324683532,0.13652656167482244,0.21465054428862013,0.1560953745621467,CNN-LSTM
S19,0.17699009459828535,0.16945127783509514,0.12248464782161356,0.15118517584100588,0.27344740753108565,0.10644139637291462,CNN-LSTM
S20,0.13100883649649453,0.12606444307310152,0.10721483008925334,0.1827111266431984,0.3751062557202143,0.07789450797773755,CNN-LSTM
S21,0.19731206172920904,0.23797987845722937,0.0867672082374229,0.1384526078758651,0.2519999593437144,0.08748828435655884,CNN-LSTM
S22,0.22580497904386257,0.23660098973078686,0.07559446096009294,0.10987764205353279,0.2375372986928484,0.11458462951887757,CNN-LSTM
S23,0.12251046821135327,0.2757970684328509,0.0871339572269782,0.11855056067989374,0.2522446641598745,0.14376328128904964,ANN
S24,0.16837893325967318,0.1980173638603401,0.12687920583148318,0.18850046058496225,0.12968046164594738,0.18854357481759512,ANN
S25,0.15358618604218158,0.13678469983980035,0.22898432807476227,0.20604676377752995,0.10172153342127276,0.17287648884445306,BiLSTM
S26,0.19178418813158896,0.12996076209229213,0.2243641180818804,0.2173412453163789,0.08785826708178213,0.14869141929607754,BiLSTM
S27,0.14962200348294524,0.23380652466942217,0.2390107698665027,0.1996508807557888,0.08843452678487064,0.08947529444046991,BiLSTM
S28,0.2129001713510274,0.1802294745117947,0.1821290966022012,0.1574604368842334,0.19450405666848747,0.07277676398225696,1D-CNN
S29,0.06846146823691471,0.055812156134581015,0.061448876834265274,0.33489017315802555,0.45873270930606347,0.0206546163301499,CNN-LSTM
S30,0.09178809420507762,0.22326218317754853,0.11002718306032344,0.35334036358427756,0.16307148535227506,0.058510690620498074,LSTM
S31,0.1811523677901134,0.1433346176404042,0.15676530600865443,0.2276360637222811,0.13299201376053357,0.1581196310780133,LSTM
S32,0.13179757893496402,0.08888497080980494,0.1707456190816503,0.2113204600079803,0.1775513168059191,0.21970005435967987,GRU
S33,0.10949567917454935,0.09332301245048785,0.1618764891053391,0.19936018050239906,0.2215161564152793,0.2144284823519456,CNN-LSTM
S34,0.14624807126414502,0.12749430029145964,0.1788852969126811,0.17340443689906332,0.18885704046446944,0.1851108541681809,CNN-LSTM
S35,0.1456061554330117,0.1524443914177646,0.18986833184933208,0.16569767077903716,0.1775158305291138,0.16886761999173983,BiLSTM
S36,0.19959413641433335,0.16751792935119533,0.1698483029966216,0.15683781336141667,0.16973160593314512,0.13647021194328798,1D-CNN
S37,0.20060690537379414,0.1827695373409186,0.1525953484731062,0.1608940834418298,0.17207359331438896,0.1310605320559624,1D-CNN
S38,0.1657951390264493,0.1849952816027221,0.1640630191514826,0.1825720991740433,0.14026347334949982,0.162310987695802,ANN
S39,0.16559323912980983,0.16842558414889178,0.17480799743047135,0.1737872166102648,0.1454681542110615,0.1719178084695005,BiLSTM
S40,0.16692448362723733,0.14993391984808463,0.17646757258150306,0.16688306641841746,0.16849590459648126,0.17129505292827632,BiLSTM
S41,0.1580401390145027,0.15805161486906452,0.16914093350811274,0.17045294328009689,0.1750374652305428,0.16927690409767987,CNN-LSTM
S42,0.1681508616220189,0.16399831159961384,0.1693455384429502,0.16643759714331072,0.16891014548184888,0.16315754571025912,BiLSTM
S43,0.15774295290083187,0.167813755231304,0.17144987680630597,0.17550563004819106,0.17906843835378317,0.14841934665958523,CNN-LSTM
S44,0.17441835814651652,0.17216486535457498,0.15697875607223996,0.1727685927608424,0.17994505865212987,0.143724369013696,CNN-LSTM
S45,0.18286944317614526,0.16740187144972318,0.1482300586162641,0.1713688614536078,0.17152038389034754,0.1586093814139118,1D-CNN
S46,0.16686716802378287,0.16672191731192768,0.16088966043414812,0.1704395872892522,0.16133581162350746,0.1737458553173817,GRU
S47,0.1531517090794188,0.16533549685171453,0.1752036904992333,0.17078984298859998,0.15814515511611663,0.17737410546491664,GRU
S48,0.15484792628265434,0.13320847032350222,0.19125773487271067,0.18736654210130602,0.15641958057963992,0.1768997458401858,BiLSTM
S49,0.15814338116517815,0.14368631473667365,0.1942144922209233,0.19332376030263254,0.1502469227023142,0.16038512887227935,BiLSTM
S50,0.1264598824058351,0.17845609843650612,0.1884728215884366,0.17408794721320536,0.1533714304931164,0.1791518198629017,BiLSTM
S51,0.016673079352314858,0.04292056944539713,0.1435049723171667,0.4928810363130083,0.25131694564791146,0.05270339692420279,LSTM
S52,0.17880992040633645,0.18599231129574897,0.14650387043206523,0.2418634524161497,0.1282150693552362,0.11861537609446332,LSTM
S53,0.10006427403802003,0.16792962003060954,0.18797510325680775,0.17957756342724007,0.174217264340198,0.1902361749071246,GRU
S54,0.3465918595142854,0.07980973208058581,0.13820115466310545,0.13374666203229688,0.1508238356268391,0.15082675608288698,1D-CNN
S55,0.17334010110316683,0.12761115195625955,0.13220995548522696,0.16882109891941377,0.21674241187790835,0.1812752806580246,CNN-LSTM
S56,0.2587661296751437,0.11151254700132845,0.11667845181680472,0.15018455761808733,0.17864239106985166,0.18421592281878385,1D-CNN
S57,0.14843167281667433,0.07642751793356217,0.1744869888702228,0.19409967685875953,0.18975635283735495,0.2167977906834259,GRU
S58,0.21686897840571645,0.08551978906832136,0.18607675846664454,0.1845730074303297,0.14051070223399661,0.186450764394991,1D-CNN
S59,0.13276271089006458,0.1362212549501032,0.20822476075506519,0.20381765981516062,0.1257934544315878,0.1931801591580184,BiLSTM
S60,0.1411995758758527,0.20837933662512656,0.1860712635699669,0.1686449602328635,0.10185195307387639,0.19385291062231186,ANN
S61,0.044097165333425795,0.12388256389596952,0.20439721668818184,0.18143110664618414,0.14557766660766655,0.30061428082857317,GRU
S62,0.05752858682857434,0.16936806183369502,0.19837323081326327,0.1740177044058353,0.21568324653203627,0.1850291695865958,CNN-LSTM
S63,0.18386569335761427,0.26944177118649293,0.18532312593039468,0.13079165654100502,0.14467585074415173,0.08590190224034103,ANN
S64,0.21088572159082722,0.22702055986800762,0.18382994431734961,0.15844861642248,0.1443286009979952,0.07548655680334189,ANN
S65,0.12174015879022876,0.183358951850483,0.18123292850587422,0.24241415820719683,0.18597387459901324,0.08527992804720519,LSTM
S66,0.16341017674987107,0.20756694524778424,0.15003399117410246,0.2376371671832253,0.15200296512657052,0.0893487545184453,LSTM
S67,0.23774627392257375,0.2033725661140638,0.13593507138398173,0.1739979527486593,0.1323074158242218,0.11664072000650116,1D-CNN
S68,0.25374519295753095,0.21009177121027406,0.12213981970323408,0.14015258913292727,0.14273906598804587,0.13113156100798765,1D-CNN
S69,0.19428716012033628,0.21068529292493593,0.13097778468821353,0.13427080994424784,0.1789592980840312,0.15081965423823684,ANN
S70,0.15813224795715128,0.1722737033797564,0.15734248490720593,0.13657600550755414,0.20160432502646583,0.17407123322186646,CNN-LSTM
S71,0.19662363181069054,0.16838440403581617,0.15318847880256903,0.13550550648624574,0.19348591799844936,0.1528120608662293,1D-CNN
S72,0.17758404226101146,0.1793448526757583,0.14707441924825443,0.1443304817339713,0.20394388870365845,0.14772231537734598,CNN-LSTM
S73,0.21452863130399633,0.16336299186531167,0.1330298320607594,0.15330323473724297,0.18667537263623876,0.1490999373964509,1D-CNN
S74,0.17679303137042873,0.18720396401636044,0.1585292050478727,0.17017074880232486,0.14642645331011503,0.16087659745289726,ANN
S75,0.17161385503312712,0.1784088428338595,0.19726585527256416,0.18748211538401752,0.11249598113785599,0.15273335033857577,BiLSTM
S76,0.19467605859054096,0.14994528852402544,0.21269528769253535,0.18279400498955947,0.10617394109408054,0.15371541910925926,BiLSTM
S77,0.17462472762737646,0.1363550867415492,0.2105693943087244,0.1890747755989162,0.11593626572105618,0.17343975000237707,BiLSTM
S78,0.3163899209541076,0.1799982813193835,0.13697843634912601,0.0879744580045627,0.059681554560553,0.21897734881226624,1D-CNN
S79,0.18694137088938953,0.20589404105684167,0.16753519036823916,0.10964507411763298,0.09545736450010828,0.23452695906778998,GRU
S80,0.188647893810092,0.14103107649264576,0.1681234715157689,0.1260393698104083,0.14605283882771675,0.23010534954336967,GRU
S81,0.15380664628881607,0.1346328311808188,0.15183734069259117,0.14382267819345565,0.1846673394610552,0.23123316418326198,GRU
S82,0.17903363004716416,0.143412112828299,0.15408495736905317,0.1483399911893811,0.17397084297763288,0.20115846558846937,GRU
S83,0.19282392482254712,0.15370836699993834,0.16789472382167595,0.15074878522143229,0.16843879201843853,0.16638540711596894,1D-CNN
S84,0.18139026266728556,0.1365162558880551,0.17753497209064698,0.15611196350027076,0.17495137359216958,0.17349517226157324,1D-CNN
S85,0.13455100335613768,0.12331320488060274,0.19066861736554894,0.18668453480717617,0.17539163754326823,0.18939100204726614,BiLSTM
S86,0.16253506063937045,0.13379972065482876,0.19027576454033493,0.18170134401840965,0.14915506415891713,0.1825330459881391,BiLSTM
S87,0.1760455785944321,0.19665177335155234,0.17522547639109867,0.16288673685816585,0.1356270766986497,0.15356335810610125,ANN
S88,0.15325932399215184,0.17897774351918605,0.185663112692705,0.17074327410940815,0.14343998288745682,0.16791656279909206,BiLSTM
S89,0.11085167047052548,0.13337328737272058,0.21399512138151033,0.19088987418141032,0.16182348399732802,0.18906656259650537,BiLSTM
S90,0.1366530561587635,0.17797756790592142,0.18797887548800474,0.16828865356237502,0.15787419855299656,0.17122764833194004,BiLSTM
S91,0.05489410456839176,0.1245237457603266,0.1800533127338329,0.2704289913326999,0.24650772745216928,0.12359211815257955,LSTM
S92,0.14656200324373597,0.14878208158945605,0.15125907444928094,0.2539041239711396,0.19055965452305246,0.10893306222333515,LSTM
S93,0.23998072933032816,0.2014462196478215,0.12820429770216335,0.15886680943649403,0.14827471103132206,0.1232272328518709,1D-CNN
S94,0.21548879363524073,0.163686764982362,0.1417003718315827,0.1549625731398327,0.16375854555806862,0.1604029508529145,1D-CNN
S95,0.20135518405310382,0.1655547747848231,0.14468351791159148,0.1545539391120976,0.1650615286294257,0.16879105550895837,1D-CNN
S96,0.1982176035572535,0.18226297698325727,0.1429845635621431,0.15726193487241086,0.14676299063288945,0.1725099303920469,1D-CNN
S97,0.1613266689423789,0.17805414637251113,0.15239682243107827,0.17126206943424685,0.1544382436227446,0.18252204919704026,GRU
S98,0.16785309165141943,0.1425601845442839,0.17178820565011269,0.2004236362043388,0.14101849986831355,0.1763563820815316,LSTM
S99,0.1340300698655732,0.15736471234756613,0.192824173977969,0.2010606703118934,0.13414468188640197,0.1805756916105963,LSTM
S100,0.15932861748714336,0.21562228656014876,0.1725389711527131,0.1599377457037293,0.11815112321375713,0.17442125588250826,ANN
S101,0.04494264398836455,0.11447822150194294,0.20546741479615227,0.21462299013000602,0.23272062246670297,0.18776810711683237,CNN-LSTM
S102,0.03913747804051498,0.1044618734785396,0.17918053232147824,0.2591941206987792,0.31140644200709144,0.10661955345359776,CNN-LSTM
S103,0.06275549408179536,0.12247371811292057,0.1509177217041626,0.3772924196977091,0.22580921733367287,0.06075142906973948,LSTM
S104,0.1311327818923381,0.1993775545640401,0.14047152716781408,0.3084430809421108,0.145176090347939,0.07539896508575678,LSTM
S105,0.28621654316069584,0.37605253659229265,0.08242624102371883,0.10620177800802577,0.07182478042480264,0.07727812079046438,ANN
S106,0.49661446147082133,0.24803884508135132,0.05905653602570731,0.05613742750592663,0.0629365002472504,0.0772162296689431,1D-CNN
S107,0.15254574999030035,0.4502527477861916,0.08801089653911807,0.06832747684347719,0.09927705006878824,0.14158607877212578,ANN
S108,0.27629374051117583,0.2459305393933594,0.1092823256305825,0.07705554671763243,0.11440368586874686,0.17703416187850265,1D-CNN
S109,0.27262170370588745,0.24959642463588608,0.11449056694833025,0.09050910704123441,0.1120763714697996,0.1607058261988625,1D-CNN
S110,0.10546633653137094,0.11959883579385125,0.12130280291185097,0.17040963748384652,0.33020526837903386,0.15301711890004746,CNN-LSTM
S111,0.05503498170241545,0.11103110082450332,0.08921285813336188,0.16434732456278797,0.4471024501913344,0.1332712845855971,CNN-LSTM
S112,0.042718358552014446,0.05712539387269574,0.07517031240725593,0.1737612945487621,0.5283674623985449,0.12285717822072703,CNN-LSTM
S113,0.04841696467130005,0.07554897229811236,0.0890722733324597,0.17451629345930159,0.4853592299204143,0.12708626631841186,CNN-LSTM
S114,0.049035517967172315,0.13295700520730916,0.09558390111012394,0.17628755521464645,0.4256975153354897,0.12043850516525964,CNN-LSTM
S115,0.19135879785080087,0.243402268341173,0.11094330435512531,0.16741503734197585,0.2052517996825905,0.08162879242833421,ANN
S116,0.27257189742165755,0.306762731605235,0.10528715060954007,0.12437122346078695,0.13381096971895381,0.05719602718382597,ANN
S117,0.21967299808831534,0.2735758365435836,0.09919451498367904,0.17275563259303223,0.17505353491266656,0.059747482878723404,ANN
S118,0.19750925119442037,0.24545349814966833,0.10427320186410925,0.19924620898792603,0.19295370837523046,0.060564131428645814,ANN
S119,0.14944305366999264,0.23176075140192764,0.13604643906086866,0.20603059810294685,0.166650267007378,0.11006889075688718,ANN
S120,0.2051024912225127,0.1603013913750945,0.12619771988525366,0.17500281236335416,0.2489000189529508,0.08449556620083418,CNN-LSTM
S121,0.181546706150918,0.15457811510213235,0.10072700571367534,0.17086222182360916,0.31145027986418344,0.08083567134548154,CNN-LSTM
S122,0.1747687551130633,0.15985117733297008,0.12236054829082335,0.21818144804089643,0.1918401756441471,0.1329978955780998,LSTM
S123,0.15271053326960637,0.13642943025913912,0.14570625996284198,0.2146134127696386,0.15283654697135401,0.1977038167674214,LSTM
S124,0.12411428974551146,0.09330280252333371,0.1715750318442592,0.19144788991248604,0.1598860318355369,0.2596739541388728,GRU
S125,0.10940565015492336,0.08391349190426331,0.21871998504079476,0.1881604619403886,0.17691434488426636,0.2228860660753635,GRU
S126,0.09290238279406499,0.1181479863480915,0.2194853879018605,0.20675325451133553,0.13233252359056877,0.23037846485407906,GRU
S127,0.1858061655196537,0.16566477362897747,0.2082385645434707,0.14881332563645241,0.0984046197313001,0.19307255094014705,BiLSTM
S128,0.17542771502002952,0.17034247891148568,0.2136683995161109,0.15883974557373387,0.11077256355688747,0.17094909742175238,BiLSTM
S129,0.19540899633386952,0.185520123590507,0.1958054044196906,0.15775545009249076,0.1252920007789389,0.14021802478450301,BiLSTM
S130,0.18051053182412694,0.18542735536036398,0.1760771642292763,0.17744570972382137,0.12453371746700628,0.15600552139540505,ANN
S131,0.17236135994932572,0.16087642482156206,0.19492067952623457,0.19512656876635107,0.13970304143349477,0.1370119255030309,LSTM
S132,0.16304808693664366,0.14120430393730282,0.1926756438178006,0.18327206835652068,0.19092683194388002,0.12887306500785112,BiLSTM
S133,0.14613963410229067,0.14309691707419,0.17684826235790563,0.17699930297406868,0.22907562896888195,0.12784025452266434,CNN-LSTM
S134,0.17972741269897607,0.1635882673435882,0.13806819508241858,0.190394943086847,0.21679275973804993,0.11142842205011966,CNN-LSTM
S135,0.16923379139206216,0.1659478248197636,0.12104615440569308,0.22389199016028097,0.2375783163643388,0.08230192285786136,CNN-LSTM
S136,0.21389576605746463,0.1521143829722889,0.11412360444584506,0.2095744938542119,0.1977573968193859,0.1125343558508032,1D-CNN
S137,0.10930316930221239,0.07961156200020263,0.1708527471425968,0.1982835537818645,0.21435619851078963,0.22759276926233396,GRU
S138,0.06822191292535353,0.10941635088892182,0.21147308582515212,0.24667694422986539,0.14936264864248497,0.21484905748822367,LSTM
S139,0.15676612558498154,0.1689079866575126,0.1854621622065769,0.17157336283262953,0.1241830943310902,0.19310726838721035,GRU
S140,0.1561589624692017,0.18735788888759997,0.17389006084103084,0.16880315654678418,0.15544362553568666,0.15834630571969535,ANN
S141,0.13014141032708626,0.2205471533156694,0.17472039741836934,0.17952678553899862,0.15219097231813053,0.14287328108174568,ANN
S142,0.12559210336477952,0.23839855829640413,0.1548787219523932,0.19081752612144678,0.18789295572791082,0.10242013453706567,ANN
S143,0.13543614952891359,0.18390741838296767,0.1323106602400658,0.25124813339672875,0.22098577064137212,0.07611186780995355,LSTM
S144,0.18098646972706642,0.18765143738901174,0.13647255178160078,0.21870818377063578,0.18718933639749963,0.08899202093418475,LSTM
S145,0.17717038118674547,0.17424025896812814,0.14885171859132054,0.1851971121340601,0.19776557064098327,0.11677495847876268,CNN-LSTM
S146,0.18093544429447178,0.19331366507019723,0.14026824055300574,0.1694666264511219,0.22121061920764343,0.09480540442356003,CNN-LSTM
S147,0.18571071431621386,0.3069679543775677,0.10354369449107831,0.14312230563843392,0.18526435999719565,0.07539097117951073,ANN
S148,0.24810328182798222,0.21156692790031006,0.09182846058934017,0.17160916200693355,0.20851625945563199,0.06837590821980347,1D-CNN
S149,0.25488353467859387,0.29034816982311257,0.08113149311410058,0.11688136829341597,0.17076402783565875,0.08599140625511854,ANN
S150,0.27592411292737495,0.24409588407550128,0.08118501440632356,0.10902176676133606,0.170511453252278,0.11926176857718485,1D-CNN
S151,0.1891155136279665,0.17916141621448456,0.12216353845735997,0.12408796749577128,0.18476199187846645,0.20070957232595166,GRU
S152,0.11433207101728826,0.12888302679867641,0.18760142718713174,0.24184446759053535,0.12524684867645644,0.20209215872991151,LSTM
S153,0.08448133707042288,0.24708173229579997,0.1812603608713933,0.22389144420020343,0.12740828402865514,0.135876841533525,ANN
S154,0.16558544333438935,0.17485690916661373,0.17306337618607304,0.22149798389797873,0.1326703193082807,0.1323259681066644,LSTM
S155,0.20422959858348214,0.15251778391330073,0.1646511683325999,0.19259402338821435,0.1466134222573232,0.13939400352508075,1D-CNN
S156,0.17583944732026494,0.1558993099049276,0.1645571741379088,0.1779366965124165,0.1783273159469423,0.14744005617753894,CNN-LSTM
S157,0.1925228136443391,0.12096538305010057,0.17002002468939337,0.16251147298872134,0.20625759686106981,0.14772270876637705,CNN-LSTM
S158,0.16815728858128545,0.19418545504547627,0.1509086223942588,0.1515600499742623,0.2038515671249821,0.13133701687973337,CNN-LSTM
S159,0.18093445831598487,0.20903913548212052,0.1364331658408786,0.17613290132422427,0.1660668640117479,0.1313934750250442,ANN
S160,0.16763539909835087,0.1592862637941248,0.15196162569166702,0.19799517266027156,0.14879867137809683,0.17432286737748806,LSTM
S161,0.11841726918536073,0.09196752747864512,0.1867618569006992,0.20203944045041183,0.15574619220138544,0.24506771378349784,GRU
S162,0.07215021172902829,0.09401438858469426,0.22020303164403832,0.21220727427531147,0.14707808806148748,0.25434700570544155,GRU
S163,0.09775162125845561,0.11162448327055771,0.2532782791562059,0.1907504284894933,0.12299458566488754,0.22360060216039976,BiLSTM
S164,0.17663477261384913,0.13043607236179627,0.23081086195878076,0.14585952284252424,0.09555947842688502,0.22069929179616302,BiLSTM
S165,0.18331113965586268,0.17317525024763447,0.21128389146901658,0.1300196925131749,0.125009661402247,0.17720036471206388,BiLSTM
S166,0.18010205923192407,0.156633715854527,0.13533078882147317,0.1807950032115882,0.23744197255585572,0.10969646032463075,CNN-LSTM
S167,0.19758413332044575,0.13791350405791497,0.12791398583638336,0.22296397046300845,0.1799932854075807,0.13363112091466806,LSTM
S168,0.135034577367418,0.13061798337078215,0.16024563800676572,0.1896700613859608,0.16050669829920627,0.22392504156986623,GRU
S169,0.10489262728787488,0.0833446765600545,0.20920503557101647,0.1794206636273465,0.14960315951801617,0.27353383743569165,GRU
S170,0.08063572209696937,0.07046386999372448,0.2774199259975528,0.2147545618959407,0.14627829983439616,0.21044762018141563,BiLSTM
S171,0.13302158286859106,0.0860295916592427,0.21230213065463838,0.17477843398368914,0.10770653508650425,0.28616172574733434,GRU
S172,0.1390595022477937,0.08285604269915159,0.18855822986718726,0.11531333705246401,0.11242033543499692,0.36179255269840793,GRU
S173,0.12036153712662284,0.08887898059820494,0.18748320191698906,0.14326910029099615,0.1967282433425683,0.2632789367246179,GRU
S174,0.1210406642437449,0.12812106928790878,0.18715050557577095,0.16449498724571776,0.20036757104612293,0.198825202600734,CNN-LSTM
S175,0.1407877987587354,0.14447584822038526,0.18579580063138512,0.16752835203754532,0.14979757359383633,0.21161462675811182,GRU
S176,0.12594658523870844,0.22330346565237894,0.18455810442707057,0.16339425584602224,0.1271778932222193,0.17561969561359977,ANN
S177,0.15373345987026224,0.1827911285572025,0.1903451928298846,0.1760828259583737,0.14196983607491348,0.15507755670936355,BiLSTM
S178,0.10879507325367525,0.1080135774649406,0.24954766735741285,0.18704111036842785,0.1586630273291695,0.1879395442263733,BiLSTM
S179,0.16453443885063962,0.2186929841186035,0.19960884202647042,0.16506250478756196,0.12571787910799365,0.1263833511087322,ANN
S180,0.1812173208211895,0.3070601117206321,0.17931836015246555,0.1442181564389352,0.10972704069400273,0.07845901017277497,ANN
S181,0.21369723043740116,0.25047814036735033,0.15073322143039608,0.17330453526578904,0.13951092955656064,0.07227594294250203,ANN
S182,0.14273868366426845,0.21083614476182963,0.13912170101694837,0.2232864795724614,0.18893279914093153,0.09508419184356014,LSTM
S183,0.15700158681193124,0.18908035240256818,0.12615594627203033,0.22366350109465377,0.20460500250564204,0.09949361091317412,LSTM
S184,0.17591625984391365,0.31339569877306944,0.10728864060078849,0.1696503532426671,0.14084949950839898,0.09289954803116189,ANN
S185,0.3151335114297733,0.27121522041752133,0.09186594706609094,0.11850462526849578,0.1140852351994422,0.08919546061867786,1D-CNN
S186,0.2697967102390433,0.25176481797286754,0.10298569525924367,0.10516406997093307,0.11036658400793885,0.15992212254997487,1D-CNN
S187,0.1713360541318755,0.2270913014125166,0.12875336147225902,0.13243900593176816,0.17140274261627608,0.1689775344353058,ANN
S188,0.17919449416194133,0.2725461705692056,0.11032953522406877,0.13660746956860942,0.1771327704747115,0.12418956000146174,ANN
S189,0.15242755508300002,0.17315352110643847,0.10900587972897181,0.15854764195986468,0.3003502619773777,0.106515140144347,CNN-LSTM
S190,0.1278558077620398,0.21374412323352493,0.10476239530829251,0.1341281032975068,0.2984356228578986,0.12107394754073862,CNN-LSTM
S191,0.15466447534863786,0.13381319072288167,0.11038382287428126,0.16412791171843222,0.30125048003406135,0.13576011930170703,CNN-LSTM
S192,0.13456413183260757,0.1883446479822238,0.11186712793836089,0.16212878009400983,0.2722128640850088,0.13088244806778934,CNN-LSTM
S193,0.14261790313832737,0.22057693739444312,0.10356856520275959,0.1778958419178758,0.24095776698849447,0.11438298535809799,CNN-LSTM
S194,0.15421758924923043,0.2377669353317931,0.11323812894632326,0.16443619209676852,0.21393593012930037,0.11640522424658425,ANN
S195,0.15547223950145853,0.1644793086312212,0.15652582925916506,0.19155485534168412,0.17015029574725515,0.1618174715192159,LSTM
S196,0.16616265860312787,0.2126899313480374,0.17872443676787378,0.17250029913471926,0.13278772948731046,0.1371349446589316,ANN
S197,0.19860705376278326,0.2295802567272455,0.17796150821687282,0.1600143086839884,0.12143401754483274,0.11240285506427855,ANN
S198,0.19117446174432431,0.20859589634639722,0.1536470590541421,0.16096798154739284,0.19481157316503261,0.09080302814271037,ANN
S199,0.09970662260825512,0.17307783156930062,0.12739564649679538,0.2058856303666471,0.31946276132353474,0.07447150763546664,CNN-LSTM
S200,0.1611107665146502,0.18580990595530666,0.12306493856386441,0.2085081296303051,0.2506164287507518,0.07088983058512206,CNN-LSTM
S201,0.22916452866832077,0.26322497655446225,0.10611209041238763,0.16127822945557801,0.17523543402139716,0.06498474088785332,ANN
S202,0.24776800609223418,0.2640312111523858,0.10322075008398833,0.14641904749671947,0.15662223733911199,0.08193874783556031,ANN
S203,0.22789729974415288,0.2919934551151123,0.10220608841417106,0.12635436163256994,0.15613136150698623,0.09541743358700794,ANN
S204,0.25808371284754816,0.2328447770436769,0.09958013381769751,0.12377626971608408,0.18051222823959207,0.10520287833540286,1D-CNN
S205,0.22415534581912142,0.2620630499916696,0.10572192828394573,0.11852524144058998,0.18445764952814073,0.10507678493653252,ANN
S206,0.19278668358034168,0.24348169042448847,0.12955573622115857,0.12638522162539198,0.17509806497146418,0.1326926031771547,ANN
S207,0.21272067482966595,0.21185246990546963,0.1299493428922203,0.13719623586845686,0.1873491980650742,0.12093207843911297,1D-CNN
S208,0.19338991143384782,0.188139928414375,0.11758827987941425,0.15364677458314263,0.244999461396451,0.10223564429276807,CNN-LSTM
S209,0.10746368203986005,0.15168365443181334,0.10183285972983597,0.21009339081595355,0.3449557948843504,0.08397061809818814,CNN-LSTM
S210,0.1509945349291399,0.24089757944623943,0.10456141090726492,0.18923189106326155,0.21355806649465855,0.10075651715943473,ANN
S211,0.18711446372742996,0.21485055701560807,0.12632767536727527,0.15438824207639343,0.16865736940747333,0.14866169240581914,ANN
S212,0.139740579022789,0.13848470976144903,0.1955313409697689,0.1839997633182948,0.1798495384384584,0.16239406848923962,BiLSTM
S213,0.16289083808213742,0.14152172997894805,0.19888687889777332,0.1781538139593471,0.19322265364242155,0.12532408543937362,BiLSTM
S214,0.1771619236407485,0.21147259613957103,0.116181542715498,0.16215079231444737,0.25670982657851354,0.07632331861122138,CNN-LSTM
S215,0.10471060646319262,0.18459807199247094,0.10602228220635979,0.21875776726261742,0.3326123757500969,0.05329889632526167,CNN-LSTM
S216,0.21244207780089172,0.3331933185615189,0.08932990964394302,0.13710165449291034,0.17512882148073786,0.052804218019998315,ANN
S217,0.23275745836813425,0.20833808178931457,0.1313337600714729,0.1535556991657416,0.1898016165966739,0.08421338400866409,1D-CNN
S218,0.13013954457203594,0.360891480093775,0.1110504897297027,0.1502106826951343,0.16841072038162994,0.07929708252772356,ANN
S219,0.12948640053558552,0.24426882646344314,0.12045714184858916,0.17745603614947605,0.25142134523228044,0.07691024977062508,CNN-LSTM
S220,0.12415490481803358,0.26715882774299776,0.12023135125239251,0.1847111219029928,0.23284467263871192,0.07089912164487282,ANN
S221,0.21688189585123707,0.3037895665402722,0.11128315801330846,0.12588640970278772,0.18848490479419255,0.05367406509820089,ANN
S222,0.22985374378566523,0.31392961380727297,0.0917025526021557,0.13138629107208324,0.18668710708320285,0.04644069164961938,ANN
S223,0.23533905866478613,0.25795589961918663,0.08556792754034206,0.1410450944942218,0.23331252860700546,0.046779491074457634,ANN
S224,0.20502644190794866,0.17551459266905672,0.08913547269793382,0.1824131856187391,0.29196492357365483,0.05594538353266614,CNN-LSTM
S225,0.16521655232412566,0.31007711260106113,0.08035267665897225,0.1424421843733214,0.23455572168892835,0.06735575235359108,ANN
S226,0.22598659049663722,0.3446951259271408,0.07094631879653242,0.08611618945980785,0.20624337807857474,0.06601239724130682,ANN
S227,0.3928977606780527,0.28192471943518715,0.06109069069300119,0.07401741081368483,0.1374740328486814,0.05259538553139266,1D-CNN
S228,0.32220461414116874,0.31661468543387383,0.07244221459444003,0.08115107127643666,0.15153972631059098,0.056047688243488616,1D-CNN
S229,0.18918655519189612,0.260113919836714,0.11271684686484493,0.1700418295877047,0.16804998418510902,0.09989086433373162,ANN
S230,0.2026086716344954,0.23817176715861013,0.12154084321739479,0.15392335827530812,0.19045011318247482,0.0933052465317164,ANN
S231,0.21859083295593743,0.1890209334253343,0.11412623888470924,0.14908196910997454,0.2250669632480598,0.10411306237598408,CNN-LSTM
S232,0.189663774669257,0.18826243369382506,0.12462441333681748,0.18567459080751628,0.2016796952201563,0.11009509227242906,CNN-LSTM
S233,0.18126027287150326,0.1925879401768632,0.13970522795775867,0.14909887447725156,0.22051058479623523,0.11683709972038804,CNN-LSTM
S234,0.19780789433512236,0.15651320614228595,0.11815256895346267,0.14973312476532638,0.28327076417013086,0.09452244163367275,CNN-LSTM
S235,0.17957605584898487,0.22925027278211474,0.11161839924945385,0.14455791987333075,0.24936400521998342,0.0856333470261315,CNN-LSTM
S236,0.23733585974735502,0.20983086465608625,0.12067927444506885,0.1476963073349684,0.18485122002422275,0.09960647379229863,1D-CNN
S237,0.23116031611595977,0.23398494296669273,0.1261717073810877,0.1561180537587727,0.15097585376640463,0.10158912601108248,ANN
S238,0.19625889025398047,0.18208241609210665,0.15995256271777825,0.15881960723957872,0.16639581650744495,0.13649070718911002,1D-CNN
S239,0.17506034318148445,0.1764533866567017,0.17107811211880145,0.17707565192790362,0.16537514972627648,0.1349573563888309,LSTM
S240,0.17604512077828266,0.18948780145447025,0.16677456108245856,0.1734813683119281,0.16615416091246177,0.1280569874603983,ANN
S241,0.10411833853176142,0.1468310082254834,0.14692526461384156,0.22875955849677373,0.3051120031049629,0.06825382702717699,CNN-LSTM
S242,0.13353427874200144,0.21758901506590056,0.1274940570220996,0.2434547572142595,0.21463363119805323,0.06329426075768432,LSTM
S243,0.21471814152614357,0.2261615228493081,0.11951284793038787,0.17706712462828503,0.17571386453051327,0.08682649853536215,ANN
S244,0.275357124554538,0.1343911623583749,0.10772489832758499,0.19761597939480152,0.19422012443366685,0.09069071093103526,1D-CNN
S245,0.15071598975177614,0.19534285167043886,0.12316396902904414,0.1871975822215111,0.21889939274236853,0.12468021458486053,CNN-LSTM
S246,0.2036912159084593,0.1817308302266721,0.12069247491680886,0.1351117570162071,0.2077585536529666,0.15101516827888442,CNN-LSTM
S247,0.16869564688215732,0.16295008730346663,0.15320246674307714,0.14828893660855105,0.20054684479357426,0.16631601766917362,CNN-LSTM
S248,0.16584734272300294,0.11581240631330646,0.18400527405374315,0.19275485615107035,0.16257582872509832,0.17900429203377805,LSTM
S249,0.1895837951504107,0.16429002284687275,0.17023572221752736,0.18139919332777557,0.13159570280485777,0.16289556365255722,1D-CNN
S250,0.2081618285589111,0.1457471040142133,0.16748759198279786,0.1764219044393354,0.13458212915484366,0.1675994418498981,1D-CNN
S251,0.15243470268014503,0.1675218305128419,0.1777141042550076,0.18513680557531123,0.12100485014232544,0.1961877068343671,GRU
S252,0.1441632824318309,0.14311877086805205,0.21079851785255754,0.16837727411524323,0.12949718221125894,0.20404497252105722,BiLSTM
S253,0.14983934186264727,0.14116996010678856,0.21563330940747805,0.1657928739514276,0.1495539058842024,0.1780106087874539,BiLSTM
S254,0.15152832745307818,0.21882614899317349,0.18402071919172305,0.1511462831227823,0.19245971672950926,0.10201880450973352,ANN
S255,0.12409019491360246,0.23155470562942856,0.14308696899730494,0.2179450838265319,0.19580697021719906,0.08751607641593255,ANN
S256,0.1789608143898477,0.1757574708132248,0.13185739218787107,0.25719196566172625,0.17414171998167893,0.08209063696565108,LSTM
S257,0.20630392036652878,0.18097292238172025,0.12411281505184173,0.20921325165033608,0.17568663074878707,0.10371045980078494,LSTM
S258,0.16032992314119443,0.13419521789542094,0.15876683040683415,0.18957071332228445,0.18010367743537495,0.17703363779889045,LSTM
S259,0.07292139279285893,0.09372709401835143,0.2485184121728158,0.2321694522706324,0.16058837599500564,0.19207527275033612,BiLSTM
S260,0.18295857040651978,0.1300401608888276,0.2088617689459244,0.16708080511331608,0.13375761347335666,0.17730108117205454,BiLSTM
S261,0.1468849916961879,0.1490275983080455,0.15009554371409076,0.19933859333625403,0.22969800920691857,0.1249552637385035,CNN-LSTM
S262,0.19138280289127763,0.12967614331304478,0.1407958266267002,0.21419052219490675,0.16056478799886537,0.1633899169752039,LSTM
S263,0.16480615239576743,0.1289470325396794,0.16679081050812508,0.18723864086797842,0.15823822000444399,0.19397914368400557,GRU
S264,0.17586649807076887,0.1510037041141763,0.16936676539612405,0.15339813984693124,0.15680672749311594,0.193558165078883,GRU
S265,0.13547497549425505,0.12449737298258069,0.2188001079367356,0.18363423152380373,0.13900491667523432,0.19858839538739081,BiLSTM
S266,0.1481974048455992,0.13651266995664513,0.23379352411438925,0.17822245388112404,0.10244017082501698,0.2008337763772256,BiLSTM
S267,0.22865576297543258,0.14768293532257742,0.1851875496649083,0.12998890686336495,0.09791679488589741,0.21056805028781939,1D-CNN
S268,0.14894431752063758,0.12797486758813084,0.1594734428076281,0.184896280339593,0.19767489284960219,0.18103619889440997,CNN-LSTM
S269,0.10495410583321875,0.08990534661029935,0.19265790828713153,0.18379261620603274,0.20865688556120207,0.22003313750211592,GRU
S270,0.08457432809763143,0.15772223186600903,0.2086969060968528,0.17574272814871103,0.16199455620449463,0.21126924958630094,GRU
S271,0.14804427252817925,0.1791039774687473,0.20478545035977513,0.16036706742468504,0.141752605442282,0.16594662677633282,BiLSTM
S272,0.15630756854403624,0.16306620854041842,0.20112283227356062,0.16386671746150475,0.1550071804567483,0.16062949272373178,BiLSTM
S273,0.16179187169303838,0.14842768546607235,0.1775673676411555,0.17923602107924225,0.14802332231496054,0.18495373180553215,GRU
S274,0.17452526283356845,0.1725063830158301,0.16237469392308948,0.17047470039769647,0.15573848000547527,0.16438047982434026,1D-CNN
S275,0.16712007781811133,0.14082928435471231,0.16207050122314529,0.17777549971919895,0.1884450103034113,0.16375962658142026,CNN-LSTM
S276,0.13438253805045194,0.1519470360018475,0.17978917741170033,0.17249866514634643,0.18744223667621746,0.17394034671343472,CNN-LSTM
S277,0.1478442818092442,0.15928762249842704,0.1804486530140882,0.1676807455413549,0.1749477799386796,0.16979091719820588,BiLSTM
S278,0.13923763906742231,0.161626780590715,0.1707761020833641,0.1782710054402946,0.19399806494399843,0.15609040787420506,CNN-LSTM
S279,0.16308337820239024,0.21006373864117928,0.14369254735296932,0.17895816141588008,0.1792904937883369,0.1249116805992434,ANN
S280,0.19984653716467615,0.1939290668147352,0.14136043441826682,0.17277227440919538,0.15279514979663164,0.13929653739649492,1D-CNN
S281,0.15728135639182772,0.16976418975643195,0.16921365775766098,0.17304951829399343,0.1527478078810392,0.17794346991904808,GRU
S282,0.1250967387470719,0.15231523837399868,0.19761166297746427,0.1917471636288108,0.1529340264812816,0.18029516979137247,BiLSTM
S283,0.1535822567454226,0.15479182548835982,0.19798524122512945,0.1770688023186138,0.14746583760218135,0.16910603662029408,BiLSTM
S284,0.15562824847944381,0.16119238235383793,0.19116658723687568,0.16794917859442476,0.15421778521421986,0.16984581812119937,BiLSTM
S285,0.04299615929715653,0.10813712738136695,0.1989559461593436,0.24116215648145617,0.27812024074565134,0.13062836993502516,CNN-LSTM
S286,0.06189661236751812,0.1448133269627244,0.16588088576519458,0.29276092196725506,0.24424320302063365,0.09040504991667442,LSTM
S287,0.24500343778189096,0.1956598302577714,0.12462479354865076,0.18777170698891596,0.14625429978466228,0.10068593163810893,1D-CNN
S288,0.25140820858412205,0.16140616201321198,0.12465481009900864,0.16339578160339158,0.15995640694873786,0.13917863075152764,1D-CNN
S289,0.13418264589473178,0.24320002164292806,0.1279336478763086,0.15040833472328802,0.16397281232036717,0.18030253754237555,ANN
S290,0.1443555802056679,0.15503275571024558,0.17543517199376119,0.18624456644381532,0.15199076823871255,0.18694115740779674,GRU
S291,0.14755019045516543,0.0993590349899219,0.2279997752943061,0.22917458202037605,0.13059175818276125,0.16532465905746926,LSTM
S292,0.16222387325215468,0.15694128162130774,0.21998488453739715,0.19370763897221951,0.10498203727925527,0.16216028433766705,BiLSTM
S293,0.16803710456466892,0.17390891996636237,0.20637786434488556,0.15408276372143545,0.1222253765127539,0.17536797088989328,BiLSTM
S294,0.08289559566308496,0.1560938608531649,0.1945817781027123,0.24219102176636165,0.2035852948794182,0.12065244873525653,LSTM
S295,0.08225931227723936,0.10922336002996924,0.1962860376258465,0.29995652768570547,0.21744845560455955,0.09482630677668111,LSTM
S296,0.14163767785735074,0.16239747189903594,0.14637790923597158,0.24512720675451508,0.19483010438916945,0.10962962986395725,LSTM
S297,0.2801929498037948,0.15604335833899602,0.11694276210654758,0.16268020118160897,0.14104931218544062,0.14309141638361347,1D-CNN
S298,0.1332747284466078,0.13551317702742072,0.16506310319532458,0.17497231154102993,0.2030821889221794,0.18809449086743746,CNN-LSTM
S299,0.17566662841364517,0.14761334018419758,0.1643191294570042,0.16472860418717586,0.17037642174428166,0.17729587601369587,GRU
S300,0.16642972175196208,0.12706380538629314,0.195511744237392,0.1740988528540505,0.1567879974095982,0.18010787836070344,BiLSTM
S301,0.14375328909264382,0.12725102348717438,0.2042265818828688,0.19398850024154543,0.14226123984569197,0.1885193654500751,BiLSTM
S302,0.19084692823746663,0.1508798011610773,0.17466641853554496,0.17179261157777415,0.1324491190052063,0.17936512148293057,1D-CNN
S303,0.16287704836166597,0.17054698474896388,0.16612481606624505,0.1886874864770589,0.14648364628440522,0.16528001806166134,LSTM
S304,0.12913718720070635,0.14109355940556276,0.20339268777297864,0.18896904033347303,0.15358842620896812,0.18381909907831226,BiLSTM
S305,0.1200412077210034,0.12124972282508596,0.22155136693458602,0.1730556661453051,0.17758295744074437,0.18651907893327344,BiLSTM
S306,0.12544098868569475,0.15821472778682266,0.18885370499617116,0.18716271972177634,0.20648184505215675,0.13384601375737853,CNN-LSTM
S307,0.08595094337176233,0.1827077854440872,0.15700132368284775,0.2606359710052132,0.22917247596599177,0.08453150053009895,LSTM
S308,0.23507325443368338,0.191099569670437,0.1129410342577504,0.20987340009245703,0.17827889040275907,0.07273385114291345,1D-CNN
S309,0.3104149542739189,0.15264763950180218,0.094201003437118,0.2065648027693805,0.16590738509912467,0.07026421491865563,1D-CNN
