Segment,1D-CNN,ANN,CNN-LSTM,GRU,Selected
S1,0.24217367073207402,0.14975634074805177,0.40526267827211154,0.2028073102477791,CNN-LSTM
S2,0.1883068017392251,0.18413379077019104,0.3566148997299437,0.2709445077606473,CNN-LSTM
S3,0.13148749774006865,0.18356843444659052,0.4519093876260504,0.23303468018728588,CNN-LSTM
S4,0.1711742974275031,0.23242938920580936,0.4118067877170026,0.18458952564967557,CNN-LSTM
S5,0.22213649919297063,0.14260719297542945,0.44170625869851815,0.19355004913308363,CNN-LSTM
S6,0.307097315433222,0.23247817778481047,0.2558298128003317,0.20459469398164098,1D-CNN
S7,0.23060997553715396,0.33491829740530843,0.22671668264277933,0.2077550444147782,ANN
S8,0.19021404485069335,0.2720635382905012,0.1955213533350895,0.34220106352371776,GRU
S9,0.212139601024738,0.20091933369121812,0.29551004373764345,0.2914310215464005,CNN-LSTM
S10,0.22182194800184407,0.39844569466076607,0.22196065195114545,0.15777170538625931,ANN
S11,0.2607281388902049,0.4913987085575284,0.1682893308485255,0.0795838217037348,ANN
S12,0.15879143264271506,0.5385578040251453,0.24119027353142447,0.06146048980070702,ANN
S13,0.09093465780454611,0.38597862243439335,0.45649556536052627,0.0665911544005343,CNN-LSTM
S14,0.2279848920910597,0.49232012849182977,0.188717271064308,0.0909777083528002,ANN
S15,0.5131604265650126,0.2739811397938039,0.09736964994533985,0.11548878369585747,1D-CNN
S16,0.34152308549224336,0.39837499664154946,0.12175940129397853,0.13834251657222513,ANN
S17,0.21986329963895215,0.27475893120314,0.25382923154158465,0.2515485376163211,ANN
S18,0.20163609785789788,0.24242681249603487,0.3644217322924428,0.1915153573536146,CNN-LSTM
S19,0.18076950737752573,0.15303905321164196,0.5587111838721085,0.10748025553872365,CNN-LSTM
S20,0.036290454649603086,0.025156646560311087,0.9028113792717516,0.03574151951833436,CNN-LSTM
S21,0.24340342260292155,0.3020510377806764,0.3781175597306499,0.07642797988576895,CNN-LSTM
S22,0.2931478465978989,0.33780268705453353,0.2604754368639048,0.10857402948368616,ANN
S23,0.10297320619387171,0.4613590131768523,0.2846940347703487,0.15097374585892764,ANN
S24,0.23493726601814438,0.313689897328108,0.126950302125527,0.3244225345282214,GRU
S25,0.27112135960490097,0.2907562515895048,0.1301871507444506,0.30793523806115675,GRU
S26,0.327905776965293,0.2805425500019268,0.13109996507492236,0.26045170795785605,1D-CNN
S27,0.13433821722833444,0.6729473370759587,0.10819095547170544,0.08452349022400073,ANN
S28,0.3040901927429087,0.2408065922892477,0.40527798563732265,0.04982522933052757,CNN-LSTM
S29,0.027161381875466222,0.01683896441160087,0.9463512939534465,0.009648359759481157,CNN-LSTM
S30,0.11151753919244409,0.5590322679678381,0.23760449687441873,0.09184569596529983,ANN
S31,0.40972295128191843,0.19023144707612158,0.1338360993300962,0.26620950231186363,1D-CNN
S32,0.2595618684665709,0.06707598360508463,0.31858910347546215,0.3547730444528819,GRU
S33,0.08655957850924677,0.058191405562364615,0.5924151681712393,0.2628338477571489,CNN-LSTM
S34,0.2178880318971717,0.15522427769744315,0.3110622540775476,0.31582543632783255,GRU
S35,0.18808225887808686,0.2225098759372556,0.2986838125671008,0.2907240526175566,CNN-LSTM
S36,0.3879369793552285,0.19269613686446233,0.23842887073382926,0.18093801304648152,1D-CNN
S37,0.35656873122917376,0.2440674501168875,0.23424536031854418,0.1651184583354091,1D-CNN
S38,0.2172168911416976,0.42187331407710854,0.13071467877330248,0.23019511600787734,ANN
S39,0.2445686214087284,0.31632724480933233,0.17445110042154327,0.2646530333603954,ANN
S40,0.2677001995848945,0.18545294956144498,0.31230494438184775,0.23454190647183737,CNN-LSTM
S41,0.23720565737463364,0.19464738001415655,0.35550229113711607,0.21264467147410882,CNN-LSTM
S42,0.24774420992030735,0.2143006152502052,0.2655725022385882,0.27238267259089216,GRU
S43,0.21323446880025224,0.2672140200951009,0.339113335857613,0.18043817524703398,CNN-LSTM
S44,0.26083786813668197,0.23864280915160357,0.3737215950036923,0.12679772770802544,CNN-LSTM
S45,0.3819143258625714,0.1940174951160789,0.24981577135605296,0.17425240766528882,1D-CNN
S46,0.2515412323821412,0.30562175771371247,0.17993396818801757,0.2629030417161227,ANN
S47,0.22069811389989624,0.299524066450339,0.19475931410474656,0.28501850554501995,ANN
S48,0.2411640744689549,0.1742386766603887,0.2513907681344314,0.3332064807362074,GRU
S49,0.260076509617831,0.24893772313483484,0.24868392716469748,0.24230184008264388,1D-CNN
S50,0.2055252883550806,0.31371552150079135,0.2123706817937961,0.26838850835032413,ANN
S51,0.02454347387101138,0.08481772965101618,0.783980040779793,0.10665875569817683,CNN-LSTM
S52,0.47235771293798373,0.2829299571212695,0.12602160498908416,0.11869072495166225,1D-CNN
S53,0.301689848363367,0.23194020355814712,0.17426703163859486,0.29210291643987857,1D-CNN
S54,0.6618284739612565,0.01910664401604773,0.20504529704966065,0.11401958497303497,1D-CNN
S55,0.026998404557685443,0.012068911748047868,0.9425599899648909,0.01837269372937502,CNN-LSTM
S56,0.2631835338155571,0.12094943807616358,0.33378582044152433,0.28208120766675454,CNN-LSTM
S57,0.21182340531831123,0.04158525791974942,0.2818682343255114,0.46472310243642456,GRU
S58,0.42002994099553564,0.07620886342233558,0.1791706831367816,0.3245905124453404,1D-CNN
S59,0.20053369127507115,0.2516545806682707,0.17995838837669045,0.36785333967998074,GRU
S60,0.15893268955298073,0.4458483786608568,0.1096315667622801,0.28558736502387927,ANN
S61,0.02172125716247106,0.07481482739726611,0.08537156358930338,0.8180923518509481,GRU
S62,0.029514325643757788,0.1198975175799431,0.20777048548584026,0.6428176712904714,GRU
S63,0.1672236852170343,0.623579535609884,0.06951110657576806,0.1396856725973133,ANN
S64,0.35485027623976534,0.4414058537218735,0.09807428606519233,0.10566958397316227,ANN
S65,0.16076014311818568,0.45304828443773704,0.2772484029687296,0.10894316947535107,ANN
S66,0.25349356527636757,0.39234056907545123,0.21180144800442754,0.14236441764374375,ANN
S67,0.4472990127191157,0.23983900175961734,0.15277225424803567,0.1600897312732197,1D-CNN
S68,0.5298459475855857,0.182983878902525,0.19911730932935637,0.08805286418253168,1D-CNN
S69,0.19282488285711413,0.27602486046634683,0.40021130922239967,0.13093894745413917,CNN-LSTM
S70,0.1627712054176007,0.21984611096848133,0.3816374523421566,0.2357452312717608,CNN-LSTM
S71,0.3310752129992466,0.20652368993075204,0.28316476212745584,0.17923633494254532,1D-CNN
S72,0.27456544738405086,0.21400269524767557,0.3679014063864279,0.14353045098183698,CNN-LSTM
S73,0.35657256104823604,0.14301930310272468,0.31608775807475864,0.18432037777427443,1D-CNN
S74,0.22129680112425007,0.3297004931512251,0.19011068908264878,0.25889201664186823,ANN
S75,0.24937157075246474,0.3040689543718123,0.1296201205167279,0.31693935435898496,GRU
S76,0.3347303819834168,0.24170192007868962,0.14069239752695098,0.28287530041094255,1D-CNN
S77,0.3150870769842983,0.2126279794265815,0.185214368862618,0.28707057472650127,1D-CNN
S78,0.4760101163963488,0.2387275565730967,0.026955430221659502,0.25830689680890334,1D-CNN
S79,0.22480021259482233,0.4001605104952928,0.07161812404565929,0.303421152864229,ANN
S80,0.28352380379835496,0.19853912266719062,0.22489475034770623,0.2930423231867776,GRU
S81,0.3894090716366149,0.12292469746745398,0.2781187206752747,0.2095475102206563,1D-CNN
S82,0.4500153432919576,0.13165162924818882,0.2328671821949376,0.185465845264916,1D-CNN
S83,0.3936322759734861,0.2161057939281478,0.22427949844839556,0.1659824316499785,1D-CNN
S84,0.35792266548747553,0.22297712033331032,0.23087685981681333,0.18822335436239693,1D-CNN
S85,0.2702345405876708,0.29220595607008043,0.18915963002467878,0.24839987331757338,ANN
S86,0.46338092758371546,0.14391603395722122,0.10657994768066417,0.2861230907783788,1D-CNN
S87,0.28219555724661494,0.34675063538480005,0.08219663180392695,0.28885717556465956,ANN
S88,0.1519432140564123,0.308533295177246,0.11162298186959287,0.4279005088967486,GRU
S89,0.1690081852780241,0.21047873509067772,0.26363152103231796,0.35688155859898046,GRU
S90,0.15128924679520248,0.3540928649998318,0.18781618164881372,0.30680170655613886,ANN
S91,0.06363501411356229,0.20888487008783796,0.5329810527754733,0.19449906302312417,CNN-LSTM
S92,0.2744553461705487,0.22481278843247463,0.3479174605138961,0.15281440488307585,CNN-LSTM
S93,0.5111208169539451,0.28608289991580715,0.13695303987742874,0.0658432432528124,1D-CNN
S94,0.45562570433927957,0.17744204532587743,0.2410210812337237,0.12591116910111358,1D-CNN
S95,0.3857758438947268,0.18013174870685905,0.21182180531339218,0.2222706020850184,1D-CNN
S96,0.3665863727116591,0.28002479738390285,0.14252445027058608,0.21086437963384427,1D-CNN
S97,0.23096643353300658,0.2827713238158507,0.18944639475798633,0.29681584789315296,GRU
S98,0.27678835971348315,0.22928269570789944,0.19479098940060513,0.2991379551780086,GRU
S99,0.21025042606634936,0.2844538984497323,0.19594819261906532,0.30934748286485,GRU
S100,0.16536586623384997,0.5381451136967749,0.11895745482331047,0.17753156524606215,ANN
S101,0.04859559544525732,0.1721628051464957,0.21915793088458305,0.5600836685236702,GRU
S102,0.024104793322186478,0.08455493002241513,0.7159662192512338,0.17537405740416429,CNN-LSTM
S103,0.07001904861178228,0.18966596785762832,0.6731028542561792,0.06721212927440853,CNN-LSTM
S104,0.23846018980328207,0.3992307780146035,0.2630233119451214,0.0992857202369997,ANN
S105,0.4428753159347266,0.44725275455610364,0.03665400031108534,0.07321792919808384,ANN
S106,0.7315324810967835,0.17318348965532004,0.03209699511170332,0.06318703413619117,1D-CNN
S107,0.14056765561963167,0.6116267442206829,0.08022219742685137,0.1675834027328343,ANN
S108,0.3382893661171195,0.36754160333810476,0.11412719308385096,0.1800418374609239,ANN
S109,0.36627712130909224,0.3656595336849234,0.10843502536674403,0.15962831963923155,1D-CNN
S110,0.1044631699109844,0.12540749337011198,0.6006435599094274,0.16948577680947624,CNN-LSTM
S111,0.03893310336013271,0.12831731334533944,0.7440786543021132,0.08867092899242202,CNN-LSTM
S112,0.02382643684714146,0.02558136534325806,0.8593574221986606,0.0912347756109307,CNN-LSTM
S113,0.03130686023551949,0.05374540608734592,0.7865549231623343,0.12839281051479534,CNN-LSTM
S114,0.03390903921263356,0.14458798769689668,0.6996416142510903,0.12186135883938244,CNN-LSTM
S115,0.2941715668703739,0.3316133171149953,0.26507200260906744,0.10914311340555956,ANN
S116,0.3519466821932919,0.5022173284707414,0.10846286179507617,0.03737312754088593,ANN
S117,0.2614000443765178,0.4606826929289674,0.22667281087573599,0.05124445181877907,ANN
S118,0.19160960329523816,0.4175402756792465,0.317678519740161,0.0731716012853544,ANN
S119,0.13638501300993053,0.5320353697527938,0.19940408781499658,0.13217552942227903,ANN
S120,0.308871490414962,0.13748142248092338,0.4855234312171676,0.06812365588696483,CNN-LSTM
S121,0.1509851220450599,0.07207041441249137,0.746955299051981,0.029989164490468376,CNN-LSTM
S122,0.2869212326582199,0.2233952105399673,0.29790756714481625,0.1917759896570107,CNN-LSTM
S123,0.23584062647932294,0.20877684893747817,0.1411856872529122,0.41419683733030155,GRU
S124,0.2548923186094047,0.06006427773973674,0.17327497093426494,0.5117684327165894,GRU
S125,0.15555711482790868,0.08676813078041694,0.3618810658709552,0.3957936885207068,GRU
S126,0.1191236303097458,0.16603333514015267,0.2064609383505284,0.5083820961995765,GRU
S127,0.3213423658301848,0.2442413653861942,0.09392992355793242,0.34048634522569715,GRU
S128,0.2708198210869839,0.3431397170244816,0.12288502969335459,0.26315543219519044,ANN
S129,0.3612553526642444,0.36371882011604456,0.12469849373050429,0.15032733348921998,ANN
S130,0.2725030646230818,0.37443354200384027,0.12028294307252224,0.23278045030055652,ANN
S131,0.27576328431261454,0.2715714590473048,0.1921951042981857,0.2604701523418941,1D-CNN
S132,0.22321752683271343,0.18875969641173976,0.4234270820999385,0.16459569465559523,CNN-LSTM
S133,0.14684311209339193,0.10996427942576993,0.6513873425393212,0.09180526594150712,CNN-LSTM
S134,0.2319614354712707,0.17537114588071723,0.4869773842346592,0.10569003441334969,CNN-LSTM
S135,0.20246072858071532,0.17681874234335457,0.5538376238512298,0.06688290522469877,CNN-LSTM
S136,0.38704037208020825,0.12998482961319177,0.34828709907449085,0.13468769923210497,1D-CNN
S137,0.15305543009971825,0.07357755183029137,0.3347590055796436,0.4386080124903497,GRU
S138,0.09512468163862374,0.18052922874361826,0.26134146474627257,0.4630046248714826,GRU
S139,0.22200441315599645,0.25442367869977567,0.1658449464074641,0.35772696173676394,GRU
S140,0.22517947161525786,0.2915796701919886,0.21369921384237334,0.26954164435039263,ANN
S141,0.16178659239425594,0.4597430562484609,0.16522375729751954,0.21324659405976248,ANN
S142,0.21740705154644546,0.5459977237776206,0.14634878413600438,0.09024644053993035,ANN
S143,0.2891682921632988,0.30861272618517616,0.3059320310464008,0.09628695060511652,ANN
S144,0.24784557977901114,0.29989692868324047,0.3052376684607376,0.14701982307700545,CNN-LSTM
S145,0.26434944156425433,0.21243485221617436,0.3504491023899026,0.17276660382966175,CNN-LSTM
S146,0.26313038673619893,0.2319049736750436,0.41644149135789393,0.08852314823086369,CNN-LSTM
S147,0.14837351869417117,0.5407443675239374,0.2722363379766304,0.03864577580525743,ANN
S148,0.3622094545935703,0.1471826160060355,0.4472606618334425,0.0433472675669488,CNN-LSTM
S149,0.3397671890487908,0.3260724310717371,0.2496035574041778,0.08455682247530892,1D-CNN
S150,0.374792451511875,0.2607262440952038,0.1760911451057616,0.1883901592871595,1D-CNN
S151,0.2273368461783723,0.23306274772650928,0.23208911945457186,0.3075112866405338,GRU
S152,0.19401403978250673,0.22375353637590584,0.1800720032508966,0.4021604205906944,GRU
S153,0.09223711891917565,0.6441102681357226,0.12555121534308175,0.13810139760201992,ANN
S154,0.3424233012896258,0.31883270736702973,0.17969413551299052,0.15904985583035383,1D-CNN
S155,0.4334946187029408,0.20728171895444605,0.19239997602969008,0.1668236863129334,1D-CNN
S156,0.2513652049107462,0.2132574164863153,0.33623684745396437,0.19914053114898142,CNN-LSTM
S157,0.2706558462613479,0.07054910177294357,0.47766969520570085,0.18112535676000763,CNN-LSTM
S158,0.1566505787101204,0.3617910304264317,0.37352107324046496,0.10803731762298663,CNN-LSTM
S159,0.21363606660136467,0.4631116422118309,0.1698359783605445,0.15341631282626658,ANN
S160,0.2305570333216625,0.32354623347290634,0.1416104097263939,0.3042863234790351,ANN
S161,0.24949466527331166,0.0941888163430939,0.1704238174077426,0.485892700975852,GRU
S162,0.08997518712403689,0.18708080574629113,0.2053396663896087,0.5176043407400575,GRU
S163,0.12938770506105843,0.1953933640972305,0.21147334540321697,0.4637455854384807,GRU
S164,0.28118555731494643,0.151733267558097,0.1434043124952435,0.42367686263172655,GRU
S165,0.24806883994392198,0.3146311758935018,0.2371826743129699,0.20011730984960024,ANN
S166,0.16756466921213978,0.11736275914950821,0.6488795839434077,0.06619298769493985,CNN-LSTM
S167,0.395251834200182,0.1544817186911404,0.27267468126552175,0.17759176584315306,1D-CNN
S168,0.19751912204392824,0.14774563963124612,0.15136087247709984,0.50337436584773,GRU
S169,0.16858390683426114,0.056908052341342615,0.1424487499144608,0.6320592909099338,GRU
S170,0.12498883720802799,0.0960026956010495,0.38579692780068897,0.3932115393902278,GRU
S171,0.20271054588730514,0.10771599248605308,0.18209352119237565,0.5074799404342624,GRU
S172,0.12790151160169588,0.055746348993391134,0.1942888886661115,0.6220632507388046,GRU
S173,0.0915862997625679,0.06822221616196426,0.519747232135895,0.32044425193957216,CNN-LSTM
S174,0.12229445354758452,0.10780266027336699,0.3780733008657841,0.39182958531326373,GRU
S175,0.1516881578950414,0.1781237379363283,0.17895306587805554,0.4912350382905722,GRU
S176,0.07091655101178912,0.44868641769212525,0.06659609024782313,0.4138009410482623,ANN
S177,0.2410230490431402,0.27347991931697924,0.10611204621964465,0.3793849854202222,GRU
S178,0.11448591538064988,0.11685607918837634,0.19776123084816571,0.5708967745827948,GRU
S179,0.15463651448590593,0.40611887962270526,0.06201751354734813,0.37722709234404084,ANN
S180,0.23260697214966958,0.6407700439631115,0.027747054731990226,0.0988759291552283,ANN
S181,0.26978402868558854,0.5882766007626249,0.06722118148719482,0.0747181890645913,ANN
S182,0.13077394263195946,0.4946221469263207,0.22715939548485564,0.14744451495688252,ANN
S183,0.13330802709749667,0.3063087040243189,0.4426078681028711,0.11777540077531165,CNN-LSTM
S184,0.21472301291640783,0.6094168083203484,0.09190177232754061,0.08395840643570299,ANN
S185,0.402538274211231,0.3725939630542483,0.1024018710883454,0.12246589164617085,1D-CNN
S186,0.4055919409404661,0.3060265705686451,0.09570397013637079,0.19267751835451888,1D-CNN
S187,0.22680211173353643,0.356451606123151,0.2266970239322048,0.19004925821110003,ANN
S188,0.20348766138647045,0.4838546998746239,0.21615440433362043,0.09650323440529832,ANN
S189,0.1593216252481114,0.14463624215101303,0.6168370186833766,0.0792051139174996,CNN-LSTM
S190,0.119655180390048,0.23612828185560628,0.55541122432021,0.08880531343413142,CNN-LSTM
S191,0.17614436963046545,0.11789775717580825,0.5503745830107962,0.1555832901829292,CNN-LSTM
S192,0.16559179338015872,0.23869998357204827,0.44828987413507226,0.1474183489127133,CNN-LSTM
S193,0.15239131453893726,0.4294736324946757,0.2973005691008999,0.12083448386548726,ANN
S194,0.16729346630898848,0.4557494474863118,0.24001277176168737,0.13694431444300342,ANN
S195,0.21743695607175573,0.25906437838571117,0.23814269058556478,0.2853559749569864,GRU
S196,0.24335008230905472,0.39376949361065666,0.15481174681436027,0.2080686772659243,ANN
S197,0.26504363734006087,0.4687988215189544,0.13387258340920985,0.1322849577317779,ANN
S198,0.25964319017494564,0.351482080126855,0.3060786503991961,0.08279607929900946,ANN
S199,0.12447022106865038,0.18762486472685475,0.6142115218252208,0.0736933923792674,CNN-LSTM
S200,0.19817202931727454,0.17024596117617802,0.47364460574069417,0.15793740376585028,CNN-LSTM
S201,0.16358469821741853,0.6372855024049866,0.15559810428515936,0.04353169509242847,ANN
S202,0.3940607292765886,0.351246351375588,0.1628079399511132,0.09188497939670685,1D-CNN
S203,0.26760620822161707,0.49935719426365777,0.1523710141324187,0.08066558338231034,ANN
S204,0.417248640578694,0.2540082563464491,0.21843956602081255,0.1103035370540351,1D-CNN
S205,0.2610741700823107,0.35862435460734343,0.2518912677699918,0.1284102075403437,ANN
S206,0.21077947826528376,0.36243386656951904,0.24062721820140442,0.1861594369637988,ANN
S207,0.2930533661436263,0.31019781570012717,0.25557350588714084,0.14117531226910915,ANN
S208,0.3202352006997645,0.21148079741676656,0.3865177562937771,0.08176624558969164,CNN-LSTM
S209,0.18113388291920252,0.18693612913549362,0.5687536273462762,0.06317636059902841,CNN-LSTM
S210,0.18904779379325018,0.430936976261207,0.19604156422387953,0.18397366572166043,ANN
S211,0.2551357886558274,0.3377991848775485,0.1587505715088369,0.24831445495778987,ANN
S212,0.21821201798594145,0.18694682945690527,0.3140811775114824,0.280759975045651,CNN-LSTM
S213,0.23626455516901215,0.17364852172037,0.44962894280466803,0.1404579803059495,CNN-LSTM
S214,0.3066265962028344,0.2549369924341603,0.38764041573383334,0.0507959956291772,CNN-LSTM
S215,0.10760532830044182,0.19884102515322427,0.5676923716203089,0.12586127492602217,CNN-LSTM
S216,0.22393737316136048,0.5454165294390708,0.18127601350710587,0.049370083892467456,ANN
S217,0.36126305549736026,0.25893057214493437,0.2859729415379126,0.09383343081979952,1D-CNN
S218,0.10210380465175611,0.6874773247373577,0.15184602357006885,0.058572847040817395,ANN
S219,0.15766830731945583,0.46873861346208473,0.2976751200577426,0.07591795916070755,ANN
S220,0.14592137755323611,0.43618711116417086,0.33002612601684156,0.08786538526573515,ANN
S221,0.23880202106367215,0.46729134251834253,0.24899013725588057,0.04491649916210494,ANN
S222,0.24251968963100698,0.4973556635776501,0.23199920047209488,0.02812544631924856,ANN
S223,0.2965285904092733,0.35003177224740023,0.32864384053641815,0.024795796806906897,ANN
S224,0.315452087356161,0.1408501281556026,0.5062208412450834,0.037476943243147515,CNN-LSTM
S225,0.211152244450152,0.4839419131516288,0.19471129060336792,0.11019455179484862,ANN
S226,0.24816332155076973,0.4666838742591031,0.24555127343970065,0.039601530750426314,ANN
S227,0.588550809024864,0.2579043615943667,0.12376283006110564,0.029781999319666887,1D-CNN
S228,0.3518334044871095,0.4752642582752518,0.13903110819852185,0.03387122903911707,ANN
S229,0.23300858501503788,0.4994452159137879,0.17100946785236648,0.09653673121881697,ANN
S230,0.30149645668696373,0.42018213947977895,0.20025839565616263,0.07806300817708736,ANN
S231,0.3244841799594415,0.2206082099847593,0.35943711478365437,0.09547049527213862,CNN-LSTM
S232,0.2635368312505409,0.26199684842303184,0.31016080999863554,0.1643055103277907,CNN-LSTM
S233,0.23439886239283514,0.25693780803817623,0.3653305270128962,0.14333280255610648,CNN-LSTM
S234,0.2693062416131032,0.10713203013357823,0.5544114067333903,0.06915032151992573,CNN-LSTM
S235,0.18664337020575833,0.32429322904938157,0.4343116570857678,0.054751743659090815,CNN-LSTM
S236,0.39871780033428483,0.2653566430025205,0.22889214997694637,0.10703340668624613,1D-CNN
S237,0.3637974813886135,0.39309309339570553,0.12449947169751423,0.11860995351816596,ANN
S238,0.2924079732777727,0.2780085108078589,0.2292202198959979,0.20036329601836944,1D-CNN
S239,0.2957208900946889,0.2617437866352873,0.25431529618707055,0.1882200270829487,1D-CNN
S240,0.25856256949275713,0.3181983682059982,0.2667371593916441,0.15650190290959706,ANN
S241,0.17696999013863002,0.235857945812264,0.5247986790705675,0.06237338497853661,CNN-LSTM
S242,0.1535567634349134,0.45931215512571955,0.3263369957780179,0.060794085661343866,ANN
S243,0.32336573113313166,0.39234514799441345,0.21424595575250302,0.07004316511996819,ANN
S244,0.6792621615958109,0.05546605735340616,0.20191781215701313,0.063353968893784,1D-CNN
S245,0.1479294341352652,0.22023147690369668,0.41486504099762955,0.21697404796341027,CNN-LSTM
S246,0.2555291031944991,0.21099891142670454,0.35981707427421644,0.17365491110457834,CNN-LSTM
S247,0.2201097056672871,0.22160957324118366,0.34533496745679215,0.2129457536347269,CNN-LSTM
S248,0.2611719090025271,0.1552219745939457,0.29000436451154776,0.2936017518919735,GRU
S249,0.4130768592485678,0.24239983544935426,0.14840838921705762,0.1961149160850211,1D-CNN
S250,0.5037029836732783,0.14218277398867007,0.1529283615501771,0.20118588078787047,1D-CNN
S251,0.22497057326738928,0.2579513771656083,0.14113871265671454,0.3759393369102835,GRU
S252,0.20553837449919762,0.20484301804811114,0.17758342553217438,0.41203518192051264,GRU
S253,0.23161284034406035,0.18223259803714395,0.28610542843047265,0.30004913318832566,GRU
S254,0.17597147777180527,0.4714509382950239,0.28985241020080205,0.06272517373236228,ANN
S255,0.11941170144526496,0.5639651383227933,0.2432805499182872,0.07334261031365785,ANN
S256,0.33888865310536265,0.2995130380323224,0.2637644096516753,0.09783389921063669,1D-CNN
S257,0.34716034687118535,0.2366702181124175,0.2772737337526271,0.1388957012637579,1D-CNN
S258,0.2745856719269021,0.2564896388252006,0.21511032339342517,0.25381436585446854,1D-CNN
S259,0.10185299881824537,0.19030422129287633,0.3018438259020774,0.40599895398680114,GRU
S260,0.3406904501615544,0.1454212391647144,0.22942211919452848,0.28446619147919583,1D-CNN
S261,0.12233053437736574,0.1455008110307476,0.63113911227042,0.10102954232147941,CNN-LSTM
S262,0.4722537039722958,0.12190628163794642,0.20326641480874477,0.20257359958100993,1D-CNN
S263,0.31296114771361433,0.11445405202482642,0.1951616282757709,0.37742317198579156,GRU
S264,0.22333162775532522,0.2555937255489392,0.24130214735457714,0.2797724993411582,GRU
S265,0.23691795220799028,0.1305548911434678,0.2956518727870913,0.3368752838614456,GRU
S266,0.2639123234493371,0.23678502722782205,0.1416123089376742,0.3576903403851803,GRU
S267,0.38370796718758626,0.2227438227740986,0.1491144801095275,0.24443372992879206,1D-CNN
S268,0.16140077227566751,0.12351292028093333,0.5427925794323599,0.1722937280110495,CNN-LSTM
S269,0.12396607642577032,0.06422850384261605,0.4704440929898014,0.3413613267418107,CNN-LSTM
S270,0.07837819283383432,0.2756719002006915,0.2130147820030109,0.43293512496245934,GRU
S271,0.173674419282207,0.29919178412654823,0.15121934500750683,0.3759144515837389,GRU
S272,0.23018447892316815,0.3017845442618649,0.2321505279988604,0.23588044881610842,ANN
S273,0.27531459440334505,0.23951147163178138,0.19360204573599707,0.2915718882288722,GRU
S274,0.27146463011132366,0.32431538087076794,0.19876739344324645,0.2054525955746441,ANN
S275,0.23525035787450974,0.16550844427438008,0.39535098104147937,0.20389021680963082,CNN-LSTM
S276,0.15310782851028637,0.2986689496361502,0.3716332112211175,0.17659001063244928,CNN-LSTM
S277,0.23502019403321828,0.19810557667274342,0.3291079751983189,0.23776625409572055,CNN-LSTM
S278,0.2734634513072726,0.18865738415585318,0.3089156956344607,0.22896346890240832,CNN-LSTM
S279,0.22462785429247734,0.46601770051485214,0.20931595388112864,0.1000384913115406,ANN
S280,0.3330239483245164,0.28328661775383884,0.1435294567018977,0.2401599772197342,1D-CNN
S281,0.2195220967776897,0.2851547391919042,0.17783573385700668,0.3174874301733945,GRU
S282,0.16949485753927263,0.27015889785439523,0.22418143650307312,0.3361648081032488,GRU
S283,0.24272164758308737,0.2280604591802789,0.2618532239993724,0.2673646692372603,GRU
S284,0.22282987476447888,0.2621659711904392,0.28927979892727895,0.225724355117803,CNN-LSTM
S285,0.030651958374635725,0.0815498304604673,0.7309302292341107,0.15686798193079315,CNN-LSTM
S286,0.05914118631047772,0.19963708739752747,0.6290825676079403,0.11213915868405543,CNN-LSTM
S287,0.5006040781333854,0.2604933997105073,0.16218238871077773,0.07672013344533106,1D-CNN
S288,0.49136533496551743,0.13614054998477831,0.2186016514278537,0.15389246362185074,1D-CNN
S289,0.12393725268034195,0.5040896516396868,0.16128060150979207,0.21069249417016592,ANN
S290,0.2093209967728203,0.23475438456909498,0.20310002251403028,0.3528245961440441,GRU
S291,0.2806830780317844,0.1709300312727778,0.21253582232359186,0.33585106837184076,GRU
S292,0.2670526887245263,0.3498802961222187,0.14295211457229692,0.24011490058095808,ANN
S293,0.3805566894212894,0.26436011000510606,0.159818609952774,0.19526459062082024,1D-CNN
S294,0.11150247222603166,0.4082892662214995,0.3050105208429647,0.17519774070950606,ANN
S295,0.22888416443722318,0.23981931962807537,0.41180040191039613,0.11949611402430556,CNN-LSTM
S296,0.500950869957854,0.2307908362058682,0.2025472172152071,0.06571107662107797,1D-CNN
S297,0.6508604376214742,0.15750990764858377,0.09027648256483756,0.10135317216511545,1D-CNN
S298,0.12518939733920023,0.3066462055888713,0.3738169792761661,0.19434741779576778,CNN-LSTM
S299,0.2838573679438911,0.15261840149324465,0.2201639792556362,0.34336025130722786,GRU
S300,0.2762375135165744,0.21131097579208155,0.2155308503246477,0.29692066036669595,GRU
S301,0.26642332058157175,0.20258363545634736,0.20338738534043757,0.3276056586216428,GRU
S302,0.39632222008609724,0.18803507214327544,0.14509642388635124,0.27054628388427077,1D-CNN
S303,0.2354708539275287,0.2823935292174353,0.17455612749432478,0.3075794893607066,GRU
S304,0.17485850977830575,0.14674289901529264,0.1914071692989936,0.48699142190740974,GRU
S305,0.17414531317225546,0.16145954450893324,0.36056555209202823,0.30382959022678063,CNN-LSTM
S306,0.1467479926662306,0.2428519456681357,0.4027242844812723,0.2076757771843502,CNN-LSTM
S307,0.10072690452942694,0.3507217700183638,0.44201208229358246,0.10653924315862646,CNN-LSTM
S308,0.4316566323467455,0.24154922555841454,0.2746218165557558,0.05217232553908421,1D-CNN
S309,0.7081230612851294,0.09413121767307862,0.16822067969512516,0.029525041346664928,1D-CNN
S310,0.27429390446388086,0.35688531935509277,0.18801475944416318,0.1808060167368348,ANN
S311,0.036412534045821496,0.11360404195694555,0.2653721775686762,0.5846112464285518,GRU
S312,0.17232490772287828,0.32514832264945176,0.13901168687113807,0.3635150827565317,GRU
S313,0.2180106228058721,0.24796724034534534,0.21105202402897702,0.32297011281981053,GRU
S314,0.1795359582652704,0.2697362568018995,0.1984576070031067,0.3522701779297191,GRU
S315,0.20019486527752542,0.29329336433038034,0.21768512658647876,0.2888266438056289,ANN
S316,0.06463725400063658,0.40162018531686616,0.32392825758341226,0.20981430309908541,ANN
S317,0.06424471724680944,0.16650358013554645,0.5506629837930022,0.21858871882464156,CNN-LSTM
S318,0.1377701488763835,0.2592705760125395,0.4539679808707903,0.1489912942403001,CNN-LSTM
S319,0.05056526308035296,0.35320706917535877,0.5164496522037876,0.07977801554050958,CNN-LSTM
S320,0.23853530726341374,0.324588816096576,0.3908719127807189,0.04600396385928503,CNN-LSTM
S321,0.3894852686458111,0.09494524389711982,0.4027955416292815,0.11277394582777842,CNN-LSTM
S322,0.11362784692705695,0.0756630417528442,0.7455260041406542,0.06518310717944092,CNN-LSTM
S323,0.3850456651380714,0.05730043000202397,0.4342634682507368,0.12339043660915898,CNN-LSTM
S324,0.14603233232213678,0.22669395452486987,0.47304672047099455,0.1542269926819936,CNN-LSTM
S325,0.24826564701929624,0.13390888635162862,0.3460980766056465,0.27172739002342866,CNN-LSTM
S326,0.2585390704792042,0.17241819375670187,0.20891587848024334,0.36012685728385024,GRU
S327,0.17609516369254768,0.21902196596719545,0.14428726317430987,0.46059560716596043,GRU
S328,0.21407381081241933,0.27795952814698205,0.11759815830469164,0.3903685027359004,GRU
S329,0.30063524022461985,0.23570368929305138,0.15374663305682604,0.30991443742552016,GRU
S330,0.27333930108865373,0.18633670643100397,0.17896807778840984,0.3613559146919358,GRU
S331,0.23039064015788852,0.1552939818914938,0.12553610329218165,0.48877927465843707,GRU
S332,0.2156908732911032,0.20112434508234822,0.31674582705196475,0.26643895457457717,CNN-LSTM
S333,0.17320147695425336,0.16337453606739746,0.5815853643368419,0.08183862264151037,CNN-LSTM
S334,0.27792288926651754,0.17463390665013534,0.4228042779166168,0.12463892616673225,CNN-LSTM
S335,0.33015623549100337,0.2205636829246603,0.2618515361304157,0.18742854545392057,1D-CNN
S336,0.29314519085657437,0.19591932590033487,0.2484069674675687,0.262528515775536,1D-CNN
S337,0.11405552561106934,0.07547807439167839,0.3656716226548436,0.4447947773424094,GRU
S338,0.06685543671278044,0.1054394640033797,0.29279695376155085,0.5349081455222782,GRU
S339,0.46978953320192623,0.3472670240244024,0.02292605612650047,0.1600173866471708,1D-CNN
S340,0.3383334040450365,0.24146975727152012,0.23973270657903364,0.18046413210440929,1D-CNN
S341,0.07202944652338322,0.13881423780181482,0.6389162307274666,0.150240084947347,CNN-LSTM
S342,0.09568538258439337,0.09689105345623976,0.2691147848399469,0.5383087791194128,GRU
S343,0.11382209083461198,0.4927663878988288,0.23637772309911145,0.15703379816744145,ANN
S344,0.2802317998162924,0.2527960804504158,0.26946526967671003,0.1975068500565852,1D-CNN
S345,0.2568278142403687,0.2892339528363308,0.33976929137802886,0.11416894154528555,CNN-LSTM
S346,0.2563793940840096,0.1476947942737826,0.3881946383837984,0.20773117325840698,CNN-LSTM
S347,0.13356070339900897,0.24105758291295762,0.4047907520201605,0.2205909616678701,CNN-LSTM
S348,0.1481689737035546,0.26484677549026,0.3816357626050658,0.20534848820111168,CNN-LSTM
S349,0.24205793465796208,0.2387243744695676,0.30212124234528687,0.2170964485271789,CNN-LSTM
S350,0.2916500587680386,0.28887502748192545,0.21111055997749206,0.2083643537725383,1D-CNN
S351,0.40423332012844415,0.3110036418168032,0.1555571266486595,0.12920591140608936,1D-CNN
S352,0.3715758053006792,0.2417272512929702,0.25799746102772037,0.12869948237863277,1D-CNN
S353,0.21892509386304895,0.1657965717626077,0.35069335177118593,0.26458498260315283,CNN-LSTM
S354,0.24101970871702774,0.15005956334092813,0.2571215967538117,0.35179913118822836,GRU
S355,0.23095766233879902,0.15444663328012037,0.2730730146101781,0.3415226897709097,GRU
S356,0.18906521399407114,0.14118597439583094,0.47610004089826763,0.19364877071181621,CNN-LSTM
S357,0.35769869459988696,0.21419087631411982,0.24646845501127781,0.18164197407470126,1D-CNN
S358,0.22451572957207055,0.16463117659775078,0.22027195413650655,0.39058113969366964,GRU
S359,0.2697913429466373,0.1992567852109273,0.18036650621695446,0.3505853656254676,GRU
S360,0.18646724801793188,0.1204713074918822,0.21038290731555662,0.4826785371746335,GRU
S361,0.10424346225415801,0.23666940894856908,0.29716722395578654,0.3619199048414863,GRU
S362,0.14233878406730122,0.15450508620563705,0.014940149500913685,0.6882159802261483,GRU
S363,0.14643655141046175,0.46236096050121994,0.103658933811969,0.28754355427634903,ANN
S364,0.043771511474323684,0.7954612537061282,0.10725077148498569,0.053516463334557306,ANN
S365,0.22334626025661466,0.5208808422354132,0.1593910364383604,0.09638186106961202,ANN
S366,0.057321590072544316,0.5099155074031554,0.23664455651034025,0.19611834601396003,ANN
S367,0.22591276957013642,0.3993929202281118,0.24046365340161915,0.13423065680012958,ANN
S368,0.15168555343806428,0.44337171403638886,0.20884833398059222,0.19609439854495156,ANN
S369,0.17084458632018343,0.3589428770187296,0.2069602234918997,0.2632523131691781,ANN
S370,0.2176691371833653,0.41139339328721236,0.20613617273728346,0.16480129679213282,ANN
S371,0.49244674505182706,0.11337061672417545,0.27574157480622286,0.11844106341777166,1D-CNN
S372,0.2703791761360135,0.10603246882478935,0.4813885501455424,0.1421998048936498,CNN-LSTM
S373,0.08099749673607999,0.1304895060803272,0.2425363850802279,0.5459766121033597,GRU
S374,0.09083993792334717,0.093073507911086,0.23848537159934485,0.5776011825662251,GRU
S375,0.13530518230236058,0.1814935528779516,0.2631501051738338,0.4200511596458576,GRU
S376,0.15116272665418928,0.4396663532586705,0.1246939928168104,0.2844769272703308,ANN
S377,0.17549859049887914,0.26272866979874515,0.3254181214073074,0.23635461829505594,CNN-LSTM
S378,0.10825938669042477,0.16921955692608415,0.3858999871553023,0.33662106922818713,CNN-LSTM
S379,0.18635127668259793,0.3336258197755734,0.2650640465874456,0.21495885695439745,ANN
S380,0.17924238446843346,0.22640213762397293,0.4499669086643501,0.14438856924324542,CNN-LSTM
S381,0.08201768139445813,0.5292253105520792,0.3542524172250475,0.03450459082841979,ANN
S382,0.08810676509834969,0.5865200647765377,0.26644969529496243,0.058923474830146094,ANN
S383,0.30412689984858227,0.36741309537161165,0.1367280469831742,0.1917319577966357,ANN
S384,0.32917062926260293,0.5478002162754121,0.06331571474863086,0.059713439713357276,ANN
S385,0.337880481007048,0.4238803680746863,0.13033331319364366,0.10790583772460824,ANN
S386,0.26256002014026714,0.46870726134628043,0.1389814845551404,0.12975123395831537,ANN
S387,0.10339933391408442,0.3107092924279704,0.4520710478238391,0.13382032583410225,CNN-LSTM
S388,0.10762772526553094,0.3429555381943157,0.4700235066476207,0.07939322989252956,CNN-LSTM
S389,0.28789053287594035,0.4421169377858174,0.22036631509560548,0.04962621424263593,ANN
S390,0.46771083014053366,0.17045060478112856,0.3347153188402278,0.027123246238103107,1D-CNN
S391,0.25668605449192045,0.10488401179887064,0.5727000558998304,0.06572987780939162,CNN-LSTM
S392,0.3190758815745176,0.29115800290014426,0.32946246571774135,0.06030364980760001,CNN-LSTM
S393,0.3247705971316498,0.37088429817744073,0.25721518747396044,0.04712991721694535,ANN
S394,0.25126464975683377,0.2252709178555581,0.4029420270570993,0.12052240533050886,CNN-LSTM
S395,0.4024283502632885,0.14040271797752824,0.24203560739802563,0.21513332436115068,1D-CNN
S396,0.27868234319188756,0.33744007896946354,0.16360068974672484,0.22027688809191673,ANN
S397,0.24671071865163705,0.37401438845653207,0.20918203325342094,0.1700928596384058,ANN
S398,0.19026332112088348,0.31324766131813025,0.2692868809229485,0.22720213663802713,ANN
S399,0.280328600134904,0.4194454895329294,0.1565964062268341,0.14362950410532854,ANN
S400,0.2455806449400473,0.44118859912818825,0.25148682985168497,0.06174392608007881,ANN
S401,0.24970076703151298,0.18204916105398644,0.4847624178030291,0.08348765411147477,CNN-LSTM
S402,0.18882577190851124,0.3145178422475872,0.4152632125590192,0.0813931732848856,CNN-LSTM
S403,0.44874580601827857,0.20825657027616384,0.2801345182862562,0.06286310541930107,1D-CNN
S404,0.33596115102010254,0.3879026757369437,0.22176456068076233,0.054371612562188025,ANN
S405,0.38297417551669677,0.4168086298490091,0.14471367579229813,0.05550351884199144,ANN
S406,0.3761836700007792,0.4005174432229529,0.12080205622341052,0.1024968305528542,ANN
S407,0.2477369711483693,0.44122649046172446,0.15099431393226448,0.16004222445763547,ANN
S408,0.27003550309798807,0.3047284946248516,0.21107462194860996,0.21416138032855161,ANN
S409,0.23733962932112715,0.3330723790271033,0.26993031847640125,0.15965767317535895,ANN
S410,0.17132407402039496,0.3038057697377982,0.4057639426070008,0.11910621363480607,CNN-LSTM
S411,0.052298937167227166,0.08447897487722385,0.8025021674472007,0.06071992050834828,CNN-LSTM
S412,0.19632812631496768,0.3376323211153532,0.3430511291575778,0.12298842341210633,CNN-LSTM
S413,0.3335964449135923,0.38989533824036965,0.20008020298842252,0.07642801385761631,ANN
S414,0.34473037565988135,0.40882496199208446,0.16621055400884005,0.08023410833919743,ANN
S415,0.14492950018808134,0.5283228194782738,0.1992974741425962,0.1274502061910479,ANN
S416,0.2532633183521904,0.4623259466972345,0.1712881621162308,0.11312257283434027,ANN
S417,0.27445831828443057,0.15828477446518618,0.4083470566571902,0.15890985059318272,CNN-LSTM
S418,0.1602506961525267,0.15878695019374145,0.556405303067531,0.1245570505862073,CNN-LSTM
S419,0.18706215578800792,0.33016186556831173,0.35712626150434096,0.12564971713933512,CNN-LSTM
S420,0.3168826890050946,0.1982774058943501,0.42474123763637406,0.06009866746418103,CNN-LSTM
S421,0.15724292317856078,0.17893912217207464,0.5863145061470804,0.07750344850227969,CNN-LSTM
S422,0.1475711497686876,0.5439432109429935,0.22620018130476416,0.08228545798354739,ANN
S423,0.3737596216590297,0.3339370834958838,0.16605305083173216,0.12625024401335175,1D-CNN
S424,0.17791278802973448,0.6398366537750577,0.11287346442182877,0.06937709377336812,ANN
S425,0.252403988094498,0.2774882143911812,0.30782370165438316,0.16228409585995665,CNN-LSTM
S426,0.2266957507873425,0.35844780454676756,0.33268143568065367,0.08217500898522943,ANN
S427,0.11595350908858307,0.260708943306814,0.5109540862221098,0.1123834613824786,CNN-LSTM
S428,0.17218217391137472,0.17480360826669347,0.5378992695074033,0.11511494831452411,CNN-LSTM
S429,0.2670229289907559,0.12971064728909976,0.5389007480445275,0.06436567567560728,CNN-LSTM
S430,0.07567121724136712,0.02586299304983477,0.8566996967303616,0.04176609297844375,CNN-LSTM
S431,0.4354286946073879,0.09241406560640916,0.15219710501980838,0.3199601347663901,1D-CNN
S432,0.2241833131351253,0.19123590818845332,0.11304120244736675,0.4715395762290513,GRU
S433,0.17203559043296124,0.13940510143167337,0.10743529919457287,0.5811240089408052,GRU
S434,0.1269573506739709,0.2095195286111363,0.08520350900289501,0.5783196117119973,GRU
S435,0.1344444742514662,0.2719494351343353,0.11159544829401262,0.48201064232019936,GRU
S436,0.21251929857941496,0.10226251519395013,0.1912707908721022,0.4939473953545302,GRU
S437,0.21785304606718148,0.10430033786533045,0.3757686547958054,0.3020779612716827,CNN-LSTM
S438,0.3217013239911729,0.07888436282097544,0.3193256193588594,0.2800886938289675,1D-CNN
S439,0.17104224659475314,0.0953396197073111,0.306800471753662,0.4268176619442737,GRU
S440,0.2152333040587424,0.11926994254405464,0.19820613229561165,0.46729062110160735,GRU
S441,0.2213536891283406,0.14787386952468207,0.1866841343085567,0.4440883070384089,GRU
S442,0.22096940497364734,0.18832955257962408,0.20825289733565186,0.3824481451110758,GRU
S443,0.27132367654449624,0.35939442804006727,0.09229365816188655,0.2769882372535639,ANN
S444,0.36698393833434695,0.33472590423324494,0.09048294532498195,0.20780721210742686,1D-CNN
S445,0.1110011804039469,0.6681582046678592,0.05790077222326332,0.16293984270491196,ANN
S446,0.19362029620786084,0.6127891269370341,0.08830884040175421,0.10528173645335384,ANN
S447,0.13027611535648567,0.22979800793793195,0.5435476298748008,0.096378246830771,CNN-LSTM
S448,0.31483098959804434,0.2614655854357344,0.33882374312473235,0.08487968184149236,CNN-LSTM
