Segment,1D-CNN,ANN,BiLSTM,LSTM,CNN-LSTM,GRU,Selected
S1,0.14340885712520102,0.11911908730383601,0.17317880218508258,0.21416632762280974,0.20150210085776368,0.14862482490531467,LSTM
S2,0.15967478323613615,0.15433290888863288,0.14567698689824837,0.19601417658758782,0.19937199681614629,0.14492914757325792,CNN-LSTM
S3,0.13877131006905635,0.17742124742319268,0.12516893052525563,0.20414631704113878,0.2512494625741031,0.10324273236725051,CNN-LSTM
S4,0.16754159736657895,0.18548624254655932,0.14368579421630204,0.14912481006631428,0.2259876849109865,0.12817387089325763,CNN-LSTM
S5,0.15894141907502007,0.12546679394778154,0.17806271365657286,0.1674592591502652,0.23005951139519865,0.14001030277516943,CNN-LSTM
S6,0.19339124476665906,0.1741061820866183,0.1474362245510644,0.1724493069721717,0.17156519384363852,0.14105184777984509,1D-CNN
S7,0.12784048827240876,0.17815376995297844,0.14173508570455481,0.23927355559839228,0.20579233680220435,0.10720476366946126,LSTM
S8,0.11613166921555546,0.1725988620877977,0.1798945645685265,0.21534874565674247,0.15116519997049424,0.16486095850088506,LSTM
S9,0.12218068607377694,0.11665856489362607,0.21296581122422198,0.1971868609102163,0.17864362335042794,0.1723644535477273,BiLSTM
S10,0.16472433761329314,0.21696967012909926,0.1815064035665754,0.16145402022046101,0.1557461714992666,0.11959939697130485,ANN
S11,0.14904109185468659,0.22744813089562133,0.16764791795529205,0.16990586112596492,0.20969086878420168,0.07626612938422529,ANN
S12,0.12890802164711684,0.23169607633870593,0.13791298425230616,0.18485858137273523,0.2555063462033104,0.06111799018582684,CNN-LSTM
S13,0.10905162837352535,0.20405415535278434,0.12745963231633534,0.23221403679911015,0.26745109161097264,0.059769455547274634,CNN-LSTM
S14,0.13957069748373455,0.32899204455768255,0.10482217177295952,0.1856454136485234,0.17501605763565953,0.06595361490144679,ANN
S15,0.3336976120570585,0.2872228428739825,0.08495432107220995,0.11933737464904705,0.11249468696557506,0.06229316238213329,1D-CNN
S16,0.26242799262179867,0.3286232979179515,0.09350568327995393,0.09758173438896704,0.1224737684347125,0.09538752335661607,ANN
S17,0.17323615656124647,0.22277063684699977,0.1370694032425,0.12575685554825256,0.18081554202619535,0.1603514057748031,ANN
S18,0.16550040217336176,0.19206159062184916,0.14224505419170994,0.12339580809108572,0.23044021905794326,0.14635692586405982,CNN-LSTM
S19,0.18257642957996617,0.16893571402102187,0.10400707001139317,0.14119120600880025,0.3174106503628937,0.08587893001592585,CNN-LSTM
S20,0.1119548000170404,0.11201644321497797,0.08642347796458087,0.17689041309505105,0.457053316690625,0.05566154901772363,CNN-LSTM
S21,0.19190416482157796,0.2687633930844623,0.06693208271695328,0.12358129165778232,0.28212432582534197,0.06669474189387818,CNN-LSTM
S22,0.24324733848189445,0.24581510845887908,0.05567493875944794,0.09305164716782949,0.2652679780603994,0.09694298907154865,CNN-LSTM
S23,0.10285355875829688,0.3244152760346943,0.06791248782516324,0.1010110255566176,0.2763559408603963,0.12745171096483154,ANN
S24,0.15991929516494705,0.2156552532889372,0.11302868835653103,0.1955103447998478,0.12031322816789904,0.19557319022183525,ANN
S25,0.14915489167622586,0.1322807722052171,0.24350263895745397,0.21916575758062215,0.08573819653230612,0.17015774304817435,BiLSTM
S26,0.19266050691022957,0.13386435768002974,0.24082863617244485,0.23337660929238527,0.07090963417068791,0.1283602557742195,BiLSTM
S27,0.13872076676771164,0.25519218517943265,0.24747153091646046,0.21924173973047237,0.07723680004981973,0.062136977356094615,ANN
S28,0.21899148820343634,0.19577425797440337,0.16066069149481008,0.15072313948397623,0.2291974886029125,0.04465293424046269,CNN-LSTM
S29,0.038106680921816065,0.029181769369233883,0.03169213563516272,0.32344248557210226,0.5703068847135793,0.007270043788109663,CNN-LSTM
S30,0.06112771530393709,0.22355439096046018,0.07930710760657364,0.42576898435579724,0.17673619060357854,0.033505611169653025,LSTM
S31,0.2189786916061593,0.14466837414030728,0.13443812548062592,0.24720547439947402,0.13109786758540934,0.12361146678802211,LSTM
S32,0.13078276787932583,0.07761349616845203,0.15902451387186306,0.23547550171895792,0.18760401087977763,0.2094997094816224,LSTM
S33,0.09927683404580408,0.08285944591141291,0.1552464063804186,0.2123890619814609,0.2433683894594248,0.2068598622214782,CNN-LSTM
S34,0.14846941424906776,0.1174436091995609,0.17347734309670731,0.18127460971065065,0.18830214492553515,0.1910328788184723,GRU
S35,0.1318571219257293,0.14436850194755244,0.20388051196825038,0.16926408480027996,0.1745515780837395,0.17607820127444718,BiLSTM
S36,0.2115551098504967,0.17031879651397164,0.16859412572828142,0.15503542283941027,0.1650970614800726,0.12939948358776995,1D-CNN
S37,0.21290831081767808,0.1848792101569532,0.15043685841666868,0.1590827218665568,0.16907073909026266,0.12362215965187838,1D-CNN
S38,0.1670181750982462,0.19638273856329375,0.1588199806280132,0.18637712324327904,0.13416392672840652,0.1572380557387515,ANN
S39,0.16600391726612287,0.16953380569692297,0.17508299261338053,0.17911362282548787,0.1414214709759032,0.16884419062218214,LSTM
S40,0.16521408474805624,0.1463365359936113,0.1795691566874874,0.16773181388047523,0.1720373494586704,0.16911105923169806,BiLSTM
S41,0.15968977763500422,0.15894716836807032,0.17002431242226654,0.16971774386647404,0.17849489122059153,0.1631261064875913,CNN-LSTM
S42,0.17135521193875408,0.1696809702376909,0.16894720469157495,0.16507246690082764,0.17305186581827361,0.151892280412879,CNN-LSTM
S43,0.15069978095139044,0.16886551501627498,0.17127823798564326,0.18615095658289685,0.18933490694292307,0.13367060252086668,CNN-LSTM
S44,0.1818861970682087,0.1797110015945326,0.1496316109575904,0.17782960840722403,0.18409748308661197,0.12684409888582415,CNN-LSTM
S45,0.20550816303178476,0.17974168937915694,0.1344102487410274,0.16791594476087252,0.16807723841905842,0.1443467156680985,1D-CNN
S46,0.1769857988710706,0.19046916233308467,0.14907190504643217,0.16030906101507547,0.15562939245396676,0.16753468028037155,ANN
S47,0.16320912963577655,0.18279415098376875,0.16408813336732408,0.157683078966772,0.15476546473808658,0.177460042308272,ANN
S48,0.15899586466489782,0.13334597005976984,0.18647085279636252,0.1794588833856779,0.15865778068371061,0.18307064840957904,BiLSTM
S49,0.15649813792218478,0.14506279596709762,0.19680503222418405,0.19532812176173292,0.14784244075841277,0.15846347136638408,BiLSTM
S50,0.09729163549892964,0.1795395974137663,0.19309110286029113,0.1968576781442693,0.16727956751189407,0.16594041857084105,LSTM
S51,0.007272287112200293,0.026175768825975235,0.11844160302964135,0.5778511694670043,0.23768910468546398,0.032570066879715684,LSTM
S52,0.18938974213220597,0.18132039654987253,0.13811745605012588,0.26406046920248205,0.11740311767995885,0.10970881838534857,LSTM
S53,0.10110777603492795,0.16831067295307323,0.18841528965470794,0.18079684722644357,0.17058804617213744,0.1907813679587127,GRU
S54,0.4435270016896323,0.058031401439057245,0.11817135531812147,0.11362512572154918,0.13432881947708078,0.1323162963545581,1D-CNN
S55,0.17741552404958322,0.11378636110577806,0.12145533553437263,0.1690851344667428,0.24062759734268413,0.17763004750083045,CNN-LSTM
S56,0.2784327079533718,0.10206055862184345,0.10388768031793275,0.146501520812771,0.18583849041862477,0.1832790418754576,1D-CNN
S57,0.14572315715481612,0.05981123410330453,0.16957417490500065,0.19840619514885105,0.1948739551444752,0.23161128354354849,GRU
S58,0.23357663380205387,0.06626430777221498,0.18916578804679723,0.1895297724455787,0.1295111105298818,0.19195238740347245,1D-CNN
S59,0.11971247398284146,0.13234523332663808,0.22204103966431926,0.214432670237494,0.11023822487284658,0.20123035791585248,BiLSTM
S60,0.12270093971440899,0.23070847594640065,0.18616046629728883,0.16936821425232224,0.08913418966241458,0.20192771412715962,ANN
S61,0.029795863307692863,0.1041659243851893,0.20082879878982943,0.1840360453194422,0.14466715492774881,0.33650621327009594,GRU
S62,0.040545056567552126,0.15569094319123525,0.20566915368932417,0.1783276457423578,0.23539043908430693,0.1843767617252222,CNN-LSTM
S63,0.18649264313783992,0.31945190087830483,0.18231765335217223,0.11873497954345036,0.13028209167463925,0.06272073141359366,ANN
S64,0.22195745494231173,0.25021830207898144,0.17905906337980323,0.15904712998408532,0.1338518631441629,0.05586618647065572,ANN
S65,0.1057040788597565,0.18332190278175514,0.18061227006018896,0.2756788930512106,0.18908669690421545,0.0655961583428831,LSTM
S66,0.1582156346344071,0.21664723418887916,0.1403433988090499,0.27068450439833885,0.14424153412381074,0.06986769384550864,LSTM
S67,0.26925615556443416,0.22670888619932775,0.1203911617447645,0.16910866897456803,0.1168413743368919,0.09769375318001648,1D-CNN
S68,0.3085154893731535,0.22620143806601567,0.10104738528684103,0.12329967717175044,0.12876632482542916,0.11216968527681151,1D-CNN
S69,0.20791632459817078,0.2295239731341697,0.11604260287743572,0.12111779960243535,0.18270936794226106,0.1426899318455343,ANN
S70,0.15516293805066628,0.16530175235423172,0.15236584785386723,0.1258617769191034,0.22479125555247845,0.17651642926964956,CNN-LSTM
S71,0.20747396064730392,0.16888795167306475,0.14727809792457153,0.12485838112624337,0.20531319984536944,0.1461884087834457,1D-CNN
S72,0.1830706014240282,0.18208679624876523,0.13838912049899701,0.1334540821196197,0.22360993903889373,0.13938946066969404,CNN-LSTM
S73,0.22785451376063753,0.15945987679145135,0.12234579867801262,0.14800069138434507,0.197632838598518,0.14470628078703354,1D-CNN
S74,0.17681845890088352,0.20324905450248176,0.15129269226892525,0.16582499808757578,0.1453381312371132,0.15747666500301788,ANN
S75,0.1756288354840634,0.1838318843982679,0.20158542040764635,0.1907598988221719,0.10032155845571698,0.14787240243213168,BiLSTM
S76,0.20921933559923137,0.14796394081430847,0.22913720800110238,0.18336730876966245,0.08763062656151953,0.1426815802541834,BiLSTM
S77,0.1791054601538511,0.12738794811551896,0.2244921781227667,0.19249984808019682,0.1005788882947557,0.1759356772329072,BiLSTM
S78,0.37777902580605877,0.17008873103211444,0.11801221991777013,0.06555598150864361,0.03867000833679088,0.22989403339862133,1D-CNN
S79,0.17801584997180592,0.22287610687824938,0.18163020436974625,0.08736241613584335,0.07670328229643812,0.2534121403479161,GRU
S80,0.19590285382980818,0.14286014374342978,0.17529215873794857,0.11124965230350845,0.1455521712364251,0.2291430201488782,GRU
S81,0.15177543663691095,0.1300820272373289,0.15356480364132785,0.1336452309080158,0.20040645792385411,0.23052604365256257,GRU
S82,0.18540126814035854,0.1432217588989359,0.1451922863040009,0.14984384221985583,0.18293387071969894,0.1934069737171469,GRU
S83,0.20027278179007904,0.15812460570254228,0.16884370424453699,0.15724773361181227,0.17013836668407173,0.1453728079669479,1D-CNN
S84,0.19297263206315954,0.14222485388041187,0.17681759858531412,0.1550445213488193,0.1728897277789488,0.16005066634333917,1D-CNN
S85,0.13662167198842123,0.1265747698790967,0.1991575802134888,0.18707702375220575,0.16598818453268663,0.18458076963410375,BiLSTM
S86,0.17368416278343923,0.1421839689112688,0.19329080014593922,0.1795300740749863,0.13576640762464393,0.175544586459724,BiLSTM
S87,0.17537317833725619,0.21407083689080345,0.17500405589852713,0.16689295386145567,0.12672950840454555,0.14192946660741854,ANN
S88,0.1457918312937566,0.19105375811759998,0.1904624403277704,0.17283246547812778,0.13700627329556253,0.1628532314871856,ANN
S89,0.09940792460345715,0.12637460000396852,0.2253132893466738,0.19580659083047797,0.15997114392056808,0.19312645129485437,BiLSTM
S90,0.12561627953531193,0.17689373103952805,0.1931355630808989,0.17192800102975145,0.16379037509120853,0.1686360502233026,BiLSTM
S91,0.03649808643826985,0.10722069990524273,0.1792683571914716,0.30252391149546753,0.2681458832471615,0.10634306172238792,LSTM
S92,0.13742695564422902,0.1392481113562842,0.14257910514757433,0.2914510604541501,0.1954063063376589,0.09388846106010287,LSTM
S93,0.2838318216579704,0.2105295344096259,0.11148308312381766,0.14925182756193228,0.13784504489861446,0.10705868834803907,1D-CNN
S94,0.2461860455849849,0.1677892512971269,0.1272308334884038,0.1457797030551616,0.1611671426992817,0.15184702387503943,1D-CNN
S95,0.21750278512082008,0.167240473323566,0.13374718098430485,0.14902944736977686,0.1646451371570194,0.16783497604451042,1D-CNN
S96,0.20956720084649477,0.19360462854445118,0.13329807137121577,0.1495669571661405,0.14146239473397584,0.1725007473377313,1D-CNN
S97,0.15951119816445364,0.18253220799434292,0.1463674589622773,0.1721490493356605,0.15012398991787537,0.1893160956253901,GRU
S98,0.16361016508787948,0.14182880171267775,0.16968683202322069,0.20686245428057712,0.13776789566038136,0.18024385123526337,LSTM
S99,0.12787131045716912,0.15500195841863174,0.19542809348851448,0.20974533553055133,0.1251573167280471,0.18679598537708633,LSTM
S100,0.15080389950561776,0.2299941344156803,0.17038966512381618,0.15807291110504165,0.11334481432558466,0.17739457552425741,ANN
S101,0.02772909607666683,0.0972953342475446,0.2038562399115222,0.22823174275631558,0.2585128962800841,0.18437469072786583,CNN-LSTM
S102,0.021591066972627034,0.08289307848449466,0.16913237753361215,0.2831822394828646,0.35953532495372176,0.08366591257267873,CNN-LSTM
S103,0.040272433221855586,0.10257923590175498,0.1356522589485823,0.45110916737793216,0.23162081243706156,0.03876609211280713,LSTM
S104,0.11300762198282882,0.2146182430368885,0.12888687699722365,0.35938549014148075,0.13079483625049643,0.05330693159108091,LSTM
S105,0.29957174582956697,0.4610666907989822,0.0591440790663467,0.0808758732699027,0.04752502040711791,0.0518165906280889,ANN
S106,0.6192573084151234,0.2330599217033848,0.03418973504775404,0.031144208553763344,0.03586228025041338,0.04648654602955811,1D-CNN
S107,0.12151708639017653,0.5939914377622383,0.06054982901136557,0.0426597319342105,0.06894444552557397,0.1123374693764352,ANN
S108,0.3233297228938027,0.30031832465081615,0.07948065415666475,0.048633956696133844,0.09150786046977648,0.15672948113280064,1D-CNN
S109,0.3202423785040998,0.3049577671791884,0.08312654410320489,0.06321556177169382,0.08917134495242235,0.13928640348939658,1D-CNN
S110,0.08308475871625996,0.10077291544936924,0.1001594418796454,0.16249260705113633,0.4162842402847916,0.13720603661880335,CNN-LSTM
S111,0.033148248226364994,0.0842649250855844,0.06259679361731668,0.1454682408148934,0.5669120220460924,0.10760977020975022,CNN-LSTM
S112,0.02238353467856467,0.032209786858099713,0.0453484122491714,0.13963190050934932,0.6741593333263294,0.08626703237848406,CNN-LSTM
S113,0.026670407386612964,0.0479725510428985,0.06052652901141814,0.15716978691201025,0.6137565433243115,0.09390418232274664,CNN-LSTM
S114,0.028844077958605406,0.11326980142550423,0.06743961379810276,0.1590411379453242,0.5400681838271967,0.09133718504527401,CNN-LSTM
S115,0.20848361136820465,0.25293018797165684,0.09187040388406187,0.17375042914534541,0.21176269947801066,0.06120266815272186,ANN
S116,0.28275091746367276,0.3565895542776284,0.09532996628145776,0.11018141524329189,0.11692477392228648,0.038223372811669654,ANN
S117,0.22196696021653936,0.2939907058968398,0.08098008101573005,0.18455276370147408,0.17755571408172405,0.04095377508768501,ANN
S118,0.19124434262605844,0.25559844099846535,0.08608178371032253,0.2149497677897551,0.2114140289307434,0.04071163594466371,ANN
S119,0.1288315509445246,0.24637806105889118,0.1257985812776095,0.22527909583602443,0.17872895663133564,0.09498375425161744,ANN
S120,0.2262371585352809,0.14541058691290973,0.10514899702515845,0.18646985703777896,0.274295142518478,0.06243825797039272,CNN-LSTM
S121,0.1876183229488887,0.15095004552713445,0.08190179842241196,0.16707788323883999,0.3510381994067338,0.061413750456001205,CNN-LSTM
S122,0.16352684879372553,0.1431770960256711,0.11152654132954579,0.24813209221894555,0.1991622174075816,0.13447520422453144,LSTM
S123,0.14639927721465107,0.12077126221326516,0.15200437493252641,0.22686474331007955,0.14276179168520836,0.21119855064427503,LSTM
S124,0.10035807127056415,0.07111294502551561,0.1819173310032643,0.19570696778133434,0.14109507612106328,0.3098096087982599,GRU
S125,0.08165377995279269,0.05643716252962086,0.2503631569436126,0.1950893977182381,0.15971146026394636,0.25674504259179787,GRU
S126,0.06686890150061721,0.09164514600492604,0.2520691756738945,0.21823983037117567,0.11159445199897704,0.2595824944504071,GRU
S127,0.1892004025705994,0.15581324048096037,0.23104747123114172,0.13836960677650065,0.07611324724965854,0.20945603169114066,BiLSTM
S128,0.16918661482781733,0.1678858571003075,0.24077653715915512,0.1522043826208694,0.08726171204535686,0.1826848962464896,BiLSTM
S129,0.20134511459401536,0.18256715087494027,0.22205458945565526,0.1492514683906071,0.10178741541897188,0.1429942612658182,BiLSTM
S130,0.18335787029602804,0.18709612545622797,0.18163843287737916,0.17453855412387065,0.10897058990219849,0.16439842734430396,ANN
S131,0.16975712726452535,0.1569052346104104,0.19928594306640965,0.20726140182248787,0.13564906338185193,0.13114122985431625,LSTM
S132,0.15813329083216318,0.12884266501514427,0.2057232232046994,0.1938721620975626,0.19218195289236134,0.12124670595806614,BiLSTM
S133,0.13452479071490997,0.12769020759031696,0.1875781611955605,0.17737965998153732,0.2532916076846776,0.11953557283299736,CNN-LSTM
S134,0.17796518335233658,0.16109963504749128,0.13033523609368883,0.19891228558783458,0.23226887279331393,0.09941878712533213,CNN-LSTM
S135,0.1673019914723369,0.16198208324725025,0.11218683126149843,0.2383482677274083,0.2607232004575265,0.05945762583397986,CNN-LSTM
S136,0.22227119047828556,0.14000189582767508,0.10438587921476603,0.2298219992244824,0.2046515695522977,0.0988674657024901,LSTM
S137,0.09268707528488504,0.06182907796063292,0.17253112297032064,0.20353901910461916,0.2191418893261612,0.25027181535338255,GRU
S138,0.04828763136173566,0.09009990803145092,0.22600602373204898,0.27083573925949206,0.1366012019475126,0.22816949566776742,LSTM
S139,0.1499621274950011,0.16021564513452433,0.2058834192964559,0.17485843792193637,0.10751955648328133,0.20156081366880096,BiLSTM
S140,0.1547034636538075,0.19595945621900623,0.18247624437823942,0.1677356250198447,0.14386212354960692,0.15526308717949536,ANN
S141,0.12671447104010622,0.23185046674324863,0.1786694999449133,0.18561620897727346,0.14178376252635044,0.1353655907681146,ANN
S142,0.11073980654248104,0.2678057104497925,0.1451952768760985,0.19313745785583925,0.19940973732982084,0.08371201094596693,ANN
S143,0.12069620614908824,0.1697943212443201,0.11253353532145607,0.29256193571977235,0.2525090631057092,0.05190493845965915,LSTM
S144,0.1814659563160118,0.20073558103569844,0.12386200668554405,0.23264972419075974,0.19365838231544313,0.0676283494565421,LSTM
S145,0.16773644737620846,0.17945516019667984,0.14377448616388214,0.19049963616926816,0.21320628749880854,0.10532798259514997,CNN-LSTM
S146,0.17519143086182035,0.21875054600816257,0.1279635815495952,0.16519189337491158,0.23868950722274956,0.07421304098276106,CNN-LSTM
S147,0.19144127821391063,0.37629113702468486,0.08370303446033128,0.126251417593056,0.17036452596141424,0.051948606746599374,ANN
S148,0.2922928012837807,0.22856161281374368,0.07214759947686955,0.16222884043861174,0.2011371530207383,0.043631992966253814,1D-CNN
S149,0.29408513276177817,0.3364765964458246,0.06076365571786595,0.09537774013323046,0.1520241666936793,0.06127270824762182,ANN
S150,0.3128938027384493,0.2714936316996665,0.06307328664988344,0.09147501888300896,0.16111588981740632,0.09994837021158144,1D-CNN
S151,0.1897835101843096,0.18946164253709188,0.11283546325228856,0.11161264928358114,0.18069562201437026,0.21561111272835815,GRU
S152,0.09635383612459268,0.11248914361846175,0.2070012593167368,0.2765074253284387,0.10060129239122251,0.20704704322055645,LSTM
S153,0.06961442329599385,0.2763523713714054,0.1933739268196916,0.23558256356910737,0.10078495910890058,0.12429175583490111,ANN
S154,0.16896196757403645,0.17591574782057398,0.17065941799601436,0.24581857305357638,0.11805806741083881,0.12058622614496249,LSTM
S155,0.22095738369590387,0.1531249439303335,0.15880490658989863,0.20643011599159206,0.1324831775941532,0.1281994721981185,1D-CNN
S156,0.176502395690192,0.16096698341684398,0.1637767151342345,0.1804818049816883,0.1771094209988696,0.14116267977817137,LSTM
S157,0.19541961809842984,0.10499499890203795,0.16973768207964607,0.16151855245597618,0.22351663002956823,0.14481251843434187,CNN-LSTM
S158,0.15793566321590163,0.2064430340769383,0.1481658187367397,0.14366484019209047,0.21794867444938812,0.12584196932894082,CNN-LSTM
S159,0.1817594209478034,0.22591519094737791,0.12631350062786256,0.1761910546346283,0.16208131982023788,0.12773951302209785,ANN
S160,0.17024228412944553,0.16148122076056984,0.14554825142487407,0.202301925104892,0.1437962826789924,0.17663003590122311,LSTM
S161,0.11128905811745726,0.08018170250390523,0.1815685471419006,0.20967734715442804,0.14977074639359717,0.2675125986887144,GRU
S162,0.05384139139035551,0.07633701624802713,0.2306218855019823,0.21991107747064928,0.13646863185205219,0.28281999753693005,GRU
S163,0.08322193195717723,0.09812999069652824,0.28125506908880205,0.189818128901489,0.11098940289249476,0.23658547646350894,BiLSTM
S164,0.17663903679040963,0.11584275663522858,0.2464192615234177,0.1405069756611496,0.08030190592625987,0.24029006346352502,BiLSTM
S165,0.18469433580566136,0.1756839191237795,0.21985114547551352,0.11694914574313083,0.11027928163246856,0.19254217221945394,BiLSTM
S166,0.18848326068378113,0.14964628363524143,0.13097394030228954,0.17468443933504232,0.25866292190791174,0.09754915413572768,CNN-LSTM
S167,0.19829756492328865,0.13072526964799294,0.11799077142289312,0.23929099987666452,0.18090850860496138,0.13278688552421,LSTM
S168,0.12222810341969369,0.11620493259325128,0.15941553965544328,0.1894757455414666,0.15151772153750345,0.26115795725264285,GRU
S169,0.08938525683786583,0.0657392342739424,0.22137114097837343,0.17616680025269546,0.13662772036694054,0.31070984729018847,GRU
S170,0.061417159556275275,0.05181936857793761,0.31420706788767516,0.2212082551965505,0.13473832853034984,0.21660982025121314,BiLSTM
S171,0.11850871514359997,0.06754525849970837,0.22178817838406667,0.17220406911461847,0.09285345152143396,0.32710032733657873,GRU
S172,0.11992781203539753,0.06112406199489199,0.1823707122843404,0.09269431786919467,0.08798173352872883,0.45590136228745487,GRU
S173,0.10451598521430115,0.06927762374338785,0.18871556146269344,0.12705167429519507,0.2035572626664678,0.3068818926179505,GRU
S174,0.10810295860479048,0.11158203064656028,0.19286041034800622,0.16138243869222393,0.19962939951970546,0.22644276218871504,GRU
S175,0.1297587817168602,0.13553775182207659,0.19960028478469183,0.1631684925498895,0.14222855538959656,0.22970613373687995,GRU
S176,0.10829422440518333,0.25636093192268156,0.18277934706084492,0.15338786924774472,0.11375673875950783,0.1854208886040438,ANN
S177,0.15009357500346182,0.18551579074595734,0.19702007046983477,0.17825139376793822,0.12910668970010958,0.1600124803127011,BiLSTM
S178,0.09038737765204638,0.09109704828304929,0.2912253579029725,0.18515510339766061,0.1474886861352272,0.1946464266290404,BiLSTM
S179,0.16833787689104598,0.23055919625621832,0.22119820740489674,0.1569715435241085,0.1077913879981197,0.11514178792561856,ANN
S180,0.1798508085245071,0.3750732207279441,0.17512197112120084,0.1268176996145032,0.08670320502276495,0.05643309498907625,ANN
S181,0.2312856333411616,0.2828573187878081,0.13937438721977932,0.17063162741812943,0.12449358969623751,0.051357443536882944,ANN
S182,0.1309429948269044,0.22386468910499296,0.12992954921055622,0.24530900618420456,0.19332834350246056,0.07662541717088817,LSTM
S183,0.1528201709042553,0.19146820731217554,0.11151990271877436,0.2512878503676172,0.21499552918843873,0.07790833950873659,LSTM
S184,0.17370588107025278,0.3737317740901693,0.08821028041352927,0.16458343337452375,0.12932354053471495,0.0704450905168126,ANN
S185,0.37588972332642756,0.31724084343777803,0.06398924452439944,0.09244931604613604,0.08930162001672982,0.061129252648529114,1D-CNN
S186,0.30616990329367166,0.29461636715736533,0.07813528069186607,0.08053454653231562,0.0909024868576425,0.14964141546713536,1D-CNN
S187,0.17976347996872677,0.2469522066281655,0.11845385540378195,0.11899632598870086,0.1685204576761412,0.16731367433448996,ANN
S188,0.18139912312463452,0.3202417150231157,0.09117995673536633,0.1181642277337908,0.1830961606536902,0.10591881672939422,ANN
S189,0.13536009904053986,0.15549418236959467,0.0788027854114323,0.13782722522656604,0.41585211166376734,0.07666359628810819,CNN-LSTM
S190,0.12180200182900555,0.2162308764588435,0.07699879312514968,0.1209872614371487,0.3643281878638606,0.09965287928599469,CNN-LSTM
S191,0.14859604584177252,0.1311375997924079,0.09119079189426171,0.15489646402485116,0.3552278272025555,0.11895127124415975,CNN-LSTM
S192,0.12491278329243584,0.1893328236015282,0.09409497766225255,0.1580265880498934,0.3176270336204769,0.11600579377341452,CNN-LSTM
S193,0.1368203117550452,0.24162374609026838,0.08254013978762245,0.17394994342284775,0.2720171703941964,0.0930486885500158,CNN-LSTM
S194,0.1450391931219566,0.27662458077755303,0.09402959749841927,0.1597607781199575,0.22552587701569168,0.09901997346642924,ANN
S195,0.14504043933051605,0.1537039632282619,0.1535714128646529,0.20401056140273677,0.17311528711720034,0.17055833605663243,LSTM
S196,0.1742264963341055,0.22989728580729796,0.1793549264561298,0.17156815891358415,0.11910394248379866,0.12584919000508557,ANN
S197,0.2013559602706886,0.2571668402005975,0.1833994369581548,0.1551281950311106,0.1045673388127872,0.0983822287266702,ANN
S198,0.19652345853098424,0.21881308176445702,0.15173212416697895,0.15566637790142035,0.20347759050829833,0.07378736712786894,ANN
S199,0.08121690439932089,0.16443096880379904,0.10982587460644433,0.21202593997826746,0.37900410649664595,0.053496205715514424,CNN-LSTM
S200,0.15190166913380496,0.19119477245088906,0.10350275204792742,0.22145172289348178,0.2842081622727995,0.04774092120109706,CNN-LSTM
S201,0.25567371425351126,0.2871605543909332,0.08566917236997504,0.15506594781959268,0.17247572879033682,0.04395488237565241,ANN
S202,0.27382470193995606,0.30046347561030656,0.08356063109072476,0.1342919792028668,0.14679921128786044,0.061060000868292934,ANN
S203,0.25157576450731317,0.334304151353034,0.0806274072957756,0.1076505688891317,0.14947129188215638,0.07637081607258946,ANN
S204,0.29449013615056535,0.24911504109336038,0.07823162743634264,0.10645788952663453,0.18367551263192414,0.08802979316118287,1D-CNN
S205,0.2334175798502765,0.28939468808143914,0.08854310458269599,0.10526863426852812,0.19238133096091412,0.09099466225614586,ANN
S206,0.19380799372694124,0.25614052214989125,0.12238082230507126,0.11988257165246209,0.17730895587300513,0.1304791342926246,ANN
S207,0.22634778076011416,0.2220333635873483,0.12307868448817005,0.12812226776072422,0.1894365240616537,0.11098137934199753,1D-CNN
S208,0.1971875529409836,0.18703742775781795,0.10126541779026843,0.14590395025664107,0.28270275086310787,0.08590290039118041,CNN-LSTM
S209,0.08734445251730365,0.13916763403086582,0.0812426886490941,0.21265589518853523,0.4164732751475658,0.0631160544666377,CNN-LSTM
S210,0.13932338435351901,0.27029339634616373,0.08734607751311843,0.1888727711767969,0.23040191988488581,0.08376245072552496,ANN
S211,0.20195743907929706,0.25141219733243014,0.107993651607367,0.14180883024840094,0.16453776834231426,0.13229011339019017,ANN
S212,0.14085949041003504,0.1313665731625475,0.1975609548814989,0.1849221213383413,0.18761840613938346,0.15767245406818114,BiLSTM
S213,0.16255261748321473,0.13194645640808084,0.19803044619450483,0.1718155966429396,0.22952115871320392,0.10613372455805631,CNN-LSTM
S214,0.16650267626592824,0.21150319404162896,0.09579880122544103,0.164945957693735,0.30935413282568974,0.05189523794758299,CNN-LSTM
S215,0.08090734837060463,0.18890529267627762,0.08609183625563145,0.22859224385867857,0.3851092479257465,0.030394030913052636,CNN-LSTM
S216,0.21432848491829035,0.388820179207667,0.06794345216696579,0.12246619056460943,0.1746635401837236,0.03177815295874625,ANN
S217,0.2435160692640916,0.20221142244285556,0.1261829000926595,0.15169335566102785,0.2082530301480819,0.06814322239128463,1D-CNN
S218,0.10825985862309345,0.43808124161789164,0.09357636700675225,0.14216047493032866,0.1569535491938219,0.0609685086281098,ANN
S219,0.12345447361488172,0.27059173115349733,0.10428540637733812,0.1823658586082604,0.26237585216133524,0.05692667808469628,ANN
S220,0.11011786952720695,0.30098154928697535,0.10425313531800758,0.18148885819880967,0.2517508702901614,0.05140771737884486,ANN
S221,0.22287822050537898,0.35151484526135995,0.09513181006094157,0.11001771269608479,0.18378112023064036,0.036676291245592345,ANN
S222,0.23933373227197222,0.3749940145257591,0.0731423689090381,0.10767818262072544,0.1769492372839399,0.027902464388554607,ANN
S223,0.24690525382128903,0.3031608550554328,0.0631617064574908,0.12025905947104902,0.23869042268737725,0.02782270250735763,ANN
S224,0.20778388365908645,0.17188486903612074,0.06880775668817739,0.1776537441565874,0.33800507868262275,0.035864667777401965,CNN-LSTM
S225,0.1529679266924889,0.3642856180472097,0.05740273587697466,0.12330700136215142,0.2576914070927897,0.04434531092838652,ANN
S226,0.2362723607550935,0.43851664480338287,0.04133945215856506,0.056602858715375445,0.18910205817344414,0.038166625394138544,ANN
S227,0.48585389791191347,0.288803758978696,0.03433783717541322,0.04533240767908646,0.11700909263235061,0.02866300562254108,1D-CNN
S228,0.3571111547679588,0.3785163168516083,0.0445645891008509,0.05537605535470336,0.13143510615370765,0.0329967777711689,ANN
S229,0.19685605838111667,0.2994944278800712,0.09056783043327851,0.16353588325354224,0.1724085254325257,0.07713727461946801,ANN
S230,0.20798532474139386,0.28313874825316765,0.0986417909741152,0.14654673676715607,0.19380560447946904,0.06988179478469442,ANN
S231,0.23880258300408627,0.19679400655967028,0.09434504543586247,0.13839214335900943,0.24775616730446218,0.08391005433690951,CNN-LSTM
S232,0.20284957680379226,0.19521047987690174,0.10367651847696673,0.18988550643709973,0.2171984310516525,0.09117948735358584,CNN-LSTM
S233,0.18338976864947445,0.20258125994689274,0.12825805219386843,0.14134881329510038,0.2413069068965556,0.10311519901810784,CNN-LSTM
S234,0.20737019416959815,0.14775546328422834,0.09636127896441149,0.14180981447382646,0.3312646923092197,0.075438556798717,CNN-LSTM
S235,0.17709681910667308,0.24818927390223258,0.0934934451690914,0.13497863650851846,0.27984732514858046,0.06639450016491173,CNN-LSTM
S236,0.259508016996097,0.22533785837079187,0.10279048837427153,0.13820181277136448,0.19172201174598197,0.08243981174149217,1D-CNN
S237,0.2591351100698929,0.25168373467303373,0.11200760135838225,0.14790001347667767,0.14456385749253645,0.08470968292947727,1D-CNN
S238,0.21156086715568975,0.19999509484087216,0.1460304273681055,0.14742025953546842,0.1737434282720928,0.12124992282777415,1D-CNN
S239,0.19036118001586097,0.18190673416146363,0.1613559653313636,0.17338949685300056,0.1710862687931403,0.12190035484516988,1D-CNN
S240,0.17950750864097662,0.21216811007021108,0.15695339953966103,0.1658819134695724,0.17781676329576557,0.10767230498382141,ANN
S241,0.08658078743518571,0.13930341554686557,0.13219671931059243,0.23232197565267187,0.362780129722908,0.046816972331775675,CNN-LSTM
S242,0.11964975892419595,0.23731623117014317,0.11054181770312843,0.2666070894369789,0.22280490351653492,0.04308019924901695,LSTM
S243,0.23030053119486274,0.2533829072113763,0.10371141397834434,0.17296679300401602,0.17252451141487887,0.06711384319651434,ANN
S244,0.3268717761433466,0.12322693176631187,0.08803280292682052,0.19981534239036258,0.19261795873335746,0.06943518803980041,1D-CNN
S245,0.14251323266820898,0.21538382730802283,0.10966566714492143,0.18862248186072386,0.23645095032256422,0.10736384069555795,CNN-LSTM
S246,0.22743388484589888,0.19101233351683872,0.1029516393841049,0.12310088336951788,0.21720037202218107,0.13830088686145298,1D-CNN
S247,0.17152629645431866,0.16909280651905248,0.1452884879193816,0.13589042902396675,0.21940970180577193,0.15879227827750855,CNN-LSTM
S248,0.16425226051648906,0.10256010629515394,0.18384882205850892,0.20193249071604977,0.16902410901105905,0.1783822114027362,LSTM
S249,0.18769422167315505,0.1688570987022434,0.16473896136043922,0.1904314273241312,0.1293247000633102,0.1589535908767113,LSTM
S250,0.22582242499899177,0.13817064800972803,0.15983457121575356,0.17868687050382726,0.13315469554304765,0.1643307897286467,1D-CNN
S251,0.153674650378646,0.16531030931982013,0.17351839531803395,0.1910170602955971,0.10851718580787187,0.20796239888003257,GRU
S252,0.1372316820359706,0.1335288440923499,0.22676709021257707,0.16594128222436125,0.11909841240235047,0.21743268903239216,BiLSTM
S253,0.14729647964998452,0.13093242756265833,0.23078293555471047,0.1641537033430126,0.1463261500249046,0.18050830386472042,BiLSTM
S254,0.14858225797298905,0.2456002653928212,0.1844476647645404,0.13973769685981347,0.19837440236202697,0.08325771264780658,ANN
S255,0.10894106876672843,0.2686035853205122,0.13009489480724934,0.22579559636255608,0.2000121879287402,0.06655266681421397,ANN
S256,0.18353875692870394,0.17725723031604834,0.12284522368640184,0.289648750804279,0.16517160036238968,0.061538437902182413,LSTM
S257,0.22299294605389453,0.18412633461214686,0.11621565760136884,0.21613872817193527,0.17587872581084105,0.0846476077498093,1D-CNN
S258,0.16240449491456085,0.13802694021027676,0.16138546405994406,0.19505880341708903,0.17611824764300343,0.16700604975512715,LSTM
S259,0.05754118798888664,0.08339706122421928,0.27443947124262985,0.24736241892100896,0.14706147659944316,0.19019838402380623,BiLSTM
S260,0.18354123065452463,0.12592567669199442,0.2234937310757407,0.16510820705736318,0.12393101768653529,0.1780001368338378,BiLSTM
S261,0.13318993826057138,0.15197873270492016,0.13745904635157266,0.21425149118253736,0.25298227660705525,0.11013851489334311,CNN-LSTM
S262,0.20792109171588963,0.11390706053754866,0.13030903571478544,0.22899705110772847,0.1643253208739455,0.1545404400500921,LSTM
S263,0.17304123586817874,0.11963196968158155,0.15668104300630176,0.19513520133491885,0.15979141611508452,0.19571913399393037,GRU
S264,0.17627055925974308,0.1524418072781656,0.16539628638475923,0.14785493630141605,0.1630947630367681,0.19494164773914036,GRU
S265,0.13934823229629711,0.11404150145604319,0.22280139897378798,0.18323491509640416,0.1400708635671353,0.2005030886103333,BiLSTM
S266,0.1466215595476686,0.13150725522251608,0.24686429338820343,0.17929153391269398,0.08805789516387488,0.2076574627650508,BiLSTM
S267,0.2441976498631785,0.13906806666457486,0.18830081664599813,0.1250347253491292,0.08627928723150714,0.21711945424562146,1D-CNN
S268,0.14123811082144908,0.12029646419559735,0.16132950935314377,0.19921819640540506,0.20702381861093402,0.17089390061347468,CNN-LSTM
S269,0.08503070831837595,0.07156811042056964,0.19837909247466826,0.19484378936981026,0.2207266513363056,0.22945164808026966,GRU
S270,0.06405943107172093,0.14900758211581872,0.22602640432842655,0.17824975419832909,0.15351633567083353,0.22914049261487293,GRU
S271,0.14079932321294472,0.18031527926719884,0.21805893158827436,0.1609139984816458,0.137374739760972,0.16253772768896935,BiLSTM
S272,0.15012531590807218,0.16417244054249994,0.21334731970301074,0.1644801478354056,0.15414733182669746,0.15372744418431422,BiLSTM
S273,0.16011552075279947,0.14440074896477917,0.181680590129778,0.18742784973215187,0.1449247977978356,0.18145049262267168,LSTM
S274,0.17680104049983994,0.1704554020436544,0.16530038605906536,0.17754362643941707,0.15401820187347437,0.15588134308454785,LSTM
S275,0.16861224437456634,0.14431733142758518,0.15815082171435568,0.18560184050904177,0.19518746740191684,0.14813029457253568,CNN-LSTM
S276,0.1271474807921442,0.16325184008169297,0.1782062860347009,0.17576332838946207,0.19127116425762997,0.16435990044435983,CNN-LSTM
S277,0.1447556476525389,0.16351464525839318,0.18377697607622331,0.16792334865186326,0.17660049599048092,0.16342888637050293,BiLSTM
S278,0.12453542963750984,0.1581612230642885,0.17263234820976653,0.18710547272529812,0.210933731896836,0.146631794466295,CNN-LSTM
S279,0.15601450361148286,0.22856778116892912,0.13321477697405745,0.1885513880152063,0.1876397522697541,0.10601179796057128,ANN
S280,0.21896493910211123,0.21766748156181873,0.12600365028520744,0.17152326647416696,0.14532173705909018,0.12051892551759848,1D-CNN
S281,0.15749574832997446,0.17811824204570373,0.16317181098063818,0.1724243809060357,0.1474928798992002,0.18129693783845732,GRU
S282,0.11277035518312462,0.14648617053545837,0.21181185246859138,0.19861775414307153,0.14774527909521784,0.18256858857453237,BiLSTM
S283,0.1506019405220891,0.1543928850478802,0.20586718042142785,0.17941419066938916,0.14380488009316256,0.16591892324605256,BiLSTM
S284,0.15075178600596092,0.15903254756073965,0.19468630109678414,0.1686312388063523,0.15872530486202233,0.1681728216681437,BiLSTM
S285,0.027690273616205338,0.08631533600119508,0.19373652920377388,0.25891507150668136,0.31606753995969106,0.11727524971245065,CNN-LSTM
S286,0.04354749464882553,0.12900889699976054,0.16062006892212216,0.33642731943530146,0.25859379160506657,0.07180242838892971,LSTM
S287,0.27313270756339414,0.20438338601379116,0.11220459344132219,0.19024716092828894,0.1362431382437337,0.08378901380947895,1D-CNN
S288,0.2934187597569651,0.1536301312730069,0.11166988519395206,0.15977831219933492,0.15295300629264838,0.12854990528408786,1D-CNN
S289,0.1186360369739237,0.27854868721163356,0.11624369795567326,0.14465503986162717,0.16220373048906606,0.1797128075080753,ANN
S290,0.14129329285251255,0.14555599323618887,0.17587440272995475,0.19170595606755464,0.1501137612923714,0.19545659382141797,GRU
S291,0.14322489831220267,0.08457352746376873,0.2449934766917981,0.24621691983737395,0.11817942373276301,0.16281175396208905,LSTM
S292,0.16045775654440997,0.15914443310254708,0.23527296028201536,0.19572103651624953,0.09218341588559326,0.15722039766919546,BiLSTM
S293,0.16580140365968538,0.16561970989550373,0.2163703083333924,0.15132951133341155,0.11995158144097935,0.1809274853370215,BiLSTM
S294,0.06444803374328227,0.15248074255539418,0.2096459596200195,0.2622361123600349,0.20736489990768509,0.10382425181358294,LSTM
S295,0.05965496303182415,0.08860763898917814,0.20303433561767434,0.3407475100372114,0.2361364673948536,0.07181908492925687,LSTM
S296,0.132930300089985,0.15588390060313442,0.14067268631338287,0.27266715404771236,0.20363893115071596,0.09420702779508008,LSTM
S297,0.315778929583683,0.14975032139357963,0.10420371719375893,0.15773799187643317,0.1312828040762501,0.14124623587630286,1D-CNN
S298,0.12201754270067568,0.12693024263215696,0.16202416405401715,0.17776639101498842,0.214150590247486,0.19711106935067427,CNN-LSTM
S299,0.1767537435767035,0.13839808016473623,0.16239807898013667,0.1643966302941157,0.17042489961171753,0.18762856737258976,GRU
S300,0.15809088297978519,0.11434662773739442,0.21153411344208695,0.17326679679582468,0.1545626389265745,0.18819894011833171,BiLSTM
S301,0.12959063307578125,0.11143627036370525,0.22614529514558757,0.20343873530299741,0.13185503706145502,0.19753402905046652,BiLSTM
S302,0.19800394474658323,0.141331154323364,0.18028834575962405,0.17034796799077143,0.1213487912633983,0.18867979591625825,1D-CNN
S303,0.16189577365976718,0.1700167883521531,0.16502368233685014,0.20078509307424877,0.13476168432114202,0.1675169782558388,LSTM
S304,0.11413799318151537,0.13437157009283798,0.21830765291248042,0.19629992745706878,0.14440395179296564,0.19247890456314642,BiLSTM
S305,0.1028874570485543,0.10769682510149127,0.23817564332453905,0.17505259638930357,0.1845329249535969,0.19165455318251493,BiLSTM
S306,0.1090415794685591,0.1511782950192593,0.20125836965123925,0.19602917668564734,0.21364064451215808,0.12885193466313666,CNN-LSTM
S307,0.06495682483838594,0.186980982502821,0.16557451613937774,0.2818537562890576,0.23749270345215098,0.06314121677821674,LSTM
S308,0.250705545679586,0.1925849272616284,0.10664336904754987,0.21813598319558306,0.18012957338266267,0.05180060143298683,1D-CNN
S309,0.3693043487184594,0.1433728233899906,0.07400781380758556,0.21009177754272992,0.15785590755338347,0.045367328987845464,1D-CNN
