Segment,1D-CNN,ANN,GRU,Selected
S1,0.40254066891793794,0.2765112809258314,0.32094805015623284,1D-CNN
S2,0.28428856234526706,0.28903012888099205,0.42668130877374083,GRU
S3,0.23102240701930207,0.2881994345943611,0.48077815838633814,GRU
S4,0.28430110053488333,0.37857833617590114,0.33712056328921536,ANN
S5,0.384028910711817,0.2740677602556027,0.34190332903258236,1D-CNN
S6,0.3941302748597487,0.31196937591938145,0.29390034922086977,1D-CNN
S7,0.30795148926574956,0.38819812691385536,0.3038503838203953,ANN
S8,0.27269464479280536,0.3134979553016631,0.41380739990553106,GRU
S9,0.32151320983734605,0.30201879207154064,0.3764679980911134,GRU
S10,0.2923106625859888,0.45984293848181207,0.24784639893219898,ANN
S11,0.33799082284914383,0.51860875555015,0.14340042160070526,ANN
S12,0.24458508914200877,0.6199199183118005,0.13549499254619068,ANN
S13,0.1981227250199268,0.6097275637397309,0.19214971124034175,ANN
S14,0.33538994589108945,0.4714957767314119,0.19311427737749706,ANN
S15,0.47569828011014453,0.2751838011882094,0.24911791870164546,1D-CNN
S16,0.36979819834721095,0.38182976845582584,0.24837203319696258,ANN
S17,0.30267068960672916,0.33788202786636823,0.3594472825269048,GRU
S18,0.31763077605071777,0.36787241485295874,0.31449680909632216,ANN
S19,0.3695450113098906,0.3220677073204697,0.3083872813696384,1D-CNN
S20,0.32215672296375364,0.22912168333557537,0.44872159370067055,GRU
S21,0.3794767414091393,0.41560530091161396,0.20491795767924703,ANN
S22,0.37048490862415767,0.41383277662568024,0.2156823147501616,ANN
S23,0.20299574639207452,0.5294895760934749,0.2675146775144525,ANN
S24,0.2874391088423669,0.3444695190921492,0.36809137206548403,GRU
S25,0.31170402016612314,0.36111940035040413,0.32717657948347273,ANN
S26,0.327855896112059,0.3635797638344997,0.3085643400534414,ANN
S27,0.17836755719150665,0.6635239280361082,0.15810851477238416,ANN
S28,0.4504386904960408,0.3985979936233269,0.15096331588063241,1D-CNN
S29,0.39998482740537733,0.284152822339907,0.31586235025471854,1D-CNN
S30,0.20476647134565798,0.5675446085979458,0.22768892005639632,ANN
S31,0.4436320071185068,0.24077432448425487,0.3155936683972385,1D-CNN
S32,0.4332299077945684,0.1455785269644832,0.42119156524094903,1D-CNN
S33,0.2711690355759855,0.20279440357353118,0.5260365608504822,GRU
S34,0.3311903706898643,0.25854544514338573,0.4102641841667499,GRU
S35,0.2818727717956795,0.32341992723961144,0.39470730096470824,GRU
S36,0.4631313886364406,0.25854751388442293,0.27832109747913647,1D-CNN
S37,0.4267363560916123,0.3108047374632155,0.26245890644517167,1D-CNN
S38,0.25771771720852993,0.4652719074705249,0.27701037532094525,ANN
S39,0.2999144445760318,0.3835508404957491,0.31653471492821916,ANN
S40,0.38382892679048236,0.2856293615881869,0.3305417116213326,1D-CNN
S41,0.3735695087466454,0.30653065832625825,0.319899832927099,1D-CNN
S42,0.33318688638116156,0.29305397601263794,0.3737591376062025,GRU
S43,0.32427852327517714,0.38994344650763557,0.2857780302171865,ANN
S44,0.40388581561684067,0.3727360709076557,0.2233781134755033,1D-CNN
S45,0.4900720618432571,0.2640718519666697,0.24585608619007238,1D-CNN
S46,0.3093006835084013,0.3760175344589643,0.3146817820326337,ANN
S47,0.2889622604755755,0.3726588071256055,0.3383789323988188,ANN
S48,0.3264704319613022,0.2607703281366191,0.4127592399020788,GRU
S49,0.33975488049007574,0.3466668903748712,0.31357822913505123,ANN
S50,0.3078322681499426,0.3734786690740295,0.31868906277602976,ANN
S51,0.20586700795359517,0.3787659450753638,0.41536704697104027,GRU
S52,0.5225188158258296,0.3048650239451013,0.17261616022906984,1D-CNN
S53,0.45970550886866723,0.2502627472955957,0.2900317438357367,1D-CNN
S54,0.7262961109333871,0.05581201295375105,0.21789187611286245,1D-CNN
S55,0.45273760904624766,0.24822767228683795,0.29903471866691356,1D-CNN
S56,0.31747819163110386,0.25572989603560176,0.42679191233329516,GRU
S57,0.3322420801636842,0.10153239763429525,0.5662255222020205,GRU
S58,0.4561845288903816,0.1539169077068533,0.38989856340276396,1D-CNN
S59,0.27306397374625513,0.336849614259125,0.3900864119946198,GRU
S60,0.21650385718009765,0.46855303745075333,0.3149431053691491,ANN
S61,0.07572486347717175,0.13100108076699324,0.7932740557558333,GRU
S62,0.07708064477521409,0.1524371396067266,0.7704822156180585,GRU
S63,0.1894762838034167,0.547653804004229,0.26286991219235406,ANN
S64,0.3603672041211059,0.42676899293145143,0.21286380294744225,ANN
S65,0.2497519094268258,0.5356684740459675,0.2145796165272067,ANN
S66,0.31650526918697686,0.41766154742963724,0.26583318338338374,ANN
S67,0.46074705152847417,0.2741565755944924,0.2650963728770331,1D-CNN
S68,0.6061590505118747,0.23741545887902843,0.15642549060909738,1D-CNN
S69,0.31644011294024293,0.4291573684803501,0.2544025185794061,ANN
S70,0.27516482830861544,0.3510226164727116,0.3738125552186714,GRU
S71,0.428784714423137,0.29660040298155615,0.2746148825953069,1D-CNN
S72,0.42277310871180573,0.32735883237342944,0.24986805891476388,1D-CNN
S73,0.4673325264534269,0.22478145005992983,0.307886023486643,1D-CNN
S74,0.27174477133437425,0.38970776415454045,0.33854746451108514,ANN
S75,0.28075481273369196,0.3335874191714983,0.38565776809480956,GRU
S76,0.351051950298307,0.30167744271978003,0.3472706069819128,1D-CNN
S77,0.3688615135596434,0.29354595254245913,0.3375925338978973,1D-CNN
S78,0.41254406126501547,0.30134192926210135,0.286114009472884,1D-CNN
S79,0.26113474236098916,0.4358562357334806,0.30300902190552803,ANN
S80,0.36291206550080357,0.30851958514331634,0.3285683493558803,1D-CNN
S81,0.5697969590387899,0.19656338687316918,0.23363965408804047,1D-CNN
S82,0.5812227363663797,0.1971396738442708,0.2216375897893514,1D-CNN
S83,0.4753270066845247,0.303536186105068,0.2211368072104092,1D-CNN
S84,0.4357968174846773,0.3281266891266143,0.23607649338871034,1D-CNN
S85,0.3474754068787485,0.3982207151837192,0.254303877937535,ANN
S86,0.519455673696761,0.18367388934048393,0.29687043696275367,1D-CNN
S87,0.306506773131486,0.3498313070563476,0.3436619198121662,ANN
S88,0.1824518327750922,0.3340828720305083,0.4834652951944021,GRU
S89,0.2793194261523976,0.3075038459803781,0.4131767278672244,GRU
S90,0.21243537449782426,0.41690650592143297,0.3706581195807418,ANN
S91,0.21364682820608213,0.4062153297202661,0.38013784207365153,ANN
S92,0.40168168666744225,0.3257455743340995,0.27257273899845824,1D-CNN
S93,0.5464814729776951,0.3437335613908844,0.10978496563141932,1D-CNN
S94,0.5542459260634371,0.25927356754434744,0.18648050639221445,1D-CNN
S95,0.45869438400531315,0.24403908863419985,0.2972665273604869,1D-CNN
S96,0.4100299380658677,0.33123146368289713,0.2587385982512353,1D-CNN
S97,0.30030506525489215,0.34425892186518947,0.35543601287991977,GRU
S98,0.33677084069400887,0.3110608364682143,0.3521683228377766,GRU
S99,0.2922438397100687,0.3552632616848838,0.35249289860504496,ANN
S100,0.2141081401482979,0.5694909196588894,0.21640094019281322,ANN
S101,0.13619311229972048,0.25869501698353375,0.6051118707167452,GRU
S102,0.15260323558420824,0.27819924596155576,0.5691975184542367,GRU
S103,0.2691480538847979,0.4668424616728612,0.2640094844423408,ANN
S104,0.348634505784144,0.4414367696223926,0.20992872459346293,ANN
S105,0.4469057207062512,0.3762284233477006,0.17686585594604884,1D-CNN
S106,0.597087605836097,0.22454878162495584,0.17836361253894722,1D-CNN
S107,0.2289610740163713,0.48416331457127115,0.2868756114123576,ANN
S108,0.34599322253944326,0.40624822220200496,0.2477585552585513,ANN
S109,0.3733154533813503,0.3952675135192937,0.23141703309935488,ANN
S110,0.29674352687700295,0.32759164245933825,0.37566483066365747,GRU
S111,0.23109461117591326,0.47703711971453294,0.29186826910955593,ANN
S112,0.2646934457050348,0.23413411979431295,0.5011724345006514,GRU
S113,0.2256646799345776,0.2879683493780042,0.4863669706874201,GRU
S114,0.19353437071280175,0.4243991729191151,0.382066456368083,ANN
S115,0.3824125840992266,0.36720843857898694,0.25037897732178865,1D-CNN
S116,0.38174009495049516,0.5034637998202649,0.11479610522923962,ANN
S117,0.33450269434838714,0.5092860976499934,0.15621120800162017,ANN
S118,0.2684559640770095,0.506096075622451,0.2254479603005388,ANN
S119,0.19608253495665498,0.5709130854009629,0.2330043796423848,ANN
S120,0.5200330883212946,0.2728053814718419,0.20716153020686556,1D-CNN
S121,0.5341919548516143,0.28384447971655974,0.18196356543182482,1D-CNN
S122,0.3804895549762557,0.31440241847303074,0.30510802655071423,1D-CNN
S123,0.2913029615569526,0.2780028431208374,0.43069419532221137,GRU
S124,0.39802557375855174,0.11344583431441602,0.4885285919270329,GRU
S125,0.30779192260456817,0.2048957194867813,0.4873123579086498,GRU
S126,0.22139429773862768,0.2628840005284834,0.5157217017328883,GRU
S127,0.3504706032102224,0.2875562389896411,0.36197315780013595,GRU
S128,0.3048101252278824,0.39385536017686595,0.30133451459525074,ANN
S129,0.390401425693378,0.4069101883423546,0.2026883859642673,ANN
S130,0.3038454702844065,0.4100863206488032,0.28606820906679,ANN
S131,0.31930052425007804,0.3292397916468033,0.3514596841031169,GRU
S132,0.3579992856088171,0.3332025530201953,0.3087981613709877,1D-CNN
S133,0.4093414965133455,0.31086773664102846,0.2797907668456248,1D-CNN
S134,0.41124585533303293,0.3310437039730159,0.25771044069395327,1D-CNN
S135,0.4133896229060246,0.36578347860337124,0.2208268984906034,1D-CNN
S136,0.5113793736468291,0.21555968794056574,0.27306093841260376,1D-CNN
S137,0.2983948046900988,0.1771980432590829,0.5244071520508179,GRU
S138,0.21502868917612744,0.29783689477577413,0.48713441604809854,GRU
S139,0.286313100687782,0.31220402671352765,0.4014828725986891,GRU
S140,0.3000507230551773,0.3441013760986787,0.35584790084614387,GRU
S141,0.23597584143443676,0.4717546927053182,0.29226946586024316,ANN
S142,0.3211589671026952,0.52610980762071,0.15273122527659538,ANN
S143,0.42385568641411064,0.3688966758225654,0.20724763776332197,1D-CNN
S144,0.3191437774759111,0.3769699196639261,0.3038863028601618,ANN
S145,0.37375796742083356,0.30371499801492463,0.32252703456424037,1D-CNN
S146,0.42356410784816073,0.3571897119682096,0.21924618018363184,1D-CNN
S147,0.24497717941536304,0.6386415719550815,0.1163812486295549,ANN
S148,0.5765465276159255,0.26052790613309323,0.16292556625098067,1D-CNN
S149,0.41781863820504267,0.3676226367672104,0.21455872502774778,1D-CNN
S150,0.3796273845264565,0.2865745230201492,0.3337980924533935,1D-CNN
S151,0.2973643596484097,0.31604364363369586,0.3865919967178953,GRU
S152,0.2871369581379776,0.3057318893974372,0.4071311524645873,GRU
S153,0.18164473281555737,0.6202366092086637,0.19811865797577805,ANN
S154,0.41029562489187366,0.36840259572557027,0.22130177938255616,1D-CNN
S155,0.4813849240715942,0.2796416831737615,0.23897339275464283,1D-CNN
S156,0.355842515378004,0.32711834235192055,0.31703914227007557,1D-CNN
S157,0.4643001948684488,0.16497583643414956,0.37072396869740215,1D-CNN
S158,0.25565967214959234,0.5364394215934755,0.20790090625693214,ANN
S159,0.2592235367348722,0.5103655441447725,0.2304109191203561,ANN
S160,0.2675400961951997,0.3884529793860879,0.3440069244187121,ANN
S161,0.3779245196598132,0.16886131446964553,0.45321416587054136,GRU
S162,0.19133301938623537,0.3334713959379746,0.47519558467578893,GRU
S163,0.22488087270946674,0.3108462673823896,0.4642728599081417,GRU
S164,0.33791207350535124,0.22319125284309957,0.4388966736515486,GRU
S165,0.3182197123937714,0.4192038915137632,0.2625763960924655,ANN
S166,0.4313147511630799,0.33156177351059485,0.23712347532632408,1D-CNN
S167,0.48080287886748996,0.23881802741047697,0.28037909372203307,1D-CNN
S168,0.27903187260793083,0.2133965283608871,0.5075715990311827,GRU
S169,0.2965225967515146,0.11667920682976285,0.5867981964187223,GRU
S170,0.2857172689806282,0.2400984456443494,0.4741842853750221,GRU
S171,0.311253773734772,0.22115731213801607,0.4675889141272125,GRU
S172,0.23885465040604728,0.14702531177040862,0.6141200378235446,GRU
S173,0.25074364155876483,0.22862182079006352,0.5206345376511718,GRU
S174,0.24095550952864514,0.20450318405345871,0.554541306417896,GRU
S175,0.21634548177612536,0.24970723736924516,0.5339472808546288,GRU
S176,0.10005896065429593,0.4321606902960353,0.46778034904966737,GRU
S177,0.27964735767219406,0.28271777343082505,0.4376348688969798,GRU
S178,0.182173875122465,0.18684117876912132,0.6309849461084144,GRU
S179,0.164447230789168,0.3572583057632494,0.47829446344758314,GRU
S180,0.27166996876332045,0.5265488146996191,0.2017812165370603,ANN
S181,0.2831244266526258,0.5553439616016851,0.1615316117456877,ANN
S182,0.18537797061042724,0.5405985524572978,0.2740234769322763,ANN
S183,0.23655269794578226,0.48017849000976626,0.2832688120444513,ANN
S184,0.28330592843003305,0.5471420996748819,0.16955197189508445,ANN
S185,0.36646787236082895,0.3749024058328707,0.25862972180630234,ANN
S186,0.4059506609374441,0.3207530616349321,0.2732962774276238,1D-CNN
S187,0.317636295571395,0.4137288241702573,0.26863488025834614,ANN
S188,0.29381750007277097,0.52825578372497,0.177926716202259,ANN
S189,0.40565143223273953,0.3382544505726346,0.25609411719462577,1D-CNN
S190,0.3153951193982297,0.4418643747461775,0.24274050585559268,ANN
S191,0.3702828479974387,0.27295945179879644,0.35675770020376424,1D-CNN
S192,0.3269148503697099,0.3766161291395543,0.29646902049073576,ANN
S193,0.24839659301823683,0.5234371643895379,0.22816624259222423,ANN
S194,0.24821858719669262,0.5066831209710805,0.2450982918322263,ANN
S195,0.29193935718473,0.3350127819756732,0.3730478608395968,GRU
S196,0.29901216284520493,0.4104155037293888,0.2905723334254072,ANN
S197,0.2998203206968136,0.48147116260655787,0.2187085166966286,ANN
S198,0.3570059408057392,0.4559855759306444,0.1870084832636172,ANN
S199,0.3619471120894612,0.3777389369619611,0.2603139509485772,ANN
S200,0.31657602294866816,0.24729553790745784,0.43612843914387395,GRU
S201,0.19347907129044953,0.687235453471354,0.11928547523819562,ANN
S202,0.42699479496654036,0.36480816606909083,0.2081970389643683,1D-CNN
S203,0.32046888695418296,0.5069265529430323,0.1726045601027844,ANN
S204,0.46885409986268684,0.30569383882011864,0.22545206131719414,1D-CNN
S205,0.32756395508753605,0.4054470885297273,0.26698895638273556,ANN
S206,0.2774225876539168,0.40827182941309004,0.31430558293299043,ANN
S207,0.36187673891555266,0.38409336293363866,0.2540298981508104,ANN
S208,0.4846944581000772,0.326015677498271,0.18928986440165183,1D-CNN
S209,0.44816760487950197,0.3675778205850174,0.18425457453548083,1D-CNN
S210,0.2535533922902609,0.4233154313250971,0.32313117638464206,ANN
S211,0.2992194362225406,0.3612913787787371,0.3394891849987211,ANN
S212,0.3304794726090375,0.28483787444843106,0.38468265294252996,GRU
S213,0.3975747852871452,0.3209275765950903,0.28149763811776407,1D-CNN
S214,0.4927832145690933,0.3641020597542028,0.1431147256767064,1D-CNN
S215,0.24384471218965728,0.3087648838748073,0.4473904039355376,GRU
S216,0.29744774196360846,0.5366715379431904,0.16588072009320098,ANN
S217,0.43797305727767405,0.33798477584992176,0.22404216687240674,1D-CNN
S218,0.19196288109078377,0.6548203202246929,0.15321679868452381,ANN
S219,0.2755809622273666,0.5366275267907854,0.18779151098184665,ANN
S220,0.2726105148884174,0.4889068011450738,0.23848268396650824,ANN
S221,0.3289194006119101,0.5141298959259247,0.1569507034621658,ANN
S222,0.33302488666906216,0.5548083012695125,0.11216681206142519,ANN
S223,0.4244671509278653,0.47132160156931596,0.10421124750281802,ANN
S224,0.5625421971317919,0.27859717542422807,0.15886062744398186,1D-CNN
S225,0.28939257029938203,0.4359206822682,0.2746867474324173,ANN
S226,0.35949271458729776,0.5101998340947537,0.13030745131795035,ANN
S227,0.574679554209431,0.31419413203379687,0.11112631375677148,1D-CNN
S228,0.3737456204377588,0.5107887579614379,0.11546562160080269,ANN
S229,0.29693456158748144,0.5147477639406384,0.18831767447188003,ANN
S230,0.3723846766432192,0.46593536753128184,0.16167995582549755,ANN
S231,0.44813520467561324,0.33567466683062686,0.21619012849375932,1D-CNN
S232,0.34541797074818714,0.34510148118877587,0.3094805480630391,1D-CNN
S233,0.3481627042621966,0.3665251580286625,0.28531213770914093,ANN
S234,0.5304710582067681,0.24667759074371687,0.22285135104951248,1D-CNN
S235,0.33817460956837414,0.4992966921434821,0.16252869828814284,ANN
S236,0.4542617566677903,0.3281959192540374,0.21754232407817245,1D-CNN
S237,0.37938455275651983,0.4066295615296691,0.21398588571381247,ANN
S238,0.3481389752771626,0.34795980726466785,0.3039012174581725,1D-CNN
S239,0.3791517395451203,0.33382020083762176,0.2870280596172586,1D-CNN
S240,0.3424571408016824,0.4012672141911381,0.25627564500717925,ANN
S241,0.3957491470881655,0.4194148837421448,0.18483596916968967,ANN
S242,0.26237374272853536,0.5667565637207581,0.1708696935507063,ANN
S243,0.389385916563031,0.45637433419542645,0.15423974924154002,ANN
S244,0.753413680435078,0.09924465213766767,0.1473416674272536,1D-CNN
S245,0.25531157477652017,0.3197445646719266,0.4249438605515528,GRU
S246,0.3675651876304812,0.32749399640068033,0.30494081596883904,1D-CNN
S247,0.33255704430359917,0.34264810023165426,0.3247948554647464,ANN
S248,0.354173807979409,0.26743123874857755,0.37839495327201317,GRU
S249,0.4606390074486709,0.2973871380235014,0.24197385452782758,1D-CNN
S250,0.549602815224082,0.19675337090606163,0.253643813869858,1D-CNN
S251,0.2866148995380695,0.3085928489160676,0.40479225154586546,GRU
S252,0.27842028713136224,0.2788267916692748,0.442752921199363,GRU
S253,0.3362923058581147,0.275318931420465,0.38838876272142037,GRU
S254,0.2808209410334265,0.5888709381751306,0.13030812079144302,ANN
S255,0.20444999605142342,0.6370620222870302,0.15848798166154543,ANN
S256,0.4201877329191911,0.3758646733233227,0.20394759375748578,1D-CNN
S257,0.42073891442352374,0.3130079972078085,0.2662530883686676,1D-CNN
S258,0.3428179865977461,0.3605569881462647,0.29662502525599205,ANN
S259,0.214110097611884,0.3384061806115546,0.44748372177656043,GRU
S260,0.41865863743410436,0.2243768826548568,0.35696447991103664,1D-CNN
S261,0.32280408219397083,0.38025655248807455,0.2969393653179545,ANN
S262,0.5521025530374696,0.1847420182891107,0.26315542867341984,1D-CNN
S263,0.3980074641472646,0.17142467803826733,0.43056785781447066,GRU
S264,0.29052539677958916,0.3680564250314061,0.3414181781890069,ANN
S265,0.37245504066891216,0.21713756441740253,0.41040739491368544,GRU
S266,0.32739053280797753,0.31026951628885474,0.36233995090316967,GRU
S267,0.4081763535732998,0.31711777395997487,0.2747058724667253,1D-CNN
S268,0.35919540125755217,0.30413778784009304,0.336666810902352,1D-CNN
S269,0.3071728773154718,0.17644814258672287,0.5163789800978053,GRU
S270,0.1581842130719873,0.36721816318221107,0.4745976237458018,GRU
S271,0.22108408378220443,0.3354508314761878,0.4434650847416079,GRU
S272,0.3047986638729086,0.3884883851899225,0.3067129509371672,ANN
S273,0.3460090312251904,0.3188201113193416,0.3351708574554678,1D-CNN
S274,0.33426399433267995,0.4024506623735066,0.2632853432938133,ANN
S275,0.3749400047552865,0.29567101271119756,0.3293889825335178,1D-CNN
S276,0.2653629423877167,0.4769432307880356,0.2576938268242471,ANN
S277,0.3670302853973435,0.29438008288772854,0.3385896317149298,1D-CNN
S278,0.41658527700195247,0.26020001684410177,0.3232147061539457,1D-CNN
S279,0.3044658050823344,0.5335597575198183,0.1619744373978473,ANN
S280,0.3590400281258378,0.31159891939203366,0.3293610524821286,1D-CNN
S281,0.2803854095457372,0.34613475029367385,0.3734798401605874,GRU
S282,0.25301789527916124,0.3536842690143223,0.39329783570651505,GRU
S283,0.3369573418957842,0.31495252063219886,0.3480901374720164,GRU
S284,0.3220678125921519,0.3701514923969121,0.3077806950109361,ANN
S285,0.20498992695556076,0.29489488918504725,0.5001151838593928,GRU
S286,0.22787751772715453,0.4364738602425697,0.3356486220302783,ANN
S287,0.5314102505537246,0.3212520727763949,0.1473376766698825,1D-CNN
S288,0.5444160036771003,0.2026842946950505,0.25289970162785097,1D-CNN
S289,0.1948499941216219,0.5331238873702518,0.2720261185081255,ANN
S290,0.286686736824612,0.3065833694435211,0.4067298937318668,GRU
S291,0.34460922677532985,0.27316013332602557,0.38223063989864187,GRU
S292,0.3087605265393756,0.4135512626312358,0.27768821082938927,ANN
S293,0.45921215472456167,0.31177801860204174,0.2290098266733974,1D-CNN
S294,0.2162292789627936,0.5192323253224042,0.2645383957148041,ANN
S295,0.426949927305151,0.37030399008041964,0.2027460826144292,1D-CNN
S296,0.6344550882661422,0.2668234525930359,0.09872145914082134,1D-CNN
S297,0.6245133050522076,0.223273051618544,0.15221364332925078,1D-CNN
S298,0.21476509617497797,0.5202490149970966,0.26498588882792345,ANN
S299,0.35638098624211095,0.21517758383370197,0.42844142992418616,GRU
S300,0.3406580672166359,0.3119589359206544,0.34738299686270824,GRU
S301,0.35074097236390106,0.28928303332065275,0.35997599431544824,GRU
S302,0.4412308658925648,0.24484563833775044,0.3139234957696843,1D-CNN
S303,0.2893032531698579,0.3364713801031201,0.37422536672702184,GRU
S304,0.2504982577864822,0.19816994406650593,0.5513317981470118,GRU
S305,0.3104123803614602,0.28588456015299313,0.40370305948554874,GRU
S306,0.26504543841170203,0.37573771685274293,0.35921684473555776,ANN
S307,0.2394856963199183,0.5043815734923445,0.25613273018773647,ANN
S308,0.5244818408365758,0.33694578499553823,0.13857237416788526,1D-CNN
S309,0.7543608179409536,0.16095547578843264,0.08468370627061471,1D-CNN
S310,0.3382041567880558,0.3947052899956542,0.26709055321628783,ANN
S311,0.1409760913022402,0.2706613690545299,0.5883625396432282,GRU
S312,0.26071103159245496,0.35109878388483756,0.38819018452270837,GRU
S313,0.3070873002466464,0.3236210351028395,0.3692916646505142,GRU
S314,0.27776173355965106,0.31627539664470816,0.40596286979564006,GRU
S315,0.25832326239467224,0.33208997999988077,0.4095867576054463,GRU
S316,0.13454181610376167,0.49205960995927084,0.37339857393696674,ANN
S317,0.22322819330014834,0.3520076475305971,0.4247641591692532,GRU
S318,0.2827376362802311,0.4312299301623347,0.2860324335574343,ANN
S319,0.17595107900580548,0.5896452615406778,0.23440365945351568,ANN
S320,0.3800593022331553,0.47049321809375105,0.14944747967309427,ANN
S321,0.5980071739762538,0.1822465182884966,0.21974630773524886,1D-CNN
S322,0.4355609981418379,0.2973603113390291,0.26707869051913125,1D-CNN
S323,0.6182030455834279,0.1295098173811492,0.25228713703542266,1D-CNN
S324,0.2809076361679369,0.4528301049030433,0.2662622589290198,ANN
S325,0.37428021331636296,0.2294625133150141,0.39625727336862215,GRU
S326,0.3258211374935178,0.24076395430339478,0.4334149082030873,GRU
S327,0.24031256620635547,0.3012180913470014,0.4584693424466445,GRU
S328,0.2784028632770706,0.3307971599735077,0.3907999767494222,GRU
S329,0.3522702754711293,0.31173078572451013,0.33599893880435794,1D-CNN
S330,0.3383101579935267,0.266246322390763,0.3954435196157095,GRU
S331,0.27292367607995827,0.21247275593112405,0.5146035679889178,GRU
S332,0.3236056144207518,0.31167063697905556,0.3647237486001911,GRU
S333,0.3846042206057886,0.37780028750789724,0.23759549188631418,1D-CNN
S334,0.44192946923684345,0.3100431121857518,0.24802741857740568,1D-CNN
S335,0.43973297389631244,0.29176996455231646,0.2684970615513697,1D-CNN
S336,0.36510015312707034,0.2728635895925555,0.36203625728037486,1D-CNN
S337,0.26107220865034236,0.21008580420089504,0.5288419871487627,GRU
S338,0.1878258781991997,0.22949926978636237,0.5826748520144379,GRU
S339,0.4466057242421257,0.376995364854637,0.17639891090323617,1D-CNN
S340,0.4188746994246667,0.29469470334750414,0.28643059722782893,1D-CNN
S341,0.21966591756142484,0.3113936181187552,0.46894046431981995,GRU
S342,0.14059364074585598,0.12734766061342068,0.7320586986407241,GRU
S343,0.18434140228780108,0.5351026032988829,0.28055599441331464,ANN
S344,0.37127565403184815,0.32608799992097415,0.3026363460471767,1D-CNN
S345,0.37848561659183444,0.417579384843971,0.2039349985641938,ANN
S346,0.3917304603138563,0.25598996168076743,0.3522795780053751,1D-CNN
S347,0.23913410140668903,0.4010683743647941,0.3597975242285163,ANN
S348,0.24981882831289076,0.429912868921464,0.32026830276564655,ANN
S349,0.3449329615668556,0.33557001472187314,0.3194970237112694,1D-CNN
S350,0.36475093010653853,0.3583624129113805,0.2768866569820807,1D-CNN
S351,0.4605328679706509,0.3744182353579251,0.16504889667142333,1D-CNN
S352,0.4859277694992531,0.34188470848072655,0.17218752202002002,1D-CNN
S353,0.34122448495730057,0.2850833918316777,0.37369212321102147,GRU
S354,0.35259598553723187,0.22188612799521204,0.42551788646755534,GRU
S355,0.32302351702012166,0.24219153703654994,0.43478494594332834,GRU
S356,0.3505521683739709,0.3014214302854936,0.348026401340535,1D-CNN
S357,0.441356432319187,0.33698589571811705,0.2216576719626939,1D-CNN
S358,0.32628241976422984,0.23978432862055385,0.43393325161521623,GRU
S359,0.3290855298205357,0.2785084513263355,0.39240601885312854,GRU
S360,0.2629910840629819,0.21178103427181738,0.5252278816652006,GRU
S361,0.22480065148284037,0.3544518079716906,0.4207475405454691,GRU
S362,0.1492201713813592,0.1498345811541628,0.7009452474644774,GRU
S363,0.23693958964289155,0.36108836273815725,0.4019720476189511,GRU
S364,0.10200003770306124,0.7559439147942829,0.14205604750265638,ANN
S365,0.28360962418128577,0.5329206656611012,0.18346971015761157,ANN
S366,0.13283360161918542,0.5343301230444286,0.33283627533638416,ANN
S367,0.2912459469222081,0.4534841995952086,0.25526985348258346,ANN
S368,0.20754207199763558,0.47958784560723666,0.3128700823951266,ANN
S369,0.267381647132209,0.3761752732091738,0.35644307965861705,ANN
S370,0.2918611480101727,0.4592703322710563,0.24886851971876997,ANN
S371,0.5614582010608049,0.208336742008157,0.23020505693103865,1D-CNN
S372,0.467086555246384,0.24111811362936195,0.2917953311242537,1D-CNN
S373,0.15170132615339382,0.20589876346456215,0.642399910382044,GRU
S374,0.20849413239616726,0.20386507019477002,0.5876407974090628,GRU
S375,0.2540392627095433,0.30203391587540607,0.44392682141505135,GRU
S376,0.2417985244497564,0.4608905167069666,0.297310958843279,ANN
S377,0.3648190155458456,0.32167324758922633,0.3135077368649288,1D-CNN
S378,0.22107003496702504,0.2593502791893794,0.5195796858435975,GRU
S379,0.25941649991423277,0.38484601895018755,0.3557374811355797,ANN
S380,0.337921031259584,0.3552730666637809,0.3068059020766357,ANN
S381,0.15952029549985325,0.746027710911067,0.09445199358908134,ANN
S382,0.17785216159044626,0.6826265513056183,0.139521287103934,ANN
S383,0.3278302246769524,0.30001397811746616,0.3721557972055803,GRU
S384,0.34490833624644457,0.5114718742015067,0.14361978955204735,ANN
S385,0.3736640973450745,0.4301886072581147,0.19614729539680933,ANN
S386,0.31954740888909555,0.4759784663640869,0.20447412474681823,ANN
S387,0.2543336429633808,0.47187888261522115,0.2737874744213993,ANN
S388,0.26168133631972806,0.5210211278838692,0.21729753579640243,ANN
S389,0.3886463268344645,0.4775646134812962,0.1337890596842386,ANN
S390,0.5942781748536812,0.3009865440078398,0.10473528113847913,1D-CNN
S391,0.5340103853500637,0.23562041384765303,0.23036920080228232,1D-CNN
S392,0.45392144940678597,0.3835479671069375,0.16253058348627705,1D-CNN
S393,0.4248980494372305,0.44288532139509335,0.13221662916767543,ANN
S394,0.3739576527708446,0.35978800979809944,0.26625433743105603,1D-CNN
S395,0.4552651201791561,0.23563574787005956,0.30909913195078426,1D-CNN
S396,0.32814614850800383,0.36978010795195204,0.30207374354004424,ANN
S397,0.31507519978729776,0.42157003881156857,0.2633547614011356,ANN
S398,0.29392891101139257,0.37685554523797243,0.3292155437506335,ANN
S399,0.3289406336190875,0.45097678090472215,0.2200825854761905,ANN
S400,0.32591121670569434,0.5346714633638344,0.1394173199304711,ANN
S401,0.4406713761711803,0.3191622690578993,0.24016635477091958,1D-CNN
S402,0.3221951029067619,0.46472304971051454,0.2130818473827243,ANN
S403,0.5367701852290507,0.29621723448216875,0.16701258028878055,1D-CNN
S404,0.4715615256936176,0.39990828899475545,0.1285301853116272,1D-CNN
S405,0.41173709338681724,0.45154256933880793,0.1367203372743767,ANN
S406,0.3954675817194174,0.3992252294211805,0.20530718885940255,ANN
S407,0.3024703754639667,0.4368308446158623,0.26069877992017104,ANN
S408,0.32386500377840394,0.3594434399283664,0.316691556293229,ANN
S409,0.3242667718656286,0.4055392561901387,0.27019397194423067,ANN
S410,0.31469166646747043,0.43957264448497807,0.2457356890475505,ANN
S411,0.32419509599208224,0.336765709329658,0.3390391946782599,GRU
S412,0.297596922582277,0.40969480004478986,0.2927082773729352,ANN
S413,0.39284502241372676,0.43048902508753406,0.17666595249873912,ANN
S414,0.3953813037684964,0.4349923402567202,0.16962635597478495,ANN
S415,0.21642300221356095,0.5314436500565899,0.25213334772984913,ANN
S416,0.3267175691427611,0.4629612155669148,0.21032121529032333,ANN
S417,0.3955785753553688,0.26901109821125274,0.33541032643337854,1D-CNN
S418,0.32418625155102987,0.3243675949131701,0.3514461535358,GRU
S419,0.28978830702735864,0.43393939043738167,0.27627230253525975,ANN
S420,0.49743255872966746,0.32899960335163536,0.1735678379186978,1D-CNN
S421,0.3884982739278246,0.3650156214069852,0.2464861046651909,1D-CNN
S422,0.25014395280960733,0.5611168052560809,0.18873924193431138,ANN
S423,0.39399256660018334,0.3710398289930031,0.23496760440681486,1D-CNN
S424,0.23085838788583526,0.614476162108921,0.15466545000524387,ANN
S425,0.335417124363039,0.37780604842904514,0.28677682720791653,ANN
S426,0.31712142481577416,0.45763686665113,0.2252417085330957,ANN
S427,0.22378557692914655,0.4275799086865917,0.3486345143842596,ANN
S428,0.300629245856193,0.3002109954266567,0.39915975871714904,GRU
S429,0.4967556378935489,0.30022371876951887,0.20302064333693204,1D-CNN
S430,0.48890584958926253,0.19336275449102835,0.31773139591971056,1D-CNN
S431,0.46269682538872275,0.15427390594663878,0.3830292686646384,1D-CNN
S432,0.30782195139832236,0.29724395473528775,0.3949340938663875,GRU
S433,0.28492350638700437,0.25537316590879133,0.4597033277042042,GRU
S434,0.1903234898274275,0.3315646936197292,0.47811181655284246,GRU
S435,0.19538546387912326,0.38849886567387526,0.4161156704470024,GRU
S436,0.30565918722540925,0.16896639340513595,0.5253744193694544,GRU
S437,0.38076769685435,0.2092712183348714,0.40996108481077914,GRU
S438,0.4850808750336158,0.1526163067843858,0.3623028181819967,1D-CNN
S439,0.2702467641607604,0.171305657420186,0.5584475784190548,GRU
S440,0.31398727546746896,0.18560321558775372,0.5004095089447772,GRU
S441,0.32881533304182037,0.22706859793855724,0.44411606901962225,GRU
S442,0.3200645043877413,0.2918037622373434,0.3881317333749159,GRU
S443,0.31202435818725566,0.40404689220335127,0.2839287496093951,ANN
S444,0.39153918438742874,0.37472737862389016,0.23373343698868115,1D-CNN
S445,0.1313519303744285,0.6767066214445925,0.19194144818097905,ANN
S446,0.25368834537934964,0.5765367521249755,0.16977490249567306,ANN
S447,0.31698598612829787,0.4132528234180373,0.2697611904536657,ANN
S448,0.415520925756483,0.3749519793700874,0.20952709487342985,1D-CNN
S449,0.48939184638445227,0.3409564149191963,0.16965173869635264,1D-CNN
S450,0.41696608146647174,0.37452400002255554,0.2085099185109747,1D-CNN
S451,0.34224810745038453,0.41001497263694087,0.24773691991267452,ANN
S452,0.4391214933852813,0.35335397234128263,0.20752453427343595,1D-CNN
S453,0.363199963400834,0.32271925379399696,0.3140807828051692,1D-CNN
S454,0.2812021240430351,0.36642068998825245,0.3523771859687125,ANN
S455,0.2964191331347466,0.3254542143541144,0.3781266525111384,GRU
S456,0.24964901569790388,0.34638663681227366,0.40396434748982313,GRU
S457,0.1897200451553484,0.3845306803444774,0.42574927450017486,GRU
S458,0.16722057989931965,0.4558141056706232,0.3769653144300572,ANN
S459,0.2212593416476804,0.5171764201450513,0.26156423820726904,ANN
S460,0.4868836795450068,0.3800454490582838,0.13307087139670828,1D-CNN
S461,0.34136852716508037,0.4770786846370367,0.18155278819788234,ANN
S462,0.4087908365027614,0.43777907755823375,0.15343008593900478,ANN
S463,0.26165756174425353,0.49037573812057195,0.2479667001351737,ANN
S464,0.38444009880364555,0.3661628860629618,0.24939701513339224,1D-CNN
S465,0.25817567935566793,0.5327384736346409,0.2090858470096903,ANN
S466,0.456079817460983,0.32007850666628285,0.2238416758727326,1D-CNN
S467,0.34242819453070383,0.3625746963058749,0.2949971091634193,ANN
S468,0.3364647204568373,0.3148054480127762,0.34872983153038567,GRU
S469,0.3285063115723695,0.2479348960376247,0.42355879239000555,GRU
S470,0.3655423239919873,0.37344408236324966,0.26101359364476295,ANN
S471,0.405572601797199,0.36539079870349794,0.2290365994993018,1D-CNN
S472,0.3578740788882464,0.25389328140075007,0.38823263971100336,GRU
S473,0.29603873367203687,0.45349548549784935,0.25046578083011406,ANN
S474,0.29168744326410545,0.37575336169513673,0.33255919504075737,ANN
S475,0.2804732705267141,0.3891075054173493,0.33041922405593616,ANN
S476,0.33853532023949595,0.36051082575640647,0.3009538540040959,ANN
S477,0.4367553508470744,0.47381199475023916,0.08943265440268607,ANN
S478,0.28928643824656897,0.2817451657627757,0.42896839599065456,GRU
S479,0.14989903934458665,0.6750595055380456,0.1750414551173678,ANN
S480,0.40171260040022105,0.422070223592196,0.17621717600758233,ANN
S481,0.42957252976142474,0.3647815567612533,0.20564591347732397,1D-CNN
S482,0.38533947337894386,0.25027136767750974,0.36438915894354895,1D-CNN
S483,0.33340364360628827,0.31617125639156757,0.35042510000214355,GRU
S484,0.31663069260770205,0.30416446518284,0.37920484220945794,GRU
S485,0.2901455991032322,0.29520455352224956,0.41464984737451704,GRU
S486,0.4605536446109456,0.2912955093825947,0.24815084600645962,1D-CNN
S487,0.33882410900968346,0.44120986767172743,0.21996602331858991,ANN
S488,0.29436404523423065,0.4725079734012871,0.23312798136448512,ANN
S489,0.3351099685284038,0.3012336927354701,0.3636563387361262,GRU
S490,0.2843929240644884,0.34601359898367434,0.36959347695183675,GRU
S491,0.33923414498468235,0.35192952865929933,0.30883632635601815,ANN
S492,0.47355036283188057,0.37048804990126083,0.15596158726685988,1D-CNN
S493,0.41848446063589284,0.45904049330601704,0.12247504605808993,ANN
S494,0.5414389661243744,0.2598940262555001,0.19866700762012804,1D-CNN
S495,0.17292598431521602,0.7213442977650123,0.10572971791977344,ANN
S496,0.3813240249381238,0.4082207762016648,0.21045519886021297,ANN
S497,0.35925514786343904,0.4240174239535152,0.21672742818304513,ANN
S498,0.321603596153077,0.45980143844183796,0.21859496540508372,ANN
S499,0.3176341235957072,0.45230443739286835,0.23006143901142193,ANN
S500,0.24463703560237393,0.5324833527376037,0.2228796116600223,ANN
S501,0.4586271412290655,0.35461663182591113,0.18675622694502264,1D-CNN
S502,0.469306688753652,0.34147804068180854,0.18921527056453977,1D-CNN
S503,0.37227011728463255,0.3177318205512755,0.30999806216409137,1D-CNN
S504,0.31692120500020066,0.4480097528670973,0.23506904213270205,ANN
S505,0.26618788794003323,0.5280805854266389,0.2057315266333277,ANN
S506,0.16724517262812325,0.6927892903232993,0.1399655370485772,ANN
S507,0.41748782151767644,0.24532652211136674,0.3371856563709564,1D-CNN
S508,0.28573630783770154,0.4165837066764794,0.2976799854858199,ANN
S509,0.30843855229340217,0.3354425197808886,0.3561189279257087,GRU
S510,0.3177701286976464,0.37844985387047797,0.30378001743187494,ANN
S511,0.4673088203308382,0.3526197899845435,0.18007138968461803,1D-CNN
S512,0.5201184724774145,0.2825400390512975,0.19734148847128755,1D-CNN
S513,0.2819202289096705,0.4921368137967983,0.22594295729353178,ANN
S514,0.3203783067622178,0.3480415739173601,0.3315801193204221,ANN
S515,0.35912793351136296,0.2821786253250332,0.3586934411636065,1D-CNN
S516,0.3612474459642368,0.41610380180936607,0.22264875222639716,ANN
S517,0.2928758279472571,0.41407834870028204,0.29304582335246177,ANN
S518,0.2728740139159625,0.44268873364587275,0.28443725243816387,ANN
S519,0.40901907929490794,0.3996446364995247,0.19133628420556745,1D-CNN
S520,0.27403590505882064,0.5170619271716853,0.20890216776949383,ANN
S521,0.29122494701394275,0.46952798395772855,0.23924706902832962,ANN
S522,0.26165772107263713,0.6008934768787564,0.1374488020486083,ANN
S523,0.3407405202568202,0.42537256713866595,0.23388691260451538,ANN
S524,0.32617414074330514,0.4930492400179267,0.18077661923876767,ANN
S525,0.32382655709319247,0.4691135952579908,0.20705984764881571,ANN
S526,0.18965978666748132,0.7146847463114279,0.09565546702109146,ANN
S527,0.2557678693097467,0.5190412135436264,0.22519091714662703,ANN
S528,0.3194192795967417,0.45877143722055147,0.22180928318270704,ANN
S529,0.3616840053206149,0.4660999086012315,0.17221608607815317,ANN
S530,0.2908538994368663,0.5841786524474913,0.12496744811563983,ANN
S531,0.3633879499222059,0.4786301718553429,0.15798187822244983,ANN
S532,0.32482960396584937,0.5125057457129185,0.1626646503212315,ANN
S533,0.3542253735383072,0.5110030091706848,0.1347716172910077,ANN
S534,0.5476379458071446,0.23347326188859643,0.21888879230425834,1D-CNN
S535,0.33842419792176415,0.37292582794201756,0.28864997413621846,ANN
S536,0.3147306719115062,0.28608860771475897,0.3991807203737342,GRU
S537,0.36316948426823453,0.314038153484572,0.3227923622471929,1D-CNN
S538,0.47021097573653786,0.3101236970779429,0.21966532718551904,1D-CNN
S539,0.4955019051726478,0.3817543078157129,0.12274378701163935,1D-CNN
S540,0.3613974452325753,0.4542917800983482,0.18431077466907606,ANN
S541,0.3916726348585152,0.4392374037318428,0.1690899614096422,ANN
S542,0.354619395915789,0.431402707483583,0.21397789660062738,ANN
S543,0.2505223354887395,0.5796674760539793,0.169810188457283,ANN
S544,0.38788361660695,0.45752246875061886,0.1545939146424315,ANN
S545,0.35532262947950394,0.412965752436436,0.23171161808405882,ANN
S546,0.34657982515358116,0.4153665865494234,0.23805358829699688,ANN
S547,0.36666862314172977,0.35097265984061315,0.28235871701765625,1D-CNN
S548,0.5484143996117268,0.22127704899547562,0.2303085513927996,1D-CNN
S549,0.46409190374742654,0.21909834239616688,0.3168097538564087,1D-CNN
S550,0.3274300454247208,0.3441462900142784,0.3284236645610009,ANN
S551,0.20266836131768262,0.23895521510728737,0.558376423575028,GRU
S552,0.2781115176437349,0.1436981062783785,0.5781903760778873,GRU
S553,0.32638330042452157,0.20728696555009118,0.4663297340253873,GRU
S554,0.25170481034249287,0.31951170396722955,0.42878348569027747,GRU
S555,0.3344916219629994,0.3096576956941699,0.35585068234283046,GRU
S556,0.33302650708258774,0.18948830006974413,0.47748519284766683,GRU
S557,0.2795811650323541,0.17152492285081547,0.5488939121168293,GRU
S558,0.16470327151289474,0.1909647933953335,0.6443319350917712,GRU
S559,0.2706448680886233,0.21702314593471328,0.512331985976666,GRU
S560,0.286950441462178,0.26866767593749435,0.4443818826003298,GRU
S561,0.25484802173175203,0.209586899230632,0.5355650790376139,GRU
S562,0.33770500491287214,0.1887035871915192,0.4735914078956087,GRU
S563,0.33734895490779737,0.26620097147103733,0.3964500736211649,GRU
S564,0.31667358802440265,0.18427017486624872,0.49905623710934877,GRU
S565,0.25114019663860787,0.30037492972895913,0.448484873632433,GRU
S566,0.18572902413585038,0.22072330935895362,0.593547666505198,GRU
S567,0.3492333076333924,0.37009794079530883,0.280668751571298,ANN
S568,0.25626724777450843,0.451778435137478,0.2919543170880141,ANN
S569,0.3475899227255335,0.3697289931908751,0.28268108408359083,ANN
S570,0.34073715040195607,0.39616159244705407,0.26310125715098975,ANN
S571,0.373843743903597,0.43820461058412113,0.18795164551228188,ANN
S572,0.21314511901189473,0.5556355416634255,0.23121933932467972,ANN
S573,0.4404605037223894,0.3233065204704615,0.2362329758071484,1D-CNN
S574,0.3960869070841149,0.4335943387058567,0.170318754210028,ANN
S575,0.35072236403701584,0.499016830972817,0.15026080499016645,ANN
S576,0.2757806882037436,0.4027328430220296,0.3214864687742293,ANN
S577,0.2492506777549529,0.33413149647216456,0.4166178257728824,GRU
S578,0.2826199068438811,0.2970804387496841,0.4202996544064348,GRU
S579,0.2845157246685836,0.4008189411845513,0.3146653341468651,ANN
S580,0.3243613011309865,0.46589846808643126,0.20974023078258214,ANN
S581,0.41828660592184425,0.3362300199687555,0.24548337410940008,1D-CNN
S582,0.36820335805455834,0.3264190439354267,0.3053775980100136,1D-CNN
S583,0.36531346237165624,0.3159692014144841,0.31871733621385934,1D-CNN
S584,0.38183417281412263,0.36746249039076384,0.25070333679511303,1D-CNN
S585,0.43058844427760823,0.36119136737695795,0.20822018834543315,1D-CNN
S586,0.3806856508234688,0.38309987268430806,0.23621447649222382,ANN
S587,0.366788436670911,0.38392136932172033,0.24929019400737054,ANN
