Segment,1D-CNN,ANN,GRU,Selected
S1,0.3945530146774503,0.2786993021001187,0.32674768322243175,1D-CNN
S2,0.2821424230763639,0.2799339361400035,0.4379236407836331,GRU
S3,0.2296987456408274,0.2653404666417828,0.5049607877173905,GRU
S4,0.27911588833428813,0.34568905444244385,0.3751950572232675,GRU
S5,0.363656100122287,0.28050099741323237,0.3558429024644807,1D-CNN
S6,0.37234016929064584,0.3061862500541654,0.32147358065518933,1D-CNN
S7,0.31794978743493535,0.3556620741063896,0.32638813845867515,ANN
S8,0.289579880307744,0.31084487721370047,0.3995752424785553,GRU
S9,0.3277829689001678,0.3264785960894709,0.34573843501036133,GRU
S10,0.2981133234226341,0.43441481783758473,0.26747185873978124,ANN
S11,0.3478620246758668,0.476137473086019,0.17600050223811387,ANN
S12,0.25872026326151154,0.5647377074659753,0.17654202927251278,ANN
S13,0.20725340532956563,0.5521261811513657,0.2406204135190683,ANN
S14,0.3523061293801343,0.40001608351108864,0.24767778710877683,ANN
S15,0.4190679324346507,0.24973198868557497,0.3312000788797738,1D-CNN
S16,0.3501958120181851,0.34671950283205977,0.3030846851497558,1D-CNN
S17,0.30850650767175025,0.31720949273483756,0.3742839995934117,GRU
S18,0.32180013249229755,0.3396846934912337,0.3385151740164687,ANN
S19,0.3368434405087101,0.3037575332796188,0.3593990262116706,GRU
S20,0.29853250166777845,0.20419428012478288,0.49727321820743875,GRU
S21,0.37992061361930995,0.35833535705270536,0.2617440293279855,1D-CNN
S22,0.3448943186487923,0.3994505018390342,0.25565517951217354,ANN
S23,0.243328900863136,0.4530004612374204,0.30367063789944365,ANN
S24,0.3107866030485869,0.32480565097369357,0.36440774597771963,GRU
S25,0.31259220947094124,0.363674384627533,0.3237334059015258,ANN
S26,0.31478665983345094,0.3404553909019981,0.34475794926455083,GRU
S27,0.1871489315470698,0.5913755258282299,0.22147554262470043,ANN
S28,0.41669837109218916,0.34917462683439726,0.2341270020734137,1D-CNN
S29,0.33277136362297327,0.25166713040275285,0.4155615059742747,GRU
S30,0.24174539040892506,0.44563893923631953,0.3126156703547561,ANN
S31,0.3636353318193496,0.23636801501547383,0.3999966531651762,GRU
S32,0.41778664223254836,0.15953927705663698,0.4226740807108146,GRU
S33,0.27879396196871487,0.21291040923717836,0.5082956287941067,GRU
S34,0.32478904428365407,0.2794272711982387,0.39578368451810697,GRU
S35,0.30181160373147625,0.3311406065591637,0.3670477897093602,GRU
S36,0.44370354225168057,0.2582281020399219,0.29806835570839735,1D-CNN
S37,0.40713307342042115,0.31111921941295784,0.28174770716662095,1D-CNN
S38,0.26103272589095405,0.4472051481973279,0.29176212591171796,ANN
S39,0.29842255670019485,0.38008846421261155,0.32148897908719354,ANN
S40,0.38197212214773696,0.28825109598404086,0.3297767818682223,1D-CNN
S41,0.3673316248369023,0.30284239475582386,0.3298259804072746,1D-CNN
S42,0.32318304527677094,0.2799708052566831,0.3968461494665461,GRU
S43,0.3250479646357321,0.3710907523616922,0.3038612830025757,ANN
S44,0.3882766081688636,0.35798222266409774,0.2537411691670383,1D-CNN
S45,0.4579881866194594,0.25829492107484486,0.2837168923056954,1D-CNN
S46,0.3079048394313484,0.3475195825839779,0.3445755779846736,ANN
S47,0.28650149470258596,0.3561423059441183,0.35735619935329577,GRU
S48,0.32533826434909385,0.26655193913275294,0.4081097965181532,GRU
S49,0.3419298838163554,0.3419804160994479,0.31608970008419607,ANN
S50,0.35872188936944915,0.3328154015801542,0.30846270905039674,1D-CNN
S51,0.26738816581638447,0.35184192041544987,0.38076991376816555,GRU
S52,0.49696757305538436,0.31502635946033114,0.1880060674842846,1D-CNN
S53,0.4577716981088256,0.2512387338950239,0.2909895679961511,1D-CNN
S54,0.6357853333692419,0.08598426306424715,0.27823040356651063,1D-CNN
S55,0.4311721601022659,0.27135968501897473,0.29746815487875944,1D-CNN
S56,0.29404198987968144,0.2784553539807614,0.42750265613955724,GRU
S57,0.3390387185351315,0.1299775314932508,0.5309837499716182,GRU
S58,0.42316435132771363,0.19846035710999402,0.37837529156229216,1D-CNN
S59,0.295725962742499,0.33857974223705684,0.3656942950204442,GRU
S60,0.2556120364919487,0.43419020055196084,0.31019776295609114,ANN
S61,0.11476437934098607,0.15954136557468354,0.7256942550843304,GRU
S62,0.10431865586123405,0.1581720733552108,0.7375092707835551,GRU
S63,0.18518675060564238,0.4579115627077079,0.356901686686649,ANN
S64,0.3365962013011964,0.38064969494379874,0.2827541037550048,ANN
S65,0.2609255948085419,0.4860149133653044,0.2530594918261537,ANN
S66,0.3063677374308526,0.37502646878991924,0.31860579377922804,ANN
S67,0.41972433064920367,0.253732438910282,0.3265432304405149,1D-CNN
S68,0.5527609321362992,0.24448519818868997,0.20275386967501172,1D-CNN
S69,0.3084909877498183,0.4109776270558975,0.280531385194284,ANN
S70,0.2763155159809868,0.36045954679641223,0.3632249372226006,GRU
S71,0.41082448340218675,0.29896464966728376,0.2902108669305296,1D-CNN
S72,0.41119755962255194,0.32329007273180105,0.2655123676456467,1D-CNN
S73,0.4455621851706229,0.23319402221265897,0.3212437926167189,1D-CNN
S74,0.27824287430829,0.3675791575435244,0.35417796814818536,ANN
S75,0.2753226538608287,0.32491025028612447,0.39976709585304737,GRU
S76,0.3245425216313604,0.3037450871637072,0.3717123912049323,GRU
S77,0.35725918627119696,0.312134837461356,0.3306059762674471,1D-CNN
S78,0.36876286711733924,0.34036463358127406,0.29087249930138737,1D-CNN
S79,0.2864591033562636,0.42060530852854455,0.2929355881151917,ANN
S80,0.35515827592943566,0.3095250558498698,0.33531666822069456,1D-CNN
S81,0.5687665717636141,0.20039027146467175,0.230843156771715,1D-CNN
S82,0.5673982261107761,0.19956038207711957,0.23304139181210506,1D-CNN
S83,0.4550055855173003,0.29335518956015316,0.2516392249225466,1D-CNN
S84,0.417785244784198,0.3212189979309316,0.2609957572848703,1D-CNN
S85,0.3452821706523893,0.3914434433191013,0.2632743860285094,ANN
S86,0.5023660025422908,0.1786228049615412,0.319011192496168,1D-CNN
S87,0.30741173376284525,0.32108310047013533,0.37150516576702003,GRU
S88,0.1911737731665729,0.3119493040692349,0.49687692276419243,GRU
S89,0.29935101642580125,0.3119018670444659,0.388747116529733,GRU
S90,0.22504302753411606,0.40846683552291974,0.36649013694296384,ANN
S91,0.26020840195453526,0.38203143778525744,0.35776016026020785,ANN
S92,0.39204719519712056,0.31852732449815263,0.2894254803047265,1D-CNN
S93,0.5036974387063767,0.35854778574158086,0.13775477555204194,1D-CNN
S94,0.5188299166871415,0.2705010257800451,0.21066905753281326,1D-CNN
S95,0.43996003389973154,0.25029462782803036,0.309745338272238,1D-CNN
S96,0.40465604621910795,0.32536127780136176,0.26998267597952996,1D-CNN
S97,0.30922200580234593,0.3418932563684061,0.3488847378292485,GRU
S98,0.34455955212329054,0.3118099014328951,0.3436305464438142,1D-CNN
S99,0.3039627769466266,0.3579038545775014,0.3381333684758713,ANN
S100,0.23251487202250617,0.5487822197236069,0.218702908253887,ANN
S101,0.19339793079510487,0.26668138095532734,0.5399206882495677,GRU
S102,0.20451502859634288,0.25920193729376306,0.5362830341098949,GRU
S103,0.30161708791555647,0.4008432814371676,0.29753963064727645,ANN
S104,0.3639460351688272,0.3689276623874158,0.2671263024437571,ANN
S105,0.42800373941474457,0.3075913686126938,0.26440489197256173,1D-CNN
S106,0.47218422126032283,0.2356611539958536,0.2921546247438234,1D-CNN
S107,0.28290014522223567,0.3612241841621032,0.35587567061566094,ANN
S108,0.32554785093092076,0.3663059122319541,0.308146236837125,ANN
S109,0.3498802428185973,0.35616530307749245,0.29395445410390914,ANN
S110,0.3180281332293028,0.32825226432359284,0.3537196024471044,GRU
S111,0.2793006571807758,0.45756613661583406,0.2631332062033902,ANN
S112,0.30912689970593754,0.25410533692505777,0.4367677633690047,GRU
S113,0.26926990033207854,0.29808272898547233,0.43264737068244985,GRU
S114,0.2471967271777118,0.3742847387382356,0.37851853408405206,GRU
S115,0.33804769436008936,0.3403344384795215,0.32161786716038965,ANN
S116,0.37825262435018836,0.4451837942894301,0.1765635813603822,ANN
S117,0.32051260052551045,0.4588419331344648,0.22064546634002466,ANN
S118,0.25235684216530174,0.44237153799584655,0.30527161983885165,ANN
S119,0.21986697033950217,0.5191291733517511,0.26100385630874745,ANN
S120,0.4479191958190361,0.28573003676899394,0.26635076741197083,1D-CNN
S121,0.493662861256585,0.2775972759658936,0.22873986277752145,1D-CNN
S122,0.3838391369493562,0.33132938757806624,0.2848314754725776,1D-CNN
S123,0.29758729687060853,0.3075623178013456,0.3948503853280459,GRU
S124,0.46855373379231485,0.14168162308863,0.38976464311905523,1D-CNN
S125,0.361725159448153,0.2672129795896084,0.37106186096223864,GRU
S126,0.27856262871834153,0.3069267698139439,0.4145106014677144,GRU
S127,0.34992883944839964,0.3108412752141459,0.3392298853374543,1D-CNN
S128,0.316798910671785,0.4005601081930905,0.28264098113512376,ANN
S129,0.38227981891753954,0.4171895964894271,0.20053058459303297,ANN
S130,0.3061628676510467,0.41598824073381757,0.27784889161513576,ANN
S131,0.3150728774534671,0.3280702010002359,0.3568569215462965,GRU
S132,0.3474065682187181,0.34368455994240843,0.3089088718388731,1D-CNN
S133,0.4071119426423097,0.3189412665542904,0.2739467908033999,1D-CNN
S134,0.39922255385474537,0.32312993039771726,0.2776475157475375,1D-CNN
S135,0.380641975893282,0.34111420477202964,0.27824381933468806,1D-CNN
S136,0.4744937049309235,0.2258250657426176,0.2996812293264581,1D-CNN
S137,0.3329323449596091,0.21587057712207475,0.45119707791831604,GRU
S138,0.27023854068551656,0.3217357078064213,0.4080257515080623,GRU
S139,0.29543616193149386,0.3248894156353183,0.3796744224331876,GRU
S140,0.30446139775950853,0.330721820233416,0.36481678200707557,GRU
S141,0.2424564990689351,0.44893834755916373,0.30860515337190053,ANN
S142,0.35728847140495895,0.459410129309456,0.18330139928558503,ANN
S143,0.4033814303970407,0.3388736005563124,0.2577449690466468,1D-CNN
S144,0.29731522914535474,0.3291653103105249,0.3735194605441199,GRU
S145,0.37696835065413764,0.2815850197759331,0.34144662956992916,1D-CNN
S146,0.4233996982907436,0.3055152911915455,0.271085010517711,1D-CNN
S147,0.2562117940246741,0.5616921421725634,0.182096063802763,ANN
S148,0.49640164115573304,0.24461506220406612,0.2589832966402004,1D-CNN
S149,0.36933878721412233,0.3235451351817858,0.30711607760409265,1D-CNN
S150,0.3379062910524971,0.2600665154530715,0.4020271934944313,GRU
S151,0.3102631495851633,0.31292686456946756,0.37680998584536934,GRU
S152,0.3130429919126836,0.3218412352958262,0.36511577279149016,GRU
S153,0.2223122478790295,0.5592601444197517,0.21842760770121886,ANN
S154,0.3976709340311165,0.36215503416390626,0.24017403180497804,1D-CNN
S155,0.4524910729849538,0.28325906477033574,0.2642498622447096,1D-CNN
S156,0.3536348432804057,0.316041265582753,0.33032389113684146,1D-CNN
S157,0.445973316656356,0.18531424292188808,0.36871244042175555,1D-CNN
S158,0.27391153937997165,0.5077498021467677,0.21833865847326056,ANN
S159,0.2667732519999952,0.4882103809528263,0.24501636704717877,ANN
S160,0.26714875954372874,0.388562376225562,0.3442888642307097,ANN
S161,0.3977551152163927,0.19157442551723688,0.4106704592663704,GRU
S162,0.23427044491905058,0.3752528286212929,0.3904767264596564,GRU
S163,0.250010414226474,0.3346746105044373,0.41531497526908817,GRU
S164,0.34051728306387063,0.253251446156503,0.4062312707796269,GRU
S165,0.3253669620590226,0.4256868271465485,0.24894621079442877,ANN
S166,0.4017581270837481,0.3383048595106709,0.2599370134055802,1D-CNN
S167,0.47283879632957065,0.24867132707990128,0.27848987659052793,1D-CNN
S168,0.3134903303806486,0.24392829512193454,0.44258137449741664,GRU
S169,0.3436764879521856,0.14610317317177307,0.5102203388760412,GRU
S170,0.3227414551540794,0.2808951454811318,0.3963633993647883,GRU
S171,0.33589559393945095,0.2708146511766354,0.39328975488391366,GRU
S172,0.2874180575116285,0.2068253067629481,0.5057566357254234,GRU
S173,0.28069499806052134,0.285117253855546,0.43418774808393334,GRU
S174,0.27210139145387097,0.2368244576635385,0.49107415088259065,GRU
S175,0.2364358483512307,0.2681040292372356,0.4954601224115334,GRU
S176,0.12434481094341567,0.40223463124095277,0.47342055781563147,GRU
S177,0.28957602912435626,0.2816261208195461,0.4287978500560975,GRU
S178,0.20882170435936978,0.21097681947817226,0.5802014761624578,GRU
S179,0.15687348404584978,0.3307369705367689,0.5123895454173828,GRU
S180,0.27780704671323003,0.43748211127202047,0.2847108420147494,ANN
S181,0.26674417575795895,0.501454846101516,0.23180097814052467,ANN
S182,0.19222598433110236,0.48431609353543703,0.3234579221334604,ANN
S183,0.22523886398298862,0.4394854437904106,0.33527569222660064,ANN
S184,0.29599256431746157,0.4733330394010429,0.23067439628149541,ANN
S185,0.30566956525142736,0.3188785789748081,0.3754518557737647,GRU
S186,0.3871902636549784,0.296678451632551,0.31613128471247054,1D-CNN
S187,0.3171746246260982,0.39858815184592217,0.2842372235279797,ANN
S188,0.306023747373656,0.4740175634088467,0.2199586892174974,ANN
S189,0.3840969371674661,0.3167201628748453,0.2991828999576885,1D-CNN
S190,0.31151613401836187,0.410984084465963,0.2774997815156751,ANN
S191,0.3598200109183325,0.26003884619543066,0.380141142886237,GRU
S192,0.3318285272744322,0.35300668456133333,0.31516478816423515,ANN
S193,0.2545325961467264,0.4697419485370753,0.27572545531619835,ANN
S194,0.26724927873900606,0.44099212668479976,0.29175859457619385,ANN
S195,0.3051953369629647,0.3496303152735098,0.3451743477635255,ANN
S196,0.2905480904739587,0.3868537287892876,0.322598180736754,ANN
S197,0.3031770187234059,0.4406511249861277,0.25617185629046646,ANN
S198,0.3431314526895093,0.4294901328757785,0.22737841443471185,ANN
S199,0.36895799784198724,0.33014431515264164,0.30089768700537123,1D-CNN
S200,0.2743879182311306,0.19639665101700302,0.5292154307518664,GRU
S201,0.17700678928139266,0.6429874311306336,0.18000577958797323,ANN
S202,0.39171980044509663,0.3250187934730157,0.28326140608188755,1D-CNN
S203,0.30599583086825377,0.46669768513104165,0.22730648400070455,ANN
S204,0.4253301336706623,0.29576843655542584,0.2789014297739118,1D-CNN
S205,0.3177342116637656,0.3708529657670132,0.31141282256922176,ANN
S206,0.280535452650856,0.3945281724022885,0.3249363749468553,ANN
S207,0.3458386667729518,0.3726760770401157,0.2814852561869333,ANN
S208,0.4621529041024585,0.3188263839744251,0.21902071192311656,1D-CNN
S209,0.46058582876458115,0.3346521030594422,0.20476206817597756,1D-CNN
S210,0.26403152491452286,0.36250186600861006,0.37346660907686696,GRU
S211,0.2865462190710112,0.3191281513544287,0.39432562957456024,GRU
S212,0.32006756808073683,0.2931402446512521,0.38679218726801085,GRU
S213,0.3706012876036861,0.3201974245159994,0.30920128788031503,1D-CNN
S214,0.47715794515332316,0.33129691137459577,0.19154514347208113,1D-CNN
S215,0.2251198629718422,0.21523292266302993,0.5596472143651279,GRU
S216,0.28614305165692405,0.4463421827687135,0.26751476557436304,ANN
S217,0.40108531643164136,0.3336364581920932,0.2652782253762652,1D-CNN
S218,0.2380242495723018,0.5564244921706741,0.2055512582570241,ANN
S219,0.2813960839975043,0.4716045450804583,0.24699937092203708,ANN
S220,0.2871911792504501,0.4054881319179234,0.30732068883162644,ANN
S221,0.32197410266078236,0.44696943249501364,0.23105646484420378,ANN
S222,0.3293906340869878,0.4783412006087496,0.19226816530426274,ANN
S223,0.4124864650787992,0.4088760025132779,0.17863753240792313,1D-CNN
S224,0.5104791978865746,0.2616237826153829,0.22789701949804259,1D-CNN
S225,0.28393406944472627,0.3370638019916799,0.3790021285635934,GRU
S226,0.3543813167394732,0.41333325452650177,0.2322854287340258,ANN
S227,0.476473338834341,0.3144614273177636,0.20906523384789527,1D-CNN
S228,0.3510455711920095,0.44478161362310087,0.2041728151848895,ANN
S229,0.2922944515565379,0.45791793421491345,0.2497876142285485,ANN
S230,0.3737584255377303,0.403822489700631,0.22241908476163874,ANN
S231,0.40985179548352496,0.3221376281546665,0.2680105763618083,1D-CNN
S232,0.3137204294655174,0.32329199528781455,0.36298757524666825,GRU
S233,0.3387526881274118,0.3430098458925945,0.31823746597999375,ANN
S234,0.48350967883196183,0.24967975546525464,0.2668105657027827,1D-CNN
S235,0.33826486582694165,0.4549501033934311,0.2067850307796274,ANN
S236,0.42224719674905437,0.310610691685674,0.26714211156527234,1D-CNN
S237,0.3477878813879204,0.38848968349068747,0.26372243512139204,ANN
S238,0.3289272258092564,0.3226494433530921,0.3484233308376514,GRU
S239,0.3521053888931863,0.32699722501916073,0.3208973860876528,1D-CNN
S240,0.33618170137301223,0.35872471311381443,0.30509358551317317,ANN
S241,0.40078068909427056,0.3722896446536529,0.22692966625207656,1D-CNN
S242,0.27533402158069836,0.4886125895058356,0.23605338891346625,ANN
S243,0.37429550640456943,0.4199747604501082,0.20572973314532253,ANN
S244,0.6785381738740608,0.11571617718492759,0.2057456489410116,1D-CNN
S245,0.25629947450927404,0.2752711371517871,0.4684293883389387,GRU
S246,0.3380683114738023,0.3199804940251718,0.34195119450102607,GRU
S247,0.3279039686377893,0.33104356430677706,0.3410524670554339,GRU
S248,0.34408547757497676,0.2905637950302788,0.3653507273947444,GRU
S249,0.46407222303858187,0.28859486613423146,0.24733291082718661,1D-CNN
S250,0.5207583683236414,0.213333767395313,0.2659078642810463,1D-CNN
S251,0.290431365582803,0.3194629285630456,0.39010570585415205,GRU
S252,0.2905000846759144,0.2968254401438564,0.4126744751802291,GRU
S253,0.3347473608517769,0.2904677285157628,0.37478491063246083,GRU
S254,0.2950226761894894,0.5404923353263867,0.1644849884841234,ANN
S255,0.23511834834435752,0.5544687858265462,0.210412865829096,ANN
S256,0.3885497099823049,0.3534389456115147,0.2580113444061799,1D-CNN
S257,0.3804573820810626,0.3006976976836855,0.3188449202352515,1D-CNN
S258,0.3372846624373774,0.34935225430238936,0.31336308326023304,ANN
S259,0.2458761687422632,0.3446321966042329,0.4094916346535036,GRU
S260,0.41541852757791714,0.23064710207881303,0.35393437034326913,1D-CNN
S261,0.3340317506634152,0.34986727002603907,0.3161009793105457,ANN
S262,0.5098551095008905,0.21100744632831972,0.2791374441707905,1D-CNN
S263,0.3826714251830627,0.1865298952041687,0.43079867961276874,GRU
S264,0.2917738013337016,0.36699214798470137,0.3412340506815968,ANN
S265,0.3600729191250906,0.23571716499178233,0.4042099158831272,GRU
S266,0.32978087063960393,0.3209807116235921,0.3492384177368047,GRU
S267,0.38786981489513866,0.34175978083800457,0.27037040426685677,1D-CNN
S268,0.35769279706323387,0.3055270009869505,0.33678020194981534,1D-CNN
S269,0.3459403973400206,0.20224502059503624,0.45181458206494296,GRU
S270,0.20175673465110333,0.37550707443067527,0.4227361909182214,GRU
S271,0.22825492298580022,0.3271697984796707,0.4445752785345297,GRU
S272,0.31000190905464764,0.3769354592392014,0.3130626317061509,ANN
S273,0.34311763604662043,0.32160553762886096,0.3352768263245184,1D-CNN
S274,0.3251187363703604,0.40131552612212806,0.2735657375075124,ANN
S275,0.3628093337949524,0.2816828345409033,0.355507831664145,1D-CNN
S276,0.2812803838201378,0.44521001935746296,0.273509596822399,ANN
S277,0.36990410623906794,0.2829775828753779,0.3471183108855547,1D-CNN
S278,0.4329760512017717,0.24718200972048157,0.3198419390777475,1D-CNN
S279,0.31842744089510316,0.4906212812685449,0.19095127783635202,ANN
S280,0.33234903942000704,0.2815624982633232,0.3860884623166694,GRU
S281,0.28674930627067,0.3378480692526405,0.37540262447668865,GRU
S282,0.27070333120012113,0.3546939611615448,0.3746027076383341,GRU
S283,0.3388249054818994,0.31135493450395385,0.3498201600141467,GRU
S284,0.32644442984547284,0.3683612839237069,0.30519428623082023,ANN
S285,0.2557014095554062,0.2967920709829361,0.44750651946165776,GRU
S286,0.2619563479155349,0.3962514364831943,0.34179221560127165,ANN
S287,0.49588642848494235,0.3199306496902301,0.18418292182482754,1D-CNN
S288,0.489360058361977,0.22339315758060438,0.2872467840574193,1D-CNN
S289,0.22986080614413804,0.4854845832174353,0.2846546106384262,ANN
S290,0.290444667041513,0.32380663441850605,0.3857486985399809,GRU
S291,0.3336425449568069,0.30159456301486953,0.364762892028323,GRU
S292,0.3101743660906967,0.4052333448084527,0.2845922891008513,ANN
S293,0.4586350371436451,0.32262067759127466,0.21874428526508022,1D-CNN
S294,0.24897416707901346,0.47582860853483944,0.275197224386147,ANN
S295,0.4484239763870998,0.34767714899409985,0.20389887461880046,1D-CNN
S296,0.6324568740441492,0.2600621920973555,0.107480933858495,1D-CNN
S297,0.5888834080347735,0.2472449337247645,0.16387165824046213,1D-CNN
S298,0.22493574176983078,0.5325947980630348,0.242469460167134,ANN
S299,0.3582946031266379,0.23216548977781326,0.4095399070955488,GRU
S300,0.34558815489496864,0.3340504302296102,0.32036141487542125,1D-CNN
S301,0.3660281879745768,0.3107717475387675,0.32320006448665634,1D-CNN
S302,0.431716513289701,0.2653426197854631,0.3029408669248359,1D-CNN
S303,0.29169688485525097,0.33826297327990473,0.37004014186484424,GRU
S304,0.2783981765115071,0.20439871965582768,0.517203103832666,GRU
S305,0.3362998417561355,0.29887408597154314,0.3648260722723216,GRU
S306,0.28462145497257807,0.3670643634262392,0.3483141816011833,ANN
S307,0.27492225966677675,0.4275858195634435,0.2974919207697798,ANN
S308,0.48180682540925607,0.3275673866629104,0.19062578792783333,1D-CNN
S309,0.6769952667621653,0.18296891272521998,0.1400358205126146,1D-CNN
S310,0.29898157652333207,0.4270587570432108,0.2739596664334568,ANN
S311,0.20878239294058817,0.31291850071808686,0.47829910634132505,GRU
S312,0.30682989158529644,0.3248336106906248,0.36833649772407884,GRU
S313,0.3238966900229662,0.3264350677966511,0.3496682421803821,GRU
S314,0.30285280433325523,0.30731457232562287,0.3898326233411219,GRU
S315,0.25351762248022897,0.30334816851572144,0.44313420900404954,GRU
S316,0.15424971645979255,0.436922413675069,0.4088278698651385,ANN
S317,0.2801025112527528,0.33282132398499686,0.3870761647622503,GRU
S318,0.2975723546261438,0.4034024297349017,0.29902521563895457,ANN
S319,0.22846987253305137,0.4885447855147983,0.2829853419521505,ANN
S320,0.3694213168129799,0.4111715376641506,0.21940714552286933,ANN
S321,0.5343158531094763,0.19047768935667714,0.2752064575338466,1D-CNN
S322,0.4239906844562912,0.2901621127407524,0.2858472028029566,1D-CNN
S323,0.5770956583562871,0.14614206612838307,0.2767622755153298,1D-CNN
S324,0.2764689474533352,0.4712421297793791,0.25228892276728554,ANN
S325,0.3856848475176773,0.26186112559079644,0.3524540268915255,1D-CNN
S326,0.32353775872329454,0.26863639419206214,0.40782584708464287,GRU
S327,0.2650561399932338,0.34849823905252225,0.38644562095424456,GRU
S328,0.30758166384989916,0.3480877175638014,0.3443306185862996,ANN
S329,0.3515143728365799,0.34419185159117377,0.30429377557224624,1D-CNN
S330,0.34821634070111945,0.29582981739029707,0.35595384190858415,GRU
S331,0.2818470951549769,0.24313041364659707,0.4750224911984259,GRU
S332,0.34490352602494484,0.33346278786951,0.3216336861055445,1D-CNN
S333,0.3629356294131652,0.3767830909785052,0.26028127960833036,ANN
S334,0.4129649152953337,0.32670892172347604,0.26032616298119016,1D-CNN
S335,0.4503532866153089,0.29123436478257153,0.25841234860211937,1D-CNN
S336,0.35647353308649865,0.2842172825635083,0.3593091843499937,GRU
S337,0.2913952892674428,0.2566223617802582,0.4519823489522982,GRU
S338,0.2659779220448994,0.27973321591021544,0.4542888620448852,GRU
S339,0.4257720806679768,0.39044854001706936,0.18377937931495356,1D-CNN
S340,0.3898828646133656,0.2985452060908536,0.31157192929578065,1D-CNN
S341,0.2281430693764841,0.25490940113422234,0.5169475294892937,GRU
S342,0.13771019384108546,0.12304612687992479,0.7392436792789898,GRU
S343,0.18335358491124587,0.47953636122285415,0.33711005386589954,ANN
S344,0.3600729416816271,0.30909939816908905,0.3308276601492837,1D-CNN
S345,0.3887149230804805,0.37309149752628806,0.23819357939323135,1D-CNN
S346,0.38087551968476036,0.2718358504223004,0.34728862989293885,1D-CNN
S347,0.24200862910311552,0.38994711315899294,0.3680442577378915,ANN
S348,0.2734976865330347,0.429349795993434,0.2971525174735311,ANN
S349,0.36090595138169873,0.32587110321707624,0.3132229454012248,1D-CNN
S350,0.36238822246384056,0.35703995299461083,0.2805718245415493,1D-CNN
S351,0.45356346637959616,0.37098852484352834,0.175448008776875,1D-CNN
S352,0.48338012596095054,0.34245327857485713,0.17416659546419222,1D-CNN
S353,0.34815932670299526,0.3040113377720524,0.3478293355249525,1D-CNN
S354,0.37650713348609294,0.23160023946818725,0.39189262704571964,GRU
S355,0.32545421763437826,0.2593000547419735,0.4152457276236483,GRU
S356,0.3477353455890587,0.31967542496682055,0.33258922944412045,1D-CNN
S357,0.41214605527027226,0.37706166681631736,0.21079227791340974,1D-CNN
S358,0.3389586299478475,0.2566828272656556,0.4043585427864967,GRU
S359,0.3266338959338187,0.30641036478168365,0.3669557392844985,GRU
S360,0.2706054659855718,0.25013135038716017,0.47926318362726766,GRU
S361,0.27044559563090004,0.3546384180633387,0.37491598630576106,GRU
S362,0.16196455946833221,0.15494429037327184,0.6830911501583959,GRU
S363,0.2934669505818852,0.26645872512859237,0.44007432428952176,GRU
S364,0.1408680334143302,0.634995907371888,0.2241360592137826,ANN
S365,0.27208920626468486,0.48464479335375255,0.2432660003815624,ANN
S366,0.1765062399987775,0.44729470463701104,0.3761990553642113,ANN
S367,0.25731616793537726,0.40389791874114944,0.3387859133234736,ANN
S368,0.20535121180600135,0.4330729703028632,0.36157581789113546,ANN
S369,0.2990315001655713,0.32703684025957647,0.3739316595748523,GRU
S370,0.2924695083580156,0.45012520416116303,0.2574052874808209,ANN
S371,0.5163684556317886,0.2219259738099367,0.26170557055827476,1D-CNN
S372,0.44662280951849465,0.25916827652996194,0.2942089139515433,1D-CNN
S373,0.19258058298711217,0.23381026059602864,0.5736091564168591,GRU
S374,0.2544798446784772,0.25327007512581423,0.49225008019570854,GRU
S375,0.2934831789798076,0.31729441161607663,0.38922240940411557,GRU
S376,0.2708891581810077,0.4352366611810228,0.2938741806379703,ANN
S377,0.42131401654068207,0.285448619984871,0.29323736347444773,1D-CNN
S378,0.2444101091671392,0.26731541444147466,0.4882744763913861,GRU
S379,0.26016451187078876,0.3554077627880205,0.38442772534119085,GRU
S380,0.3420700523550698,0.33602698468632436,0.3219029629586055,1D-CNN
S381,0.17958492844938814,0.6948025713769245,0.12561250017368786,ANN
S382,0.2093894069605453,0.6110796412173418,0.17953095182211276,ANN
S383,0.3069151206215979,0.23880418411289153,0.45428069526550974,GRU
S384,0.3404002712267507,0.4303404703808237,0.2292592583924256,ANN
S385,0.33325104680829254,0.3929454082636593,0.27380354492804815,ANN
S386,0.3133216037693121,0.43092363687773727,0.2557547593529506,ANN
S387,0.29323663045294274,0.4171603138662888,0.2896030556807684,ANN
S388,0.2907757376820623,0.4473286133626953,0.2618956489552424,ANN
S389,0.3871967770846891,0.4200425780203037,0.19276064489500783,ANN
S390,0.5033234605189476,0.32983695195896545,0.1668395875220869,1D-CNN
S391,0.5045781326210357,0.22376855167634913,0.27165331570261453,1D-CNN
S392,0.42621595699214765,0.359494725983524,0.21428931702432819,1D-CNN
S393,0.41214342377102386,0.38953409970723396,0.1983224765217421,1D-CNN
S394,0.3479939968346838,0.3244388274187288,0.3275671757465876,1D-CNN
S395,0.41853702727212305,0.26045755898112927,0.3210054137467476,1D-CNN
S396,0.3360857719767213,0.3533101788805984,0.31060404914267986,ANN
S397,0.32229855724098055,0.385277012968657,0.2924244297903631,ANN
S398,0.31105669759824894,0.36540593179128855,0.32353737061046234,ANN
S399,0.329328295937845,0.4189756534449298,0.2516960506172248,ANN
S400,0.3127017898238451,0.5017477033605181,0.18555050681563667,ANN
S401,0.4126084753960385,0.287403224873463,0.29998829973049773,1D-CNN
S402,0.30986521177812276,0.41712170521058783,0.27301308301128935,ANN
S403,0.4679328824883934,0.2960551293872189,0.23601198812438756,1D-CNN
S404,0.4913626094885987,0.3344058302868384,0.17423156022456282,1D-CNN
S405,0.3718292171859551,0.4246555623523956,0.2035152204616492,ANN
S406,0.36902821508002,0.3568759873721311,0.2740957975478491,1D-CNN
S407,0.29807686147292717,0.3986535758070243,0.30326956272004923,ANN
S408,0.3204939685586798,0.34140940705614115,0.3380966243851791,ANN
S409,0.3200402944990641,0.38326264999687676,0.2966970555040591,ANN
S410,0.32970676935622506,0.3966207749855419,0.27367245565823295,ANN
S411,0.35895712811618186,0.28627202074701236,0.35477085113680656,1D-CNN
S412,0.2877802279416798,0.350848482760439,0.36137128929788104,GRU
S413,0.3657154397226867,0.39299645948367845,0.24128810079363477,ANN
S414,0.3669456231778615,0.4076140319532246,0.22544034486891376,ANN
S415,0.22461853600915058,0.4649042697461124,0.31047719424473696,ANN
S416,0.34326356338851816,0.4000718325871465,0.25666460402433605,ANN
S417,0.38336623292367017,0.27198514511091654,0.3446486219654128,1D-CNN
S418,0.31418869452864423,0.3184882349018252,0.36732307056953123,GRU
S419,0.28967534639112497,0.4120847980335095,0.2982398555753656,ANN
S420,0.47038618226862255,0.32556301864486215,0.2040507990865149,1D-CNN
S421,0.3844541952764336,0.3384760899307032,0.2770697147928628,1D-CNN
S422,0.27264758880820344,0.4905447996207434,0.2368076115710531,ANN
S423,0.37089003594828085,0.3307423732801465,0.2983675907715726,1D-CNN
S424,0.237500932393561,0.5508092890802162,0.21168977852622314,ANN
S425,0.32346319408772156,0.35130580592673255,0.3252309999855466,ANN
S426,0.30904677053062884,0.42470962180249894,0.2662436076668722,ANN
S427,0.22046623257565243,0.3883752980325995,0.3911584693917476,GRU
S428,0.27113197337846323,0.2572452341925236,0.47162279242901306,GRU
S429,0.44834854916107664,0.30679214806066496,0.24485930277825793,1D-CNN
S430,0.4481774083437394,0.2023080832725042,0.34951450838375625,1D-CNN
S431,0.4389374271246275,0.16749646653672634,0.39356610633864625,1D-CNN
S432,0.3302258199545816,0.31994578137415197,0.3498283986712655,GRU
S433,0.3206778689440718,0.31056894930981255,0.3687531817461153,GRU
S434,0.21365594556272127,0.4130261104450236,0.37331794399225515,ANN
S435,0.22073441758068607,0.4421513031063819,0.3371142793129328,ANN
S436,0.33861990963126437,0.18932723789538755,0.47205285247334816,GRU
S437,0.39895674572960954,0.23566703790937396,0.3653762163610173,1D-CNN
S438,0.4845297963366466,0.17542368421886764,0.3400465194444858,1D-CNN
S439,0.27054551627080786,0.18389603201162166,0.5455584517175713,GRU
S440,0.3363677856954063,0.20350707706512397,0.4601251372394702,GRU
S441,0.3625212707795042,0.25825556154989965,0.37922316767059544,GRU
S442,0.33859141815350113,0.3293159707865547,0.3320926110599439,1D-CNN
S443,0.31579814058470557,0.4010881998103505,0.2831136596049447,ANN
S444,0.37994103987012884,0.3668845136175325,0.2531744465123387,1D-CNN
S445,0.1375674511033683,0.6476240907042099,0.21480845819242167,ANN
S446,0.2716622954794529,0.5308005830842147,0.1975371214363323,ANN
S447,0.32375687980352563,0.3828772674329003,0.29336585276357385,ANN
S448,0.3750257718200795,0.35823094152329227,0.2667432866566283,1D-CNN
S449,0.4584223518599349,0.31780263084335997,0.223775017296705,1D-CNN
S450,0.40158277546165233,0.3460336271099035,0.2523835974284441,1D-CNN
S451,0.3506782889306087,0.3871513743611554,0.262170336708236,ANN
S452,0.4279873423464018,0.3241540990061632,0.2478585586474348,1D-CNN
S453,0.37366547221928376,0.28872225816807495,0.337612269612641,1D-CNN
S454,0.29621835412186714,0.3324111296523934,0.3713705162257395,GRU
S455,0.2988667290357786,0.3281357923825708,0.3729974785816512,GRU
S456,0.29165034583471205,0.3491179198629369,0.35923173430235167,GRU
S457,0.24139568211731652,0.4005783925581849,0.35802592532449834,ANN
S458,0.22532516883193643,0.4224147166343988,0.35226011453366474,ANN
S459,0.26439391706239734,0.414539021171141,0.32106706176646227,ANN
S460,0.42330128780841325,0.34529129426173616,0.23140741792984978,1D-CNN
S461,0.3691660180609704,0.37382550437675943,0.2570084775622702,ANN
S462,0.37283986426198185,0.41058200257622995,0.21657813316178787,ANN
S463,0.2747300588398343,0.42695492313874506,0.29831501802142063,ANN
S464,0.3722075160835842,0.32786168548056827,0.29993079843584747,1D-CNN
S465,0.28248458240293167,0.45080204465981755,0.2667133729372508,ANN
S466,0.42313653078702657,0.31191586510483066,0.26494760410814217,1D-CNN
S467,0.33431201651286596,0.3554313681573758,0.31025661532975807,ANN
S468,0.3385991689813556,0.30051263637177106,0.36088819464687283,GRU
S469,0.3167798270949736,0.2512981558433783,0.431922017061648,GRU
S470,0.3582465669309123,0.3595865851963151,0.28216684787277246,ANN
S471,0.392087540937476,0.35020287245077314,0.2577095866117505,1D-CNN
S472,0.33421205466076265,0.2315794159116292,0.43420852942760757,GRU
S473,0.2929755975270242,0.39588059380388885,0.3111438086690869,ANN
S474,0.2754337008393734,0.34689622688730787,0.37767007227331884,GRU
S475,0.2900981755536685,0.3503240205157381,0.35957780393059285,GRU
S476,0.320507988921875,0.35038588102106344,0.32910613005706146,ANN
S477,0.4843162999318372,0.4077718691545087,0.107911830913654,1D-CNN
S478,0.3007263611714653,0.228737087023369,0.47053655180516574,GRU
S479,0.15850576591482637,0.5773437762267052,0.26415045785846847,ANN
S480,0.3694033649268562,0.36261733713738054,0.2679792979357632,1D-CNN
S481,0.3715528791277022,0.36395968053697425,0.2644874403353235,1D-CNN
S482,0.3696244904154424,0.2395238589202973,0.39085165066426025,GRU
S483,0.3172192008095711,0.2883657974960187,0.39441500169441,GRU
S484,0.3142097795516266,0.3155228860373244,0.3702673344110498,GRU
S485,0.2917763717383264,0.31202229816778204,0.3962013300938916,GRU
S486,0.43097529731881495,0.2897571168433313,0.27926758583785377,1D-CNN
S487,0.33501312824345486,0.4287719795455974,0.23621489221094755,ANN
S488,0.3138928149960883,0.4350651546591951,0.25104203034471745,ANN
S489,0.3446427388677947,0.2911234578675616,0.36423380326464455,GRU
S490,0.2937418514478807,0.32972329510019543,0.3765348534519238,GRU
S491,0.3323334946362281,0.3258762369511978,0.3417902684125737,GRU
S492,0.4728248020011918,0.33656968060880565,0.19060551739000306,1D-CNN
S493,0.43421465352749633,0.39588072333354873,0.16990462313895446,1D-CNN
S494,0.4838568780721,0.2340738295265683,0.2820692924013325,1D-CNN
S495,0.1856125515039581,0.6441087114995274,0.17027873699651425,ANN
S496,0.3534591896190784,0.3605159912945286,0.2860248190863928,ANN
S497,0.3546422798428467,0.36301327832117414,0.2823444418359791,ANN
S498,0.32056002398396094,0.4056463235169264,0.2737936524991125,ANN
S499,0.3437678407068219,0.37975563714011756,0.2764765221530604,ANN
S500,0.2315692840942243,0.4396999810323528,0.32873073487342264,ANN
S501,0.3930028997627617,0.3249363044446062,0.2820607957926319,1D-CNN
S502,0.4407821607214902,0.31991776375866277,0.2393000755198471,1D-CNN
S503,0.35601394028583816,0.29729103390933825,0.3466950258048236,1D-CNN
S504,0.33926745085949317,0.3775779901880481,0.2831545589524586,ANN
S505,0.2711415493882862,0.47506303229163893,0.25379541832007446,ANN
S506,0.19468585337741046,0.6217933261755318,0.18352082044705734,ANN
S507,0.3921846025603799,0.2527848938347568,0.3550305036048633,1D-CNN
S508,0.295706248353523,0.37465020431807566,0.32964354732840123,ANN
S509,0.31549589744296913,0.32481998050887295,0.359684122048158,GRU
S510,0.34238562282548557,0.33395170928886914,0.3236626678856452,1D-CNN
S511,0.4424540854074607,0.3264516046570119,0.2310943099355273,1D-CNN
S512,0.4477505994993562,0.2785902693455279,0.27365913115511586,1D-CNN
S513,0.2973340166587494,0.41361386261543465,0.28905212072581593,ANN
S514,0.3133568402381758,0.3179689036412366,0.3686742561205876,GRU
S515,0.3484304326298746,0.27973514204558286,0.3718344253245424,GRU
S516,0.34496747014533125,0.3938979825738197,0.26113454728084906,ANN
S517,0.3138901260882291,0.34229708840369427,0.34381278550807726,GRU
S518,0.2593927301318777,0.3454479441776509,0.3951593256904714,GRU
S519,0.3477929431655598,0.35982911447933735,0.2923779423551028,ANN
S520,0.29685077965255763,0.44029822924268075,0.2628509911047625,ANN
S521,0.31889025481255,0.40002621553650797,0.2810835296509421,ANN
S522,0.2992496095623506,0.5196652296594537,0.1810851607781959,ANN
S523,0.3536339903207385,0.35488622293886884,0.2914797867403928,ANN
S524,0.32917854042732553,0.419787267842415,0.25103419173025954,ANN
S525,0.3186155748290687,0.4171459929535397,0.26423843221739113,ANN
S526,0.181503753278897,0.6950322926000541,0.12346395412104887,ANN
S527,0.2717059813831384,0.47925298269672945,0.24904103592013258,ANN
S528,0.34654007117681584,0.3939233158769588,0.25953661294622504,ANN
S529,0.36384368502197845,0.3621713116198758,0.2739850033581456,1D-CNN
S530,0.28089253927676766,0.4809239940214007,0.2381834667018311,ANN
S531,0.33714175746838,0.39169333512670645,0.2711649074049142,ANN
S532,0.29720355122207576,0.46803665277330747,0.2347597960046163,ANN
S533,0.3672230627397799,0.45013278264358547,0.1826441546166349,ANN
S534,0.5053531864445392,0.21730157630588467,0.2773452372495763,1D-CNN
S535,0.3183959566607228,0.3443589437897374,0.3372450995495396,ANN
S536,0.31791904174443475,0.2956993390585846,0.38638161919698066,GRU
S537,0.3612283894515691,0.3114453409538103,0.3273262695946202,1D-CNN
S538,0.4364726852520445,0.3062932102852929,0.25723410446266265,1D-CNN
S539,0.4932636441474177,0.3374196412617406,0.16931671459084127,1D-CNN
S540,0.336417156135556,0.41744409036684316,0.2461387534976009,ANN
S541,0.3671779736252728,0.3999516409508821,0.23287038542384475,ANN
S542,0.3466114639726494,0.385903776928215,0.2674847590991352,ANN
S543,0.2500782863149506,0.5331863119530568,0.2167354017319927,ANN
S544,0.3774950328170248,0.4168273370991722,0.2056776300838028,ANN
S545,0.32597693339643613,0.34646043514747066,0.3275626314560926,ANN
S546,0.3046930350845474,0.3582539584759908,0.33705300643946245,ANN
S547,0.34223511568821696,0.3244071493346808,0.33335773497710214,1D-CNN
S548,0.5001088813270985,0.24085162485803982,0.25903949381486185,1D-CNN
S549,0.4635730261341485,0.2254328697999162,0.310994104065936,1D-CNN
S550,0.32528051435332006,0.35986889048084403,0.31485059516583547,ANN
S551,0.23567569066885244,0.2969230816195016,0.4674012277116454,GRU
S552,0.3352576620179696,0.17874376643875997,0.4859985715432701,GRU
S553,0.37255522787090367,0.2452125282322001,0.38223224389689625,GRU
S554,0.2508389562555302,0.3541988496111637,0.3949621941333061,GRU
S555,0.328864503892804,0.3336796559866398,0.33745584012055685,GRU
S556,0.3665400892813247,0.23307093212651292,0.400388978592162,GRU
S557,0.3475260282209683,0.20706322761636034,0.4454107441626715,GRU
S558,0.2000146400760352,0.23555634706664105,0.5644290128573238,GRU
S559,0.29753876461046597,0.2653881100645944,0.43707312532493975,GRU
S560,0.32245742554169965,0.31362321699399426,0.3639193574643062,GRU
S561,0.2986783431542146,0.24309094078827398,0.45823071605751065,GRU
S562,0.348560151863438,0.2126340311773411,0.4388058169592218,GRU
S563,0.33516315414767794,0.27064697173121743,0.3941898741211047,GRU
S564,0.3166495443419475,0.188256838903812,0.49509361675424113,GRU
S565,0.26810115527232914,0.30376932544411944,0.4281295192835512,GRU
S566,0.1845794371647882,0.20173631183753848,0.6136842509976734,GRU
S567,0.3444761057197171,0.3374132843860118,0.318110609894271,1D-CNN
S568,0.26561970862305706,0.40365974132126514,0.33072055005567774,ANN
S569,0.358152199626264,0.32620370540964183,0.31564409496409396,1D-CNN
S570,0.3560453475583717,0.34528542391801764,0.2986692285236106,1D-CNN
S571,0.361544039803477,0.39964131862055147,0.23881464157597135,ANN
S572,0.19774282704146953,0.4957220113014499,0.3065351616570805,ANN
S573,0.35218623667995524,0.3161898503358068,0.3316239129842379,1D-CNN
S574,0.424404923587109,0.3478387972900025,0.2277562791228893,1D-CNN
S575,0.3315288448423081,0.4462541646238463,0.22221699053384572,ANN
S576,0.26716870285123856,0.3678713472695187,0.3649599498792436,ANN
S577,0.2780683638600361,0.34345593985422296,0.37847569628574157,GRU
S578,0.32027135454517025,0.31979990539339925,0.3599287400614313,GRU
S579,0.3122040965214699,0.39460835751543694,0.2931875459630931,ANN
S580,0.3478222441130914,0.4411122416939637,0.2110655141929447,ANN
S581,0.425737702064349,0.3198726112806247,0.2543896866550255,1D-CNN
S582,0.34787286018003694,0.309323037595575,0.34280410222438745,1D-CNN
S583,0.3554265918637815,0.30686692793530473,0.3377064802009134,1D-CNN
S584,0.36748755811112765,0.3388813981687081,0.29363104372016385,1D-CNN
S585,0.3996902900907366,0.3450329874446315,0.2552767224646315,1D-CNN
S586,0.36835399363449933,0.35829787317729134,0.2733481331882093,1D-CNN
S587,0.34611748980876506,0.3650749262973466,0.2888075838938885,ANN
S588,0.22285036474709055,0.534436797235239,0.24271283801767038,ANN
