Segment,1D-CNN,ANN,GRU,Selected
S1,0.3487970112845829,0.28971977373930324,0.3614832149761164,GRU
S2,0.34792322041786733,0.33628354827688584,0.31579323130524656,1D-CNN
S3,0.3308527284758071,0.4230002856522267,0.24614698587196696,ANN
S4,0.34817332026067277,0.38546463651536533,0.2663620432239619,ANN
S5,0.37449218909826876,0.2956204531083785,0.32988735779335415,1D-CNN
S6,0.3802802489614706,0.3423585299816265,0.27736122105690286,1D-CNN
S7,0.30939203990889874,0.4311572886499123,0.25945067144118983,ANN
S8,0.2560270018859386,0.38051609425540167,0.363456903858659,ANN
S9,0.2971293418133136,0.28370017977144363,0.4191704784152428,GRU
S10,0.3285986531328331,0.43281971813097503,0.2385816287361918,ANN
S11,0.3291868139206446,0.5023643118149963,0.16844887426435823,ANN
S12,0.305670547649021,0.5494046502122052,0.14492480213877376,ANN
S13,0.292461437198066,0.5472451207817165,0.16029344202021628,ANN
S14,0.2611158586090817,0.6154948118694318,0.12338932952148492,ANN
S15,0.488423537823159,0.42039976311292404,0.09117669906391675,1D-CNN
S16,0.3823035459376253,0.4787364747815155,0.1389599792808583,ANN
S17,0.31137521980555877,0.4004086525086075,0.2882161276858358,ANN
S18,0.32842664969533725,0.3811359000627501,0.29043745024191103,ANN
S19,0.417421480667606,0.3862349375903885,0.19634358174200484,1D-CNN
S20,0.40036363087578325,0.4005840742559807,0.19905229486823522,ANN
S21,0.36389435667734776,0.509637099933824,0.1264685433888281,ANN
S22,0.41509399663108176,0.41947581601224293,0.1654301873566754,ANN
S23,0.18541508791203207,0.5848265014080197,0.22975841067994998,ANN
S24,0.27999637280494327,0.37758225881969176,0.342421368375365,ANN
S25,0.3302858044149266,0.2929200696365208,0.37679412594855305,GRU
S26,0.42353662119319146,0.294281680554357,0.28218169825245176,1D-CNN
S27,0.3041789020330551,0.5595707153585564,0.13625038260838798,ANN
S28,0.47667083977526503,0.4261347357407194,0.09719442448401536,1D-CNN
S29,0.5110977815801623,0.3913942969160739,0.09750792150376572,1D-CNN
S30,0.19211211481350413,0.7025864881374485,0.10530139704904737,ANN
S31,0.44940966034424396,0.29690270047773365,0.25368763917802245,1D-CNN
S32,0.31295531941784777,0.18572444121190304,0.5013202393702498,GRU
S33,0.25521290131509494,0.21300840015361694,0.5317786985312867,GRU
S34,0.3249168304441477,0.2570186287192285,0.41806454083662364,GRU
S35,0.2915233402739028,0.31918479110893994,0.38929186861715664,GRU
S36,0.41378079518329636,0.33312665955465104,0.25309254526205266,1D-CNN
S37,0.4083321018548293,0.3545757146948402,0.23709218345032979,1D-CNN
S38,0.32079460992063175,0.37719561943183255,0.3020097706475359,ANN
S39,0.329123453468306,0.3361218971787654,0.3347546493529286,ANN
S40,0.343722188873495,0.30444810162882213,0.3518297094976849,GRU
S41,0.3314695404917932,0.32992809960483727,0.33860235990337245,GRU
S42,0.3476269376668486,0.34423041701906837,0.3081426453140851,1D-CNN
S43,0.33249745100498357,0.37257753761212203,0.29492501138289445,ANN
S44,0.37238087356879124,0.36792753294302266,0.2596915934881859,1D-CNN
S45,0.388046629110922,0.3393936067809468,0.2725597641081298,1D-CNN
S46,0.33082098258941584,0.35602401909045817,0.3131549983201254,ANN
S47,0.3117871348138028,0.34920144922737023,0.3390114159588269,ANN
S48,0.3344377152587316,0.28048478908391566,0.3850774956573521,GRU
S49,0.3401952942805459,0.3153371740929186,0.3444675316265341,GRU
S50,0.21973320824164652,0.40549027204475885,0.37477651971359605,ANN
S51,0.1101559208561663,0.3964936855017858,0.49335039364204775,GRU
S52,0.3942178786788072,0.37742140247064443,0.22836071885054893,1D-CNN
S53,0.21970407703711684,0.3657338980918406,0.414562024871042,GRU
S54,0.699707689944413,0.09155027245347712,0.20874203760210977,1D-CNN
S55,0.3784203073464432,0.24270181525630177,0.3788778773972542,GRU
S56,0.49387439535394156,0.1810315212223185,0.3250940834237404,1D-CNN
S57,0.33335147881980076,0.1368222026454696,0.5298263185347296,GRU
S58,0.4749487641232835,0.13474015174210313,0.3903110841346123,1D-CNN
S59,0.2640980055879736,0.2919671693999897,0.4439348250120368,GRU
S60,0.22094856103220914,0.4154385931920064,0.3636128457757842,ANN
S61,0.06333239082510422,0.22140915890555157,0.7152584502693432,GRU
S62,0.10652574130585343,0.4090533974325926,0.4844208612615533,GRU
S63,0.3279480059634521,0.5617573547758761,0.11029463926067196,ANN
S64,0.42034057649758605,0.4738606566445917,0.10579876685782158,ANN
S65,0.29807523823641696,0.516949964798651,0.18497479696493202,ANN
S66,0.3557561542093411,0.48714267103388365,0.15710117475677338,ANN
S67,0.45355372119086285,0.38188415320419494,0.1645621256049418,1D-CNN
S68,0.4769235957408954,0.34967710510548267,0.173399299153622,1D-CNN
S69,0.35839594973262906,0.3956421531440966,0.24596189712327332,ANN
S70,0.3122109309751564,0.3326117347525815,0.35517733427226106,GRU
S71,0.3970411121536471,0.32319940272223474,0.2797594851241181,1D-CNN
S72,0.3628416239186239,0.3608917452126204,0.27626663086875486,1D-CNN
S73,0.4282813169404045,0.2997249644268197,0.2719937186327752,1D-CNN
S74,0.32893753853884883,0.3781066983276403,0.29295576313351035,ANN
S75,0.3461805030249974,0.362349462932015,0.29147003404298744,ANN
S76,0.4185518001684731,0.2960078886135116,0.2854403112180149,1D-CNN
S77,0.37125759108694084,0.2640552817890117,0.3646871271240482,1D-CNN
S78,0.4857258746164959,0.21869000658971674,0.29558411879378743,1D-CNN
S79,0.272068982502403,0.340630767608985,0.3873002498886097,GRU
S80,0.34495646764860644,0.25155596046762285,0.40348757188377066,GRU
S81,0.2962145237060966,0.25387629641948306,0.44990917987442036,GRU
S82,0.3551544314918786,0.27435541767983146,0.370490150828292,GRU
S83,0.39754789702749055,0.3138824152911469,0.2885696876813654,1D-CNN
S84,0.3896483634962977,0.2871789692170673,0.323172667286637,1D-CNN
S85,0.30511081957534303,0.28267354083212093,0.41221563959253793,GRU
S86,0.3534384772045253,0.2893371776075721,0.35722434518790164,GRU
S87,0.3300375053182549,0.4028632293643197,0.26709926531742545,ANN
S88,0.29175940625915187,0.3823378205576983,0.32590277318315175,ANN
S89,0.237301968498871,0.30167556026168385,0.46102247123944523,GRU
S90,0.2666185499301688,0.37545412295257663,0.3579273271172542,ANN
S91,0.14595623730914467,0.42877672357674534,0.4252670391141099,ANN
S92,0.3708593675245583,0.37577392487882993,0.2533667075966115,ANN
S93,0.47193608575808743,0.3500540701369287,0.1780098441049825,1D-CNN
S94,0.43509426290492154,0.2965405307316275,0.26836520636345057,1D-CNN
S95,0.39361446315741666,0.30265483308124497,0.3037307037613385,1D-CNN
S96,0.3640388813331759,0.33631032008616873,0.2996507985806544,1D-CNN
S97,0.30019449662394476,0.3435192320480594,0.3562862713279979,GRU
S98,0.3368662818864897,0.2920193929986163,0.3711143251148939,GRU
S99,0.27225821000477546,0.33002364326614536,0.3977181467290768,GRU
S100,0.2701646294733444,0.4120336430898469,0.3178017274368088,ANN
S101,0.08962241386587368,0.31446545134550663,0.5959121347886189,GRU
S102,0.11475450605073581,0.4405689764462657,0.44467651750299825,GRU
S103,0.22174281274963895,0.5648083932067872,0.21344879404357406,ANN
S104,0.2966602586815057,0.5634018518394083,0.13993788947908567,ANN
S105,0.36872409644766524,0.5674981079947711,0.06377779555756395,ANN
S106,0.6889794244846483,0.2593001140940814,0.05172046142127028,1D-CNN
S107,0.14678706829538063,0.7175144198382086,0.13569851186641071,ANN
S108,0.41432474797394603,0.3848372276426185,0.20083802438343554,1D-CNN
S109,0.4188986436068247,0.3989053404657136,0.18219601592746143,1D-CNN
S110,0.25877966249522466,0.3138720199899194,0.42734831751485486,GRU
S111,0.14731052624048743,0.37447259273567646,0.47821688102383786,GRU
S112,0.1589058528991634,0.2286646736490686,0.612429473451768,GRU
S113,0.15823707995032066,0.2846239386131852,0.557138981436496,GRU
S114,0.1235551357587852,0.48519719412017115,0.3912476701210437,ANN
S115,0.3989227747997892,0.4839690360029592,0.11710818919725403,ANN
S116,0.417305202656172,0.5262818509935275,0.05641294635029982,ANN
S117,0.39856778617769845,0.5278948934193279,0.07353732040297471,ANN
S118,0.3922523003586872,0.5242459728378976,0.08350172680341464,ANN
S119,0.2739969557006608,0.5239930606023401,0.20200998369700188,ANN
S120,0.5211804959238082,0.3349810539103987,0.1438384501657945,1D-CNN
S121,0.46906677590948415,0.37739198424714526,0.1535412398433696,1D-CNN
S122,0.37065860693575803,0.32453278069906033,0.30480861236518175,1D-CNN
S123,0.30603832950945475,0.2524646025834143,0.4414970679071323,GRU
S124,0.20852298230557723,0.14775775569934105,0.6437192619950817,GRU
S125,0.20680430112631557,0.1429382443928286,0.6502574544808558,GRU
S126,0.15993650937123108,0.21919613488355877,0.6208673557452095,GRU
S127,0.3412276832964706,0.28101309698003757,0.37775921972349125,GRU
S128,0.32551075787920003,0.3230081329869775,0.35148110913382113,GRU
S129,0.3821268182835879,0.34648868748372547,0.27138449423268673,1D-CNN
S130,0.34281955615806425,0.34980887694781976,0.307371566894115,ANN
S131,0.3708077663246483,0.34273482656117943,0.286457407114171,1D-CNN
S132,0.387370191877186,0.3156186000192513,0.29701120810356274,1D-CNN
S133,0.35238923235612163,0.33448596346456483,0.31312480417931265,1D-CNN
S134,0.40586507935500304,0.3674017295459584,0.22673319109904033,1D-CNN
S135,0.43036800845934275,0.4166830649158249,0.15294892662483167,1D-CNN
S136,0.4820031322558941,0.30359918514628764,0.21439768259781705,1D-CNN
S137,0.22897685325407352,0.15274435693986385,0.618278789806062,GRU
S138,0.13173292760212885,0.2458005150998354,0.6224665572980357,GRU
S139,0.29304440100903,0.3130810328246848,0.3938745661662839,GRU
S140,0.30578278542184567,0.3873282920574299,0.3068889225207239,ANN
S141,0.25654310417239556,0.46939894042019836,0.2740579554074046,ANN
S142,0.23956301379536732,0.5793431026299531,0.18109388357467962,ANN
S143,0.3525052700343953,0.4959011966507288,0.15159353331487485,ANN
S144,0.4034101815768516,0.44624776370464964,0.15034205471849804,ANN
S145,0.37067223391129034,0.3965688206560093,0.23275894543269912,ANN
S146,0.3742167106642576,0.4672609235536805,0.15852236578206366,ANN
S147,0.3089351963702454,0.6072335986976132,0.08383120493214086,ANN
S148,0.5178030819274558,0.4049018894938947,0.07729502857864928,1D-CNN
S149,0.42508021694252707,0.4863542174678189,0.08856556558965357,ANN
S150,0.4572226100293192,0.39672574466367494,0.1460516453070049,1D-CNN
S151,0.31904095360047696,0.31849986886133513,0.36245917753818857,GRU
S152,0.23168104740282153,0.2704781009577246,0.49784085163945563,GRU
S153,0.148034359442558,0.5876604924593569,0.2643051480980845,ANN
S154,0.3629968994272173,0.37793636009421794,0.25906674047856504,ANN
S155,0.43990720701640185,0.304858635100615,0.2552341578829829,1D-CNN
S156,0.36876425724864254,0.3363063138556909,0.29492942889566687,1D-CNN
S157,0.43892117650821677,0.23582344952874368,0.3252553739630396,1D-CNN
S158,0.3221725928126845,0.4211226660425868,0.25670474114472946,ANN
S159,0.33947446002827286,0.4219447721560983,0.23858076781562976,ANN
S160,0.3348895413701023,0.31765534771180826,0.34745511091808895,GRU
S161,0.24246861211862236,0.17469413842024864,0.5828372494611297,GRU
S162,0.1303670685302052,0.18483610418694701,0.6847968272828467,GRU
S163,0.19912535258381295,0.23479590700378214,0.5660787404124031,GRU
S164,0.3315472364133475,0.21743407640116438,0.45101868718548743,GRU
S165,0.3340342058947397,0.31773815995492233,0.348227634150338,GRU
S166,0.43261986723768375,0.3434785408742759,0.22390159188803915,1D-CNN
S167,0.42939235857202235,0.2830717153830412,0.2875359260449363,1D-CNN
S168,0.24465633901993894,0.232600135229971,0.52274352575009,GRU
S169,0.19188206937361882,0.14112148644828323,0.6669964441780972,GRU
S170,0.18619930115008937,0.15710153782689915,0.6566991610230104,GRU
S171,0.23094167761490703,0.1316275794058985,0.6374307429791952,GRU
S172,0.18828354296259756,0.09596318616458092,0.7157532708728221,GRU
S173,0.21743563978547042,0.14412555563222565,0.6384388045823033,GRU
S174,0.24231390729637978,0.2501122835026114,0.5075738092010087,GRU
S175,0.26213754045199555,0.2738121646252756,0.4640502949227281,GRU
S176,0.19687136970050828,0.46604634810886003,0.3370822821906305,ANN
S177,0.3028389006578401,0.37430914762926937,0.3228519517128899,ANN
S178,0.24030833162412263,0.24219509689786978,0.5174965714780076,GRU
S179,0.32748083781000015,0.4485248367701299,0.22399432541986983,ANN
S180,0.29418289473216946,0.6135092008509332,0.09230790441689753,ANN
S181,0.4089928762451749,0.5001894268433807,0.09081769691144372,ANN
S182,0.30350706631503577,0.5188862155749598,0.17760671811000642,ANN
S183,0.3619643746347997,0.45350472723668445,0.1845308981285157,ANN
S184,0.2811308169479003,0.6048587320245331,0.1140104510275663,ANN
S185,0.49835575706405183,0.4205988908235652,0.08104535211238535,1D-CNN
S186,0.40799388007528403,0.3925979447265364,0.19940817519817952,1D-CNN
S187,0.3026171630420326,0.415723906712233,0.2816589302457333,ANN
S188,0.2985700608466433,0.5270950966747,0.17433484247865716,ANN
S189,0.36830888306249887,0.4230928393019998,0.20859827763550118,ANN
S190,0.27828641832937834,0.49403224280690056,0.2276813388637208,ANN
S191,0.37271549424358336,0.32892541011885035,0.29835909563756596,1D-CNN
S192,0.2903251055050118,0.440051614725361,0.2696232797696271,ANN
S193,0.29018540115636526,0.512465457713904,0.1973491411297297,ANN
S194,0.2785552532716606,0.5312717790346926,0.19017296769364586,ANN
S195,0.3090551735505118,0.32751558979122225,0.3634292366582664,GRU
S196,0.3287460030809797,0.43379058535036463,0.2374634115686563,ANN
S197,0.36156247423492915,0.4617786278047517,0.1766588979603188,ANN
S198,0.40178665476865344,0.44735715928742437,0.15085618594392283,ANN
S199,0.2714976164425819,0.5496714807065372,0.1788309028508804,ANN
S200,0.38865698010826744,0.4891926685005253,0.12215035139120707,ANN
S201,0.435716498522575,0.4893760457086197,0.07490745576880474,ANN
S202,0.4309836893237544,0.4729115244466267,0.09610478622961867,ANN
S203,0.3798799342554583,0.5047999726286259,0.11532009311591547,ANN
S204,0.4662346924232039,0.39439716413039433,0.1393681434464017,1D-CNN
S205,0.3802785018716495,0.4714751069898585,0.1482463911384903,ANN
S206,0.3339055154770074,0.44129620991541285,0.22479827460757693,ANN
S207,0.4046531027269455,0.39694000613922875,0.1984068911338276,1D-CNN
S208,0.4194338623010577,0.3978437256777358,0.18272241202120634,1D-CNN
S209,0.3015744679065498,0.4805045308900108,0.2179210012034394,ANN
S210,0.282385993328216,0.5478410503121027,0.16977295635968143,ANN
S211,0.34483749164528243,0.4292803072389094,0.2258822011158072,ANN
S212,0.3276575392328785,0.30557577607727704,0.36676668468984297,GRU
S213,0.4057396651306986,0.3293451183197662,0.264915216549535,1D-CNN
S214,0.3873045988220891,0.4919810393140583,0.12071436186385451,ANN
S215,0.2695054971376604,0.6292508139242453,0.10124368893809607,ANN
S216,0.3375640769158085,0.6123858195074404,0.050050103576750986,ANN
S217,0.4738858677545526,0.3935064149310544,0.1326077173143954,1D-CNN
S218,0.17826139590429033,0.7213474564212269,0.100391147674483,ANN
S219,0.2737514345293849,0.6000177426225748,0.1262308228480395,ANN
S220,0.23808901724977774,0.650760876392966,0.11115010635725596,ANN
S221,0.36473473583274657,0.5752454140066893,0.06001985016056404,ANN
S222,0.3726603453143234,0.583893451279868,0.0434462034058083,ANN
S223,0.4272539093289166,0.5246006655317371,0.04814542513934561,ANN
S224,0.5000413286198802,0.41364872370705313,0.08630994767306843,1D-CNN
S225,0.272379341853388,0.6486580490158779,0.07896260913073401,ANN
S226,0.33139840755503774,0.61506863227584,0.05353296016912341,ANN
S227,0.6048069227946191,0.3595124244348291,0.03568065277055145,1D-CNN
S228,0.4646108355949338,0.49245950430479646,0.04292966010026926,ANN
S229,0.34326113268541536,0.5222333383717959,0.13450552894278842,ANN
S230,0.3707364515895428,0.5046983721827603,0.12456517622769561,ANN
S231,0.45967185561104634,0.378809412488089,0.1615187319008644,1D-CNN
S232,0.4146222014906863,0.399007975249082,0.18636982326023357,1D-CNN
S233,0.3749640825994237,0.4142035667922726,0.21083235060830416,ANN
S234,0.4816243136452735,0.3431670779717039,0.17520860838302052,1D-CNN
S235,0.3601867178924147,0.5047774456586965,0.1350358364488876,ANN
S236,0.4574556046335035,0.3972211241912413,0.1453232711752551,1D-CNN
S237,0.4351346711847895,0.4226224655546367,0.1422428632605751,1D-CNN
S238,0.39706931394994055,0.37536202308803357,0.22756866296202788,1D-CNN
S239,0.3852153040752922,0.36810686878234844,0.24667782714235947,1D-CNN
S240,0.359483839068921,0.42489034198888265,0.21562581894219562,ANN
S241,0.3174932683570129,0.5108280717402627,0.1716786599027242,ANN
S242,0.299089860399849,0.593222076579904,0.10768806302024689,ANN
S243,0.4181221274816673,0.4600293350650936,0.12184853745323695,ANN
S244,0.629163522711028,0.23718747270784318,0.13364900458112763,1D-CNN
S245,0.30630820785162527,0.46293128650404614,0.23076050564432868,ANN
S246,0.4085048358793281,0.3430863523572737,0.24840881176339868,1D-CNN
S247,0.3434569232777503,0.33858420706297154,0.31795886965927816,1D-CNN
S248,0.3689448806301384,0.23037141805839112,0.4006837013114698,GRU
S249,0.36409783413559466,0.3275567216073781,0.3083454442570275,1D-CNN
S250,0.42743181015704,0.2615264192191409,0.31104177062382105,1D-CNN
S251,0.2916318829136966,0.3137131378089914,0.3946549792773146,GRU
S252,0.28110116604302665,0.27351638643399073,0.4453824475229822,GRU
S253,0.3210911957720906,0.2854192430894325,0.3934895611384766,GRU
S254,0.3112059830012973,0.5144104892445984,0.1743835277541041,ANN
S255,0.2453089979142263,0.6048304564758124,0.14986054560996107,ANN
S256,0.4345815685397863,0.41970822116709655,0.14571021029311668,1D-CNN
S257,0.4534525428750016,0.3744179182239798,0.17212953890101923,1D-CNN
S258,0.3474357538019568,0.2952842779515675,0.3572799682464786,GRU
S259,0.17376871724041074,0.25185090640380065,0.5743803763557878,GRU
S260,0.3765202855161961,0.2583265437025177,0.3651531707812837,1D-CNN
S261,0.33692769326013183,0.38445729837856324,0.2786150083613048,ANN
S262,0.4364710333031516,0.23911538749173009,0.32441357920511854,1D-CNN
S263,0.3543078419900137,0.24495054487004242,0.4007416131399457,GRU
S264,0.33661645753465796,0.29111169421402283,0.3722718482513211,GRU
S265,0.3070069087476201,0.2512520485836648,0.44174104266871517,GRU
S266,0.30182318095025623,0.2707101071066744,0.4274667119430707,GRU
S267,0.40673497906122524,0.23163141502218823,0.36163360591658716,1D-CNN
S268,0.32661611984620204,0.2781881189026545,0.39519576125114103,GRU
S269,0.22025801190960678,0.18538537463829693,0.5943566134520962,GRU
S270,0.14486283075517045,0.3369630324239642,0.5181741368208653,GRU
S271,0.29111680939015244,0.37282003625238447,0.33606315435746315,ANN
S272,0.32076331724108814,0.3507769246608862,0.32845975809802413,ANN
S273,0.32947833712276464,0.2971412042037493,0.37338045867348607,GRU
S274,0.351396864934618,0.3387847363339713,0.30981839873141087,1D-CNN
S275,0.36570574714633347,0.31301212857736627,0.321282124276302,1D-CNN
S276,0.2795929688321338,0.3589852221324497,0.3614218090354156,GRU
S277,0.30688127944817156,0.34665026449162845,0.3464684560602021,ANN
S278,0.2900702957350293,0.36839213452437297,0.341537569740597,ANN
S279,0.3180113847680734,0.4658999959638832,0.2160886192680433,ANN
S280,0.3930080051009498,0.39067927063914726,0.21631272425990247,1D-CNN
S281,0.3046864357735729,0.3445820785044733,0.3507314857219519,GRU
S282,0.25523753977532004,0.33154785863593156,0.41321460158874657,GRU
S283,0.3198079072881916,0.3278580959593065,0.3523339967525013,GRU
S284,0.31540857659488125,0.3327338984654367,0.3518575249396821,GRU
S285,0.11972574685358496,0.37320570431681427,0.5070685488296013,GRU
S286,0.17821126588407926,0.527948600259055,0.2938401338568676,ANN
S287,0.4866029258758244,0.364121728671531,0.1492753454526464,1D-CNN
S288,0.5097626361207147,0.26690488627982273,0.22333247759946373,1D-CNN
S289,0.20564490304827057,0.48283910384203144,0.3115159931096977,ANN
S290,0.2929537016609529,0.30179186963947885,0.40525442869956796,GRU
S291,0.36666965107833993,0.21651644491314256,0.41681390400851476,GRU
S292,0.3365145880516355,0.3337602650040319,0.32972514694433336,1D-CNN
S293,0.32361053395711004,0.32325590477577815,0.3531335612671123,GRU
S294,0.2009272807885275,0.4753836415911504,0.3236890776203241,ANN
S295,0.2710582777625966,0.4026125036437242,0.3263292185936797,ANN
S296,0.34705726524523545,0.4069850154739844,0.24595771928077995,ANN
S297,0.5204213690654433,0.24679692017571492,0.23278171075884352,1D-CNN
S298,0.2735458368767298,0.28455940578114486,0.4418947573421239,GRU
S299,0.35155257981534127,0.2752654690014506,0.3731819511832072,GRU
S300,0.3432009835370965,0.2482361687399902,0.4085628477229114,GRU
S301,0.29549059999490546,0.2540952969317629,0.4504141030733331,GRU
S302,0.37499689237318956,0.26766508987792126,0.35733801774888835,1D-CNN
S303,0.3241613893582864,0.3404219707568797,0.33541663988483317,ANN
S304,0.2588230793000558,0.30470540590724154,0.4364715147927021,GRU
S305,0.25578698029863256,0.2677434788524351,0.4764695408489349,GRU
S306,0.28026080765531003,0.3885614209602226,0.33117777138446947,ANN
S307,0.2061604228333698,0.5934415438329843,0.2003980333336453,ANN
S308,0.5063826811995742,0.38898888957967387,0.10462842922075125,1D-CNN
S309,0.661782972492248,0.25692005406079726,0.08129697344695637,1D-CNN
S310,0.3818236953919596,0.36723279644112816,0.2509435081669103,1D-CNN
S311,0.05747333931246324,0.15251163488733757,0.7900150258001978,GRU
S312,0.1922641923887873,0.4056022462957287,0.4021335613154839,ANN
S313,0.27059640080439534,0.31726287457236446,0.4121407246232401,GRU
S314,0.22386909079959963,0.3807394749441407,0.39539143425625944,GRU
S315,0.3231655024602685,0.42239580588892917,0.25443869165080185,ANN
S316,0.1929135209041398,0.5515710366091051,0.2555154424867552,ANN
S317,0.14107051237200854,0.39447529178826124,0.46445419583972947,GRU
S318,0.2736192443153439,0.42192497329261214,0.30445578239204407,ANN
S319,0.14079782639560928,0.6640285345810928,0.19517363902329687,ANN
S320,0.39853172298400924,0.5108367408925989,0.09063153612339266,ANN
S321,0.4738021551693194,0.2897662643986009,0.23643158043207949,1D-CNN
S322,0.3592022075063554,0.34517245085951037,0.2956253416341327,1D-CNN
S323,0.4790627296546742,0.23727262626669204,0.2836646440786331,1D-CNN
S324,0.3209902240695203,0.2868762248614108,0.39213355106906955,GRU
S325,0.3375050377779978,0.2514916212074674,0.4110033410145348,GRU
S326,0.34556447509063837,0.26367470500262963,0.3907608199067322,GRU
S327,0.2473470471345654,0.23307843429460984,0.5195745185708259,GRU
S328,0.24655173498401256,0.2957078179750715,0.45774044704091665,GRU
S329,0.334261212663661,0.25192216478631396,0.41381662255002294,GRU
S330,0.32028747147697734,0.23919790186617154,0.4405146266568497,GRU
S331,0.32655181283799967,0.2374269673967508,0.4360212197652494,GRU
S332,0.29978025554149074,0.284487162634154,0.4157325818243547,GRU
S333,0.4054212531307193,0.3609688761828479,0.2336098706864327,1D-CNN
S334,0.4188298780023762,0.31481950747094073,0.2663506145266839,1D-CNN
S335,0.3343845258116886,0.3466193994697659,0.3189960747185441,ANN
S336,0.3792115197498126,0.3005960706135827,0.3201924096366048,1D-CNN
S337,0.19342448141163673,0.13180690442807494,0.6747686141602881,GRU
S338,0.09778331258679912,0.16659157937813293,0.7356251080350679,GRU
S339,0.40207232811871124,0.30328575442680306,0.2946419174544854,1D-CNN
S340,0.39552960748563126,0.3713092300853092,0.2331611624290596,1D-CNN
S341,0.25503649234413495,0.5129040666628426,0.23205944099302242,ANN
S342,0.30417455426586537,0.3644731121949481,0.3313523335391872,ANN
S343,0.26766690650554203,0.5410996207893566,0.1912334727051004,ANN
S344,0.35993113419242456,0.3833292412306855,0.2567396245768886,ANN
S345,0.35157101450556677,0.4167685268666812,0.23166045862775164,ANN
S346,0.3844204540208507,0.2913319568177987,0.32424758916135016,1D-CNN
S347,0.30304538549977816,0.352133638932838,0.3448209755673831,ANN
S348,0.2868039028169274,0.3328173356036779,0.3803787615793967,GRU
S349,0.3208592336956443,0.3528618208501607,0.32627894545419356,ANN
S350,0.3442809074366337,0.3475194148648837,0.30819967769848255,ANN
S351,0.37100700360347955,0.3394779457846802,0.2895150506118396,1D-CNN
S352,0.35293632204765074,0.31163563862338267,0.3354280393289664,1D-CNN
S353,0.3229405991119061,0.2666643978860974,0.4103950030019966,GRU
S354,0.28177056138799633,0.2836743769384047,0.43455506167359864,GRU
S355,0.3325080008229819,0.26357006896583035,0.4039219302111874,GRU
S356,0.351528310745785,0.26610868317823827,0.3823630060759765,GRU
S357,0.38789488454544485,0.22483664880155832,0.38726846665299536,1D-CNN
S358,0.27509483569022547,0.26608275075955923,0.4588224135502154,GRU
S359,0.33979307520754476,0.2499108956404873,0.41029602915196745,GRU
S360,0.30394959897019874,0.19029114775230493,0.505759253277497,GRU
S361,0.15411775351297918,0.320189388844634,0.5256928576423874,GRU
S362,0.29914843296751503,0.35291342615191607,0.3479381408805683,ANN
S363,0.1348771421316696,0.6751140957048913,0.19000876216343898,ANN
S364,0.12448641925173509,0.7858870079377221,0.08962657281054263,ANN
S365,0.35052258986876383,0.5112961528124852,0.13818125731875006,ANN
S366,0.12351846365790421,0.644788553455082,0.23169298288701196,ANN
S367,0.388845885983569,0.46667142258812583,0.14448269142830497,ANN
S368,0.3087649166006479,0.481303226153533,0.2099318572458177,ANN
S369,0.2140218098561712,0.5024410856182834,0.2835371045255452,ANN
S370,0.3168120876242523,0.4263768727218607,0.25681103965388635,ANN
S371,0.5601005201783384,0.23632256039134675,0.20357691943031545,1D-CNN
S372,0.43074142853973735,0.25372187775368155,0.31553669370658094,1D-CNN
S373,0.18864656835046026,0.27272292452243907,0.5386305071271006,GRU
S374,0.14303942997588584,0.15073866736672625,0.7062219026573875,GRU
S375,0.18389472527583292,0.24234428719514395,0.5737609875290238,GRU
S376,0.18579309078687245,0.41547167552617165,0.39873523368695707,ANN
S377,0.15869309585092878,0.45689668345112566,0.38441022069794567,ANN
S378,0.22523110406615465,0.3715545594011592,0.40321433653268735,GRU
S379,0.31689030537501045,0.45622210091644494,0.22688759370854447,ANN
S380,0.3109752215466065,0.4382812273501855,0.2507435511032086,ANN
S381,0.2885168466502597,0.5652099736725542,0.14627317967718734,ANN
S382,0.21167511044212337,0.6358799029619073,0.15244498659596759,ANN
S383,0.32244079688907723,0.5752144462695298,0.10234475684139165,ANN
S384,0.3887591916010962,0.5421269873923175,0.06911382100658463,ANN
S385,0.4142816825743849,0.4601151862066986,0.12560313121891561,ANN
S386,0.33864243162634805,0.4811882600114278,0.18016930836222483,ANN
S387,0.19512055049428675,0.5245170784929934,0.2803623710127223,ANN
S388,0.22767176631313574,0.5965816073689557,0.17574662631790897,ANN
S389,0.3536571286824757,0.5596889128656062,0.08665395845191766,ANN
S390,0.6360943135071909,0.30006988301530074,0.06383580347750832,1D-CNN
S391,0.443830139582953,0.39352749748983185,0.16264236292721512,1D-CNN
S392,0.41712360841625756,0.46895869603144696,0.11391769555229547,ANN
S393,0.4047500082100116,0.5118928928001267,0.08335709898986003,ANN
S394,0.4261574127357122,0.3956010631232328,0.17824152414105557,1D-CNN
S395,0.48104929970871385,0.22142595527381925,0.2975247450174669,1D-CNN
S396,0.33484348210089776,0.39978686950859227,0.2653696483905102,ANN
S397,0.32894243163061315,0.4440458754314084,0.22701169293797963,ANN
S398,0.26499780079203883,0.4208613823164704,0.3141408168914887,ANN
S399,0.3551991568406919,0.43642139968327964,0.208379443476028,ANN
S400,0.40056424207294095,0.4693194153508383,0.1301163425762203,ANN
S401,0.4148782052587261,0.43568437540462773,0.14943741933664573,ANN
S402,0.3670188962271892,0.48801912935508757,0.14496197441772332,ANN
S403,0.5379158062312107,0.36183600150076833,0.10024819226802045,1D-CNN
S404,0.30018748580861687,0.5942379716965684,0.10557454249481478,ANN
S405,0.4707514995661556,0.44689950455633654,0.08234899587750945,1D-CNN
S406,0.4172955658376638,0.47180736281617996,0.11089707134615696,ANN
S407,0.33018969092173034,0.48830033025566805,0.1815099788226011,ANN
S408,0.36426606874049494,0.3891061766793054,0.24662775458019892,ANN
S409,0.34562212546879206,0.4290392381916252,0.22533863633958073,ANN
S410,0.2897553728361282,0.4812576340452338,0.22898699311863688,ANN
S411,0.20993094769794954,0.5302285292245137,0.25984052307753686,ANN
S412,0.3361664051375356,0.5299951438181971,0.13383845104426928,ANN
S413,0.42174627279772725,0.47372405669927703,0.10452967050299528,ANN
S414,0.4188559464882072,0.46427073581859657,0.11687331769319682,ANN
S415,0.27036553667805974,0.5801901464276603,0.14944431689428048,ANN
S416,0.3053129529327516,0.5427662847449909,0.1519207623222568,ANN
S417,0.4384440302553145,0.32821485370348336,0.2333411160412022,1D-CNN
S418,0.3943709393368043,0.3836215135966255,0.22200754706656986,1D-CNN
S419,0.3454701992035832,0.4653426788085679,0.189187121987849,ANN
S420,0.45420350296704726,0.39939392575481447,0.14640257127813885,1D-CNN
S421,0.3305433050150325,0.4702026645550846,0.19925403042988304,ANN
S422,0.2393467016126332,0.6285603006678581,0.13209299771950866,ANN
S423,0.4363217027351772,0.425798663694617,0.13787963357020694,1D-CNN
S424,0.31884864219263737,0.5747273565047238,0.10642400130263828,ANN
S425,0.39145468716355525,0.391472895282627,0.21707241755381795,ANN
S426,0.39920834747143613,0.4807926626217839,0.11999898990677973,ANN
S427,0.355187670047067,0.491772017928614,0.15304031202431745,ANN
S428,0.42523673670321843,0.45878562296011355,0.11597764033666677,ANN
S429,0.5062231104654195,0.3221832852511407,0.17159360428343975,1D-CNN
S430,0.42443068644676324,0.2987389159355476,0.27683039761769124,1D-CNN
S431,0.45129141114203997,0.20025695179868763,0.3484516370592732,1D-CNN
S432,0.2288459006011874,0.18937397426545127,0.5817801251333594,GRU
S433,0.16539824573599193,0.13158576557812202,0.703015988685886,GRU
S434,0.1872129018612746,0.15555547200698197,0.657231626131743,GRU
S435,0.19745969482888806,0.20111601754251585,0.6014242876285973,GRU
S436,0.26725483836671066,0.2145955299394169,0.5181496316938718,GRU
S437,0.2877968267756982,0.21770649488856564,0.4944966783357362,GRU
S438,0.3404433658782437,0.20355925556437893,0.45599737855737593,GRU
S439,0.31960607533000196,0.24577202137704723,0.43462190329295153,GRU
S440,0.2674321301082161,0.2371614218522261,0.49540644803955725,GRU
S441,0.2347542841308715,0.21652190451023712,0.5487238113588913,GRU
S442,0.25281682582713577,0.21420121663711342,0.5329819575357515,GRU
S443,0.3066589959550454,0.3234664381825554,0.3698745658624019,GRU
S444,0.36366955094105746,0.3353413203424215,0.30098912871652117,1D-CNN
S445,0.30081464903703864,0.41575478506935,0.28343056589361076,ANN
S446,0.2788963669889462,0.5331112495881314,0.18799238342292018,ANN
S447,0.28602494300262493,0.4962467068354792,0.21772835016189646,ANN
S448,0.47365293880256204,0.3950685602922049,0.13127850090523321,1D-CNN
S449,0.4392713823046984,0.44158622028020494,0.11914239741509647,ANN
S450,0.3889028105479332,0.46010686913590615,0.15099032031616313,ANN
S451,0.3388692422460609,0.4229432926992165,0.2381874650547234,ANN
S452,0.40632266182698384,0.4110724872760691,0.18260485089694714,ANN
S453,0.3009341244926781,0.465594890568692,0.23347098493863072,ANN
S454,0.29655172006961555,0.4280850665932187,0.2753632133371664,ANN
S455,0.29901591644160036,0.3427006402599509,0.35828344329844697,GRU
S456,0.19142237826728295,0.2883727719755201,0.5202048497571977,GRU
S457,0.11701316346299352,0.2596607859805404,0.6233260505564661,GRU
S458,0.1094249151943731,0.44399901576981793,0.44657606903580854,GRU
S459,0.15465022533597328,0.6923603758331961,0.15298939883083074,ANN
S460,0.5324311439992537,0.4240057610180214,0.04356309498272468,1D-CNN
S461,0.2480070443703734,0.6613862801248427,0.09060667550478324,ANN
S462,0.4317558275650891,0.4662164184617088,0.10202775397320206,ANN
S463,0.2684782798952712,0.547101452534443,0.18442026757028498,ANN
S464,0.35725279886017486,0.46397391273663263,0.178773288403192,ANN
S465,0.27917253634105615,0.5611225397928954,0.1597049238660484,ANN
S466,0.4272382707704382,0.36188931050061823,0.2108724187289423,1D-CNN
S467,0.3592650841335558,0.3654317489802334,0.2753031668862088,ANN
S468,0.3194096759729019,0.36636283083754356,0.3142274931895542,ANN
S469,0.3600696207984086,0.3203532895855578,0.31957708961603337,1D-CNN
S470,0.36888407300752246,0.37622005913431394,0.2548958678581631,ANN
S471,0.39161960916732547,0.3810616981452853,0.2273186926873883,1D-CNN
S472,0.3805211034911595,0.41234418590353816,0.20713471060530192,ANN
S473,0.3493357110985621,0.46153081028515475,0.1891334786162829,ANN
S474,0.28935799940064133,0.3949597419681673,0.31568225863119126,ANN
S475,0.2966131843168065,0.36616409566702324,0.3372227200161696,ANN
S476,0.34239397718033276,0.33971357374444316,0.31789244907522274,1D-CNN
S477,0.2604748896418135,0.5574095241446962,0.18211558621349033,ANN
S478,0.2585088553819244,0.5205650854169606,0.2209260592011141,ANN
S479,0.2636429698731532,0.6534889827083449,0.08286804741850137,ANN
S480,0.41571414643138804,0.5078710404403767,0.07641481312823543,ANN
S481,0.4933199854751405,0.3798982135351885,0.12678180098967295,1D-CNN
S482,0.3217190135822141,0.4489365046257659,0.22934448179202213,ANN
S483,0.3190026245892091,0.48196711583568413,0.19903025957510634,ANN
S484,0.38762142063124144,0.34467498785527984,0.26770359151347883,1D-CNN
S485,0.37511694107159804,0.32916226228453066,0.29572079664386997,1D-CNN
S486,0.4636180922751218,0.36015783930320644,0.17622406842167246,1D-CNN
S487,0.36449366908478226,0.4049006157690229,0.23060571514619546,ANN
S488,0.2704008449937404,0.4714643293062796,0.2581348256999821,ANN
S489,0.30849478110864437,0.35301000527922294,0.3384952136121323,ANN
S490,0.27999466090935116,0.3557290138375358,0.36427632525311227,GRU
S491,0.32560058835918354,0.3915548356673305,0.2828445759734868,ANN
S492,0.3605062383192851,0.4746443141927576,0.16484944748795785,ANN
S493,0.3349746777025958,0.5593856323123652,0.10563968998503896,ANN
S494,0.4666802126953624,0.4489072637067276,0.0844125235979117,1D-CNN
S495,0.3196539874651891,0.6073998152536078,0.07294619728120501,ANN
S496,0.40417393901280513,0.486842336871768,0.10898372411542792,ANN
S497,0.3519328621324002,0.5089753641013315,0.13909177376626902,ANN
S498,0.3357021038840431,0.509218565000361,0.15507933111559444,ANN
S499,0.23352936085059398,0.6117444158191555,0.15472622333024816,ANN
S500,0.3367573201757399,0.5990507800950464,0.06419189972921367,ANN
S501,0.5225802095951785,0.41494063356999383,0.06247915683482718,1D-CNN
S502,0.45346624029262406,0.4206947163384583,0.12583904336891774,1D-CNN
S503,0.36436865902668264,0.42011837542819414,0.21551296554512317,ANN
S504,0.2585846069459202,0.5708319273629386,0.1705834656911409,ANN
S505,0.29216882126327837,0.5144174212290104,0.19341375750771092,ANN
S506,0.2564712121984432,0.5502737501959959,0.19325503760556037,ANN
S507,0.41796054948783745,0.28667898030281685,0.29536047020934636,1D-CNN
S508,0.30990271137913167,0.4252683554694466,0.2648289331514223,ANN
S509,0.30948073001579596,0.38056377984305395,0.3099554901411493,ANN
S510,0.24227280848170327,0.5073680054117876,0.2503591861065085,ANN
S511,0.4357181448617535,0.4121331878989636,0.1521486672392827,1D-CNN
S512,0.501985835086108,0.37001169107674936,0.12800247383714208,1D-CNN
S513,0.3154198706139864,0.508035174759005,0.17654495462700917,ANN
S514,0.35254325829256905,0.37634964350167577,0.271107098205755,ANN
S515,0.37662829755597593,0.317058022631491,0.30631367981253593,1D-CNN
S516,0.3906816314160767,0.3963661333064101,0.2129522352775132,ANN
S517,0.2231648956939685,0.5918843403440056,0.1849507639620258,ANN
S518,0.3254552653542023,0.5779701063230774,0.09657462832271906,ANN
S519,0.46711522768787106,0.4768830621761133,0.05600171013601545,ANN
S520,0.23747497330335343,0.626480092378338,0.13604493431830855,ANN
S521,0.23850321867352786,0.585322133948773,0.17617464737770042,ANN
S522,0.2230156170859764,0.658689351769186,0.1182950311448394,ANN
S523,0.27867778890603734,0.5930831498276302,0.12823906126633347,ANN
S524,0.347424311547636,0.5523388231786522,0.10023686527371138,ANN
S525,0.348251309905232,0.5199944516680485,0.1317542384267184,ANN
S526,0.41686476087453117,0.4453501658964198,0.13778507322904898,ANN
S527,0.2735776473752152,0.48575494336450326,0.24066740926028146,ANN
S528,0.2429469781716912,0.5617317972791315,0.19532122454917744,ANN
S529,0.28188465644737504,0.6600870086842626,0.05802833486836181,ANN
S530,0.3393470658552921,0.6283538057847123,0.03229912835999409,ANN
S531,0.40427867433596365,0.546353258869501,0.049368066794533684,ANN
S532,0.3971566326040767,0.5079983513404183,0.09484501605550476,ANN
S533,0.3583821936710785,0.5339721858081422,0.10764562052077865,ANN
S534,0.4549236037142326,0.40451341968826454,0.140562976597503,1D-CNN
S535,0.3852052865371238,0.4103213615949703,0.2044733518679054,ANN
S536,0.33290082713831176,0.3208734125058819,0.34622576035580527,GRU
S537,0.3605810208790558,0.341892454060225,0.2975265250607191,1D-CNN
S538,0.46509627235951817,0.35902666032665614,0.17587706731382635,1D-CNN
S539,0.3895087469015443,0.507809247815842,0.10268200528261374,ANN
S540,0.41509776243115143,0.48904783428019966,0.09585440328864864,ANN
S541,0.43276036421545583,0.4825029745549018,0.08473666122964296,ANN
S542,0.3982392929560811,0.4747463662496568,0.12701434079426174,ANN
S543,0.36004147909685646,0.5222919080164624,0.11766661288668245,ANN
S544,0.36130659144176874,0.5319269900047137,0.10676641855351747,ANN
S545,0.3991999890767336,0.5216397720592059,0.07916023886405943,ANN
S546,0.4416656765472014,0.49656923403609365,0.061765089416705984,ANN
S547,0.41421091947702027,0.42189886989961284,0.16389021062336598,ANN
S548,0.49718261780079975,0.29325740720386934,0.20955997499533263,1D-CNN
S549,0.3743398495943598,0.3026424653435297,0.3230176850621127,1D-CNN
S550,0.31309902545866825,0.24091856548317767,0.44598240905815406,GRU
S551,0.18910990241849918,0.15709340999339635,0.653796687588103,GRU
S552,0.17539159926746867,0.13953583217374194,0.6850725685587905,GRU
S553,0.18620564323748717,0.16679645345871869,0.6469979033037943,GRU
S554,0.305124875264703,0.2211830617664236,0.4736920629688732,GRU
S555,0.3607790050103454,0.21402028240589868,0.42520071258375575,GRU
S556,0.22716659080809948,0.14514835212059257,0.6276850570713068,GRU
S557,0.14105642574918373,0.14732319169978386,0.711620382551031,GRU
S558,0.18015615624684475,0.15804483589679544,0.6617990078563598,GRU
S559,0.20622742534820682,0.14496131988552427,0.6488112547662713,GRU
S560,0.18092629979186095,0.14679777686954365,0.6722759233385973,GRU
S561,0.154938970104959,0.16062791613332864,0.6844331137617107,GRU
S562,0.23920591821790302,0.17995454992033239,0.5808395318617645,GRU
S563,0.28147935286244674,0.2599237067433182,0.458596940394235,GRU
S564,0.2778206874020429,0.24222436544388565,0.4799549471540711,GRU
S565,0.22263462426590466,0.26584024222432945,0.5115251335097667,GRU
S566,0.3025670758223049,0.3827511742692694,0.31468174990842757,ANN
S567,0.35257380597212107,0.44472592989351695,0.202700264134361,ANN
S568,0.29562785801139446,0.5126982940808283,0.19167384790777722,ANN
S569,0.3001395982527627,0.5088931732670784,0.19096722848015873,ANN
S570,0.27168889938358803,0.5307162294391182,0.1975948711772936,ANN
S571,0.3868678382472898,0.47943121583261483,0.133700945920096,ANN
S572,0.3929427648372663,0.49545985934860115,0.11159737581413261,ANN
S573,0.559423356647921,0.34358822803308586,0.09698841531899233,1D-CNN
S574,0.2690621233553397,0.6118610403814524,0.11907683626320714,ANN
S575,0.3906913907617334,0.5164230635709846,0.09288554566728167,ANN
S576,0.3277165271195592,0.43972300822630667,0.23256046465413663,ANN
S577,0.19738577487392478,0.29703351677646755,0.5055807083496077,GRU
S578,0.20433470959139746,0.2481389032742632,0.5475263871343394,GRU
S579,0.21395078406750556,0.34200375938084054,0.444045456551654,GRU
S580,0.24004547644605,0.3943632780412211,0.36559124551272953,ANN
S581,0.2691997874472558,0.41617128684316523,0.31462892570957884,ANN
S582,0.3495581578275707,0.4029023016771002,0.24753954049532792,ANN
S583,0.3825229877712406,0.3592539815472078,0.2582230306815513,1D-CNN
S584,0.38741173604594525,0.418693523933215,0.1938947400208398,ANN
S585,0.4319146142096783,0.40670432031900455,0.16138106547131678,1D-CNN
S586,0.38738471914200223,0.4323475802818833,0.18026770057611458,ANN
S587,0.4133191637281824,0.41256390494232137,0.17411693132949807,1D-CNN
S588,0.3352362358542364,0.49849539960944544,0.1662683645363183,ANN
S589,0.3717116061419017,0.37796027866702747,0.25032811519107206,ANN
