Segment,1D-CNN,ANN,BiLSTM,LSTM,CNN-LSTM,GRU,Selected
S1,0.14387370667393826,0.08896920865185515,0.13125585587860694,0.27465104457423656,0.24076376066547414,0.12048642355593155,LSTM
S2,0.12346920478838373,0.12073304050137429,0.09816804680238313,0.2461508856631546,0.23382563815364044,0.17765318409111264,LSTM
S3,0.09098527283091358,0.12702366672369222,0.077839170543243,0.23019182559920948,0.31270728878946125,0.16125277551345263,CNN-LSTM
S4,0.12188119376253011,0.16549664200548428,0.17734747082260113,0.1106227700708923,0.2932186878565604,0.13143323548192234,CNN-LSTM
S5,0.14591394833117055,0.09367383866707019,0.19046790036766614,0.15266594363694047,0.2901418922304226,0.12713647676677706,CNN-LSTM
S6,0.21464892920326506,0.16249309068117465,0.12398626989591688,0.1770531126839518,0.17881496390939253,0.14300363362628746,1D-CNN
S7,0.15072661367168863,0.21890250283841936,0.10224124222771801,0.2441590454415098,0.14818195855590605,0.13578863726476448,LSTM
S8,0.10599313696117475,0.15160220108248115,0.20437680528395616,0.23839232859165613,0.10895053306472414,0.19068499501600744,LSTM
S9,0.12332989796985128,0.11680686116412034,0.23070944257131776,0.1879285798718665,0.1717983034152116,0.1694269150076125,BiLSTM
S10,0.1484337337534184,0.266622769699869,0.18656812014130264,0.1442747694352203,0.14852654848733723,0.10557405848285167,ANN
S11,0.17027513947963271,0.3209204192378332,0.27319790864701704,0.07372666879052701,0.109905625856647,0.05197423798829858,ANN
S12,0.11320828508804193,0.38395777656122576,0.22154200354351597,0.06552101236389477,0.1719534662039652,0.04381745623937064,ANN
S13,0.06909424613221833,0.29327544177466836,0.12663901399058922,0.11353796802733107,0.346855838167673,0.050597491907524925,CNN-LSTM
S14,0.16813736430078582,0.3630828693849515,0.07604982661183489,0.1864567247713086,0.13917775105078556,0.06709546388036855,ANN
S15,0.4034671731557023,0.2154148883040938,0.07087423210199607,0.1428859250160943,0.07655589827449302,0.09080188314765673,1D-CNN
S16,0.27669054548397404,0.32275005646852567,0.09914914702235189,0.09068440380430214,0.09864538179981443,0.11208046542102364,ANN
S17,0.14435984175665958,0.18040371401160896,0.20021562782722238,0.14319529162263397,0.16666150175463787,0.16516402302723263,BiLSTM
S18,0.14100697720755195,0.16953250130945696,0.18280660515957128,0.11787924075026124,0.25484527545018826,0.13392940012303234,CNN-LSTM
S19,0.13728217396497253,0.11622277579458258,0.09394030114144845,0.14662755813658548,0.4243032304133085,0.08162396054911861,CNN-LSTM
S20,0.030887195812991323,0.02141109214003857,0.03858272271709546,0.11030653449342377,0.7683924636107679,0.030419991225673952,CNN-LSTM
S21,0.20822823473700378,0.25840045191211447,0.04224572353956605,0.10226821751250001,0.32347430099297103,0.06538307130582595,CNN-LSTM
S22,0.2614010745511128,0.3012199694014099,0.0360313637661551,0.0722647482988389,0.23226695976310538,0.09681588421936975,ANN
S23,0.08912557756919193,0.39931638565010064,0.051009474185333935,0.08346850447067444,0.24640895643901023,0.1306711016856938,ANN
S24,0.15971425924851143,0.21325160726792092,0.10200515223176125,0.21817822286472863,0.08630292592145576,0.2205478324656158,GRU
S25,0.14924734313934324,0.16005599158297965,0.25047734193394555,0.1990409720903074,0.07166564223418417,0.16951270901924922,BiLSTM
S26,0.16413753010103505,0.14042924669313242,0.23882345162991528,0.2606134548494284,0.06562380407835058,0.1303725126481179,LSTM
S27,0.06992332618866426,0.3502705122115506,0.2675716682645154,0.21192621676531756,0.05631362114366138,0.043994655426249134,ANN
S28,0.21682739117993421,0.1717038774385967,0.15853649757010035,0.12842705352590886,0.28897797569779976,0.03552720458766642,CNN-LSTM
S29,0.01760653404083973,0.010915343022113838,0.012861258682737875,0.3389193642044011,0.6134432462964693,0.006254253753451834,CNN-LSTM
S30,0.03215375409212949,0.16118528263777546,0.0352313380759616,0.676439540559166,0.06850829581614237,0.026481788818819584,LSTM
S31,0.21239521743292758,0.09861358617548452,0.07383966208508416,0.40777293303948714,0.06937894821037613,0.13799965305662135,LSTM
S32,0.15904218261882994,0.041099684236675316,0.08188709742463926,0.3053796703852254,0.1952101311130741,0.2173812342215451,LSTM
S33,0.06366438930532742,0.04279965731985188,0.06739041665046666,0.19711167079296066,0.4357201195567952,0.193313746374594,CNN-LSTM
S34,0.15178627390478644,0.10813312932385327,0.1567675507125693,0.1466073405874452,0.21669377655922453,0.22001192891208693,GRU
S35,0.12056553089085914,0.14263451258432325,0.21993438137686458,0.1390400821901128,0.1914639511746844,0.1863615417831498,BiLSTM
S36,0.26372323893334926,0.13099666195345153,0.19379358470477503,0.12639692827064175,0.1620862083054182,0.12300337783237832,1D-CNN
S37,0.2558452211887979,0.1751232940277293,0.13537715227887293,0.14710277716742123,0.1680757474626373,0.11847580787453993,1D-CNN
S38,0.1416151457212234,0.27504145987409623,0.12329368407510222,0.22475358344216725,0.0852197920018508,0.15007633488550398,ANN
S39,0.13481160346328055,0.17436653502903485,0.19980668976947796,0.2489713150016943,0.09616128364422588,0.14588257309227598,LSTM
S40,0.17097033221266406,0.11844202001158236,0.20620793803471654,0.15512861502807054,0.19945775227444001,0.14979334243852513,BiLSTM
S41,0.16188407488474227,0.13283962697636842,0.14156429374646606,0.17597274699504364,0.2426171456326009,0.14512211176476467,CNN-LSTM
S42,0.16687288379830795,0.14434630653146943,0.17561166925991195,0.15081907214072088,0.17888147343722524,0.18346859483236203,GRU
S43,0.13652714876712715,0.1710885134070913,0.1840987514700952,0.17563352101241983,0.2171233249204142,0.11552874042281304,CNN-LSTM
S44,0.18575673679907007,0.16995043628149875,0.12381725405082872,0.16402872427259207,0.2661473368692464,0.09029951172671571,CNN-LSTM
S45,0.2673218232803668,0.1358029982917768,0.0609679500957831,0.23907971720077997,0.17485913190677727,0.12196837922450889,1D-CNN
S46,0.18123573849530125,0.22020081731701502,0.09956576304607559,0.17993312157430805,0.12964262477415078,0.18942193479316552,ANN
S47,0.1556152055472449,0.21119572951202298,0.1603679481904812,0.13452767734337034,0.13732564434328326,0.2009677950635975,ANN
S48,0.14529619456867854,0.1049750744226038,0.21451527451727964,0.1830061229436786,0.1514575586768498,0.20074977487090417,BiLSTM
S49,0.15119106974516006,0.14471572506100616,0.2187661672023375,0.19990078596718305,0.14456818507641297,0.1408580669478655,BiLSTM
S50,0.12956068071542312,0.19776250816597735,0.1898083078114925,0.17980366669359096,0.13387593476899048,0.1691889018444743,ANN
S51,0.0034273968396738744,0.011844452830190439,0.05534231401700961,0.805011731311435,0.10947964123814283,0.014894463763552596,LSTM
S52,0.28019900255187197,0.16783189859298844,0.09384663580553296,0.312960970215978,0.07475505755648248,0.07040643527711526,LSTM
S53,0.19154802912088284,0.14726279026780192,0.16915047358725036,0.19593247448009954,0.11064510997703376,0.18546112256694236,LSTM
S54,0.5819846765786042,0.016801595089474822,0.052220420192272944,0.06842080411885058,0.18030838137435037,0.10026412264644118,1D-CNN
S55,0.02584907663129686,0.011555135562365737,0.009222796766783363,0.03334741970404366,0.902435007155311,0.017590564180162666,CNN-LSTM
S56,0.22200676652372545,0.10202611565725318,0.023363611975545574,0.13309286041414065,0.281562868441549,0.23794777698779376,CNN-LSTM
S57,0.15490912317417546,0.030411822676724015,0.09452447044508971,0.1741629395160727,0.20613378849425687,0.3398578556936544,GRU
S58,0.28685311760552634,0.05204569467133076,0.15361034205846327,0.16345472971799324,0.12236191762778165,0.22167419831890253,1D-CNN
S59,0.11387181372773461,0.14290049393386314,0.20772644508312227,0.22442975269240245,0.10218825549799902,0.2088832390648318,LSTM
S60,0.10632870747515658,0.2982802466015021,0.1679531189021506,0.16302965264583189,0.07334540694615056,0.1910628674291841,ANN
S61,0.017330768342746848,0.05969260584349643,0.1063607943383998,0.0957678756038757,0.06811552299010584,0.6527324328813748,GRU
S62,0.022727996770801097,0.09232907521843894,0.16985761463698798,0.060075772792155396,0.15999711395027894,0.4950124266313264,GRU
S63,0.13527705821782463,0.5044501024640101,0.16991961967878466,0.021121661092818673,0.056231615747681894,0.11299994279887977,ANN
S64,0.18933322070313774,0.23551564566322034,0.43561954476547976,0.030822407289794213,0.05232832462651716,0.0563808569518523,BiLSTM
S65,0.10672935754557777,0.30078072460795163,0.21633812556283633,0.11975752927180311,0.18406641942111207,0.07232784359077801,ANN
S66,0.14346912539724446,0.2220520203017547,0.15556921834599982,0.278463258017499,0.11987274102968348,0.08057363690777716,LSTM
S67,0.30920603997075635,0.16579439224293477,0.12646992345553595,0.1822563844987512,0.1056074402361897,0.11066581959584854,1D-CNN
S68,0.4571239353242739,0.15786911498707135,0.062329264181306465,0.07492197382985216,0.17178821211445336,0.07596749956305165,1D-CNN
S69,0.165894413865653,0.23747444707820722,0.06437786183228521,0.07528496898309577,0.3443166648520856,0.11265164338871282,CNN-LSTM
S70,0.1166848223319317,0.1575997691539459,0.1852632638517501,0.09787270585142202,0.27358216219820636,0.1689972766127288,CNN-LSTM
S71,0.2523156553440664,0.1573937224018974,0.15770053043155605,0.08018969681224218,0.21580263251751888,0.13659776249271735,1D-CNN
S72,0.220718912084016,0.17203345332832248,0.1046789229877817,0.091436559907333,0.29575024441516334,0.11538190727738107,CNN-LSTM
S73,0.28780722134765807,0.11543790162671948,0.06349292728625193,0.12935797379941452,0.25512994910789166,0.14877402683205415,1D-CNN
S74,0.16227960213887493,0.24177333147952418,0.10458090266215538,0.1621070868864939,0.13941045161948737,0.189848625213451,ANN
S75,0.15085164456669645,0.1839395793604524,0.18373046017572137,0.21134234579205258,0.07841073579430276,0.19172523431076516,LSTM
S76,0.19590445356458597,0.14145857420517255,0.2477618405713614,0.16697771069446743,0.08234169571011431,0.165555725254331,BiLSTM
S77,0.18427468590672935,0.12435278050381088,0.22544289000821416,0.1897197765459683,0.10832027760146079,0.16788958943380103,BiLSTM
S78,0.41134377147184015,0.20629623214408613,0.08286114233249997,0.05298963624771904,0.02329351403908206,0.2232157037647712,1D-CNN
S79,0.1564254982653153,0.27844861229357576,0.18527466274141582,0.1188830315074805,0.049834920569498765,0.21113327462269751,ANN
S80,0.19295876518793528,0.13512044998734382,0.18440309528711735,0.13502348335323888,0.15305738968995222,0.19943681649439168,GRU
S81,0.27166370867302975,0.08575603814561668,0.09249417530793272,0.20987516207993445,0.19402414738953244,0.14618676840396055,1D-CNN
S82,0.32022027916566415,0.09368018690669144,0.08787393834787185,0.2005497033368975,0.16570278147740014,0.13197311076546273,1D-CNN
S83,0.2795430685995281,0.15347033377131092,0.16200300628122843,0.12783401760554658,0.1592749960992797,0.11787457764304811,1D-CNN
S84,0.2577947520609933,0.16059986414470703,0.18026938815780208,0.09947795136901161,0.16628967252474483,0.13556837174269568,1D-CNN
S85,0.15624092314607807,0.16894408918226445,0.19460701187232698,0.22722513879833897,0.10936601647130374,0.143616820529704,LSTM
S86,0.2894425548441851,0.08989455990092525,0.18935088245896084,0.18601711908251514,0.06657324571537918,0.1787216379980311,1D-CNN
S87,0.1925811919912445,0.23663608080040832,0.19631963923229565,0.12124158012123379,0.05609416918152271,0.19712733867334342,ANN
S88,0.08421085196019418,0.17099711761602984,0.31583737579794074,0.12993680712195205,0.06186433833159412,0.23715350917229805,BiLSTM
S89,0.06686734629367995,0.08327498720616178,0.4266281130506173,0.17772627852111283,0.10430465353969912,0.1411986213887194,BiLSTM
S90,0.08540787973173812,0.19989735865835004,0.30763033979438764,0.12783595050084304,0.10602856576879219,0.1731999055458954,BiLSTM
S91,0.03193540237873846,0.10482943187819437,0.16109131806458432,0.33705600187241197,0.26747796975817373,0.0976098760478984,LSTM
S92,0.1574485104140101,0.1289697546598983,0.13745393502275485,0.28886982725450844,0.19959197978565874,0.08766599286316108,LSTM
S93,0.43517555100576455,0.24357505989705405,0.06595796620371358,0.0826277760103961,0.11660377079876341,0.05605987608430958,1D-CNN
S94,0.3666210574277422,0.1427794561850979,0.09062205020246086,0.1047239236174453,0.1939385834089952,0.10131492915825363,1D-CNN
S95,0.30573555948434644,0.14275824119981415,0.08590967939916937,0.12156905644468587,0.1678732849228031,0.17615417854916268,1D-CNN
S96,0.29123160453968333,0.22246345506454232,0.07400649974381479,0.1315515181786582,0.1132274067674828,0.16751951570587184,1D-CNN
S97,0.1628024572034176,0.19931842752944856,0.10785632481464758,0.18726870823414085,0.13353602124406208,0.2092180609742826,GRU
S98,0.16729431823344446,0.13858130558989262,0.15534445275550496,0.24024314201684352,0.1177340904202949,0.18080269098402338,LSTM
S99,0.1252630120688476,0.16947196151362476,0.20050547030557125,0.20371446678355654,0.11674202652585869,0.18430306280254075,LSTM
S100,0.11926388405175471,0.38811683393106905,0.15266664642999817,0.12612113022578628,0.08579357047648711,0.12803793488488863,ANN
S101,0.03247934511428001,0.11506670744460035,0.21558980737448613,0.11605033785495746,0.14647636285783164,0.37433743935383057,GRU
S102,0.015389223286845504,0.05398240427644999,0.26048560598574283,0.10108439043976765,0.45709431591576866,0.11196406009541084,CNN-LSTM
S103,0.03802920234089545,0.1030126174497293,0.15279097157729174,0.30408250649937724,0.3655800121288016,0.03650469000386843,CNN-LSTM
S104,0.12190198672450483,0.20408867845696949,0.11640371230614771,0.37239151667915366,0.13445877195442957,0.05075533387878338,LSTM
S105,0.39425891921779127,0.39815582689747037,0.03861708242086412,0.07115737320518602,0.032630327380420036,0.06518047087829985,ANN
S106,0.7042085584050596,0.1667148058919822,0.01870838042570633,0.01864323880895708,0.030898120371713755,0.06082689609656775,1D-CNN
S107,0.12667531892479147,0.5511795195385354,0.05990437083026388,0.03892588022287988,0.07229381751512066,0.1510210929684081,ANN
S108,0.2851936681638952,0.30985466454935345,0.10363248895201542,0.053321004924085015,0.09621453138306442,0.15178364202755293,ANN
S109,0.30490337238136767,0.3043892683372027,0.10402247633262493,0.06353849146243212,0.09026554757341514,0.13288084391298952,1D-CNN
S110,0.07760665681859791,0.09316638877365233,0.10135233494410839,0.1557383996686363,0.44622366585192424,0.1259125539431235,CNN-LSTM
S111,0.03246679408820038,0.10700538695305342,0.05372648211017085,0.11236120969591269,0.6204963480868945,0.07394377906576907,CNN-LSTM
S112,0.019892390528414877,0.021357558115921084,0.031914804947948454,0.13319785306153714,0.7174666340392634,0.07617075930691129,CNN-LSTM
S113,0.02646890404974579,0.04543994466831198,0.04054371533856659,0.11398970479292626,0.6650059007647887,0.10855183038564827,CNN-LSTM
S114,0.026787401585871232,0.11422135751598524,0.055365987105025216,0.1546558180574769,0.5527016194592909,0.09626781627638364,CNN-LSTM
S115,0.19400706433332282,0.21870001520461255,0.12555909117019287,0.21493779506080127,0.1748158110936695,0.0719802231374117,ANN
S116,0.2872173093030302,0.4098504605010076,0.08750978523776841,0.09640833692463134,0.08851457592937065,0.030499532104231973,ANN
S117,0.1828075191142651,0.3221738557623164,0.06563677347287325,0.23502318031442185,0.15852137403299058,0.035837297303087344,ANN
S118,0.11426663219859057,0.2490006778815991,0.08605413187964182,0.3175945880516087,0.1894479918974072,0.043635978091205084,LSTM
S119,0.08887325629245689,0.3466929007019945,0.1006575569031118,0.24770738194847125,0.12993869495657417,0.08613020919741424,ANN
S120,0.21252952242322595,0.09459876346205186,0.14797833579159247,0.16393769071606232,0.33408089177554,0.0468747958315271,CNN-LSTM
S121,0.13065113770167344,0.06236430126415339,0.03585838500715712,0.0988170324642656,0.6463587823196925,0.02595036124309653,CNN-LSTM
S122,0.17775884706074585,0.13840200913879458,0.047913102923351936,0.33254805913888336,0.18456530796176743,0.11881267377646999,LSTM
S123,0.15470971726773233,0.13695607815050123,0.05715662788837504,0.2868507232738579,0.09261677295902017,0.27171008046053524,LSTM
S124,0.19147373344000926,0.04511996111906641,0.09894921322973721,0.14985618630283268,0.13016322256197105,0.3844376833463823,GRU
S125,0.09679639247396225,0.053992014769268994,0.22399079106199082,0.15375292332203264,0.22518276788363398,0.24628511048916676,GRU
S126,0.067206904019757,0.0936723166497678,0.22027094427775828,0.21555128641645413,0.11648067164737617,0.2868178769888658,GRU
S127,0.2088012885048337,0.15870273335127988,0.23679459391119043,0.11342712999564761,0.06103362380303523,0.22124063043401254,BiLSTM
S128,0.16347304949559696,0.2071269958007671,0.2538565444798854,0.1425205418076832,0.07417621967513786,0.1588466487409076,BiLSTM
S129,0.23813080265182301,0.23975466089302955,0.2116489557227652,0.12917519845071934,0.08219823507810227,0.09909214720360687,ANN
S130,0.17904476463388977,0.2460169227521882,0.14857322242345486,0.19438915900324114,0.07903041847136402,0.15294551271591003,ANN
S131,0.13999012057418148,0.13786215736189475,0.2338737117212591,0.2584803160343577,0.09756707058206314,0.13222662372624341,LSTM
S132,0.12152844995353623,0.10276824425086725,0.260265029139363,0.195295420445694,0.2305304502119984,0.08961240599852625,BiLSTM
S133,0.1029018146603725,0.0770585949822103,0.16397296188863694,0.13526679683476622,0.45646635132237967,0.0643334803116332,CNN-LSTM
S134,0.16098506875674384,0.12171047277836346,0.0856163579676416,0.22036711971830905,0.33797035065212605,0.07335063012680411,CNN-LSTM
S135,0.13347844319528177,0.11657317753022596,0.0793664059328507,0.2613529319308888,0.3651344353686069,0.044094606042135526,CNN-LSTM
S136,0.24422725745210103,0.08202203371236329,0.057615981904905224,0.3113716610650823,0.21977346331013622,0.0849896025553985,LSTM
S137,0.10422403023575995,0.050103083449161465,0.11757832219919358,0.20146556818838857,0.22795619009723675,0.29867280583026456,GRU
S138,0.0504621607197053,0.09576794159557009,0.18824913332011642,0.281266455584496,0.13863757302074284,0.24561673575940762,LSTM
S139,0.14129798775560612,0.1619317081431007,0.2030582556283522,0.16047697438385378,0.10555446566886444,0.2276806084202213,GRU
S140,0.14474570948642035,0.18742785890299643,0.20409975894882024,0.15309870835313807,0.13736618219424163,0.17326178211437973,BiLSTM
S141,0.10001634051779675,0.2842127853981007,0.22041365845075245,0.161387150641879,0.10214119308000964,0.1318288719115071,ANN
S142,0.1602924831087492,0.4025597619465564,0.15048587625620866,0.11222210874902808,0.1079017899476684,0.06653797999179036,ANN
S143,0.1800844298355522,0.19219377899035975,0.10459615901555842,0.27263697920886026,0.19052433089140747,0.05996432205829223,LSTM
S144,0.13802370742839748,0.16701078946075254,0.16729522144474868,0.2758108143721306,0.16998501520711334,0.08187445208685462,LSTM
S145,0.14801067024911835,0.11894341321370165,0.26512947628371936,0.17496515991717568,0.19621833216668072,0.09673294816957889,BiLSTM
S146,0.15943459757509046,0.14051465743715283,0.2717399823897639,0.12234521030624566,0.2523280659895079,0.05363748630224704,BiLSTM
S147,0.12101485662333115,0.44103626227713033,0.06310191334102509,0.12128855142397733,0.22203855309119178,0.031519863243321136,ANN
S148,0.2519036542635006,0.10236021822672782,0.032465670507465835,0.2720702794274621,0.3110537113134648,0.030146466261364004,CNN-LSTM
S149,0.30328020354039337,0.2910561009178153,0.02434170366034713,0.08304649238807266,0.22279908164727086,0.07547641784609765,1D-CNN
S150,0.3277644983512162,0.22801101318379552,0.03493254696581573,0.09054477513858344,0.15399569977159064,0.1647514665889824,1D-CNN
S151,0.17689944750383477,0.1813549893016304,0.12037451198904071,0.10148744977568327,0.1805973721081345,0.2392862293216726,GRU
S152,0.09438805962675736,0.10885635986355598,0.21005454888525926,0.3034442693829578,0.08760524237838055,0.1956515198631459,LSTM
S153,0.05219614747218814,0.3644961479491028,0.20721500589939298,0.2268940807262875,0.07104829192575256,0.07815032602727728,ANN
S154,0.17525189431945315,0.16317825255066729,0.17386532368610155,0.3143357021803651,0.09196727421336319,0.0814015530500637,LSTM
S155,0.2697183710974824,0.12896973845248816,0.13854932585318275,0.23925524319888036,0.11971038600016333,0.10379693539779693,1D-CNN
S156,0.1699606329099335,0.1441940442457869,0.14300088571720998,0.18084891692240265,0.2273466107658301,0.13464890943883479,CNN-LSTM
S157,0.19100920039560168,0.04978842210290101,0.1764457760039117,0.11782699499264097,0.33710451037643624,0.12782509612849935,CNN-LSTM
S158,0.12654497833098413,0.29226089352901596,0.10228346385637435,0.08989967792981826,0.3017366198617616,0.08727436649204823,CNN-LSTM
S159,0.16815429555914171,0.3645180947217002,0.06097200001969364,0.15192169235060288,0.13367896983005287,0.12075494751885209,ANN
S160,0.1520354506953274,0.21335500686374922,0.07343064669778634,0.26714270946951185,0.0933816772176492,0.20065450905597096,LSTM
S161,0.16536145513789263,0.06242698500646381,0.10780195796367438,0.22941250729656631,0.11295444095298422,0.3220426536424329,GRU
S162,0.051785203583137734,0.1076743257973283,0.1949284093340984,0.22952176144742686,0.11818320992231329,0.2979070899156697,GRU
S163,0.064628245585276,0.0975976064700267,0.33601203598755824,0.16449502104095692,0.1056294436554805,0.23163764726070615,BiLSTM
S164,0.14160332762246713,0.0764119459136765,0.3699400674932159,0.12646604605451706,0.07221753506348826,0.2133610778525942,BiLSTM
S165,0.14951393493723408,0.18963181821788114,0.2942846444509968,0.1030038865429874,0.1429527180579595,0.12061299779299639,BiLSTM
S166,0.13112259432772,0.09183862880820207,0.06165225503254681,0.15582840515530344,0.5077608236449586,0.05179729303123615,CNN-LSTM
S167,0.13222793061039753,0.05168046347211021,0.04101729645275574,0.6244417370822796,0.0912208514011067,0.059411720981396486,LSTM
S168,0.12778989875833574,0.09558770885111315,0.09610311731259182,0.2569220610298202,0.09792667347681001,0.3256705405713415,GRU
S169,0.11742725915097393,0.039639350727788084,0.1599545942886943,0.14349458211215171,0.09922279407359291,0.44026141964683535,GRU
S170,0.043487249077684996,0.03340212797390407,0.4890126500659041,0.1630582864345766,0.1342299637906914,0.13680972265725244,BiLSTM
S171,0.11684612086510568,0.06208949722885823,0.17035921018138567,0.2532222302728513,0.10496208518833393,0.292520856263512,GRU
S172,0.09380210342134164,0.04088399525663575,0.17355259898573241,0.09305416549528435,0.14249015668423473,0.4562169801568132,GRU
S173,0.06794498950755788,0.05061191218909269,0.14616145577841208,0.11197005861072318,0.3855840920050891,0.23772749190911308,CNN-LSTM
S174,0.08563192802865606,0.0754846142080738,0.17458817069751034,0.12520077684183437,0.26473110390650845,0.27436340631742634,GRU
S175,0.1024997433654779,0.1203629715010872,0.18356404791241412,0.14070921911213152,0.1209233705617158,0.3319406475471497,GRU
S176,0.05293861991505092,0.33494070690635425,0.1662142658020451,0.08729398918560234,0.04971343162010038,0.30889898657088805,ANN
S177,0.15353059120059695,0.17420547064240366,0.23484876959390716,0.1281557571096324,0.06759289310414102,0.24166651834933445,GRU
S178,0.04482458946737271,0.04575257802647646,0.49586390091528476,0.11260680643471555,0.07742931482757417,0.22352281032856375,BiLSTM
S179,0.09567370148171914,0.2512659871071674,0.29426204977112363,0.08703736841751053,0.038370271714241545,0.23339062150828618,BiLSTM
S180,0.1447728177546567,0.39881042231883373,0.3438026979808579,0.03380487578736913,0.017269556715428878,0.06153962944284232,ANN
S181,0.18182869632489598,0.3964859147380041,0.26821334396137814,0.05780792864404001,0.045305646352699715,0.05035846997898093,ANN
S182,0.08486918866838238,0.32099804794591663,0.17903324731589784,0.17199045847518982,0.1474210626765061,0.09568799491815319,ANN
S183,0.09785551135951416,0.2248476368512146,0.08025468521369086,0.18568965819822122,0.3248988092313022,0.08645369914604535,CNN-LSTM
S184,0.1653074528087029,0.4691678777880465,0.054150387576670636,0.17598591424088214,0.07075183831360163,0.0646365292720952,ANN
S185,0.3318967959457038,0.3072074146706487,0.08423087828185674,0.09125921245285945,0.08443135743964637,0.10097434120927568,1D-CNN
S186,0.33128990395466773,0.24996431866022736,0.0924624637759516,0.09073160268774978,0.07817157067036633,0.15738014025101582,1D-CNN
S187,0.1552673464380322,0.24402460185794006,0.18249456807260375,0.13291151324095488,0.15519540396831233,0.13010656642219698,ANN
S188,0.15657930480047963,0.3723156087922419,0.10167228081379409,0.12884959096145754,0.16632608645415584,0.07425712817781686,ANN
S189,0.12953956743435202,0.1175993291205428,0.07174674332633924,0.11518367347920251,0.5015314176798301,0.06439926895977417,CNN-LSTM
S190,0.10057882156355433,0.19848287595610858,0.07645976072393873,0.082968011348374,0.4668632502428945,0.07464728016514616,CNN-LSTM
S191,0.13989849162794823,0.09363749990883038,0.07511812348013858,0.13065557271330475,0.43712197077376413,0.1235683414960577,CNN-LSTM
S192,0.13230862421926545,0.1907224131275285,0.07354324883716082,0.12745203288242676,0.3581857245912642,0.11778795634236904,CNN-LSTM
S193,0.12144344573906507,0.3422554490197003,0.04717153139363101,0.1559100477206532,0.23692430005630752,0.09629522607062208,ANN
S194,0.1349288524578798,0.36758010527477974,0.061275496294335575,0.13218462241311657,0.1935798724453802,0.11045105111455705,ANN
S195,0.13928694534936203,0.16595286544698012,0.13751970944265324,0.22189486356397561,0.15255073713410153,0.18279487906292755,LSTM
S196,0.1498287816140488,0.24244086093851483,0.21890274948859856,0.16540491051965542,0.09531640665434508,0.1281062907848468,ANN
S197,0.16714820502719177,0.295645208925422,0.2244820837375181,0.14487382042734853,0.08442595432122176,0.08342472756135298,ANN
S198,0.17047704790127552,0.23077681093755015,0.21102413660356986,0.13239385257458655,0.20096573574875362,0.054362416234312066,ANN
S199,0.09256796239664809,0.1395357963824335,0.10775951886509991,0.14854482765327912,0.4567864390997304,0.05480545560277463,CNN-LSTM
S200,0.1384471100361994,0.11893737679014753,0.1460024597359149,0.1553766979930203,0.3308979933997075,0.11033836204500268,CNN-LSTM
S201,0.13621912959945237,0.5306760191505085,0.0866541787666591,0.08063266967436807,0.12956858779589892,0.036249415013121,ANN
S202,0.29566895013335687,0.26354475905285857,0.08691318840204318,0.16277365383639422,0.122156939533381,0.06894250904200282,1D-CNN
S203,0.21533282664724526,0.4018142809989749,0.07523827602725101,0.12009867793116923,0.12260732436023761,0.06490861403513137,ANN
S204,0.34678022114370893,0.2111092301846253,0.05586481043471394,0.11302350358657869,0.1815476760000287,0.09167455865040101,1D-CNN
S205,0.21394250283418728,0.2938819722295795,0.08392208827058631,0.09660770995980442,0.2064173880234805,0.10522833868236424,ANN
S206,0.15671269734969046,0.26946640777572306,0.13989266199637151,0.11661608999673395,0.17890423076498094,0.13840791211646902,ANN
S207,0.21399343993516087,0.22651266052856084,0.14882591814006751,0.12095404463206838,0.18662489498337345,0.10308904178080962,ANN
S208,0.24942191846869366,0.16471626509426962,0.08987268379309503,0.13125629289758323,0.30104748037175943,0.06368535937460496,CNN-LSTM
S209,0.13318419352880317,0.13745047143616168,0.03831285570147273,0.22640674627266774,0.4181933934938287,0.046452339567079684,CNN-LSTM
S210,0.13549410175480786,0.3088606184703859,0.06403373181643268,0.2192475007433226,0.140506668277609,0.13185737893750377,ANN
S211,0.18972075962140567,0.2511898400930056,0.120718201624379,0.13567479356871973,0.11804803699106951,0.1846483681014197,ANN
S212,0.12281149531659755,0.10521519338031439,0.260718962285946,0.17647291903140097,0.1767674366288476,0.15801399335681157,BiLSTM
S213,0.1481319683221989,0.10887328105681193,0.21557171595693303,0.15745328893120888,0.2819061042171107,0.08806364151574543,CNN-LSTM
S214,0.2519941925475638,0.2095142507352947,0.05668937607389185,0.1214830471008443,0.3185735835420865,0.04174555000035501,CNN-LSTM
S215,0.07677989089095635,0.14187951895173748,0.07069430430337685,0.21577327027073862,0.4050669148179775,0.08980610076515111,CNN-LSTM
S216,0.18217784296148531,0.4437080128521131,0.08246074267710568,0.10401786788419388,0.14747191438021157,0.040163619244905906,ANN
S217,0.2534879783806239,0.1816841945922071,0.14533737254353177,0.1529911597453872,0.2006590536145634,0.06584024112369528,1D-CNN
S218,0.0818419811517133,0.5510520048227934,0.07403700660077242,0.12440636746494817,0.12171318631435973,0.046949453645401595,ANN
S219,0.11717279411097258,0.3483478321091751,0.09493216520494016,0.16190774065162042,0.22122027024628868,0.056419197677053556,ANN
S220,0.09832387469171817,0.29390900483105653,0.12658646693735393,0.1995994809999874,0.2223762412579657,0.059204931281955905,ANN
S221,0.16440492761568348,0.3217100047979897,0.22251622081775613,0.08902675991836441,0.1714190077212852,0.030923079128910836,ANN
S222,0.19550742837363924,0.400943638518904,0.08344712991383692,0.11040212549665034,0.18702632820473708,0.02267334949217292,ANN
S223,0.24442070897847468,0.2885219729389912,0.0653446236360975,0.11038170804366064,0.27089246400979766,0.020438522392951856,ANN
S224,0.24873271360371732,0.11105976467361026,0.02369758087072515,0.1878064047634228,0.3991531157106701,0.029550420377836558,CNN-LSTM
S225,0.17039699288618748,0.3905345498332765,0.0398231801991162,0.1531904042413261,0.15712936647299078,0.08892550636711892,ANN
S226,0.22824905083746283,0.4292340651920152,0.041796680567796764,0.03844995132309655,0.22584661078964396,0.03642364128998082,ANN
S227,0.5453134901073508,0.2389576658095985,0.02840744503027506,0.04505659283104707,0.11467071282767244,0.027594093394061058,1D-CNN
S228,0.31660686340155975,0.4276794760825768,0.05000868939964313,0.050114097795333636,0.12511092613887845,0.03047994718200098,ANN
S229,0.16347800187528186,0.35040900290641813,0.07877601155451022,0.2196275135141955,0.11997963982509867,0.06772983032451285,ANN
S230,0.22212310670810528,0.30956304836912685,0.1286059408594708,0.1346586787352684,0.14753744530308804,0.0575117800249246,ANN
S231,0.2552965312115436,0.17356935790501896,0.08043681446038092,0.13278667383586423,0.28279667934634656,0.07511394324084326,CNN-LSTM
S232,0.17049943608131396,0.16950311916265307,0.11024230310007817,0.242791444508343,0.20066357688355338,0.10630012026405636,LSTM
S233,0.1710658949583488,0.18751497183900398,0.15665836622651524,0.11353478568537871,0.26662072042964235,0.10460526086110451,CNN-LSTM
S234,0.2241956745110397,0.08918671031784205,0.07070962353330766,0.09679695496950791,0.4615438489085474,0.05756718775975336,CNN-LSTM
S235,0.15684865394437075,0.27252484995097725,0.06543019712169268,0.09420427705518498,0.3649805440780136,0.046011477849807296,CNN-LSTM
S236,0.317589464404957,0.21136371151930555,0.07947615577432929,0.12399691681312004,0.18231876092998875,0.08525499055829311,1D-CNN
S237,0.28152341314960627,0.3041937204069924,0.0906953252443779,0.13545815972469946,0.09634348229631258,0.09178589917801272,ANN
S238,0.19965773222406646,0.18982570203090382,0.17296259578621165,0.14423204160352598,0.1565127953636948,0.13680913299161346,1D-CNN
S239,0.1894212886362071,0.16765756839532459,0.17586883632456007,0.18359038694655272,0.1628993173537008,0.12056260234364242,1D-CNN
S240,0.1721582848465441,0.21186548934279634,0.1619844215215026,0.17218724460840962,0.17760115841899163,0.10420340126180302,ANN
S241,0.11091985979916796,0.14782918991814664,0.16553069070852244,0.20769716723349574,0.32892919223025574,0.03909390011040415,CNN-LSTM
S242,0.08083512931814921,0.2417904403977795,0.10505321525620198,0.3685282310445114,0.17178984933603136,0.032003134647314614,LSTM
S243,0.23125381696215386,0.2805841940095213,0.07699932247011865,0.20785434414503062,0.15321720969892447,0.05009111271421131,ANN
S244,0.45425864522429005,0.03709309526398094,0.02490075913748416,0.3063461865821226,0.13503315359361404,0.042368160198502064,1D-CNN
S245,0.1016105005238807,0.1512736848491966,0.045946041438477844,0.2671690183340798,0.2849645488881112,0.14903620596625275,CNN-LSTM
S246,0.21563089419342407,0.17805362824033438,0.06744940646039894,0.08869018195547378,0.30363538439202437,0.1465405047583085,CNN-LSTM
S247,0.16561070920295454,0.1667392107011983,0.13476409531032932,0.11283514752684685,0.2598302909892918,0.1602205462693781,CNN-LSTM
S248,0.15901588288069277,0.09450771113482158,0.178125041450316,0.21301972795457952,0.17657067422826006,0.17876096235130906,LSTM
S249,0.27987799113244366,0.16423669706362382,0.13862696354450216,0.18382844671111584,0.10055330118668689,0.13287660036156768,1D-CNN
S250,0.3575396814298731,0.10092452370641304,0.12376183543261579,0.16641572352780085,0.10855198289972619,0.14280625300353897,1D-CNN
S251,0.14171214864343196,0.16248722387449013,0.15728798338329408,0.21279786124405817,0.08890527297353971,0.23680950988120136,GRU
S252,0.12136452136328006,0.12095393330122785,0.25874898134521834,0.15077966916109584,0.10485792492169473,0.24329496990748195,BiLSTM
S253,0.13564082274139722,0.10672197401207002,0.2593871952045462,0.15497678159434125,0.16755364532225717,0.17571958112533578,BiLSTM
S254,0.12485426305894937,0.3345011374264119,0.21100084091314614,0.0794849546266401,0.20565440223449563,0.04450440174034529,ANN
S255,0.08081242971196327,0.38166605574746704,0.08671343513623217,0.23653186885095087,0.1646412546057809,0.04963495594760585,ANN
S256,0.15493920471425687,0.13693675338209382,0.09100978269599888,0.4517922459512304,0.12059255300781657,0.04472946024863807,LSTM
S257,0.2127134045895603,0.14501347378341592,0.08337896866677343,0.30389723811587854,0.1698922139044447,0.08510470093991229,LSTM
S258,0.18239718771730032,0.1703766568446326,0.10177266878160225,0.23396401974505532,0.14288989574942101,0.16859957116199897,LSTM
S259,0.044870787789154855,0.08383749548946393,0.3232862486072958,0.2361691595812366,0.1329756650728337,0.17886064345998642,BiLSTM
S260,0.19857071701350934,0.08475846539354787,0.27604684104811317,0.1411052484238554,0.1337182028014392,0.16580052531951028,BiLSTM
S261,0.08361585085083574,0.09945329002072664,0.07866710818526876,0.23780893537636327,0.43139870308207123,0.06905611248473426,CNN-LSTM
S262,0.25018615517871196,0.0645823709556765,0.040639400701370856,0.4295899419711572,0.10768458218581667,0.10731754900721326,LSTM
S263,0.21612250180347378,0.07903887190427236,0.09034857237905591,0.2190784814824241,0.13477334061158394,0.2606382318191621,GRU
S264,0.1702463131253146,0.19483979886782,0.12369541228327044,0.11400184163259779,0.18394528956438233,0.2132713445265746,GRU
S265,0.1347231060491048,0.07423988043468135,0.23981344504141525,0.1915377683489862,0.16812207871923526,0.19156372140657554,BiLSTM
S266,0.13806125727621765,0.12387007221181222,0.28781122493364336,0.18905573045613494,0.07408207832885327,0.1871196367933772,BiLSTM
S267,0.2563960873784384,0.14883882934616013,0.18922323969154123,0.14257044377640965,0.09963923749558701,0.16333216231192124,1D-CNN
S268,0.09859202949197467,0.07544814877452438,0.09995008508871986,0.2891976364377838,0.3315660838847675,0.10524601632224372,CNN-LSTM
S269,0.08078040668456135,0.041853423216586215,0.15579174575737958,0.19257508964108164,0.30655697308304647,0.2224423616173472,CNN-LSTM
S270,0.04752133481509957,0.16714211179026625,0.2561054113817954,0.1375864677376195,0.12915259219603675,0.26249208207919755,GRU
S271,0.09433254930988288,0.16250823722846874,0.3584979687376422,0.0983446123416503,0.0821359091251631,0.2041807232572312,BiLSTM
S272,0.12134709826865098,0.15909273692049397,0.34936856288194673,0.12345819400310969,0.12238354673600682,0.1243498611897974,BiLSTM
S273,0.1509674368271498,0.13133496624583335,0.17093388554983474,0.2807209126482196,0.10616075283839364,0.15988204589066365,LSTM
S274,0.16912965991668882,0.2020570784854389,0.1442553560916751,0.2327181382183254,0.12383735458205701,0.1280024127058131,LSTM
S275,0.15624935690902336,0.10992794321137528,0.14425800557928534,0.19155870339095232,0.26258551569997857,0.13542047520939426,CNN-LSTM
S276,0.10307313228992165,0.2010657747305888,0.17184122664872548,0.1549526199310669,0.2501857646093461,0.11888148179029433,CNN-LSTM
S277,0.14413644612903173,0.12149693730537779,0.24645579523793637,0.1402503270935956,0.20183990628100001,0.14582058795307434,BiLSTM
S278,0.19227697477915132,0.13264833352255342,0.17320032827730067,0.12368203804991905,0.2172040729188719,0.16098825245216442,CNN-LSTM
S279,0.17759474829305205,0.3684418234048622,0.08195428577872599,0.12742805528298412,0.16548888943593507,0.07909219780444969,ANN
S280,0.22609915698512645,0.192331109463924,0.0905266528913955,0.23054572606912224,0.09744611258770325,0.16305124200268106,LSTM
S281,0.1396797461605588,0.1814411495310277,0.17127881322712973,0.19243104463742916,0.11315512437264541,0.20201412207126332,GRU
S282,0.0914359001056114,0.14574024460378066,0.253417976186637,0.20712081871794008,0.12093718789596866,0.18134787249004683,BiLSTM
S283,0.12398998615108327,0.11650058186793062,0.3159299466209516,0.17323804731070017,0.13376300771106403,0.1365784303382702,BiLSTM
S284,0.12902463620465676,0.15180131970113686,0.26455331040163366,0.15641914070696153,0.16750097291666316,0.13070062006895639,BiLSTM
S285,0.019219173579608312,0.05113279640573625,0.1796703906848272,0.19331670055719646,0.4583026891312036,0.09835824964141798,CNN-LSTM
S286,0.03228816160119087,0.10899197228886912,0.15124865870791335,0.30280081822203736,0.3434479568398295,0.061222432340199744,CNN-LSTM
S287,0.37954824251803115,0.19750101200998663,0.08289809013928814,0.15892142532842146,0.12296352205534834,0.05816770794896621,1D-CNN
S288,0.3933721889688997,0.10898999653424966,0.06519288862463643,0.13423743139066519,0.1750058541277151,0.12320164035379598,1D-CNN
S289,0.1001437570848983,0.4073144315455914,0.056057683303789685,0.13592249280042007,0.1303179232297498,0.17024371203554292,ANN
S290,0.12941578323995157,0.14514034911172896,0.15867774104431537,0.2230575591157199,0.12556957445712866,0.21813899303115705,LSTM
S291,0.14028402582693347,0.0854299913262087,0.2667768845091904,0.23342801985966447,0.10622436164325887,0.1678567168347188,BiLSTM
S292,0.1539877388564435,0.2017477372259656,0.2489845186311311,0.17439616481418976,0.08242895060473351,0.13845488986760263,BiLSTM
S293,0.2509430470185816,0.17432181159587706,0.22360684249267326,0.11698273589524202,0.10538605697041185,0.12875950602718106,1D-CNN
S294,0.05663798851017317,0.20739165964144046,0.2230496924987262,0.2689975475359144,0.15493093588065449,0.08899217593308828,LSTM
S295,0.08201065430434287,0.08592879007544943,0.19804551577325416,0.44364811337757737,0.14755070752273786,0.042816218946625864,LSTM
S296,0.3151724532974986,0.14520169223721344,0.07399088156629063,0.2968606885208411,0.12743226369418012,0.041342020684039235,1D-CNN
S297,0.4321123735905649,0.10457231093471933,0.029208316891104945,0.30688226626115245,0.059935406894690256,0.06728932542781466,1D-CNN
S298,0.09939585841734953,0.2434660081663719,0.08271652433758717,0.12331960547907937,0.2967971756063448,0.15430482799326353,CNN-LSTM
S299,0.21201060600934712,0.11398936030139073,0.13034659214870262,0.12276208160164023,0.16443856645864208,0.2564527934802677,GRU
S300,0.15871161918632168,0.12140822834980604,0.2870460901570751,0.13840624191076906,0.12383274742145811,0.1705950729745571,BiLSTM
S301,0.1505340792626845,0.1144634822902884,0.2318414293744507,0.20314016707852467,0.11491761576664812,0.18510322622735692,BiLSTM
S302,0.27637664161804837,0.13112689400578206,0.14512836366846235,0.15751825160835095,0.10118348230837751,0.1886663667909768,1D-CNN
S303,0.14581731498738368,0.17487457795082822,0.14367218918632482,0.237069365213169,0.10809535618217818,0.1904711964801066,LSTM
S304,0.08521466875223928,0.07151294808119704,0.3336832324106211,0.17898178537853066,0.09327940944536833,0.23732795593212003,BiLSTM
S305,0.08988690746997575,0.08333901655488894,0.34562597170693987,0.13821366869118318,0.18610964502787655,0.15682479054915105,BiLSTM
S306,0.08573228813022293,0.14187759982761913,0.2639493490148489,0.1518362670431866,0.23527731975669797,0.12132717622742538,BiLSTM
S307,0.05030121158381568,0.1751441687120456,0.1443310328562272,0.35628688229955013,0.2207329151821294,0.053203789366286273,LSTM
S308,0.31871456267730575,0.1783483677068825,0.0818998516112769,0.17974809077157,0.20276758332049963,0.0385215439124542,1D-CNN
