Segment,1D-CNN,ANN,LSTM,CNN-LSTM,GRU,Selected
S1,0.17571728643772297,0.15008845786955227,0.2505561036226189,0.2344856709230442,0.18915248114706154,LSTM
S2,0.19182346754671614,0.18093699518188,0.2273220247375984,0.21986179876241868,0.18005571377138788,LSTM
S3,0.17247006206255483,0.20418578531293805,0.22987387293830225,0.25792577115661053,0.13554450852959432,CNN-LSTM
S4,0.19235305219025067,0.1980669373648918,0.18732161445383624,0.25544083123026556,0.16681756476075507,CNN-LSTM
S5,0.18928000281467303,0.16149011759711526,0.20979346163419557,0.25618148913520294,0.18325492881881444,CNN-LSTM
S6,0.21380064865190315,0.19996778033836107,0.20590934149487747,0.19977281715290676,0.18054941236195096,1D-CNN
S7,0.16388207209627043,0.20265901791564925,0.2586704260125075,0.23180842980487126,0.1429800541707029,LSTM
S8,0.1525602289568109,0.2117121675132467,0.24526897404464038,0.19352629555071105,0.1969323339345905,LSTM
S9,0.1646277169916459,0.16666722722449798,0.2361582290373108,0.22333793597360008,0.2092088907729464,LSTM
S10,0.20415853346089632,0.24909624241506023,0.19725385854930208,0.1926366747084965,0.15685469086624484,ANN
S11,0.18383293289045521,0.25025921103395876,0.2080789213222826,0.24565024440237704,0.1121786903509261,ANN
S12,0.16260450782781655,0.25169932203427403,0.2170077270601467,0.2737272627825832,0.09496118029517833,CNN-LSTM
S13,0.143666665203834,0.2327043114606607,0.25002706518143664,0.2793417257486836,0.09426023240538342,CNN-LSTM
S14,0.1697431938828795,0.3231565804080192,0.20934969813946175,0.19981523146763996,0.0979352961020006,ANN
S15,0.3259828608214339,0.2890407706147727,0.14983421974993819,0.1433057884881997,0.09183636032565588,1D-CNN
S16,0.2687902698271622,0.3227483751789069,0.1287049803445787,0.15386090561302204,0.12589546903632995,ANN
S17,0.20157024325305323,0.2387442642442793,0.15606157954919725,0.21301959035042972,0.19060432260304058,ANN
S18,0.19565852175116083,0.20694519511352588,0.16078234799821484,0.25278611053004846,0.1838278246070493,CNN-LSTM
S19,0.20169458478295152,0.19310349091265575,0.172287784442399,0.3116155254176081,0.12129861444438461,CNN-LSTM
S20,0.1467417256825533,0.14120355861836778,0.20465295885399212,0.42015287480381686,0.08724888204126958,CNN-LSTM
S21,0.21605888828015998,0.26059059705676857,0.1516071357979229,0.2759427405769611,0.09580063828818813,CNN-LSTM
S22,0.24427047384244868,0.2559493422946403,0.11886302863097535,0.2569622191355061,0.12395493609642984,CNN-LSTM
S23,0.1342042123061145,0.3021221685440937,0.12986632772511889,0.27632166423194837,0.15748562719272427,ANN
S24,0.19284723761506814,0.22679263302727096,0.2158927628845139,0.1485252241294327,0.21594214234371445,ANN
S25,0.199199823861783,0.17740845591146923,0.267240694683972,0.13193186225031273,0.22421916329246314,LSTM
S26,0.24726059302119133,0.16755382921546108,0.28021040591740276,0.11327256658692966,0.19170260525901542,LSTM
S27,0.1966151392927043,0.30724025440991665,0.2623570385099472,0.11620995841078724,0.1175776093766448,ANN
S28,0.260310240242739,0.22036420878043353,0.192524805846586,0.2378175526974133,0.08898319243282754,1D-CNN
S29,0.07294378169405841,0.05946629305213177,0.3568161231627322,0.48876688545079666,0.02200691664028043,CNN-LSTM
S30,0.10313584017173315,0.25086404767425774,0.3970237706802087,0.1832319844475971,0.0657443570262034,LSTM
S31,0.21483030653382085,0.1699818789024771,0.26995576124221643,0.1577164871277207,0.18751556619376494,LSTM
S32,0.15893504088456706,0.10718661589869481,0.2548318885864141,0.2141095915698292,0.2649368630604949,GRU
S33,0.13064384634392054,0.11134756540938635,0.2378649183693588,0.264300134211508,0.2558435356658259,CNN-LSTM
S34,0.17810918585949717,0.15526978120363985,0.21118174628596711,0.23000080226840872,0.225438484382487,CNN-LSTM
S35,0.1797314697811962,0.1881723643340075,0.20453177834324698,0.2191197277034474,0.20844465983810184,CNN-LSTM
S36,0.2404309201978551,0.2017919495387281,0.18892669126324552,0.20445854239150502,0.16439189660866585,1D-CNN
S37,0.2367309466762201,0.21568153657357864,0.18986688726799297,0.20305953360574364,0.15466109587646373,1D-CNN
S38,0.1983344950933491,0.22130290421527088,0.21840414212650772,0.1677919227919854,0.19416653577288606,ANN
S39,0.20067237517350686,0.20410472183981287,0.21060215812697713,0.17628400876171205,0.20833673609799094,LSTM
S40,0.20269327359760542,0.1820619502720473,0.20264298145677287,0.20460142064430986,0.20800037402926572,GRU
S41,0.19021293187759405,0.19022674391266073,0.20515265482965195,0.2106704642095303,0.20373720517056282,CNN-LSTM
S42,0.2024317804864641,0.1974326500241764,0.20036923275091512,0.20334585955901463,0.1964204771794309,CNN-LSTM
S43,0.19038432134051533,0.20253905048551096,0.21182258638945634,0.21612263801682086,0.17913140376769762,CNN-LSTM
S44,0.20689675308047495,0.2042236380099197,0.20493978533196647,0.21345257898097497,0.17048724459666412,CNN-LSTM
S45,0.21469346861321054,0.196534138288294,0.20119148742818033,0.20136937869832025,0.18621152697199464,1D-CNN
S46,0.19886200914902127,0.19868890830041258,0.20311939831111614,0.19227007941170293,0.2070596048277467,GRU
S47,0.18568428024625697,0.20045615498908928,0.2070691163639854,0.19173843686550784,0.21505201153516043,GRU
S48,0.19146758239262143,0.1647106576067673,0.2316764563699615,0.1934109138651496,0.21873438976550022,LSTM
S49,0.19625989750182532,0.17831831591598699,0.23991962927637564,0.18646019474391853,0.19904196256189316,LSTM
S50,0.15582950980564847,0.2199015672966192,0.21451893645010736,0.18899112016595254,0.2207588662816727,GRU
S51,0.01946663881683269,0.05011187229132506,0.575462811087708,0.29342487407991785,0.06153380372421635,LSTM
S52,0.20950290717411366,0.2179181660611674,0.28337967102274736,0.15022337526022808,0.13897588048174264,LSTM
S53,0.12322808628079047,0.206803536078917,0.2211478541452068,0.2145467029877229,0.23427382050736306,GRU
S54,0.40217257355316577,0.09260830704569649,0.1551947565908059,0.17501048700973726,0.17501387580059458,1D-CNN
S55,0.19974889340899332,0.1470530259742882,0.19454141008705697,0.24976365337205564,0.20889301715760672,CNN-LSTM
S56,0.2929466967123927,0.12624230353112756,0.17002252229325218,0.20223936734848266,0.2085491101147446,1D-CNN
S57,0.17980537049747328,0.0925818453533099,0.23512612671376246,0.22986476321876392,0.2626218942166905,GRU
S58,0.266448931962129,0.10507107391012706,0.22676955026202647,0.17263384931641415,0.22907659454930324,1D-CNN
S59,0.1676772704040001,0.17204535857929693,0.257418582588575,0.15887520624104023,0.24398358218708915,LSTM
S60,0.17347904006334444,0.25601668462904764,0.20719868052890755,0.12513620482378926,0.23816938995491072,ANN
S61,0.05542610742243072,0.15570906298277287,0.22804232269141778,0.18297782468995014,0.3778446822134278,GRU
S62,0.07176480257381876,0.21128044664167295,0.21708070525436554,0.26905694123819046,0.2308171042919523,CNN-LSTM
S63,0.22569155846923547,0.33073452771592,0.16054421170402625,0.17758678974332934,0.1054429123674887,ANN
S64,0.2583845365589165,0.2781535027992732,0.19413676760041398,0.17683643254625092,0.09248876049514487,ANN
S65,0.14868717004956164,0.2239451954459778,0.29607218786269407,0.22713892763132132,0.10415651901044602,LSTM
S66,0.1922549549664914,0.24420617188504706,0.27958431833231334,0.17883416930582952,0.1051203855103189,LSTM
S67,0.2751486214159557,0.23536722690482018,0.20137138655465803,0.15312207618024712,0.1349906889443201,1D-CNN
S68,0.28904966719387,0.23932258909300477,0.1596525190213637,0.1625988616316917,0.14937636306006932,1D-CNN
S69,0.22356984286141615,0.24243947877597827,0.1545079142724494,0.20593178739374812,0.17355097669640776,ANN
S70,0.18765897784669672,0.20444095055722059,0.16207771610808477,0.23924823717292173,0.20657411831507544,CNN-LSTM
S71,0.23219291056958638,0.1988451973323565,0.16001849655355965,0.22848758331116137,0.18045581223333604,1D-CNN
S72,0.20820578754888985,0.21027022371364285,0.16921814164227822,0.23911100019289824,0.1731948469022907,CNN-LSTM
S73,0.247446381937136,0.18842977291089502,0.1768264242605252,0.2153192572703625,0.17197816362108106,1D-CNN
S74,0.21010002061983268,0.2224723248143283,0.20223013065118486,0.17401251973153228,0.19118500418312204,ANN
S75,0.21378666419054296,0.2222514689398658,0.233554429714306,0.14014101913660768,0.19026641801867725,LSTM
S76,0.24726901229890558,0.19045394518795594,0.23217694766975183,0.13485749473402936,0.1952426001093575,1D-CNN
S77,0.22120339187313867,0.1727258681871702,0.23950778477020185,0.14686061686135793,0.21970233830813052,LSTM
S78,0.36660720227623383,0.20856753631731942,0.10193772868478614,0.06915418695690496,0.25373334576475437,1D-CNN
S79,0.224563691733807,0.247330624279383,0.1317113622690357,0.11466834801381383,0.28172597370395985,GRU
S80,0.22677391097189445,0.16953366474904552,0.15151211206795961,0.17557033264761115,0.2766099795634888,GRU
S81,0.1813409781732332,0.15873468338108299,0.1695696888034404,0.2177263257637995,0.27262832387844343,GRU
S82,0.21164493007517374,0.16953488896740967,0.17536038929869058,0.2056599471698159,0.2377998444889109,GRU
S83,0.23173020330810137,0.18472225979131723,0.18116552020170815,0.20242485757576315,0.1999571591231102,1D-CNN
S84,0.22054465115479271,0.16598426833426494,0.18980984990583216,0.2127158817158256,0.2109453488892835,1D-CNN
S85,0.16624958112727728,0.15236429418961417,0.2306651376837756,0.2167117713542154,0.23400921564511717,GRU
S86,0.20072890685691577,0.16524109665418768,0.22439904360187662,0.18420476703929284,0.22542618584772697,GRU
S87,0.21344691616336964,0.23843095018391064,0.1974924445355505,0.16444139921441442,0.18618828990275577,ANN
S88,0.18820137756367958,0.21978341680062902,0.209671545978952,0.17614329538940415,0.20620036426733512,ANN
S89,0.141031784262411,0.1696850630331229,0.24286092793332925,0.20588101728039482,0.2405412074907415,LSTM
S90,0.16828756301246262,0.21917849491031544,0.20724664480066568,0.19442129494829913,0.21086600232825622,ANN
S91,0.06694838264597111,0.15186810032187412,0.32981289580466905,0.30063872600554714,0.1507318952219386,LSTM
S92,0.17268167332526912,0.17529740479159325,0.29915385994423405,0.22452040285367958,0.12834665908522333,LSTM
S93,0.2752717508216644,0.23107044358771123,0.18222940193185225,0.1700796535707927,0.14134875008797873,1D-CNN
S94,0.2510647640557486,0.19071051601369543,0.180546009871305,0.19079414715292797,0.1868845629063231,1D-CNN
S95,0.2354159989545144,0.19355966855752785,0.18069795490755236,0.1929829859310068,0.1973433916493982,1D-CNN
S96,0.23128825354784166,0.21267175506292418,0.18349953593142057,0.17124894651011482,0.2012915089476985,1D-CNN
S97,0.19033277978628255,0.2100678136710181,0.20205453916000796,0.18220583370829413,0.21533903367439736,GRU
S98,0.20266928435036025,0.17213010671526097,0.24199563151797807,0.1702686448446527,0.21293633257174777,LSTM
S99,0.16604817134589825,0.19495716704388885,0.2490915409382015,0.16619016274000828,0.2237129579320028,LSTM
S100,0.1925512041444413,0.26058301121507343,0.19328734541919657,0.14278753813741563,0.21079090108387308,ANN
S101,0.056564884594171645,0.14408247519838588,0.27012484336931425,0.29290255277194843,0.2363252440661798,CNN-LSTM
S102,0.04768098172818108,0.12726534590362867,0.3157748212671456,0.3793848151382478,0.12989403596279675,CNN-LSTM
S103,0.07390979141355956,0.14424246182446887,0.44435319090036685,0.2659450363124834,0.07154951954912006,LSTM
S104,0.1525636276600004,0.23196154736687463,0.35885149903851044,0.16890201422830986,0.08772131170630551,LSTM
S105,0.311927559349585,0.4098335778606472,0.11574195204373865,0.07827684665365334,0.08422006409237555,ANN
S106,0.5277835284314055,0.26360653384391636,0.05966078691786347,0.06688659059432063,0.08206256021249403,1D-CNN
S107,0.16726707524400072,0.49370408711851854,0.07492137415258919,0.10885771517668841,0.15524974830820293,ANN
S108,0.31019227355826023,0.2761038053583764,0.08650950681110461,0.12843989645735812,0.1987545178148999,1D-CNN
S109,0.3078699035044382,0.28186760673538963,0.10221134147528967,0.1265671118641374,0.18148403642074493,1D-CNN
S110,0.12002580283727783,0.13610927198832662,0.19393442706833988,0.37578960018681834,0.17414089791923731,CNN-LSTM
S111,0.06042573415081654,0.12190675045867207,0.18044537192956184,0.4908967525332078,0.14632539092774263,CNN-LSTM
S112,0.04619051391311499,0.06176855548548454,0.18788464176690572,0.5713132585242175,0.1328430303102771,CNN-LSTM
S113,0.05315126903472849,0.08293629679545955,0.19158083385795824,0.5328185932993947,0.139513007012459,CNN-LSTM
S114,0.05421787386067188,0.1470086671063317,0.19491863914301177,0.4706876799937671,0.13316713989621756,CNN-LSTM
S115,0.21523801439007176,0.27377586776355384,0.18830636804387604,0.23086469140611104,0.09181505839638844,ANN
S116,0.304647348707859,0.342861658703374,0.13900685962598752,0.14955744718555802,0.063926685777221,ANN
S117,0.2438628557910427,0.3037013440683333,0.1917790638118752,0.19433000556107283,0.06632673076767609,ANN
S118,0.22050166591583448,0.27402719072432,0.22244082615656913,0.2154158039893291,0.0676145132139472,ANN
S119,0.17297579456417245,0.26825602888886724,0.23847415812371675,0.19289262124948736,0.12740139717375593,ANN
S120,0.2347241428525217,0.18345270437385924,0.20027735832913288,0.28484706966004475,0.0966987247844426,CNN-LSTM
S121,0.2018816391734258,0.17189231310655295,0.19000039243834707,0.3463356309408075,0.0898900243408664,CNN-LSTM
S122,0.1991350260892514,0.18213763866433375,0.24860031943185149,0.21858654515877096,0.1515404706557918,LSTM
S123,0.1787564699502116,0.15969850165729277,0.2512173538346465,0.1789039762420664,0.2314236983157829,LSTM
S124,0.14981959080955462,0.11262673882348881,0.23109864776129546,0.19300001567007197,0.31345500693558886,GRU
S125,0.1400338522170389,0.10740514322338687,0.24083613856449837,0.22644166175619362,0.28528320423888154,GRU
S126,0.11902708976111226,0.15137190837528594,0.26489350911131815,0.16954522252291881,0.29516227022936486,GRU
S127,0.23467443247285405,0.20923571951121225,0.1879522277447706,0.12428569430709877,0.24385192596406408,GRU
S128,0.22309635643801629,0.21662931873354838,0.2020009694078017,0.14087258287562238,0.21740077254501086,1D-CNN
S129,0.2429872041018402,0.2306905873405367,0.1961657675387061,0.15579811337643693,0.17435832764247958,1D-CNN
S130,0.21908669597107555,0.2250542736649717,0.21536690333122394,0.15114730659275086,0.18934482043997788,ANN
S131,0.21409239507965047,0.19982680057772595,0.24236937132048683,0.17352705240433178,0.1701843806178049,LSTM
S132,0.20196106520022603,0.17490405542210027,0.22701169233046067,0.23649333812591067,0.15962984892130105,CNN-LSTM
S133,0.17753668906890133,0.17384026605360595,0.21502633704094473,0.27829088914404176,0.15530581869250562,CNN-LSTM
S134,0.20851697509429049,0.18979258731406332,0.22089327949216678,0.2515196196510928,0.1292775384483864,CNN-LSTM
S135,0.19254002043490065,0.18880152314204593,0.25472553682144267,0.2702966914078405,0.09363622819377143,CNN-LSTM
S136,0.2414510276274641,0.17171061757112807,0.2365730647141961,0.2232336224464812,0.12703166764072987,1D-CNN
S137,0.13182600427792812,0.09601619220933995,0.23914154343337773,0.25852609144163036,0.27449016863772374,GRU
S138,0.08651817927704353,0.138760451827342,0.31283262472784384,0.18941984852702823,0.2724688956407424,LSTM
S139,0.19246021278724085,0.2073666548322455,0.21063891064584575,0.15245834947029727,0.23707587226437044,GRU
S140,0.18902927451542495,0.2267953452761287,0.2043349783669669,0.188163364423309,0.19167703741816947,ANN
S141,0.1576937197041818,0.2672393121382816,0.21753449979546913,0.18441140656093807,0.173121061801129,ANN
S142,0.1486083792079186,0.28208798487141495,0.22578715159352292,0.22232661821268992,0.12118986611445398,ANN
S143,0.1560882948802677,0.21195076389188963,0.289560009422545,0.2546830536174531,0.08771787818784488,LSTM
S144,0.20958971263793832,0.2173080169902739,0.2532729958055962,0.21677288519745655,0.10305638936873414,LSTM
S145,0.20815454258278276,0.20471199058259792,0.2175850156538557,0.2323514891126541,0.13719696206810875,CNN-LSTM
S146,0.21045569423985797,0.22485346498603523,0.19711569869202922,0.2573019046660935,0.11027323741598397,CNN-LSTM
S147,0.20716092148047877,0.3424237773678224,0.1596534094957175,0.20666301174826396,0.0840988799077173,ANN
S148,0.27318988876152617,0.23295921389212682,0.18896117590108127,0.22960008149005026,0.07528963995521662,1D-CNN
S149,0.277388475901094,0.3159844609400312,0.1272014084904638,0.18584163735721898,0.09358401731119123,ANN
S150,0.3003043237797124,0.26566380381550175,0.1186547547337766,0.18557757102982503,0.12979954664118382,1D-CNN
S151,0.21543365070030224,0.2040942978144704,0.14135658853553304,0.2104742739368337,0.22864118901286065,GRU
S152,0.1407339634059452,0.1586450679651354,0.2976918912513194,0.15416921307825396,0.24875986429934616,LSTM
S153,0.10318461820211529,0.3017830339309964,0.2734586595055952,0.15561514056441336,0.1659585477968799,ANN
S154,0.20023958132449163,0.21145140284167557,0.267853638984333,0.16043589736827707,0.16001947948122291,LSTM
S155,0.24448420928036635,0.18257975366873652,0.23055520770141813,0.1755116146684196,0.16686921468106086,1D-CNN
S156,0.21047454341213195,0.1866067971127235,0.21298488777948876,0.21345244752437348,0.17648132417128118,CNN-LSTM
S157,0.23196079347852977,0.14574494162323745,0.1958016793452201,0.24850912431216304,0.17798346124084985,CNN-LSTM
S158,0.1980438066106076,0.22869794720214767,0.17849674837310212,0.24008201296284623,0.15467948485129646,CNN-LSTM
S159,0.209519924988974,0.24206480287732174,0.20395977978442129,0.19230342973216624,0.15215206261711706,ANN
S160,0.1976743083531753,0.18782907545196878,0.23347430807215305,0.1754621912003195,0.2055601169223825,LSTM
S161,0.145612045118869,0.11308806437453992,0.24843822460223874,0.1915136341340643,0.3013480317702874,GRU
S162,0.0925243552576791,0.12056264950978682,0.2721314430379303,0.18861074616841678,0.3261708060261871,GRU
S163,0.13090769764671703,0.14948605371278376,0.25545048866925385,0.16471274670556513,0.2994430132656802,GRU
S164,0.2296376325121532,0.1695760716199904,0.18962764244690639,0.12423404556938022,0.2869246078515692,GRU
S165,0.23241713675315623,0.2195660116162464,0.16484979970212868,0.15849766481260638,0.2246693871158623,1D-CNN
S166,0.2082901263321828,0.1811487142476584,0.2090915241045398,0.2746044030320304,0.12686523228358826,CNN-LSTM
S167,0.2265649604642961,0.1581420889889882,0.2556674076201577,0.20639395940801186,0.1532315835185457,LSTM
S168,0.16080247210255758,0.15554308412372925,0.2258637406011939,0.1911352957050785,0.26665540746744043,GRU
S169,0.13264200204362167,0.10539353474542676,0.22688645185911435,0.1891807184508839,0.3458972929009543,GRU
S170,0.11159416789660373,0.0975170400194095,0.2972052089762075,0.2024388785372192,0.29124470457055956,LSTM
S171,0.16887386400974072,0.10921648389215526,0.2218851171058057,0.1367358466717916,0.3632886883205068,GRU
S172,0.17137335957579908,0.10210965931121584,0.14210919538143799,0.13854393447923724,0.44586385125230954,GRU
S173,0.14813421385329448,0.1093872530486743,0.17632755486288298,0.2421220629612995,0.3240289152738476,GRU
S174,0.14890907243472257,0.15761967026707924,0.20236832079502726,0.24650020996574648,0.24460272653742568,CNN-LSTM
S175,0.1729146065175188,0.1774442435109288,0.20575717021289922,0.18398035002766983,0.25990362973098297,GRU
S176,0.1544519430783215,0.2738435035833993,0.20037510548954782,0.15596193169945527,0.2153675161492772,ANN
S177,0.18987531292204313,0.22576427254979092,0.21747888655637546,0.1753461287670516,0.19153539920473825,ANN
S178,0.14497266318111426,0.14393129685477782,0.24923782928330077,0.21142319162426396,0.2504350190565429,GRU
S179,0.20556753683688336,0.2732326337441069,0.20622729667013703,0.15707054963761996,0.15790198311125228,ANN
S180,0.22081317775654843,0.37415252981372554,0.17572972202196188,0.13370232178508054,0.09560224862268266,ANN
S181,0.25162556199045694,0.2949345796726254,0.20406371665412518,0.1642722087770055,0.08510393290578783,ANN
S182,0.16580587968460198,0.24490818854522053,0.25937055195400815,0.2194651664051894,0.11045021341098091,LSTM
S183,0.17966774064792845,0.21637768386237657,0.2559535653306408,0.23414361136035866,0.11385739879869552,LSTM
S184,0.1970583862204959,0.3510605028975802,0.1900394247888149,0.15777720091205039,0.1040644851810586,ANN
S185,0.34701210731132814,0.2986510852019104,0.13049243653582063,0.12562598531666871,0.0982183856342728,1D-CNN
S186,0.3007719150220422,0.2806697915989524,0.11723789622432622,0.12303770789902331,0.17828268925565607,1D-CNN
S187,0.19665620107459353,0.26065099292235083,0.15201092328524488,0.19673274482403436,0.19394913789377577,ANN
S188,0.20141670568672068,0.30634508097090585,0.1535483923286304,0.19909930416687915,0.13959051684686408,ANN
S189,0.1710758259960612,0.19433744529511318,0.17794465569720783,0.3370956722879555,0.11954640072366199,CNN-LSTM
S190,0.14281773586361932,0.238756864226153,0.14982402726893504,0.3333591230907576,0.13524224955053415,CNN-LSTM
S191,0.173855286499338,0.15041676867345372,0.18449294868795735,0.3386297234470017,0.15260527269224952,CNN-LSTM
S192,0.15151351342310002,0.21206809691101272,0.18255013995558708,0.30650015628080063,0.14736809342949947,CNN-LSTM
S193,0.15909516065842302,0.24606113622547685,0.19844891088420338,0.2687966504019306,0.12759814182996598,CNN-LSTM
S194,0.17391093853187944,0.2681294077848333,0.18543444126818454,0.2412552198202831,0.13126999259481928,ANN
S195,0.18432365197965114,0.1950021877809924,0.22710221840395994,0.2017255556240801,0.1918463862113162,LSTM
S196,0.2023226625046475,0.2589751124592055,0.21003948839759093,0.1616847443563581,0.16697799228219767,ANN
S197,0.2416031070904893,0.27928163829561153,0.1946554939743671,0.14772303092696273,0.1367367297125704,ANN
S198,0.22588030654288713,0.2464644313910897,0.1901901367147139,0.2301776997989956,0.10728742555231362,ANN
S199,0.11426326514183383,0.198346284744573,0.2359438496267955,0.36610264438975393,0.08534395609704368,CNN-LSTM
S200,0.18372029309764729,0.211885593502226,0.23776917904141762,0.2857867586458719,0.08083817571283725,CNN-LSTM
S201,0.2563683054780819,0.29447201794674593,0.18042332570532538,0.19603736905026584,0.07269898181958134,ANN
S202,0.2762865065348457,0.29442163294602747,0.16327211798269464,0.17464971156924133,0.09137003096719101,ANN
S203,0.25384144044996204,0.3252343899273565,0.1407387152017798,0.17390556952118508,0.10627988489971618,ANN
S204,0.28662596477552055,0.2585957793567093,0.13746505865189743,0.20047561700848174,0.11683758020739052,1D-CNN
S205,0.2506550847087012,0.29304425354944674,0.13253734513823953,0.206264310131389,0.11749900647222389,ANN
S206,0.22148079044533073,0.2797211729186044,0.14519622551904535,0.2011594219844872,0.1524423891325323,ANN
S207,0.2444922868477472,0.24349440825630705,0.15768764122829868,0.2153313678169731,0.13899429585067524,1D-CNN
S208,0.21916063332366015,0.2132110489065862,0.17412141189845723,0.27764756044148053,0.11585934542981494,CNN-LSTM
S209,0.1196477551021688,0.16888132245206328,0.23391346821345332,0.3840663718565666,0.0934910823757481,CNN-LSTM
S210,0.16862634330080495,0.2690274714319816,0.21132872021407167,0.23849549159036953,0.1125219734627721,ANN
S211,0.21417007091999793,0.24591663368291694,0.1767118377491189,0.19304419363217656,0.17015726401578968,ANN
S212,0.17370543582299816,0.1721443193677544,0.22872210278533736,0.2235631387495732,0.20186500327433793,LSTM
S213,0.20333063307965896,0.1766563625674144,0.22238284365412794,0.24119272116848162,0.15643743953031747,CNN-LSTM
S214,0.20045058142943958,0.23927153183620153,0.18346617563594403,0.29045538081117334,0.08635633028724236,CNN-LSTM
S215,0.1171288773523586,0.20649068575004742,0.24470158809161083,0.3720589105632218,0.05961993824276154,CNN-LSTM
S216,0.2332810532053712,0.3658770855549297,0.15055029910920403,0.19230764613370052,0.05798391599679384,ANN
S217,0.26794808830982625,0.23983674305848005,0.17677180498965367,0.21849774731925828,0.0969456163227811,1D-CNN
S218,0.14639700350638019,0.40597522797896635,0.16897549406316723,0.18944914017717612,0.08920313427430997,ANN
S219,0.1472201147852363,0.27772248299171903,0.20175939637830306,0.2858545696803316,0.08744343616440937,CNN-LSTM
S220,0.14112222002315472,0.30366941141095505,0.20995419894302614,0.2646657993214205,0.08058837030144342,ANN
S221,0.24403936732695,0.34182942438804553,0.1416496275927141,0.21208656783508473,0.060395012857205076,ANN
S222,0.253059990913953,0.34562423874099946,0.14465117286026527,0.20553521053927593,0.051129386945505576,ANN
S223,0.25736089727448686,0.2820941077945043,0.15424338093789283,0.25514473478542454,0.05115687920769141,ANN
S224,0.2250899401201039,0.19269011736456795,0.2002637935182718,0.32053605648519445,0.06142009251186182,CNN-LSTM
S225,0.1796520776289578,0.3371695917893481,0.1548878366283248,0.2550496432010483,0.0732408507523203,ANN
S226,0.24324384593568527,0.37101744807752524,0.09269237203630223,0.22199296149541503,0.07105337245507327,ANN
S227,0.4184618863434717,0.30026831839943474,0.07883339751771822,0.14641886227558001,0.056017535463795634,1D-CNN
S228,0.347368777677059,0.34134227582968263,0.08748896570465928,0.16337497102062787,0.06042500976797119,1D-CNN
S229,0.21322004652451476,0.2931577354056806,0.1916432527619546,0.18939837141200713,0.1125805938958425,ANN
S230,0.23064096955464447,0.2711244630096688,0.17521970951849278,0.21680019123485117,0.10621466668234296,ANN
S231,0.2467516733769579,0.21337231298888693,0.16828805147393058,0.2540621171178009,0.11752584504242294,CNN-LSTM
S232,0.2166655976690308,0.21506475227559954,0.2121084865015296,0.23039218627164695,0.12576897728219397,CNN-LSTM
S233,0.21069554153073844,0.22386273453653735,0.17331138038106156,0.25631980102909174,0.1358105425225706,CNN-LSTM
S234,0.22431079047355473,0.17748331585719201,0.16979481880173958,0.3212242324434259,0.10718684242408884,CNN-LSTM
S235,0.20213842305746837,0.2580538279816167,0.16272052432333298,0.2806946980996782,0.09639252653790267,CNN-LSTM
S236,0.26990818349877355,0.2386283622777843,0.16796636658570588,0.21022047434121935,0.11327661329651696,1D-CNN
S237,0.2645374589819692,0.2677699325406673,0.17865987526093718,0.17277519512892112,0.11625753808750472,ANN
S238,0.23362834233377455,0.2167525404055661,0.18906028420657173,0.19807907163645455,0.16247976141763407,1D-CNN
S239,0.21119039772125597,0.21287094626941652,0.21362163856057134,0.19950631313282238,0.16281070431593334,LSTM
S240,0.2112815002467834,0.2274148058905132,0.20820459891059137,0.19941081147056164,0.15368828348155042,ANN
S241,0.1220506647458391,0.17211974770184452,0.26815887167637426,0.3576615159829448,0.08000919989299736,CNN-LSTM
S242,0.15304684147622352,0.24938399195684577,0.2790293397696963,0.24599675558140002,0.07254307121583423,LSTM
S243,0.2438628900165573,0.2568595377203501,0.20110131557522823,0.1995643708343642,0.09861188585350031,ANN
S244,0.30860115231101726,0.15061628650903933,0.2214742729281633,0.21766843439835373,0.10163985385342596,1D-CNN
S245,0.17188617304524145,0.22278150620034193,0.21349211894750716,0.24964689521252093,0.14219330659438956,CNN-LSTM
S246,0.23164957662472924,0.2066749402712992,0.15365700072158997,0.23627519124587382,0.17174329113650785,CNN-LSTM
S247,0.19921603483341055,0.19243098958582658,0.17511734598258372,0.2368297460931871,0.19640588350499175,CNN-LSTM
S248,0.2032456061902613,0.1419278858438777,0.23622071322525412,0.1992363719466075,0.21936942279399957,LSTM
S249,0.22847909969933783,0.19799601796058786,0.2186153323116789,0.1585940806665532,0.19631546936184344,1D-CNN
S250,0.2500405117741019,0.17506898709334529,0.21191504503761108,0.16165780576817884,0.20131765032676255,1D-CNN
S251,0.1853792014054178,0.203726990064772,0.22514894945094163,0.14715666505831906,0.23858819402054932,GRU
S252,0.18266980700487018,0.1813463026939853,0.2133514418359722,0.16408633934504646,0.2585461091201251,GRU
S253,0.1910322603697727,0.17997954502650673,0.2113716402543632,0.19066835407203173,0.22694820027732499,GRU
S254,0.1857011948918362,0.2681761095409346,0.18523299142235916,0.23586348484101985,0.1250262193038501,ANN
S255,0.144810722236773,0.2702196106861402,0.2543374600938313,0.228502733804947,0.10212947317830826,ANN
S256,0.2061421853730464,0.20245230360961589,0.29625543470317056,0.20059114529644684,0.09455893101772055,LSTM
S257,0.2355370918901385,0.20661670303171736,0.23885867409136632,0.20058134628283875,0.11840618470393935,LSTM
S258,0.19058915998133183,0.15952202403088814,0.22534859557899306,0.21409483594480272,0.21044538446398536,LSTM
S259,0.09703683227116994,0.12472307443932418,0.3089489563435898,0.21369568941712458,0.25559544752879165,LSTM
S260,0.23125992806940268,0.16437097309223492,0.21119040713113513,0.1690698391545867,0.22410885255264068,1D-CNN
S261,0.1728252989025104,0.1753462959346013,0.2345423557459218,0.2702633307874406,0.14702271862952598,CNN-LSTM
S262,0.2227442659407654,0.15092587691226714,0.249289434144598,0.1868761732947318,0.19016424970763707,LSTM
S263,0.19779684918774487,0.15475949397331615,0.22471984614351687,0.1899141560127826,0.2328096546826399,GRU
S264,0.21172581440789406,0.18179347734164425,0.1846761403907538,0.18877974172065992,0.23302482613904785,GRU
S265,0.17341909141390896,0.15936685891464308,0.23506689310823964,0.1779377059411795,0.25420945062202904,GRU
S266,0.19341706120965227,0.17816694879648268,0.2326036903761843,0.13369786610927906,0.2621144335084014,GRU
S267,0.2806237961648693,0.18124776476088794,0.1595323031820475,0.12017096062490096,0.2584251752672939,1D-CNN
S268,0.1772035829756043,0.15225559084725157,0.21997672620506564,0.2351798300221465,0.21538426994993323,CNN-LSTM
S269,0.12999954654977375,0.11135966715120088,0.2276514727680006,0.25844916015528513,0.27254015337573995,GRU
S270,0.10687981476284125,0.199319619853924,0.22209281058393227,0.20471871960647536,0.26698903519282813,GRU
S271,0.18616896860747567,0.225227239051119,0.201665157531686,0.17825705717584536,0.2086815776338736,ANN
S272,0.1956590760866016,0.2041192502778567,0.20512129283636982,0.1940313063369807,0.20106907446219108,LSTM
S273,0.19672355561694804,0.1804739739477045,0.21793398514011977,0.17998230674579396,0.22488617854943374,GRU
S274,0.20835719929591504,0.2059469571469595,0.20352143035903425,0.18592857555234316,0.1962458376457493,1D-CNN
S275,0.19944407979676151,0.1680681782420647,0.21216045022725905,0.22489363434332946,0.19543365739058485,CNN-LSTM
S276,0.16383902083416516,0.18525363457453028,0.2103101548965191,0.22852933845071116,0.21206785124407385,CNN-LSTM
S277,0.18039660645178057,0.1943595396240197,0.20460065883368908,0.21346774742313607,0.20717544766737425,CNN-LSTM
S278,0.1679132010271853,0.19491331713520355,0.21498536871427282,0.23395136757563814,0.18823674554769906,CNN-LSTM
S279,0.1904495607252565,0.24531345370383875,0.20898820962340342,0.20937630898120937,0.14587246696629186,ANN
S280,0.2327478783595057,0.22585619692862277,0.20121629765819266,0.17795027846534417,0.1622293485883342,1D-CNN
S281,0.18931625183836823,0.204341575113318,0.20829605579085805,0.183859315102321,0.21418680215513455,GRU
S282,0.1559054798967725,0.1898273334071661,0.2389705268403286,0.1905985162356443,0.22469814362008667,LSTM
S283,0.19149554925900508,0.19300371195763788,0.2207799798960028,0.18386923181743522,0.21085152706991847,LSTM
S284,0.19241075606383393,0.19928996479407915,0.20764371988624872,0.1906669318807979,0.20998862737504218,GRU
S285,0.053675149439046124,0.13499523136448827,0.30105979231128305,0.34719718523867243,0.16307264164651022,CNN-LSTM
S286,0.07420596328655063,0.17361228689210842,0.3509821522742883,0.2928157368083989,0.10838386073865378,LSTM
S287,0.27988391260828727,0.22351538953330582,0.21450425555244657,0.16707612770706298,0.11502031459889733,1D-CNN
S288,0.28721036167749825,0.1843914422280293,0.1866643965015367,0.1827352326764146,0.15899856691652126,1D-CNN
S289,0.15386747300588413,0.2788778870445783,0.17247349855547991,0.18802790856573479,0.20675323282832278,ANN
S290,0.17506880636021466,0.18801766755575539,0.22587013187810406,0.18432846402898304,0.22671493017694214,GRU
S291,0.19112713407747425,0.12870337573774682,0.2968581804593946,0.169160259289492,0.2141510504358923,LSTM
S292,0.2079752943709872,0.2012028722395084,0.24833831438937842,0.13458974729867054,0.20789377170145545,LSTM
S293,0.2117343972846204,0.21913315185293447,0.1941512929125196,0.15400953554787133,0.22097162240205356,GRU
S294,0.10292242391513273,0.19380472977810437,0.30070218823190203,0.25276966592566247,0.14980099214919812,LSTM
S295,0.1023489899743025,0.1358982985779239,0.37321303564223246,0.2705545328119236,0.11798514299361688,LSTM
S296,0.16592550660278593,0.19024516077563458,0.2871612735972141,0.228239295230502,0.12842876379386342,LSTM
S297,0.3172987409878428,0.17670809053243222,0.18422384665538222,0.1597283914708812,0.16204093035346176,1D-CNN
S298,0.15962251633225627,0.16230349568456365,0.20956351577065668,0.24323058389128552,0.2252798883212368,CNN-LSTM
S299,0.21020778936761245,0.1766384099330688,0.19711903191004115,0.20387737442593004,0.2121573943633473,GRU
S300,0.20687650883628694,0.1579436424038834,0.21640943992279302,0.19489159261992267,0.2238788162171141,GRU
S301,0.18064600528222785,0.15990861291680403,0.24377353631708254,0.17877103784428283,0.236900807639602,LSTM
S302,0.23123611170507807,0.18281068958003552,0.20814930524570324,0.16047949820506693,0.2173243952641173,1D-CNN
S303,0.19532545337697116,0.20452339634862246,0.226277853223713,0.17566615376821457,0.198207143282479,LSTM
S304,0.1621089653818091,0.17711808219675618,0.23721730573271385,0.19280318401746915,0.23075246267125182,LSTM
S305,0.15420568888187186,0.15575815496987003,0.22230839492111149,0.2281241817349588,0.23960357949218775,GRU
S306,0.15464656555585016,0.19505079263916958,0.2307385497222701,0.254555616322185,0.16500847576052433,CNN-LSTM
S307,0.10195857453449404,0.21673555436918468,0.30917720078027316,0.271853897763147,0.1002747725529007,LSTM
S308,0.26500296317616834,0.21543051482550968,0.2365946438711036,0.20097749674801335,0.08199438137920532,1D-CNN
S309,0.34269739252506365,0.16852264142600548,0.22804706513608983,0.1831613699382223,0.07757153097461808,1D-CNN
S310,0.22577412882319126,0.2657675523104009,0.16112897626145556,0.17516235593013427,0.17216698667481908,ANN
S311,0.04105236470284885,0.08504157299769034,0.3596549963627995,0.20449968693811016,0.30975137899855104,LSTM
S312,0.15181920588131484,0.25178046702009493,0.20662355558572038,0.1337646236090546,0.2560121479038162,GRU
S313,0.16611888436516434,0.18626517125544903,0.251409115706424,0.16907157208391635,0.22713525658904563,LSTM
S314,0.14145780835618033,0.21439727249477294,0.24951596720506972,0.1745934657184735,0.22003548622550337,LSTM
S315,0.18222903781694275,0.22169359901430635,0.23346495406381207,0.20444373426274287,0.15816867484219602,LSTM
S316,0.08951335558790433,0.19821939247590728,0.3249703490800244,0.2740717089134022,0.11322519394276138,LSTM
S317,0.07225528006365624,0.15224542047549666,0.28167179491470673,0.3210620758720003,0.17276542867413971,CNN-LSTM
S318,0.1213907843564777,0.16637764205917935,0.28829970570599106,0.2897645067617423,0.13416736111660926,CNN-LSTM
S319,0.06478828401284682,0.19496822311785825,0.3614945329752381,0.2952493907017438,0.08349956919231286,LSTM
S320,0.2071504778885051,0.23872849448652517,0.2541590654711598,0.2288088385433266,0.07115312361048358,LSTM
S321,0.20138194730533926,0.1440670071799483,0.25541339248833067,0.25828197544331855,0.14085567758306314,CNN-LSTM
S322,0.16113342643924383,0.15521480481987554,0.19452900627998268,0.3433166659210027,0.1458060965398945,CNN-LSTM
S323,0.23169765717950488,0.13871798776165536,0.18729341970982394,0.2810669753903033,0.16122395995871378,CNN-LSTM
S324,0.17545571850506314,0.16580448846638138,0.1774120823774895,0.27497248081446257,0.2063552298366028,CNN-LSTM
S325,0.20208033450058316,0.1667596167784104,0.18737587193327498,0.231372363695717,0.21241181309201448,CNN-LSTM
S326,0.20821350718165166,0.17851550533067714,0.20166275792413138,0.1884997860944901,0.2231084434690494,GRU
S327,0.16407083692495045,0.16217537213577035,0.259700278084286,0.15066962155721192,0.26338389129778106,GRU
S328,0.17634682012411898,0.20144781404363085,0.22338376624320347,0.13771777788674694,0.2611038217023,GRU
S329,0.2190077149122475,0.1826390380724422,0.20692432495396798,0.14535282156924528,0.24607610049209774,GRU
S330,0.21646328286590338,0.174512232354532,0.19861545387178822,0.15004575012900337,0.2603632807787728,GRU
S331,0.22116887746807606,0.17818274577149204,0.18483017999222087,0.1518518456044459,0.26396635116376604,GRU
S332,0.19610538927058732,0.18681815509016933,0.18267828119261575,0.20938058673714977,0.22501758770947888,GRU
S333,0.204966922494064,0.19286818225576186,0.2011729303569372,0.26388559398550854,0.13710637090772831,CNN-LSTM
S334,0.21359887099987857,0.18105129918286195,0.21805174779055597,0.2347267524441975,0.15257132958250585,CNN-LSTM
S335,0.1909291317470252,0.19289306967660713,0.22818972746651825,0.21682077605324282,0.17116729505660663,LSTM
S336,0.21352677575964285,0.18056922697320274,0.21059383225957268,0.21204377326936535,0.1832663917382165,1D-CNN
S337,0.10142532014393893,0.07563956338269837,0.3111881507635547,0.24081298186996655,0.27093398383984174,LSTM
S338,0.060159779011756835,0.08822000978004059,0.4375250001677067,0.16491492240955974,0.24918028863093616,LSTM
S339,0.3025388271922328,0.24791559346251105,0.1416318382396947,0.06563268791893176,0.2422810531866285,1D-CNN
S340,0.1995181512477601,0.20385760204426928,0.24587312980789905,0.21329992145693788,0.1374511954431346,LSTM
S341,0.11715090986461257,0.18569962446750315,0.25296771642084576,0.3310389980868623,0.11314275116017579,CNN-LSTM
S342,0.14359823515064224,0.1697337794115621,0.27148174638793365,0.2539147641916676,0.16127147485819418,LSTM
S343,0.12953540058260915,0.2359331592719465,0.28973663521464754,0.23299440984888495,0.1118003950819127,LSTM
S344,0.1855255250721841,0.19311923458502497,0.2635654107596641,0.20862588147465083,0.1491639481084746,LSTM
S345,0.20311233539355683,0.2094655566237171,0.21188711231034027,0.22332905556904858,0.1522059401033372,CNN-LSTM
S346,0.19888790356450908,0.16461829088283658,0.2345603887861954,0.23184058208813083,0.17009283467832945,LSTM
S347,0.16211448989715493,0.18097543379328396,0.24258787788701766,0.22787306398776738,0.18644913443477698,LSTM
S348,0.17874623482913868,0.18921698171807871,0.1943991842423078,0.23672597185007405,0.20091162736040094,CNN-LSTM
S349,0.19847772166291902,0.20258405150552472,0.1982505257798928,0.2115780558104128,0.18910964524125176,CNN-LSTM
S350,0.20336368676768196,0.20585254361684407,0.21589484097298733,0.18921239935577566,0.18567652928671072,LSTM
S351,0.2260903631617932,0.208131377546138,0.19913263260883593,0.17621821145865127,0.19042741522458262,1D-CNN
S352,0.2122567960423704,0.18871957353017477,0.19711264583489527,0.19678970036334953,0.20512128422920953,1D-CNN
S353,0.18669428523736417,0.16112147583386888,0.22565172735876426,0.21009882436407126,0.21643368720593145,LSTM
S354,0.17581332274439324,0.17301720069677337,0.22548313961788566,0.19182716660773694,0.2338591703332103,GRU
S355,0.21136598361896017,0.17803974672754497,0.1923304805390109,0.17487232692159843,0.24339146219288593,GRU
S356,0.2282331504158708,0.18472105899096725,0.17124329230260138,0.17663944111271915,0.239163057177841,GRU
S357,0.23754293079337455,0.16498107663195727,0.17338924600129366,0.18256822779276763,0.24151851878060684,GRU
S358,0.1780080736699231,0.17741771507718615,0.18806352870035703,0.19019756479765587,0.2663131177548777,GRU
S359,0.2181586907126543,0.17785078828337458,0.17810785356274939,0.17769461659064179,0.2481880508505796,GRU
S360,0.17633435077991938,0.12671833486198678,0.22483221498772474,0.2119135117031194,0.26020158766724955,GRU
S361,0.09891162095254367,0.17090226631690417,0.2697413599738941,0.21055022206191804,0.24989453069474019,LSTM
S362,0.2389124367721884,0.2685290441970178,0.12729392274997262,0.11577285854272878,0.24949173773809233,ANN
S363,0.12392141863044716,0.3695558514824175,0.1599127342172947,0.19230135010177296,0.15430864556806786,ANN
S364,0.10701781129513085,0.4109258198147778,0.21912988501981132,0.1749005248823747,0.08802595898790487,ANN
S365,0.17367391939765256,0.24013848078507863,0.3238929045587998,0.16767219397939412,0.09462250127907584,LSTM
S366,0.08620674411194833,0.28350365591148,0.31926673577765974,0.1734739474664927,0.13754891673241906,LSTM
S367,0.23012989511639284,0.2784255002642208,0.22273631090405022,0.14025951350956792,0.12844878020576922,ANN
