Segment,1D-CNN,ANN,BiLSTM,LSTM,Selected
S1,0.3209834630434138,0.26000169746811336,0.28333858312153914,0.13567625636693384,1D-CNN
S2,0.2965870544461015,0.2944296625854303,0.2705596033109471,0.13842367965752103,1D-CNN
S3,0.2820976393492046,0.30837920180254674,0.2697670550311655,0.13975610381708323,ANN
S4,0.25375453371545753,0.29361879683202735,0.3674427361437949,0.08518393330872004,BiLSTM
S5,0.3001922022834749,0.25328757120307244,0.34463295790731563,0.10188726860613763,BiLSTM
S6,0.3332937409256769,0.2926454146221382,0.26952671391662936,0.10453413053555562,1D-CNN
S7,0.31778932865610254,0.3420381919531803,0.23447757049086812,0.10569490889984934,ANN
S8,0.2689291375692481,0.2823843081484394,0.3357806879739849,0.1129058663083277,BiLSTM
S9,0.28662309474597236,0.28576609291686933,0.3282588351663694,0.0993519771707887,BiLSTM
S10,0.2680279322081202,0.3475991939704871,0.2962048634277653,0.0881680103936271,ANN
S11,0.2618507628717743,0.33264440317086624,0.3627101241781186,0.04279470977924055,BiLSTM
S12,0.2090426408114751,0.3945531229229299,0.3593170155853319,0.037087220680263114,ANN
S13,0.2047611149584496,0.4335988328495346,0.297742918446314,0.06389713374570165,ANN
S14,0.32518919453477996,0.3526093450145161,0.22215443533970866,0.1000470251109951,ANN
S15,0.3798440407903379,0.2786229409288891,0.23643169198097705,0.1051013262997956,1D-CNN
S16,0.3229685796988793,0.3219872759778148,0.27143755923579943,0.08360658508750642,1D-CNN
S17,0.26400481414147625,0.270565766683898,0.36458195268248966,0.10084746649213591,BiLSTM
S18,0.27215817392273084,0.28199102714031826,0.35238016976581055,0.09347062917114028,BiLSTM
S19,0.2974382897735928,0.27968024839917616,0.3058286218181373,0.1170528400090936,BiLSTM
S20,0.27311627403463556,0.23019131293566988,0.3391368121800485,0.157555600849646,BiLSTM
S21,0.3577690887717926,0.34307453754663053,0.2077039188502474,0.09145245483132909,1D-CNN
S22,0.3456051184658307,0.38415227759122783,0.19195206427305617,0.07829053966988532,ANN
S23,0.2703527054347727,0.4149376729023358,0.22805406077243076,0.08665556089046075,ANN
S24,0.3050204709422557,0.31438690953545917,0.26844992314618454,0.11214269637610057,ANN
S25,0.2806519390294954,0.3141924590834263,0.3118375922758157,0.09331800961126253,ANN
S26,0.2781070639627705,0.29164814302781994,0.31690877185737815,0.11333602115203147,BiLSTM
S27,0.18584259075096185,0.38768179439593187,0.32884031026288013,0.09763530459022615,ANN
S28,0.3192520048129645,0.2832496159799472,0.30763701248642655,0.08986136672066201,1D-CNN
S29,0.282281526750015,0.24156170815281003,0.257295330703907,0.21886143439326794,1D-CNN
S30,0.23473291134316546,0.3383295155333271,0.22807903623255996,0.19885853689094746,ANN
S31,0.33250195237673025,0.2622667756969965,0.24379096223764304,0.16144030968863027,1D-CNN
S32,0.38389898534285544,0.2166551254494984,0.25140880170486385,0.14803708750278252,1D-CNN
S33,0.3108420888800445,0.26432689740008214,0.275085494269732,0.1497455194501414,1D-CNN
S34,0.3172113072601601,0.2860145138711545,0.30356479571089834,0.09320938315778732,1D-CNN
S35,0.2796980560608968,0.2982429079990983,0.3329019764413086,0.08915705949869654,BiLSTM
S36,0.35332544906356794,0.24245711646865967,0.3214656214704076,0.08275181299736516,1D-CNN
S37,0.34875115238821597,0.28981112051516916,0.2690417730155236,0.09239595408109158,1D-CNN
S38,0.26387866984244795,0.37380064905494215,0.2501462194019632,0.11217446170064671,ANN
S39,0.2597625211567448,0.2983774983230887,0.32065523837694476,0.12120474214322187,BiLSTM
S40,0.30991848360150714,0.2569423680733767,0.3374263874353629,0.0957127608897534,BiLSTM
S41,0.3202500235713122,0.282891569062971,0.286662669942794,0.11019573742292262,1D-CNN
S42,0.3053545433557834,0.2775197762616289,0.3198423607828178,0.0972833195997701,BiLSTM
S43,0.2787615658838165,0.3046645514906985,0.31882851540621676,0.09774536721926808,BiLSTM
S44,0.32198762380135754,0.3046988799452438,0.2733515155248649,0.09996198072853395,1D-CNN
S45,0.3828805774978767,0.2734940891653998,0.210174561714018,0.13345077162270538,1D-CNN
S46,0.3117980603324714,0.3377453960058051,0.23954400042674073,0.11091254323498265,ANN
S47,0.28331762782153447,0.33026264623908475,0.2967512132562689,0.08966851268311189,ANN
S48,0.2876948671924595,0.2530680310776376,0.351708229546313,0.10752887218359009,BiLSTM
S49,0.28471551566434117,0.28487156639097183,0.32733287165577946,0.10308004628890764,BiLSTM
S50,0.32439092829216326,0.3034020672545339,0.28375788268118923,0.08844912177211398,1D-CNN
S51,0.19754092529836734,0.23363343736449965,0.31265471084917107,0.256170926487962,BiLSTM
S52,0.3816140179755838,0.2805931924794164,0.22149244692901518,0.11630034261598445,1D-CNN
S53,0.3904460225805555,0.250726465813949,0.26144897529780986,0.09737853630768578,1D-CNN
S54,0.5566115606092331,0.1468956108234369,0.21145899413404418,0.08503383443328585,1D-CNN
S55,0.3536277607231665,0.26879992533633323,0.2357169131167605,0.14185540082373957,1D-CNN
S56,0.366984578252896,0.35215960680717495,0.16355972284097797,0.11729609209895128,1D-CNN
S57,0.3950927122057634,0.2122476666128113,0.2704497331945916,0.12220988798683348,1D-CNN
S58,0.388112938277993,0.23288112528717764,0.28153554242656403,0.09747039400826531,1D-CNN
S59,0.2794710727360473,0.30612022169465647,0.3053902500016502,0.10901845556764632,ANN
S60,0.2566079529709236,0.36780688242533216,0.280237135885155,0.09534802871858918,ANN
S61,0.25655585861880675,0.310419596513464,0.3278517220455446,0.1051728228221845,BiLSTM
S62,0.23281669055567272,0.29855132657288097,0.40222608885477,0.06640589401667624,BiLSTM
S63,0.21966792898412305,0.4823615923070382,0.27547698660704706,0.022493492101791614,ANN
S64,0.2085421515174852,0.23104889343134308,0.5402470886732619,0.020161866377910478,BiLSTM
S65,0.24510517759809622,0.40118125035727026,0.3043635437700241,0.049350028274609235,ANN
S66,0.27315638085354615,0.31210397062140877,0.30728816947760446,0.10745147904744072,ANN
S67,0.34983027493749047,0.25492575350170016,0.2910522929329939,0.10419167862781577,1D-CNN
S68,0.4676131988124886,0.2544693121438021,0.20737886277354617,0.07053862627016316,1D-CNN
S69,0.3119017710957366,0.3840322644423728,0.22339995817147365,0.08066600629041645,ANN
S70,0.2545214784906853,0.30476360252704404,0.3567870217005743,0.08392789728169636,BiLSTM
S71,0.35162829988128164,0.27794698267932,0.3024039642799921,0.06802075315940635,1D-CNN
S72,0.3663671441134178,0.3057583588053924,0.2502021411918585,0.07767235588933122,1D-CNN
S73,0.4184429348985566,0.26984505046681156,0.21160883999711588,0.10010317463751603,1D-CNN
S74,0.29671311058903255,0.3583352378866835,0.24272418657058953,0.10222746495369422,ANN
S75,0.279198367468161,0.3100447514481081,0.2990318290965495,0.11172505198718141,ANN
S76,0.29361764276853597,0.28122742404438705,0.3304261852790726,0.09472874790800442,BiLSTM
S77,0.3058407105554888,0.27974116026151047,0.31362764557731665,0.1007904836056838,BiLSTM
S78,0.3620610892070253,0.3424243966558975,0.22226750914217364,0.0732470049949037,1D-CNN
S79,0.27034286943620717,0.33997163469294306,0.2861772920850552,0.10350820378579492,ANN
S80,0.3057432610525265,0.2784695729385387,0.30976414080813053,0.1060230252008039,BiLSTM
S81,0.4197228640030594,0.22811062328946646,0.2260470342402409,0.1261194784672332,1D-CNN
S82,0.4329767071003718,0.22765558954321619,0.22326184112401837,0.11610586223239351,1D-CNN
S83,0.37304847049803724,0.2719767712549218,0.2750294792724089,0.07994527897463204,1D-CNN
S84,0.35451764163951255,0.2930271171386377,0.2858462449867239,0.06660899623512552,1D-CNN
S85,0.2905792500478582,0.3170698810665691,0.2840188803606855,0.1083319885248875,ANN
S86,0.40780179129558225,0.20424056653567,0.2890151265212824,0.09894251564746545,1D-CNN
S87,0.30409290523074867,0.31283790373471837,0.30870232529847513,0.07436686573605783,ANN
S88,0.1996506429493584,0.27563579664633814,0.4440155519008125,0.08069800850349097,BiLSTM
S89,0.20419022489752672,0.21013643997028633,0.49259161561480164,0.09308171951738534,BiLSTM
S90,0.20473570408223815,0.30986139849083844,0.4095878663890764,0.07581503103784704,BiLSTM
S91,0.24312201301401154,0.30842497864819945,0.315932201931559,0.13252080640622974,BiLSTM
S92,0.322981353749901,0.27944655941144037,0.28812430600740396,0.1094477808312548,1D-CNN
S93,0.42936385982797115,0.32887802951021694,0.18123795702259976,0.060520153639212475,1D-CNN
S94,0.42869137507372085,0.2655895650465,0.22781861733964162,0.07790044254013774,1D-CNN
S95,0.41300623973076744,0.27610352583087316,0.22296753579050602,0.08792269864785325,1D-CNN
S96,0.38619507901549355,0.32978929833949244,0.1955789925969554,0.08843663004805878,1D-CNN
S97,0.30975702818706546,0.3310953591294184,0.25001020373983296,0.10913740894368314,ANN
S98,0.3075903215332522,0.28811999232275565,0.28834681782699473,0.11594286831699753,1D-CNN
S99,0.27821000174483995,0.3105777523241116,0.31052948392489554,0.10068276200615318,ANN
S100,0.2321435721694596,0.4328481390017179,0.25710489315975954,0.07790339566906315,ANN
S101,0.27690161332298147,0.3260984085589042,0.33208068768984683,0.06491929042826768,BiLSTM
S102,0.20508895843951103,0.2232486662164222,0.5145748585954841,0.05708751674858229,BiLSTM
S103,0.2576676065290572,0.30308557521761875,0.3445592888158379,0.09468752943748586,BiLSTM
S104,0.3043476832162879,0.30436113235176615,0.2731322680637227,0.11815891636822339,ANN
S105,0.40353515908567733,0.3249739329113674,0.19028133537092473,0.0812095726320308,1D-CNN
S106,0.47702130656058467,0.28975861423446964,0.1728133537891757,0.06040672541577007,1D-CNN
S107,0.3011243030037377,0.36648086408847663,0.25601711475599437,0.0763777181517915,ANN
S108,0.29685146058967044,0.3161993902139809,0.30371527160473755,0.08323387759161102,ANN
S109,0.30763762276969214,0.3099709915195075,0.3005613350560501,0.08183005065474992,ANN
S110,0.28699068034679237,0.2927383860924255,0.3122701780943217,0.10800075546646062,BiLSTM
S111,0.2671887829127986,0.3725464566278772,0.2662838835029393,0.09398087695638473,ANN
S112,0.30341070741005743,0.26421344968135435,0.2907083159252099,0.14166752698337823,1D-CNN
S113,0.30909912779021725,0.3236777537628549,0.2611156455870243,0.10610747285990338,ANN
S114,0.2634106821907566,0.3413227670146739,0.27720995503127227,0.11805659576329726,ANN
S115,0.28250653770850487,0.28680769663076483,0.3213705774830883,0.10931518817764198,BiLSTM
S116,0.3201180019395114,0.35817134184877164,0.24103169590130352,0.08067896031041366,ANN
S117,0.28743929627534714,0.3582030267231274,0.23610610879817429,0.11825156820335114,ANN
S118,0.24821906527571128,0.3353463403139841,0.2788924567026505,0.13754213770765428,ANN
S119,0.23288718689472862,0.40687895931671564,0.2487816372277528,0.11145221656080347,ANN
S120,0.30619790927879403,0.22896342899798358,0.3706073641591797,0.09423129756404283,BiLSTM
S121,0.3802306845895945,0.2618897134868474,0.2460232831415292,0.11185631878202895,1D-CNN
S122,0.34743665478903246,0.31676535678760254,0.19643760505499014,0.13936038336837475,1D-CNN
S123,0.33260993625132795,0.3397571622983125,0.19322836338956242,0.13440453806079722,ANN
S124,0.49491225712747405,0.20354763706119158,0.21177832936455135,0.08976177644678286,1D-CNN
S125,0.33036007637087456,0.26703721440524253,0.3106891817952751,0.09191352742860814,1D-CNN
S126,0.2818321350282278,0.2994858294114823,0.30871731980673567,0.10996471575355413,BiLSTM
S127,0.3172685728032202,0.2921923915145554,0.30861626756054256,0.08192276812168152,1D-CNN
S128,0.27731189038746373,0.32668097271678564,0.3074703510819989,0.08853678581375174,ANN
S129,0.3141014102788566,0.3355142364419264,0.27001135512557817,0.0803729981536391,ANN
S130,0.2872809551689473,0.3526759987878711,0.25611638468492826,0.10392666135825329,ANN
S131,0.26722221524343914,0.27286910503889755,0.34141654088842344,0.11849213882924017,BiLSTM
S132,0.26035569934127756,0.25781493360056246,0.37592689302371995,0.1059024740344402,BiLSTM
S133,0.2991602419525727,0.2553516035245261,0.34169344003644103,0.10379471448646051,BiLSTM
S134,0.3287749022445713,0.288598800901332,0.25609921875772484,0.12652707809637193,1D-CNN
S135,0.30923342886084193,0.2896091448750517,0.2667852910108157,0.13437213525329045,1D-CNN
S136,0.3811975117969663,0.2488474265887506,0.22525360886592705,0.1447014527483562,1D-CNN
S137,0.34609078642857194,0.25894253749367374,0.2751072948260156,0.11985938125173898,1D-CNN
S138,0.2756028132084275,0.30577411520190084,0.2994908893778882,0.11913218221178352,ANN
S139,0.28812497331789644,0.3072201039506968,0.30839709822554345,0.09625782450586354,BiLSTM
S140,0.28180609497498865,0.2977808242806949,0.3264240552337911,0.09398902551052528,BiLSTM
S141,0.2293946227279846,0.34920676225912683,0.33389724377219987,0.08750137124068859,ANN
S142,0.3184529350803967,0.3715913134638693,0.2523477271328048,0.05760802432292945,ANN
S143,0.3527871780932774,0.30463680350489275,0.24768933231859128,0.09488668608323877,1D-CNN
S144,0.2577344443093019,0.2738083433152622,0.3503801912512828,0.11807702112415296,BiLSTM
S145,0.2604730175506903,0.21688404721682827,0.43259934137841277,0.09004359385406861,BiLSTM
S146,0.25368023874721185,0.20388530678058647,0.4700934800861805,0.07234097438602125,BiLSTM
S147,0.24821953534501268,0.41091844472028544,0.2402207639429417,0.10064125599175976,ANN
S148,0.36193998666899563,0.264360172840262,0.21108088014474927,0.16261896034599313,1D-CNN
S149,0.3839245160053178,0.35297576378496254,0.16752646220293582,0.09557325800678372,1D-CNN
S150,0.3823875023110059,0.32333584645880425,0.1952966662342935,0.09897998499589608,1D-CNN
S151,0.30330129764471625,0.30485386098076855,0.301458121892003,0.09038671948251233,ANN
S152,0.27953910441478996,0.28431545836394573,0.31804830700953746,0.11809713021172671,BiLSTM
S153,0.20712715596279924,0.3832112935871896,0.30929343730151676,0.10036811314849457,ANN
S154,0.2984126028409319,0.2820202796886961,0.29800855812313254,0.12155855934723941,1D-CNN
S155,0.3540906703768844,0.2615156284532049,0.2718752223078751,0.11251847886203575,1D-CNN
S156,0.3128485186885672,0.2905270216610509,0.28927239398618126,0.10735206566420079,1D-CNN
S157,0.35174787454879686,0.19777264658435117,0.3582957809258494,0.09218369794100291,BiLSTM
S158,0.266752203318475,0.42531581927166245,0.23467343933119403,0.07325853807866861,ANN
S159,0.28591512277785125,0.44372926015872916,0.18000613984408118,0.09034947721933842,ANN
S160,0.29110751366911847,0.368198739098696,0.2120052454396696,0.128688501792516,ANN
S161,0.39636106391172227,0.24131052747361334,0.2433525633886381,0.1189758452260264,1D-CNN
S162,0.25005161484331856,0.3474520494170456,0.2919849712872465,0.11051136445238925,ANN
S163,0.23317465586781833,0.2844375223128459,0.38577439084200893,0.0966134309773267,BiLSTM
S164,0.2621433198343681,0.21671675607126167,0.430929113200751,0.09021081089361878,BiLSTM
S165,0.25116048078830777,0.30048533412386014,0.36657091841537315,0.08178326667245898,BiLSTM
S166,0.32917051763055655,0.29566547062476906,0.24645244912013825,0.12871156262453629,1D-CNN
S167,0.3130242520856091,0.2425847079128591,0.23020916703056263,0.21418187297096933,1D-CNN
S168,0.32726895920806737,0.2817748322398689,0.2518378605695443,0.13911834798251954,1D-CNN
S169,0.389140810582954,0.2139627075949716,0.29442633256455647,0.10247014925751809,1D-CNN
S170,0.21508258691900237,0.19627543389493454,0.4980806223642418,0.0905613568218211,BiLSTM
S171,0.30282961857782353,0.26318432527763636,0.2960674312745908,0.13791862486994935,1D-CNN
S172,0.2945456504914966,0.23788964867936802,0.35736542430890855,0.11019927652022679,BiLSTM
S173,0.27324967201230904,0.2745794778738449,0.33722821637982037,0.11494263373402563,BiLSTM
S174,0.2883436591369826,0.26288057286458094,0.34744829566949575,0.1013274723289409,BiLSTM
S175,0.27540258384872773,0.2994361500693414,0.32406314827058774,0.10109811781134315,BiLSTM
S176,0.18548654707382334,0.4307629066140983,0.3113916181575665,0.0723589281545117,ANN
S177,0.29285119466233955,0.2852365383015592,0.3435746196009472,0.07833764743515421,BiLSTM
S178,0.1841148362994739,0.1853327722204847,0.5515615937578895,0.07899079772215202,BiLSTM
S179,0.19932224900119386,0.3415397948309157,0.3937402536199929,0.0653977025478975,BiLSTM
S180,0.20947038828454323,0.29628891380894457,0.4657703953320831,0.02847030257442889,BiLSTM
S181,0.2036142637905726,0.3443405607058341,0.4174241381630118,0.034621037340581584,BiLSTM
S182,0.1969230629813708,0.38379243966733295,0.3430235767313865,0.07626092061991015,ANN
S183,0.24837762255495316,0.3970865291380726,0.2561836042062674,0.09835224410070685,ANN
S184,0.2928985059532017,0.4014262659187844,0.20117952668713163,0.10449570144088209,ANN
S185,0.30369252087789655,0.3099464622155443,0.30006402719169994,0.08629698971485938,ANN
S186,0.33652297026311023,0.28611088166984266,0.28502115757891744,0.0923449904881299,1D-CNN
S187,0.2556631962712517,0.2967649087443761,0.35307573050659563,0.09449616447777648,BiLSTM
S188,0.2665816842176672,0.35514329775033493,0.28143474585309286,0.09684027217890466,ANN
S189,0.32420014042553347,0.2848891603859143,0.29153295690085895,0.09937774228769314,1D-CNN
S190,0.2777377357521433,0.33509631327162925,0.30483413229611195,0.08233181868011592,ANN
S191,0.33691406264526064,0.2715255542107312,0.2859713100633232,0.10558907308068496,1D-CNN
S192,0.32261150550720413,0.3342600617921701,0.2506175487075589,0.092510883993067,ANN
S193,0.27844593757340297,0.4268501370379994,0.19663416305313566,0.09806976233546218,ANN
S194,0.288035506801499,0.4093266650033176,0.2127331465032756,0.08990468169190796,ANN
S195,0.29151282771768466,0.31883010828700986,0.2792071239541061,0.11044994004119928,ANN
S196,0.2589991774164285,0.3132799168747185,0.33389959163362626,0.09382131407522655,BiLSTM
S197,0.25669470245851567,0.32955477023836866,0.32580516278941407,0.08794536451370198,ANN
S198,0.26170232742036414,0.3050451169394178,0.35041122902789223,0.08284132661232618,BiLSTM
S199,0.3226965920996511,0.2884561592030365,0.30138823725672087,0.08745901144059143,1D-CNN
S200,0.2926757394319996,0.23201106042949435,0.38945080151680966,0.08586239862169666,BiLSTM
S201,0.18623791496905762,0.5030488521448012,0.2542901903737204,0.05642304251242076,ANN
S202,0.33173774754962954,0.2977176121278557,0.26503207449564836,0.10551256582686651,1D-CNN
S203,0.2836209444758427,0.37161533324657287,0.24757944178119357,0.09718428049639102,ANN
S204,0.37847801293195904,0.3003020381691302,0.22171700605851824,0.09950294284039274,1D-CNN
S205,0.3068250001631371,0.34045672720715253,0.2643080272937726,0.08841024533593826,ANN
S206,0.26771655194940686,0.3344095200402425,0.30679103194566837,0.09108289606468223,ANN
S207,0.2929945779327954,0.3077906810824277,0.31090895439137867,0.08830578659339862,BiLSTM
S208,0.36720693408209976,0.2839510708064615,0.25712905918445866,0.09171293592698027,1D-CNN
S209,0.39222402585705085,0.3085676267062116,0.18307442038446883,0.11613392705226858,1D-CNN
S210,0.29399065419030523,0.3625255997405218,0.22784674018321488,0.11563700588595796,ANN
S211,0.29147782116246473,0.3133003013911051,0.301042640360238,0.09417923708619225,ANN
S212,0.26631602139011123,0.2515750380325842,0.38197249943761136,0.10013644113969301,BiLSTM
S213,0.2916125873829913,0.2647690561564047,0.3440971916341928,0.09952116482641106,BiLSTM
S214,0.4152553181162269,0.3119240639936161,0.19298448534089463,0.07983613254926233,1D-CNN
S215,0.3062385909470861,0.29654372695028464,0.2782461208684334,0.11897156123419617,1D-CNN
S216,0.2686077739237554,0.3640670080437281,0.28632071043467205,0.08100450759784414,ANN
S217,0.3198252389628093,0.2835053678696196,0.3016655978750615,0.09500379529250942,1D-CNN
S218,0.24075555350677139,0.42867469441824513,0.2393990095506531,0.09117074252433054,ANN
S219,0.2686617621245714,0.38262754521793546,0.2570724648711823,0.09163822778631063,ANN
S220,0.25659560544520954,0.32332597354533654,0.31312062404850216,0.10695779696095206,ANN
S221,0.2161829044951493,0.2692427962059423,0.447083872491622,0.0674904268072859,BiLSTM
S222,0.27621618385039937,0.35195997036475546,0.2785606383207188,0.09326320746412661,ANN
S223,0.32217961320767124,0.32072473190205564,0.2661820723589193,0.09091358253135384,1D-CNN
S224,0.4228387202175523,0.2779631831352905,0.1729560107439787,0.12624208590317865,1D-CNN
S225,0.32058904152444617,0.36362811936024836,0.20482954975422563,0.11095328936107955,ANN
S226,0.3196495099261603,0.3568000056509777,0.25643986445922845,0.06711061996363382,ANN
S227,0.4006587300744717,0.3055893211633146,0.2110317423838085,0.08272020637840538,1D-CNN
S228,0.30936681393431614,0.36003519963855485,0.25540734782851554,0.07519063859861347,ANN
S229,0.2730285237213636,0.360091213518698,0.24792894259425968,0.1189513201656786,ANN
S230,0.29657242768596614,0.3125889797073096,0.30687018042845693,0.08396841217826725,ANN
S231,0.34713753899193245,0.2958369939981094,0.2582963914075982,0.09872907560235994,1D-CNN
S232,0.28624234194746506,0.29109545303182804,0.29962752363503115,0.12303468138567591,BiLSTM
S233,0.29017015860447964,0.2925491754343937,0.3336108705371096,0.08366979542401762,BiLSTM
S234,0.39427143857685387,0.249515558749414,0.2669928785007961,0.08922012417293577,1D-CNN
S235,0.3058914253813407,0.37733357705592796,0.23428349641304247,0.08249150114968888,ANN
S236,0.3730070270745708,0.3018806707611893,0.23486043397589126,0.09025186818834866,1D-CNN
S237,0.3257330032278137,0.3519756578278685,0.23372742503418426,0.08856391391013324,ANN
S238,0.29177686095470584,0.2879115312874042,0.3253573511019188,0.09495425665597082,BiLSTM
S239,0.29774211088966623,0.2839090539337673,0.31468396766511925,0.10366486751144716,BiLSTM
S240,0.291491279258273,0.3042718685145167,0.3022208536405052,0.10201599858670518,ANN
S241,0.30456605864783515,0.2832796352996282,0.31998764932481155,0.09216665672772505,BiLSTM
S242,0.2382833468988934,0.33638044863923855,0.28577765345267553,0.13955855100919248,ANN
S243,0.31608730204041907,0.34022100840955327,0.23052189986025515,0.11316978968977244,ANN
S244,0.47167002279926346,0.19396071346296137,0.17900038972856055,0.15536887400921487,1D-CNN
S245,0.3000936221312593,0.317631574784031,0.22449289873721298,0.1577819043474967,ANN
S246,0.34398572691924767,0.3313706066002911,0.23803054822340292,0.08661311825705795,1D-CNN
S247,0.3075261263314623,0.30972030612647544,0.2928484549864978,0.08990511255556476,ANN
S248,0.30451498896800566,0.27260791190077105,0.3118099614417217,0.11106713768950195,BiLSTM
S249,0.38280336587872993,0.2736166209651714,0.2508265801951425,0.09275343296095583,1D-CNN
S250,0.4278042045264767,0.230998995790938,0.2472384994217093,0.0939583002608761,1D-CNN
S251,0.2872151672988712,0.30553332235982533,0.294213844130582,0.11303766621072141,ANN
S252,0.2731648641244211,0.27714000910443254,0.35374958645075066,0.09594554032039561,BiLSTM
S253,0.2857754742326672,0.26043919529988346,0.3547395674666809,0.09904576300076824,BiLSTM
S254,0.24100308400950404,0.379741827687974,0.31834436194918286,0.06091072635333912,ANN
S255,0.23748383980406612,0.42053332120390613,0.23016632594348296,0.11181651304854488,ANN
S256,0.2991389653636046,0.284300857202753,0.2596909812336027,0.15686919620003986,1D-CNN
S257,0.3273949610023841,0.28524997575103667,0.24798217032560232,0.1393728929209769,1D-CNN
S258,0.3229703846312357,0.33113788876694455,0.2291916760551016,0.11670005054671792,ANN
S259,0.22445651925676705,0.28117806716424204,0.3849655617667903,0.10939985181220052,BiLSTM
S260,0.32408498956615184,0.21883815088182962,0.3670897738734149,0.08998708567860353,BiLSTM
S261,0.2866475592330345,0.2942565146255972,0.2743021797287994,0.1447937464125689,ANN
S262,0.38273698955281077,0.24177531126576335,0.20326775787713205,0.17221994130429397,1D-CNN
S263,0.38736432182089725,0.24588745178378293,0.2432640043032275,0.12348422209209246,1D-CNN
S264,0.3029324010982916,0.36092756644500573,0.25223139607597667,0.08390863638072607,ANN
S265,0.2995501196887233,0.23030668649579736,0.3577082010057972,0.11243499280968206,BiLSTM
S266,0.27530953589546503,0.270416453715717,0.35128007882371465,0.10299393156510353,BiLSTM
S267,0.31762490027319534,0.29036591261067335,0.29396188030404835,0.09804730681208304,1D-CNN
S268,0.29306525874673156,0.2678440234272875,0.2814232649693755,0.1576674528566053,1D-CNN
S269,0.3214610061862903,0.2292479844440938,0.32509349921728886,0.12419751015232705,BiLSTM
S270,0.21913387247282218,0.3350819435025081,0.35805593104207656,0.08772825298259343,BiLSTM
S271,0.21094434385639357,0.27177915308654826,0.45003989029491964,0.06723661276213883,BiLSTM
S272,0.23489999143065557,0.26929501191492794,0.42054859455772425,0.07525640209669238,BiLSTM
S273,0.29111190551932625,0.27951849666318757,0.29730775650803454,0.13206184130945187,BiLSTM
S274,0.28777669038933806,0.32769063216272615,0.2681752681599737,0.11635740928796183,ANN
S275,0.31281476999991914,0.2662005267363472,0.30752360167055937,0.1134611015931742,1D-CNN
S276,0.25343928834798174,0.348659200261989,0.3035375921846875,0.09436391920534183,ANN
S277,0.29108240971067556,0.2427437144627094,0.37781401718152857,0.0883598586450866,BiLSTM
S278,0.3898227221860722,0.24975594927573172,0.2883334931914818,0.07208783534671426,1D-CNN
S279,0.30776893692960494,0.4276106626589439,0.1928264654772657,0.07179393493418525,ANN
S280,0.32911815544257494,0.29845141278382364,0.24702227923369507,0.12540815253990636,1D-CNN
S281,0.27494559280631914,0.30536156356250976,0.3111512686984364,0.10854157493273497,BiLSTM
S282,0.24674158373353317,0.2940419932859204,0.35282509739380813,0.10639132558673838,BiLSTM
S283,0.2523280029794,0.23936205253638873,0.41198199557818355,0.09632794890602744,BiLSTM
S284,0.25741649335916905,0.2788908245118309,0.37166535821802216,0.09202732391097808,BiLSTM
S285,0.23639182423270044,0.2540385719370079,0.3922899447169711,0.11727965911332054,BiLSTM
S286,0.23520926570577547,0.3043574080512684,0.337304799607114,0.12312852663584242,BiLSTM
S287,0.39963159574015195,0.2921105011310046,0.22088847255078026,0.08736943057806272,1D-CNN
S288,0.43665382477116566,0.25494332083043003,0.213321129314037,0.09508172508436723,1D-CNN
S289,0.26647318124447933,0.4454354521475529,0.19033315855423738,0.09775820805373052,ANN
S290,0.2841291153757768,0.3045962495064208,0.2942952724391334,0.11697936267866908,ANN
S291,0.28717340723874496,0.27069868788732854,0.33915103836957644,0.10297686650435035,BiLSTM
S292,0.2712989687969473,0.3290906690566902,0.3102146120622624,0.0893957500841004,ANN
S293,0.3641973294647442,0.2781349215102058,0.2848648295288165,0.07280291949623359,1D-CNN
S294,0.22878429307445863,0.3539785549722134,0.3110982269161966,0.10613892503713125,ANN
S295,0.31261787725084045,0.26022978970388677,0.296436609309374,0.13071572373589882,1D-CNN
S296,0.4810206993197418,0.24658415222697627,0.17269104279120534,0.09970410566207649,1D-CNN
S297,0.41510167680777793,0.25692854926368663,0.17675784834473818,0.15121192558379754,1D-CNN
S298,0.246466898001271,0.48534255810171745,0.19019255692679665,0.07799798697021461,ANN
S299,0.3696928512862106,0.2710937024888197,0.27261378307315426,0.08659966315181533,1D-CNN
S300,0.2804119338423395,0.27608567452896043,0.3629227915109205,0.08057960011777941,BiLSTM
S301,0.31207305264462726,0.27911461317929975,0.3088199350753874,0.09999239910068569,1D-CNN
S302,0.3810595052733542,0.2710002785839359,0.255192286090348,0.0927479300523622,1D-CNN
S303,0.2864004965986635,0.3144362354799604,0.28184927829051387,0.11731398963086259,ANN
S304,0.24551311879891274,0.2049009418778097,0.4481718187191494,0.10141412060412837,BiLSTM
S305,0.2554913092340262,0.23550221923466458,0.42301730882345623,0.08598916270785291,BiLSTM
S306,0.24211988958904004,0.28780412856814075,0.3829363556294604,0.08713962621335883,BiLSTM
S307,0.2421484420661919,0.3208030299092712,0.2968126011953541,0.14023592682918282,ANN
S308,0.3848891851743519,0.29278626141324704,0.2303225850358331,0.09200196837656768,1D-CNN
S309,0.5265389399726912,0.20699507926366026,0.18196309845894812,0.08450288230470038,1D-CNN
S310,0.32193709695310907,0.40878531228015985,0.16427114840330045,0.10500644236343104,ANN
S311,0.2420011291524522,0.30967050754543585,0.32335839784171744,0.12496996546039442,BiLSTM
S312,0.28588582079272357,0.2944651045399587,0.3331751545401609,0.08647392012715695,BiLSTM
S313,0.295218057416566,0.2966754217801291,0.2938569505288451,0.11424957027446,ANN
S314,0.29612643321981835,0.2976397851777621,0.2980279864441748,0.10820579515824474,BiLSTM
S315,0.27610413540013945,0.3113681096333058,0.31405478568453216,0.0984729692820227,BiLSTM
S316,0.17744449288378836,0.35864708129866374,0.3644668057511449,0.09944162006640304,BiLSTM
S317,0.2193096955633186,0.24219101980123195,0.43514397593050363,0.10335530870494555,BiLSTM
S318,0.23962339987232764,0.2931777171841718,0.36252282409251346,0.10467605885098724,BiLSTM
S319,0.19577433021979687,0.31234464246690663,0.33665758997170386,0.1552234373415927,BiLSTM
S320,0.2868556118665545,0.3063007856775649,0.2561740250867502,0.15066957736913072,ANN
S321,0.40130453891099527,0.227319426772782,0.21304207625261035,0.15833395806361233,1D-CNN
S322,0.37333945285951337,0.2913425248787294,0.21348433525349617,0.12183368700826099,1D-CNN
S323,0.5225608845029753,0.20870875251282864,0.16276732653880616,0.10596303644538985,1D-CNN
S324,0.2921126440826824,0.4558578249073822,0.18850761917497413,0.06352191183496139,ANN
S325,0.3837876830137036,0.2918687047758217,0.23052397455959217,0.09381963765088243,1D-CNN
S326,0.347363347946532,0.30635052682473907,0.24142434334774568,0.10486178188098304,1D-CNN
S327,0.2591751158401046,0.30994995023070615,0.316561614053469,0.11431331987572052,BiLSTM
S328,0.272386744086745,0.29568106243348347,0.3318396508897258,0.1000925425900456,BiLSTM
S329,0.2961067193795137,0.2921150217590318,0.31412085924673466,0.09765739961471989,BiLSTM
S330,0.30001401611510486,0.26999993402026334,0.31782458111776934,0.11216146874686227,BiLSTM
S331,0.2666852988358518,0.24240381312877451,0.3875445421202024,0.10336634591517159,BiLSTM
S332,0.25820443654054687,0.2523860517836637,0.4125050421664705,0.07690446950931876,BiLSTM
S333,0.304643330815648,0.31238591379288094,0.28030999787236094,0.10266075751910986,ANN
S334,0.3268365845155444,0.2855748934882776,0.23852530655020812,0.14906321544596976,1D-CNN
S335,0.3748032784137201,0.28353574350423444,0.21835130142773904,0.12330967665430678,1D-CNN
S336,0.3453977773844038,0.29483645476712,0.26811368867024377,0.09165207917823279,1D-CNN
S337,0.2513189297585857,0.23263581916240245,0.4015324357564243,0.11451281532258746,BiLSTM
S338,0.21479292888757365,0.21921070526096795,0.4369092853153403,0.12908708053611803,BiLSTM
S339,0.3398801665781602,0.3205022910518844,0.2927128150412193,0.04690472732873604,1D-CNN
S340,0.30466205175173333,0.24823373911245922,0.37773290245967134,0.06937130667613611,BiLSTM
S341,0.2666262703374735,0.28447698002171473,0.35098541022610025,0.09791133941471154,BiLSTM
S342,0.24108071258910793,0.2259361429249448,0.42279664281263213,0.11018650167331501,BiLSTM
S343,0.16658239331937946,0.32733554240257173,0.4321761127708835,0.07390595150716507,BiLSTM
S344,0.28482040051663476,0.2596359950423528,0.3379016222351452,0.11764198220586729,BiLSTM
S345,0.3117265331668356,0.3030675484165813,0.2862729818599485,0.09893293655663457,1D-CNN
S346,0.3186617653280312,0.2654949511307304,0.25600618714053436,0.15983709640070393,1D-CNN
S347,0.2379782692813289,0.30262825703323526,0.3046528391642693,0.15474063452116651,BiLSTM
S348,0.2405000799609659,0.3365301502204011,0.3511383096090294,0.07183146020960347,BiLSTM
S349,0.3321632644858917,0.3099143225953278,0.25500650960840016,0.1029159033103805,1D-CNN
S350,0.2849526138949661,0.2827485944830962,0.30621292145839724,0.12608587016354028,BiLSTM
S351,0.3435262785147013,0.30004566480191486,0.2549032790017333,0.10152477768165064,1D-CNN
S352,0.3862331225126524,0.30208549380880095,0.21761508536556262,0.09406629831298427,1D-CNN
S353,0.29546039868764473,0.27149936325063395,0.3040602636351895,0.12897997442653164,BiLSTM
S354,0.3329054553699301,0.2398177220667815,0.32816403746937756,0.09911278509391114,1D-CNN
S355,0.2936656882354449,0.2528207419469063,0.3596424716271037,0.09387109819054529,BiLSTM
S356,0.29582761969439714,0.2787366982052376,0.299732597337011,0.12570308476335412,BiLSTM
S357,0.3686745566930145,0.34983130109457045,0.19592490736222568,0.08556923485018932,1D-CNN
S358,0.35472740111147977,0.29349700137321877,0.24738209685354395,0.10439350066175773,1D-CNN
S359,0.3035128417101163,0.2898971408381787,0.2888378410509445,0.11775217640076029,1D-CNN
S360,0.2460190379360798,0.2335250790484275,0.4223655744453406,0.09809030857015193,BiLSTM
S361,0.22385555103145963,0.26613421830540396,0.41402788219168873,0.09598234847144747,BiLSTM
S362,0.2702611055512733,0.2573838432921013,0.44577850920064144,0.026576541955984773,BiLSTM
S363,0.33054281494873194,0.2752731525965729,0.3572907291361772,0.03689330331851775,BiLSTM
S364,0.14688133466941963,0.4333523219909414,0.36042460620050165,0.0593417371391375,ANN
S365,0.24991869522372734,0.38345907301185916,0.2872107706477192,0.07941146111669432,ANN
S366,0.20669943300034352,0.37924249942994065,0.29905753406477403,0.1150005335049417,ANN
S367,0.2564508116154897,0.33287029923385664,0.28628506887411675,0.1243938202765369,ANN
S368,0.21713890039704845,0.3415505318430303,0.33590852061870224,0.10540204714121912,ANN
S369,0.2548329836475342,0.27201322810779327,0.38677475644937814,0.08637903179529455,BiLSTM
S370,0.24536659402654584,0.3246787776289544,0.3435733909052528,0.08638123743924697,BiLSTM
S371,0.40489703652519204,0.23975317433380183,0.24167105603887928,0.11367873310212688,1D-CNN
S372,0.3814649051389875,0.26912641018595,0.23231079821563946,0.11709788645942312,1D-CNN
S373,0.29860805769931403,0.339778353018356,0.25338848789426904,0.10822510138806099,ANN
S374,0.2954830893895347,0.29422886449830277,0.2978901116562838,0.11239793445587917,BiLSTM
S375,0.25681494655456516,0.2693680939470506,0.3506979112924156,0.12311904820596845,BiLSTM
S376,0.24466839433594553,0.33363856492750277,0.30899227941313295,0.11270076132341897,ANN
S377,0.4048461400110395,0.28225416830319006,0.22371503269556353,0.08918465899020678,1D-CNN
S378,0.26895415195092265,0.28528212102134975,0.32180587075847633,0.12395785626925106,BiLSTM
S379,0.18730275333312787,0.22967218736844888,0.5040782999197593,0.07894675937866397,BiLSTM
S380,0.19380094572313142,0.1907983642706225,0.5532368673383528,0.06216382266789325,BiLSTM
S381,0.1926993254526748,0.5412808341951472,0.20002915371648422,0.06599068663569403,ANN
S382,0.24021122073304427,0.5338368513987923,0.14618518253582208,0.07976674533234146,ANN
S383,0.37188789747330214,0.30439491870078134,0.2481707218716203,0.07554646195429647,1D-CNN
S384,0.29333557211344,0.34782170744198876,0.2980818365043592,0.06076088394021147,ANN
S385,0.22363206656372056,0.2489445230744348,0.45466336150486336,0.07276004885698135,BiLSTM
S386,0.276383811913056,0.34221692746485527,0.2899933670443397,0.09140589357774924,ANN
S387,0.25807419399936854,0.32389272003530245,0.30960471775600046,0.10842836820932873,ANN
S388,0.21354429600599867,0.2799521642285807,0.3684265934610463,0.1380769463043742,BiLSTM
S389,0.23759537496922084,0.2514694988868935,0.44412807441854113,0.06680705172534478,BiLSTM
S390,0.4001202587249464,0.29793050029460444,0.22285775161503812,0.07909148936541087,1D-CNN
S391,0.3496472032985782,0.2486380145256805,0.2152663993881307,0.18644838278761053,1D-CNN
S392,0.38157111831100443,0.3342183577892184,0.21252184615089742,0.07168867774887981,1D-CNN
S393,0.4061956933236278,0.3880717825432835,0.13455301824755359,0.07117950588553516,1D-CNN
S394,0.33492708382047315,0.31936621435094115,0.2513873432240141,0.09431935860457198,1D-CNN
S395,0.37553958004325133,0.27171468511266705,0.2606990421441431,0.09204669269993838,1D-CNN
S396,0.3218916858339629,0.33294899575763626,0.25424813262186646,0.09091118578653457,ANN
S397,0.29183381017724713,0.3292598081320494,0.2842303932093345,0.094675988481369,ANN
S398,0.2798976557082459,0.311038648520115,0.30181225995728667,0.1072514358143521,ANN
S399,0.2851652894145979,0.33541129891253096,0.28160103791186,0.09782237376101115,ANN
S400,0.2590171612225044,0.36042696124868706,0.29132582330611584,0.08923005422269294,ANN
S401,0.3089127878526094,0.24350795697208347,0.35217562433448313,0.09540363084082405,BiLSTM
S402,0.2520635602992123,0.30815496285761274,0.3565483728922276,0.0832331039509474,BiLSTM
S403,0.36243133450207393,0.2572379442874982,0.31776594792470175,0.06256477328572622,1D-CNN
S404,0.389121800232551,0.2801086890475895,0.2709298088922047,0.05983970182765495,1D-CNN
S405,0.3275584790085327,0.35904130653083904,0.23144871517998955,0.08195149928063893,ANN
S406,0.3414598626401645,0.3349485969139158,0.22714151303977406,0.09645002740614553,1D-CNN
S407,0.2887830189051191,0.3513390021589565,0.2717100282270696,0.08816795070885451,ANN
S408,0.29063448921791396,0.30248910436294063,0.3093051897294521,0.0975712166896933,BiLSTM
S409,0.27394131612194345,0.30845703623567516,0.32384325939869346,0.09375838824368815,BiLSTM
S410,0.2865382316069033,0.32422165892727195,0.29202107518097076,0.09721903428485439,ANN
S411,0.30803495917935836,0.26503746611936707,0.29910234750245085,0.1278252271988237,1D-CNN
S412,0.2891479513418924,0.32834352431646596,0.2305684316126521,0.15194009272898962,ANN
S413,0.3326135609444148,0.3500751249657777,0.2480655008479484,0.06924581324185941,ANN
S414,0.3275247178136169,0.35018340160994754,0.21484946450460987,0.10744241607182584,ANN
S415,0.23133249411597756,0.36298926280168964,0.3117038324120213,0.09397441067031152,ANN
S416,0.3135290507589925,0.349478123951327,0.24095607269962407,0.09603675259005613,ANN
S417,0.34214418020443577,0.27137356133508095,0.3027157260207993,0.08376653243968417,1D-CNN
S418,0.2881872875406503,0.2903886519290963,0.3135008854779309,0.10792317505232253,BiLSTM
S419,0.27121189934927986,0.3421153636607649,0.28995212458400066,0.09672061240595421,ANN
S420,0.38830303341073713,0.29681789899533617,0.23187217600090196,0.08300689159302488,1D-CNN
S421,0.3337433115946856,0.30366403885984833,0.24497216997780172,0.11762047956766447,1D-CNN
S422,0.2678463423109631,0.4022074467807337,0.24428100175882214,0.08566520914948098,ANN
S423,0.33458795600156677,0.3099941041085319,0.25419001478070125,0.10122792510920031,1D-CNN
S424,0.23099539934333582,0.40653228830862914,0.2688796974128413,0.09359261493519336,ANN
S425,0.2682161747069215,0.28204303455661667,0.3362257519750162,0.11351503876144575,BiLSTM
S426,0.2695426661767333,0.32400796499018,0.26878171271475143,0.13766765611833542,ANN
S427,0.24275390915519124,0.3138999077668394,0.24803856996223853,0.1953076131157308,ANN
S428,0.2787956917254496,0.27501367702192536,0.23403944632184392,0.21215118493078117,1D-CNN
S429,0.39391460420824953,0.3039296311158413,0.19773526774391748,0.10442049693199175,1D-CNN
S430,0.39239805503512176,0.23039615323528534,0.27436535192646944,0.10284043980312317,1D-CNN
S431,0.3861538288380804,0.22107866233447487,0.24024440283249202,0.15252310599495283,1D-CNN
S432,0.316588760092007,0.3127324596175635,0.286856919852578,0.08382186043785127,1D-CNN
S433,0.31744803052302784,0.31203907224593974,0.24381801759382674,0.1266948796372057,1D-CNN
S434,0.2246160541453075,0.3322677797369851,0.3087586078625518,0.13435755825515555,ANN
S435,0.22336891588409757,0.3558654964174674,0.31528238655368745,0.10548320114474727,ANN
S436,0.28322786736710925,0.21401544833527353,0.3642801589526571,0.13847652534496008,BiLSTM
S437,0.32951656231842597,0.2424784665830262,0.3083524766602307,0.1196524944383169,1D-CNN
S438,0.46606797669725386,0.22746178129685773,0.22011824051565143,0.08635200149023707,1D-CNN
S439,0.33232508086299944,0.2583404424758744,0.305961396725226,0.10337307993590045,1D-CNN
S440,0.3687132716215354,0.25833196908140654,0.28024420874641653,0.09271055055064172,1D-CNN
S441,0.32975377165096803,0.25907349481090447,0.31879869580604026,0.09237403773208701,1D-CNN
S442,0.29900186108976046,0.29416855447120316,0.31277603300206414,0.09405355143697199,BiLSTM
S443,0.2806040524402322,0.3392475831181905,0.32129612802398744,0.058852236417589805,ANN
S444,0.26159163810124086,0.2555424029663362,0.44550211048884014,0.037363848443583106,BiLSTM
S445,0.10996298667463866,0.3981839189205292,0.46338397753466465,0.02846911687016714,BiLSTM
S446,0.24526688167214078,0.4191864980125643,0.2978026983480876,0.037743921967207474,ANN
S447,0.2975725617074098,0.3282600332993996,0.28432115645026906,0.08984624854292177,ANN
S448,0.30344894853350984,0.29436642271406555,0.25406947718158174,0.14811515157084298,1D-CNN
