Segment,1D-CNN,ANN,BiLSTM,LSTM,CNN-LSTM,Selected
S1,0.2351330249424146,0.1870664953358398,0.22781636331711408,0.3295230774712597,0.0204610389333726,LSTM
S2,0.2275708509379587,0.22473360891299934,0.20480758648412437,0.3220213003499876,0.020866653314928273,LSTM
S3,0.2092374127618071,0.2455121724615085,0.19477613682409184,0.3250254758538111,0.025448802098782305,LSTM
S4,0.228349895652121,0.26281942333956043,0.269169216234465,0.21638604246557772,0.02327542230827477,BiLSTM
S5,0.2458148044742136,0.1993123217049492,0.2801567687952143,0.2514593046494384,0.023256800376186746,BiLSTM
S6,0.2797277985101196,0.24128830226610049,0.20984516041473888,0.25223696653896155,0.016901772270078233,1D-CNN
S7,0.23165907343532188,0.2810083110600215,0.18137566652579562,0.291298701382162,0.014658247596701701,LSTM
S8,0.1897854213462912,0.22818293236219042,0.2730201773767868,0.2963212880469718,0.012690180867760359,LSTM
S9,0.21343686598957237,0.20747101367552973,0.29678641075469175,0.2654435099444858,0.016862199635719843,BiLSTM
S10,0.21914474425207744,0.30266500283415243,0.24775033840153607,0.21583530839793866,0.014604606114294096,ANN
S11,0.223636445050311,0.3236021061557314,0.3094028770310427,0.13249105996027122,0.010867511802641922,ANN
S12,0.1836263541248923,0.37629957671390946,0.2853726844452878,0.13988085194435562,0.014820532771553303,ANN
S13,0.17252502555005012,0.3449357965900429,0.22535135710176443,0.23215661513258048,0.02503120562556209,ANN
S14,0.23515912780490544,0.35515483043184787,0.15185242686558664,0.24400786064032548,0.01382575425733481,ANN
S15,0.380243250960658,0.2602935917001246,0.14016319506359343,0.20965635974856028,0.009643602527064577,1D-CNN
S16,0.30815387087164375,0.338781277785635,0.17558983790974395,0.16596462899362455,0.011510384439353264,ANN
S17,0.22539258286628014,0.2545808133033353,0.2767195335958627,0.22710743438721487,0.01619963584730511,BiLSTM
S18,0.23504975027823224,0.25849753508436313,0.27051881427064617,0.21469332787428863,0.021240572492470005,BiLSTM
S19,0.25722008461997947,0.23887948360876599,0.21240335412042838,0.26166403762194995,0.029833040028875647,LSTM
S20,0.21299626473007746,0.20214676641401128,0.21047724363037654,0.3217782825960122,0.05260144262952347,LSTM
S21,0.2957158049394265,0.3312140911141378,0.13989504664883126,0.20838213709442088,0.024792920203182665,ANN
S22,0.32737917755453466,0.3563520201793362,0.1246925402040883,0.17120258919135312,0.0203736728706891,ANN
S23,0.19922255800070468,0.43206414700674123,0.1540069485853081,0.19272707287800414,0.021979273529242022,ANN
S24,0.238090858233592,0.27976550931096794,0.18571584867245172,0.2851816226355287,0.011246161147461688,LSTM
S25,0.2154065508557788,0.22508082598856313,0.29349186590601073,0.25645402591816063,0.009566731331486908,BiLSTM
S26,0.22342518503395434,0.19991787542502376,0.2775904752991382,0.2903281545137036,0.008738309728180413,LSTM
S27,0.1328215666669976,0.33408050551778035,0.2823257135286791,0.2431788060306769,0.007593408255867148,ANN
S28,0.27906963275460517,0.24797552278764448,0.23759976343419817,0.21388971418735844,0.02146536683619543,1D-CNN
S29,0.14983187710475365,0.12571857816132687,0.13309624257288302,0.5423646313034954,0.048988670857540544,LSTM
S30,0.09492739458452948,0.22152028541621174,0.09656198849161632,0.5781046817971646,0.008885649710476085,LSTM
S31,0.2635781785116533,0.16785644321333465,0.14340229004131028,0.41595904388070354,0.009204044352996467,LSTM
S32,0.2670554152256629,0.13883681485376706,0.19727678122803802,0.37716923068394814,0.019661758008583354,LSTM
S33,0.2074861637028678,0.17920206278554127,0.2341016464120239,0.34582191878307217,0.033388208316495076,LSTM
S34,0.2542536703816985,0.214069789663538,0.25907588380300967,0.25222118998743637,0.020379466164316098,BiLSTM
S35,0.2160078244255011,0.2353945073729504,0.29615116236593764,0.2341327727776296,0.01831373305798031,BiLSTM
S36,0.30712848735161896,0.21134241650942698,0.2591948150309574,0.20667336874699543,0.01566091236100306,1D-CNN
S37,0.3015694472191816,0.24511393713028026,0.21394700002467404,0.2233935999509686,0.01597601567489771,1D-CNN
S38,0.2072407628968242,0.3149741947606008,0.19147395026488429,0.27589094912360207,0.01042014295408714,ANN
S39,0.2016788870735912,0.23521729507193523,0.255952354459805,0.2959741976519153,0.011177265742754076,LSTM
S40,0.2522840907501355,0.21044651110689183,0.27838718773623417,0.2406525501997629,0.01822966020697541,BiLSTM
S41,0.25058918953687187,0.22967410145505512,0.23770994716088792,0.2615203697453626,0.020506392101824256,LSTM
S42,0.2515808012108639,0.2338611520960289,0.25843539772197516,0.23872493504196213,0.017397713929173095,BiLSTM
S43,0.22170467520571105,0.2485995673331163,0.2581755623876613,0.2527419183517715,0.018778276721740945,BiLSTM
S44,0.26248754096282784,0.2521770507284341,0.2163744577332025,0.24808014951627963,0.020880801059256895,1D-CNN
S45,0.31341669866012395,0.21980990071834272,0.15367778915430128,0.2965643229493062,0.016531288517924698,1D-CNN
S46,0.2561728630624108,0.28696764993523305,0.18615354943492832,0.2565068066265694,0.014199130940858241,ANN
S47,0.23864973594774766,0.28315938370735344,0.24262359408846726,0.2207072880618558,0.014859998194577778,ANN
S48,0.23328131326471213,0.19721772172961125,0.2890240416399765,0.26458075310487983,0.01589617026081899,BiLSTM
S49,0.22564326781796376,0.22045603458627838,0.2762971108819639,0.26291875273198734,0.014684833981805171,BiLSTM
S50,0.21858357315724292,0.2635667291720683,0.2561921687758863,0.24759500580866262,0.014062523086138933,ANN
S51,0.0530890825727636,0.07797076967110893,0.14751861177788683,0.7075733958496032,0.013848140128638498,LSTM
S52,0.303418432297568,0.21658453208068995,0.15537899752878653,0.31545685166889825,0.009161186424057235,LSTM
S53,0.28728142400514695,0.2144447476504623,0.2312592502822952,0.25487766870045914,0.012136909361637319,1D-CNN
S54,0.5399172789740385,0.10213039995184489,0.1635765337926204,0.17616233553105484,0.01821345175044087,1D-CNN
S55,0.2682966608311826,0.20863620278276152,0.21422542262292024,0.2653355298798056,0.043506183883329747,1D-CNN
S56,0.34815060712590373,0.22269733701123304,0.14768433425907573,0.25675972460189705,0.024707997001889734,1D-CNN
S57,0.29312108180340896,0.1362146118344816,0.23584753518438079,0.31215040640557473,0.02266636477215343,LSTM
S58,0.34668080735038825,0.1394822402172871,0.24587526350189365,0.25358194408654006,0.014379744843890013,1D-CNN
S59,0.19752965799608785,0.22378440313186482,0.2774545361464188,0.2888053843205076,0.01242601840511771,LSTM
S60,0.1836788638913142,0.33435077295905186,0.2384846230112084,0.23351089218199533,0.009974847956427632,ANN
S61,0.1340504741513097,0.2336046876057036,0.31723389309923716,0.2985787693167969,0.016532175826951854,BiLSTM
S62,0.13817610552182735,0.260510784363646,0.35984727902727826,0.21836525374197768,0.0231005773452713,BiLSTM
S63,0.19978728411198174,0.47926635522604466,0.23402058346932225,0.07887160676625958,0.008054170426390447,ANN
S64,0.21694297125910866,0.2491211255828516,0.4458660678070771,0.08132709634389723,0.006742739007065827,BiLSTM
S65,0.18339453867030822,0.3249049355735444,0.2650371076050619,0.21054294683330038,0.016120471317785354,ANN
S66,0.20663933181284835,0.26341459632400643,0.21775859412784937,0.29968507752786505,0.012502400207429515,LSTM
S67,0.3237308158051439,0.23061890456309955,0.1952607956102836,0.23859809423502118,0.011791389786451464,1D-CNN
S68,0.41858603714953463,0.24727293221740618,0.1509597241933813,0.1671057901019112,0.016075516337766375,1D-CNN
S69,0.277961323985838,0.32196206773442876,0.18260969903745913,0.1925518349926599,0.024915074249615223,ANN
S70,0.22665022895997172,0.2605890191336498,0.28287855179694826,0.20680069644783242,0.023081503661597613,BiLSTM
S71,0.31454130077411496,0.2446115729856289,0.24526462249480666,0.17634109491415398,0.01924140883129513,1D-CNN
S72,0.30085725585412665,0.26664316991101655,0.21041675337849106,0.19869166401229346,0.02339115684407265,1D-CNN
S73,0.3495182369958645,0.22342083775884564,0.17276296061834567,0.23247714404985725,0.02182082057708882,1D-CNN
S74,0.24361567204563353,0.303267534681477,0.19497553328905026,0.24320419338685983,0.014937066596978452,ANN
S75,0.22202030820248536,0.24858320558608288,0.24898761682510498,0.2701047127911994,0.010304156595127446,LSTM
S76,0.2551636469783142,0.210400366660932,0.2914069728728366,0.23262880550363674,0.010400207984281469,BiLSTM
S77,0.2498568401161409,0.2005447046887208,0.2820941120998538,0.2551304719902352,0.012373871105047842,BiLSTM
S78,0.4414363056948727,0.2771435061030047,0.15672838966217373,0.11964551881669981,0.005046279723246373,1D-CNN
S79,0.22441962355807468,0.3205785201118338,0.24802143932583587,0.19915668451710294,0.007823732487149767,ANN
S80,0.2715546908591611,0.223738043509678,0.2640826060234171,0.2247072207407835,0.01591743886695973,1D-CNN
S81,0.33464879923419144,0.175767180327619,0.18407384281252528,0.28780560109414216,0.01770457653152229,1D-CNN
S82,0.3584203989528833,0.17952234070613574,0.17462033537926508,0.27144497946359186,0.01599194549812434,1D-CNN
S83,0.31823814294674213,0.22681508919124976,0.23328169601301837,0.2062544419783854,0.01541062987060412,1D-CNN
S84,0.30798749506509293,0.23808786375674446,0.2512194531313368,0.1866696519216783,0.016035536125148003,1D-CNN
S85,0.22506146312043834,0.24135992779832038,0.24679294045846603,0.2749182680294764,0.011867400593297658,LSTM
S86,0.34382726945931025,0.15726015117992384,0.24520411095328806,0.24488075897246894,0.0088277094350072,1D-CNN
S87,0.2565133836230767,0.28776501918677716,0.2602624369456769,0.18742565314129828,0.008033507103171288,ANN
S88,0.15844143148850456,0.24290841345500122,0.3851438601173035,0.20461249309455323,0.008893801844639527,BiLSTM
S89,0.14439967310372692,0.16108631706183413,0.4382679497569894,0.2441678366066247,0.012078223470824113,BiLSTM
S90,0.16353744339780932,0.2664954239710284,0.3551592285824971,0.2026141338687011,0.012193770179963669,BiLSTM
S91,0.12654352732982785,0.21114804034991305,0.2586110575362645,0.3812707382240205,0.022426636559974986,LSTM
S92,0.23363362961229797,0.209571998813532,0.21657583933224403,0.3226741497905886,0.01754438245133886,LSTM
S93,0.4022045515778027,0.2836727775014666,0.14121000189807306,0.16036202524574755,0.01255064377691211,1D-CNN
S94,0.3754272728912138,0.2280226730876636,0.18230144083573094,0.19662417576807045,0.01762443741732139,1D-CNN
S95,0.3536012996966309,0.23315856640427252,0.18188210482452377,0.21447870069395208,0.016879328380620083,1D-CNN
S96,0.3348704221467909,0.28376925427974353,0.15752465763043194,0.2108757854451554,0.012959880497880454,1D-CNN
S97,0.24611455250273165,0.27518355520150795,0.19799079340757586,0.26598365525922324,0.014727443628960953,ANN
S98,0.24136855607171495,0.21760193672434963,0.2314160982865049,0.29634393404982506,0.01326947486760631,LSTM
S99,0.20614250231555248,0.24319431281846285,0.26731600687342066,0.27011564757000667,0.013231530422560553,LSTM
S100,0.1894537285490842,0.387466545083249,0.21735141722390963,0.19519543114268043,0.010532878001074561,ANN
S101,0.15711465961691046,0.2575898362784359,0.3373460404370242,0.23057678039533283,0.017372683272295564,BiLSTM
S102,0.11359294293104923,0.18461796083648357,0.3907642849079486,0.27691413227360534,0.03411067905091289,BiLSTM
S103,0.13129504848154716,0.20467553575219233,0.24691335382242208,0.3914842569196459,0.02563180502419318,LSTM
S104,0.18995879474878166,0.25246610001047665,0.18551152747088967,0.3587366184530588,0.013326959316793572,LSTM
S105,0.3792257379003321,0.39252665967502925,0.09253799411062152,0.13008376800152854,0.005625840312490142,ANN
S106,0.6184183327187651,0.24276120409493224,0.06693378984213245,0.06620283902663365,0.005683834317537059,1D-CNN
S107,0.20654252895893654,0.5367124297534622,0.13686222920416433,0.10980875102646777,0.010074061056968807,ANN
S108,0.3332480054336712,0.34333974257655214,0.18257966115417987,0.12922022263231944,0.011612368203276942,ANN
S109,0.3373631619980856,0.33477885698350335,0.17931743890809568,0.13753358183698677,0.011006960273330132,1D-CNN
S110,0.21179448660449482,0.22855022747504739,0.23918626362570458,0.2879424469232118,0.032526575371541466,LSTM
S111,0.17977523053932729,0.2915602271145701,0.20828716301379271,0.27778616630338715,0.04259121302892246,ANN
S112,0.18799551248107071,0.17904264021440472,0.206658351773255,0.37103219546669364,0.05527130006457567,LSTM
S113,0.19460964923620153,0.22913007966494567,0.2080742229095439,0.3181866994597742,0.0499993487295349,LSTM
S114,0.1620592739297708,0.27975043736936667,0.2029162855901835,0.31606151838150753,0.03921248472917096,LSTM
S115,0.24669490983954628,0.26282323832910953,0.20871632361220943,0.26624781574554474,0.015517712473589362,LSTM
S116,0.3007915246230749,0.3725360337508737,0.15460717503392943,0.16179187173280518,0.010273394859317678,ANN
S117,0.2393838006128712,0.32773560486123704,0.14138503714330214,0.2767711477770562,0.014724409605534011,ANN
S118,0.19282479715233808,0.2872413929324818,0.1679560025859912,0.33550669222619195,0.016471115102996956,LSTM
S119,0.16452599374019372,0.35745406787190687,0.17588218438233869,0.2887908025906376,0.013346951414923402,ANN
S120,0.2862022678135413,0.19475299520199155,0.24356021620385143,0.2514395370633104,0.024044983717306,1D-CNN
S121,0.29310676023448556,0.2294351123547962,0.1737158638936642,0.2632142493640886,0.04052801415296578,1D-CNN
S122,0.2570657155918356,0.22481365145050955,0.13744782592944998,0.363283526149217,0.017389280878989718,LSTM
S123,0.24863878365098616,0.2357287091167852,0.14773560619875034,0.3556483499450232,0.012248551088459,LSTM
S124,0.33325601281531186,0.14811981599963886,0.22716689940538487,0.2746371371441812,0.016820134635482993,1D-CNN
S125,0.20966606691686512,0.15882510070307768,0.33423475767765665,0.2757648241144233,0.02150925058797809,BiLSTM
S126,0.1646215179159408,0.19484182516795376,0.3168988248876498,0.30906954594738784,0.014568286081064792,BiLSTM
S127,0.2726826733731006,0.23186652014207784,0.29471081645709574,0.19168410686391418,0.009055883163812036,BiLSTM
S128,0.22668841158970582,0.2602887785545519,0.29376836700231684,0.20951521283415825,0.009739230019268562,BiLSTM
S129,0.2715663020104083,0.27414488375072965,0.2534073389315047,0.19093789906922096,0.009943576238137493,ANN
S130,0.23718318699335292,0.28971075540351454,0.212961332709842,0.25011644917571413,0.010028275717576016,ANN
S131,0.20665517439415373,0.20520011455907913,0.27965632102437155,0.2971769543178306,0.011311435704563123,LSTM
S132,0.21130558404034086,0.19312039489545374,0.30963023764066583,0.266608923879562,0.019334859543978525,BiLSTM
S133,0.22558044809482608,0.20399417561643796,0.2805312393926443,0.2596440263792026,0.030250110516889958,BiLSTM
S134,0.25676652966283,0.22697354673511913,0.1936824069769956,0.2978708213479868,0.024706695277067526,LSTM
S135,0.23699308882121295,0.2239066070964111,0.18587723154796773,0.32733237072499716,0.025890701809411838,LSTM
S136,0.3040977606166757,0.17801942768821913,0.1503637325004089,0.34836334550391523,0.01915573369078228,LSTM
S137,0.23643681277099948,0.16566654557473717,0.24965283845242592,0.3251087416311897,0.023135061570648038,LSTM
S138,0.14574935278516168,0.19760139006277802,0.285825871301901,0.3549002676718258,0.015923118178334875,LSTM
S139,0.22534100372487734,0.24277123904905876,0.2765972428979668,0.24249339252345373,0.01279712180464625,BiLSTM
S140,0.2245399672844953,0.25851342244914505,0.2708783513096243,0.23152036589512898,0.014547893061607172,BiLSTM
S141,0.17399880443543514,0.315179746624582,0.27383439975707996,0.22529362771575231,0.011693421467152108,ANN
S142,0.23417287217214586,0.37659768592108694,0.20926667329634208,0.1689439931603943,0.011018775450029588,ANN
S143,0.25623645918923793,0.2507546598360641,0.18194496241694383,0.2949210379115918,0.01614288064616607,LSTM
S144,0.20908514801495434,0.2309895673825236,0.23912242947570914,0.30526611583413915,0.015536739292669993,LSTM
S145,0.22092258644861407,0.19876930948129307,0.32221826657932684,0.2410174196235365,0.01707241786722886,BiLSTM
S146,0.22942377092152574,0.22014956192590393,0.32916336802051493,0.20183466909937403,0.01942863003268084,BiLSTM
S147,0.2153322748097825,0.4119933990467071,0.1497947513443591,0.2043390096119516,0.018540565187198644,ANN
S148,0.3162157668915548,0.22421341289138058,0.12340096034863021,0.3137829913209246,0.022386868547508883,1D-CNN
S149,0.3476513477062214,0.3502542687214899,0.10840483400831102,0.17472285551027084,0.018966694053706944,ANN
S150,0.3726022618319374,0.30583413171764123,0.11826771614022741,0.18698472661533008,0.01631116369486285,1D-CNN
S151,0.2735288612826527,0.27728122379316544,0.22533283000407295,0.2054337756817278,0.018423309238382837,ANN
S152,0.1771600390885238,0.19103271324158075,0.27673464131287034,0.3437532241138806,0.011319382243145748,LSTM
S153,0.11816141131921781,0.3557315860531141,0.25203641074598837,0.2648999300868416,0.009170661794838615,ANN
S154,0.22673932047224182,0.21728015526147137,0.22561772064132413,0.3197883650134955,0.010574438611467953,LSTM
S155,0.3004785369084862,0.1993843118546622,0.20701335586760158,0.28037736530818586,0.0127464300610648,1D-CNN
S156,0.25318397118265346,0.23348198865189868,0.23277713092861832,0.26104762214742283,0.019509287089406104,LSTM
S157,0.29306325190389665,0.16529944082879608,0.2795772486099475,0.23621407766580754,0.025845980991552855,1D-CNN
S158,0.22787224006164972,0.3429188594690644,0.208218533219542,0.19774224472318871,0.023248122526556655,ANN
S159,0.23808335972484654,0.37931390646324,0.14338630672142183,0.22519965380372595,0.014016773286766971,ANN
S160,0.22723204805007746,0.28535657750307014,0.15341842802476882,0.3224594520123686,0.011533494409714646,LSTM
S161,0.2846053964732696,0.16185386783851605,0.21470174444643247,0.32431157362907687,0.014527417612705368,LSTM
S162,0.14888025935581448,0.22200764645638163,0.2936842829181903,0.3206111871012945,0.014816624168319536,LSTM
S163,0.15459142533908993,0.1913178726824457,0.384540126640539,0.25625978663548793,0.013290788702435977,BiLSTM
S164,0.22544024528806125,0.16076318671112722,0.39481879588685675,0.20878660182583164,0.010191170288122983,BiLSTM
S165,0.2288550684797715,0.2525571496624991,0.3209974579648428,0.1833115881034647,0.014278735789422084,BiLSTM
S166,0.2655550679684942,0.22718883264804915,0.1992005000228319,0.27606169813068177,0.031993901229942716,LSTM
S167,0.19093052709951006,0.11579066556112022,0.10355105863895134,0.579386828416249,0.010340920284170583,LSTM
S168,0.23652898842755446,0.19843670054889292,0.1969599090942862,0.35482483326739306,0.013249568661873583,LSTM
S169,0.2642951797580299,0.14364035109225498,0.297552621084141,0.279275677152527,0.015236170913047933,BiLSTM
S170,0.13003227301718753,0.11504480672264446,0.47924101641944655,0.2604055396933085,0.015276364147412048,BiLSTM
S171,0.2174383215189593,0.1555519248945611,0.2794843395886445,0.3339148030075045,0.013610610990330925,LSTM
S172,0.24623653802607237,0.1618669861578924,0.33817806162805225,0.23464637656104492,0.019072037626939167,BiLSTM
S173,0.21510049267684378,0.18256106631243418,0.30903633869232044,0.2619441643690095,0.03135793794939213,BiLSTM
S174,0.21231840607015784,0.20228162588097987,0.30265461856896686,0.25801278623609714,0.024732563243797714,BiLSTM
S175,0.2120665307122873,0.23091973310167455,0.2904904154133444,0.25109617613723784,0.015427144635455518,BiLSTM
S176,0.13400362496943907,0.41698241347026604,0.26373254183726386,0.17665833773657502,0.008623081986455824,ANN
S177,0.2344767532480544,0.248287906043446,0.30278557590385763,0.2048816395581562,0.009568125246485957,BiLSTM
S178,0.12597185911754036,0.1273596513530912,0.5308318653262235,0.20470724182298564,0.011129382380161706,BiLSTM
S179,0.1653100083431748,0.31364432466426856,0.3579649615787129,0.15651872452163798,0.006561980892209048,BiLSTM
S180,0.1819002084901111,0.3578728911429825,0.38940362482204527,0.06771340369295469,0.003109871851906522,BiLSTM
S181,0.20792790879484813,0.3621523486656535,0.3190185213956581,0.10479632708821283,0.006104894055625599,ANN
S182,0.16098059029089906,0.3404191588205412,0.2507797754016375,0.23353000495998016,0.014290470526942866,ANN
S183,0.20784111279008252,0.2983059639880131,0.18431077060319823,0.2855325186291332,0.024009633989571913,ANN
S184,0.22159714180490478,0.41799685496557226,0.11859998652209966,0.23276257696745845,0.009043439739966722,ANN
S185,0.34678169109359175,0.32591166982788744,0.15668503776910583,0.16036785822748015,0.010253743081937204,1D-CNN
S186,0.3518789420268462,0.3005367980944786,0.16988661476828756,0.16749059492058946,0.010207050189799245,1D-CNN
S187,0.2267861575129771,0.29006855620242816,0.2572747258977543,0.21077200137026153,0.015098559016580158,ANN
S188,0.22657650275638744,0.3661842063375898,0.18481229863336626,0.20683347524262582,0.015593517030029081,ANN
S189,0.26300050394508784,0.25134042573889576,0.20277787239540224,0.24854231560255993,0.03433888231805447,1D-CNN
S190,0.23121511030648684,0.318237795102778,0.20531339727478617,0.2124495078916953,0.03278418942425397,ANN
S191,0.2723011849169054,0.22742753579480418,0.2046961189912471,0.2634131919490928,0.03216196834795178,1D-CNN
S192,0.24847741138460408,0.29482222741102376,0.1873751828478999,0.2421202847261213,0.027204893630351844,ANN
S193,0.21685566737422315,0.38080638482024765,0.13724714790713852,0.24485102685206217,0.020239773046328034,ANN
S194,0.22375660021555638,0.3873281185052807,0.1506836814049313,0.22031737151614217,0.01791422835808993,ANN
S195,0.22473252908354197,0.24771276478092416,0.22278524222644477,0.289082196278879,0.015687267630208807,LSTM
S196,0.2139646346373295,0.28157732027729243,0.2671748425807012,0.22614192251264068,0.01114127999203676,ANN
S197,0.22034450986130102,0.30631003500245413,0.26110848646981216,0.2022083837516874,0.01002858491474359,ANN
S198,0.23454444097516614,0.2752969750634914,0.26758667500707595,0.20553677532669518,0.017035133627573834,ANN
S199,0.21793165336568956,0.2560216974727187,0.2285291221757144,0.2665685281855317,0.030948998800345243,LSTM
S200,0.2386465282098072,0.2269331987436169,0.25268046742647743,0.2569169882834064,0.024822817336692938,LSTM
S201,0.20657977227604238,0.46095023989209066,0.16417137724961517,0.15519440445619886,0.013104206126052358,ANN
S202,0.3100281352712573,0.29123389165835295,0.16135424332034934,0.22475960236202297,0.012624127388017721,1D-CNN
S203,0.2632463173837667,0.3783314482895307,0.1514153044535584,0.19414955382289115,0.012857376050255009,ANN
S204,0.3637781042140733,0.2781613591049996,0.14075462895646487,0.20033251747428443,0.016973390250178657,1D-CNN
S205,0.28316823766370636,0.3363215947643415,0.17498281159114007,0.1871191828687902,0.01840817311202184,ANN
S206,0.23791554996877498,0.31763003716872473,0.22435315199586006,0.20319961732480774,0.016901643541831372,ANN
S207,0.2725450005745074,0.2808024992603065,0.2277418201535615,0.20204682956502218,0.016863850446602872,ANN
S208,0.31352826960894936,0.25121808597543066,0.18780645030985185,0.22456615040586372,0.02288104369990489,1D-CNN
S209,0.26694100485109434,0.2491627031696992,0.13944503480542927,0.3158098878204243,0.028641369353351646,LSTM
S210,0.2169283503261215,0.33871270796517516,0.14616635739846806,0.28403879502921625,0.014153789281015931,ANN
S211,0.258664652539443,0.3030155887640231,0.20831283458457905,0.21674868100527794,0.0132582431066766,ANN
S212,0.21182026405591442,0.19560517488974988,0.31958746785692,0.2559151032690156,0.017071989928398333,BiLSTM
S213,0.2382723278657082,0.20490007684210548,0.2885125008840124,0.24624471032254558,0.022070384085629058,BiLSTM
S214,0.3236783029482741,0.28415935624571304,0.15191353431192814,0.2167029120765506,0.023545894417533433,1D-CNN
S215,0.19997076887197757,0.2605842806559129,0.1906377676251195,0.31938039655228745,0.029426786294703525,LSTM
S216,0.2405027073910772,0.3997071088215553,0.16667056992376994,0.1788293494751943,0.014290264388404231,ANN
S217,0.2930529936960983,0.24524673483766954,0.22048153844291898,0.2240347972935329,0.01718393572977924,1D-CNN
S218,0.16085615645599016,0.4718122609316223,0.15351634658400462,0.20063369445726884,0.013181541571113656,ANN
S219,0.20318301522320437,0.35970755579071084,0.18289798690735912,0.23580193057155893,0.018409511507167842,ANN
S220,0.1834809914716871,0.3204988193606444,0.2144965316215805,0.263152192312279,0.01837146523381046,ANN
S221,0.21936097027319967,0.3163524970428729,0.29079842164779823,0.15867068271157933,0.014817428324550247,ANN
S222,0.2545421699621007,0.3766568666472253,0.16544918185836568,0.18699571838671114,0.016356063145597524,ANN
S223,0.2971913304979604,0.32627422650519994,0.1574045394786098,0.19825228990807217,0.02087761361015694,ANN
S224,0.3341009553808927,0.22760122791211293,0.12025385280380836,0.2896551522936289,0.02838881160955851,1D-CNN
S225,0.24763715775851752,0.37795030945943664,0.11806461583926713,0.24146329969387748,0.014884617248899189,ANN
S226,0.29789070452118827,0.42821975244216043,0.13030954144697263,0.12400728698816958,0.019572714601510853,ANN
S227,0.47619210812706436,0.2946598263024397,0.09612199348256589,0.12028200369937048,0.012744068388561208,1D-CNN
S228,0.3376112483923412,0.39721123551522375,0.12741538367137525,0.1246180029381485,0.013144129482911125,ANN
S229,0.22047122364497715,0.3436441380893739,0.15248350590834114,0.2709929729595186,0.012408159397789697,ANN
S230,0.26335413041025035,0.31612126364519294,0.20601640851376823,0.20058844882572052,0.013919748605065452,ANN
S231,0.31544243317926746,0.2590529580554893,0.17744335669684366,0.22586469429510478,0.022196557773293154,1D-CNN
S232,0.24362348244740645,0.2427557718268351,0.19784361485914145,0.2980834049640896,0.017693725902528875,LSTM
S233,0.25540500746093603,0.26793699869564364,0.246825176425638,0.208381544423556,0.021451272994226476,ANN
S234,0.3302191580704378,0.21966702620665637,0.19302008849851945,0.2252162130356682,0.0318775141887165,1D-CNN
S235,0.25809884855109616,0.33977488912638226,0.1715910903264413,0.20416739539012596,0.026367776605954737,ANN
S236,0.3414256332657208,0.27215838304361706,0.16425700010246921,0.20541039933788577,0.0167485842503074,1D-CNN
S237,0.30474101723492925,0.3216413470838917,0.16159258000491153,0.20099007665940624,0.011034979016861273,ANN
S238,0.2625683183275124,0.2553510262457293,0.24576751102225963,0.22096962957478772,0.015343514829709892,1D-CNN
S239,0.25334089558978123,0.23733188128283197,0.24423036337757678,0.24952278691657306,0.01557407283323842,1D-CNN
S240,0.24060618591719363,0.268903279880429,0.2332658165191369,0.24092837658583532,0.016296341097406266,ANN
S241,0.2154730130402292,0.23541068424184874,0.25406144280744836,0.27205307988799443,0.02300178002247922,LSTM
S242,0.15763601681227324,0.28078310425777586,0.18341149998688158,0.36271851814432504,0.015450860798743617,LSTM
S243,0.27171266040987185,0.30298340571670873,0.15241522897225968,0.2584113095636922,0.014477395337467993,ANN
S244,0.4262192898045742,0.11525440946171182,0.09527435186320661,0.3492642426314311,0.013987706239077712,1D-CNN
S245,0.21321603922082807,0.26279174624253476,0.15504921619470638,0.34526054453007154,0.023682453811859773,LSTM
S246,0.3121669589196913,0.28214626654518726,0.17874608678616924,0.20244956701524186,0.02449112073370864,1D-CNN
S247,0.26211285301690307,0.2629586941416251,0.23610393988201403,0.2167531949181005,0.02207131804135793,ANN
S248,0.245788571400343,0.1879907465111587,0.2614063154990802,0.2875049485683117,0.017309418021107324,LSTM
S249,0.3152774542363766,0.22627488091831455,0.20596670446848597,0.24096696618817343,0.011513994188649419,1D-CNN
S250,0.3730657292297489,0.17928899109426574,0.2002195272527265,0.2350278630757861,0.01239788934746983,1D-CNN
S251,0.22436717207316,0.2424554415164238,0.23830727365569504,0.28327222228119203,0.011597890473528811,LSTM
S252,0.21197449478921593,0.2115646417741043,0.3244879368460176,0.23891202771410947,0.013060898876554034,BiLSTM
S253,0.2245833908012219,0.19926937656919266,0.3184176420818911,0.24107089553588712,0.016658695011804173,BiLSTM
S254,0.203629478094727,0.34505195015557427,0.26760101043909745,0.1661470663365833,0.017570494974017102,ANN
S255,0.1605484111175554,0.37554822039544206,0.16603296716550695,0.28246304946432216,0.015407351857173244,ANN
S256,0.21514006233098182,0.2009568668604518,0.162311203745709,0.40908268831939004,0.012509178743464246,LSTM
S257,0.26872974803605004,0.21976494716536202,0.16544532425386307,0.3302046388864283,0.015855341658296298,LSTM
S258,0.25565786193897516,0.25025966334451555,0.18622206804744457,0.2931136904636208,0.01474671620544134,LSTM
S259,0.13078216098224674,0.17897614190078318,0.3676625101152962,0.30764099350131074,0.014938193500361846,BiLSTM
S260,0.2672187557807436,0.17338423855512772,0.3213125702665567,0.2237534842885665,0.01433095110900278,BiLSTM
S261,0.20872481393401962,0.2266226023153427,0.20633804282312398,0.328877235667739,0.02943730525977338,LSTM
S262,0.29867045226930966,0.13967729597194195,0.11588409562517771,0.43362137963973535,0.01214677649383462,LSTM
S263,0.30693036301542925,0.17784859411802972,0.19279915449277762,0.30680936164207506,0.015612526731685302,1D-CNN
S264,0.2618648292783215,0.2808300261287765,0.22481592670512743,0.214374287978881,0.018114929908891995,ANN
S265,0.2265358191126901,0.17158511047804714,0.3110875146692157,0.27389609551494165,0.01689546022510575,BiLSTM
S266,0.21131924658388146,0.19868088871238437,0.32653958611183836,0.2534637670812157,0.009996511510684983,BiLSTM
S267,0.3037863927465488,0.2187643342409863,0.253402436536032,0.21241695372217825,0.011629882754256853,1D-CNN
S268,0.21404098035094007,0.19047282820737277,0.22090874460134977,0.3495505683014213,0.025026878538915612,LSTM
S269,0.20662977308312164,0.15708015212767312,0.2913556484014991,0.31815298785373264,0.026781438533972992,LSTM
S270,0.1397311015731453,0.26777721259015214,0.33771876955262253,0.2393756371373491,0.015397279146729913,BiLSTM
S271,0.17400471526978797,0.23741026492524117,0.4000354349508798,0.17779370244108766,0.010755882413004667,BiLSTM
S272,0.19567445722954926,0.22713808015584108,0.3665141793283445,0.19757175035908034,0.013101532927185789,BiLSTM
S273,0.22128192102395258,0.20499853201266496,0.23669619120923382,0.3248937162914521,0.012129639462699843,LSTM
S274,0.23243605001261516,0.25924668936447814,0.2128328582015492,0.2824168386320577,0.013067563789301174,LSTM
S275,0.24987911058102863,0.2124472347927151,0.23988618576782947,0.27619197759036057,0.021595491268066237,LSTM
S276,0.19981743014013478,0.2773261673145915,0.25701872112045304,0.2451398718605958,0.020697809564226427,ANN
S277,0.23070693360349318,0.2147430607545017,0.30693164964699104,0.22928096836177025,0.018337387633243926,BiLSTM
S278,0.28063450602238155,0.22396735013571784,0.25671282867409373,0.21940458688923398,0.019280728278571854,1D-CNN
S279,0.24429089057057823,0.3727955505048407,0.16303434940614214,0.20435612654285815,0.015523082975582032,ANN
S280,0.278692140735475,0.2524827022736957,0.16684024024138633,0.29043508434047904,0.011549832408963807,LSTM
S281,0.2198929486592517,0.25479087796020194,0.24752379124529222,0.26472480191986486,0.0130675802153903,LSTM
S282,0.17630689822904624,0.22648079070758337,0.309073016061104,0.2745351871999041,0.01360410780236178,BiLSTM
S283,0.20262533303990304,0.19676023054571867,0.34433333490148327,0.24224395723903297,0.014037144273861019,BiLSTM
S284,0.2109664314069546,0.22913011897395172,0.31074003536838485,0.2330913102205471,0.016072104030164926,BiLSTM
S285,0.12231691013440638,0.1827795320443122,0.3200117043259526,0.3407765557842439,0.034115297711085256,LSTM
S286,0.1276096410209215,0.21883774393751965,0.2561537091105977,0.3715204882800471,0.025878417650914774,LSTM
S287,0.3625492961610702,0.24802411511802291,0.15599714850475477,0.2206725889121068,0.012756851304045004,1D-CNN
S288,0.3982881674719465,0.20295623857669873,0.1586800965882058,0.22314701305078308,0.016928484312366036,1D-CNN
S289,0.19153533058259625,0.42376530575804394,0.1447498306146321,0.22531905995191504,0.014630473092813364,ANN
S290,0.21728390710429388,0.2316772202541189,0.24236864398412541,0.29443430724947073,0.014235921407991603,LSTM
S291,0.21697837942656875,0.16744838819363372,0.31264668011870733,0.29048113006273374,0.012445422198357368,BiLSTM
S292,0.21634895921021322,0.2526187652685986,0.28681738461274514,0.23401480390917404,0.010200086999267898,BiLSTM
S293,0.2935999080689768,0.23502376442838444,0.2705631111930629,0.18896923213058803,0.011843984178987292,1D-CNN
S294,0.13811727182744177,0.27244483443577056,0.27335042307209606,0.30131886768508637,0.014768602979603718,LSTM
S295,0.17833763996014756,0.16533132197737688,0.24702034620585828,0.3956007584129373,0.013709933443681013,LSTM
S296,0.36197869722678117,0.19734689100018446,0.13558531205102217,0.29310981218871296,0.011979287533300883,1D-CNN
S297,0.39475552517896506,0.1613735479069814,0.08239676872315095,0.35365228066396415,0.007821877526941958,1D-CNN
S298,0.20728514604948084,0.3294556668501596,0.2031451306238842,0.23637214966861111,0.023741906807862964,ANN
S299,0.3035643544844168,0.2176907205397325,0.23381871093930257,0.22735528437264435,0.017570929663902814,1D-CNN
S300,0.23434058806875183,0.2048251346452691,0.3306846095445671,0.21655419953486071,0.01359546820655141,BiLSTM
S301,0.2298523063527305,0.1975352837343556,0.29020532174963487,0.269275322153365,0.013131766009913441,BiLSTM
S302,0.3236192336525854,0.20976404368377577,0.22238202773905544,0.2320835055528225,0.01215118937176307,1D-CNN
S303,0.22330875106403864,0.24754485018278732,0.22144188544523263,0.2950473823476424,0.01265713096030137,LSTM
S304,0.17439998051626054,0.15875038294728913,0.3927505057319944,0.26196456227184367,0.012134568532613191,BiLSTM
S305,0.18626676540420972,0.1794889598639242,0.38346417707600644,0.23273008162969044,0.018050016026168434,BiLSTM
S306,0.1814311173842653,0.23246556322727002,0.3228857147025644,0.24306603530188067,0.020151569384020268,BiLSTM
S307,0.1369247776641826,0.24974701447507214,0.22666633428866984,0.36788888766351474,0.01877298590856185,LSTM
S308,0.3307529797154025,0.24245256283669836,0.16375849446041346,0.24581906355264463,0.017216899434842357,1D-CNN
S309,0.49159674222348826,0.16181337260190787,0.11377560051791204,0.2185294038551503,0.01428488080154177,1D-CNN
S310,0.2914960272107123,0.34054775723935043,0.11611358380722624,0.23604860514432496,0.015794026598386333,ANN
S311,0.09591847054798364,0.15675249875260963,0.33459933906683303,0.3972857561715655,0.015443935461007403,LSTM
S312,0.18618257784651887,0.2700546945010359,0.30901831777669836,0.22369028889692597,0.011054120978818803,BiLSTM
S313,0.21191876213568087,0.22729399257546445,0.2438913663994898,0.30301460086827087,0.013881278021092265,LSTM
S314,0.20161787286089058,0.2492641010560885,0.24579499709030866,0.289256242426426,0.014066786566285462,LSTM
S315,0.21667908919538237,0.26616926058985085,0.23932337567106354,0.2627380889395532,0.01509018560414745,ANN
S316,0.11024351712640351,0.2864977950682918,0.27895417890531127,0.3084406327688333,0.015863876131160075,LSTM
S317,0.12886401653907542,0.19008336884644117,0.34737830685646537,0.31067229319355744,0.02300201456445934,BiLSTM
S318,0.16546484289107563,0.22601119388327753,0.2766329778170938,0.31222816076066034,0.019662824647892284,LSTM
S319,0.09345885024036425,0.22697285301938738,0.22080935577092167,0.4406134740893275,0.01814546687999997,LSTM
S320,0.2182492990886034,0.2563834723239734,0.14546725570842903,0.36129712248443074,0.01860285039456459,LSTM
S321,0.31153058889823954,0.15714078006544893,0.13461184482327185,0.37577447002534586,0.020942316187692232,LSTM
S322,0.26319182632813354,0.23175791816132946,0.1805153258623583,0.2821871775920975,0.042347752056080885,LSTM
S323,0.40619042643735254,0.17133211074135843,0.14339334459708047,0.25035359884896924,0.028730519375240307,1D-CNN
S324,0.2531728640358367,0.3124333885728001,0.1973825537882677,0.20683446618539775,0.030176727417698532,ANN
S325,0.30063815607317923,0.22229372191200739,0.20288609351676437,0.2503296268574155,0.02385240164063294,1D-CNN
S326,0.29171188732106224,0.23504059234057165,0.1977392047568681,0.2581722278031134,0.017336087778385023,1D-CNN
S327,0.17911672645905918,0.2046781154572375,0.2941046477306451,0.3113823341063533,0.010718176246706587,LSTM
S328,0.19831852668313849,0.23043983346693822,0.3128870206626938,0.24886255587535544,0.009492063311875132,BiLSTM
S329,0.24649644511734664,0.21450528787095935,0.29325321049379327,0.2344147020263033,0.011330354491595413,BiLSTM
S330,0.24858033840117635,0.20158029405008088,0.2852489294930212,0.25159549389991726,0.012994944155804114,BiLSTM
S331,0.23044878552297585,0.18485041936508753,0.3510160194798573,0.22275808542955206,0.010926690202527832,BiLSTM
S332,0.21109760128230806,0.20371923706764833,0.3785105048315847,0.18963887136831542,0.01703378545014231,BiLSTM
S333,0.25679601599706964,0.24629174570214715,0.22355676590406176,0.2437385544342402,0.029616917962480324,1D-CNN
S334,0.26007222361501675,0.20703358246235953,0.1708279826488959,0.34059400174540805,0.021472209528319467,LSTM
S335,0.28215029403085745,0.221627720506745,0.16119043630416696,0.3188601574534473,0.016171391704784273,LSTM
S336,0.28825072117458966,0.2324448084833977,0.22414586672550924,0.23760263453045402,0.017555969086047504,1D-CNN
S337,0.14962619252332615,0.12500188216954097,0.38524146611197835,0.3225037737785813,0.01762668541657268,BiLSTM
S338,0.07581743998868504,0.09205049706986546,0.4356340211702744,0.38625253744415117,0.01024550432702206,BiLSTM
S339,0.3363764415009527,0.27420325433908527,0.28696612590797527,0.09900138321803574,0.003452795033950922,1D-CNN
S340,0.23706265933545093,0.19405987297704821,0.368406064213426,0.18767724883296152,0.012794154641115347,BiLSTM
S341,0.17762922127620706,0.24227075768812373,0.2468602016495565,0.2997343068040186,0.0335055125820942,LSTM
S342,0.17669963394950755,0.17857373985686587,0.31582283757674107,0.30903677790038625,0.019867010716498358,BiLSTM
S343,0.12325607203916035,0.28490755317439115,0.3473296283709925,0.2326965521413555,0.011810194274098976,BiLSTM
S344,0.21339558078647328,0.20011566327210403,0.2574601760423195,0.3152639158191878,0.013764664079911084,LSTM
S345,0.25032223683501953,0.26712593398971907,0.21227039255724528,0.2509513122875032,0.019330124330513673,ANN
S346,0.2359720075445007,0.1809544872117579,0.18020129637715998,0.38339412769847914,0.01947808116810489,LSTM
S347,0.1659925143721582,0.21737268292687736,0.22766835772646346,0.37000543664870866,0.01896100832579204,LSTM
S348,0.20081531711966108,0.2653984314921452,0.3029428954762289,0.20942651552335315,0.021416840388612236,BiLSTM
S349,0.25806423867897504,0.2568944755804991,0.21182599970766142,0.2538815441462553,0.01933374188661049,1D-CNN
S350,0.2213175721737303,0.21998689207435895,0.23546554776572579,0.31089411019470253,0.012335877791483625,LSTM
S351,0.2925580252117498,0.24853253504177722,0.204410597201308,0.24334224987206002,0.011156592673105432,1D-CNN
S352,0.30964280493645047,0.24393533777895654,0.1952935375665267,0.2342944947620403,0.016833824956027445,1D-CNN
S353,0.22052279834915503,0.19199570810733801,0.2579796992509503,0.31080383823613655,0.018697956056417452,LSTM
S354,0.23788073938100318,0.18854569579851907,0.29712492355388476,0.26005420803128254,0.016394433235309612,BiLSTM
S355,0.2484995630808346,0.20409308237177623,0.3007225753972448,0.22909596757838008,0.017588811571765367,BiLSTM
S356,0.25961410877891855,0.22094162714847757,0.24512031649813,0.25094784148778937,0.023376106086682488,1D-CNN
S357,0.32919010392352255,0.24918839763299439,0.1938045946690385,0.20993185648464835,0.017885047289796042,1D-CNN
S358,0.27377035232114344,0.23226545848689248,0.22364499582904554,0.25229585111896485,0.018023342243956953,1D-CNN
S359,0.2596797161611491,0.2204093865944955,0.23326934927332357,0.27273717417018756,0.013904373800845716,LSTM
S360,0.1931868348088062,0.15598550346951226,0.38458312117712035,0.2525592074255958,0.013685333118965788,BiLSTM
S361,0.1327897825229091,0.1981809567992439,0.3879344721046748,0.2662291382219152,0.014865650351255996,BiLSTM
S362,0.2620577849352957,0.2706330658167923,0.3972941767205055,0.06584018424037608,0.0041747882870295586,BiLSTM
S363,0.19188129994214828,0.32665902028021165,0.37383849612630254,0.09841498229681185,0.009206201354527746,BiLSTM
S364,0.08491707232235322,0.4473365668536656,0.3119951575978692,0.14682471774466377,0.008926485481447482,ANN
S365,0.1816872923915108,0.3037433884892757,0.22762005301088703,0.27693404959292556,0.010015216515402646,ANN
