Segment,1D-CNN,ANN,BiLSTM,LSTM,Selected
S1,0.31321734312520416,0.283843042825912,0.34706312334948736,0.055876490699396084,BiLSTM
S2,0.32331603700203554,0.3175305779222775,0.30730701619550854,0.051846368880178066,1D-CNN
S3,0.3059395793192958,0.35061983452620227,0.2892130229739636,0.05422756318053845,ANN
S4,0.32146177457304903,0.3414201259344506,0.29419133612772763,0.04292676336477283,ANN
S5,0.3237357567033399,0.2835749130683822,0.3450959770672768,0.047593353161001904,BiLSTM
S6,0.341123058409334,0.3211172649467643,0.2921485948919746,0.04561108175192673,1D-CNN
S7,0.28934328387527414,0.34656870835264153,0.3056827672579382,0.05840524051414692,ANN
S8,0.26957175232445457,0.33424764210724234,0.3420756112288786,0.05410499433942404,BiLSTM
S9,0.2837162628357795,0.27653066193184817,0.3868739626712998,0.0528791125610722,BiLSTM
S10,0.2965129581115858,0.348101818399193,0.31351366117953705,0.04187156230968421,ANN
S11,0.28588445651315825,0.3646279046641703,0.30551045230413415,0.04397718651853712,ANN
S12,0.2773388556845557,0.38651819008405675,0.28768732215385573,0.048455632077531896,ANN
S13,0.26974425657867196,0.3791180835482158,0.2928570260177273,0.058280633855384616,ANN
S14,0.2725116848945141,0.44858663663890563,0.23319927010863264,0.045702408357947706,ANN
S15,0.4117411287086935,0.3741874720327911,0.18253323093960208,0.03153816831891324,1D-CNN
S16,0.36069487225120433,0.4173319184036537,0.1936333658670912,0.02833984347805128,ANN
S17,0.31715224939091513,0.368784858279218,0.27647297147176814,0.037589920858098286,ANN
S18,0.31964974963251536,0.3492821661100786,0.29255917920026947,0.03850890505713624,ANN
S19,0.3565942769369974,0.3407568733003153,0.2587559184934217,0.04389293126926646,1D-CNN
S20,0.3271432022632076,0.3275781444667055,0.28498600294045623,0.06029265032963061,ANN
S21,0.3462557983019347,0.42483844146108246,0.19071065898395997,0.038195101253021925,ANN
S22,0.39846128256424523,0.4019118855933722,0.167755925041609,0.03187090680077395,ANN
S23,0.2532076403638028,0.5101943267444906,0.20080117327349595,0.03579685961820989,ANN
S24,0.31524737931420793,0.37363104960353644,0.2606715637539999,0.050450007328255275,ANN
S25,0.29133847686518666,0.27321552740150234,0.38384680596124093,0.051599189772070155,BiLSTM
S26,0.32076880472592617,0.2641499974880882,0.3640086920642329,0.05107250572175294,BiLSTM
S27,0.25117690217726857,0.35412017387618255,0.3483885734635746,0.04631435048297441,ANN
S28,0.34652504519894384,0.3241272121157915,0.28956460442950177,0.03978313825576324,1D-CNN
S29,0.30954271658765775,0.27552536962415025,0.28455284515960166,0.13037906862859014,1D-CNN
S30,0.2262265004349571,0.4304843786859134,0.25556571341558026,0.08772340746354873,ANN
S31,0.3693532690959678,0.2933089448783548,0.2810989389887931,0.056238847036883824,1D-CNN
S32,0.3255475060103996,0.24884428737143585,0.3613324642894774,0.06427574232868712,BiLSTM
S33,0.294301640842489,0.26856192720368754,0.3735044867538822,0.06363194519994125,BiLSTM
S34,0.3194446147261519,0.28059333124834296,0.3488950088186008,0.051067045206904756,BiLSTM
S35,0.28589652162804885,0.3007151430127162,0.366380684175316,0.047007651183919266,BiLSTM
S36,0.34774036536353936,0.3062780243642805,0.3045277651513579,0.04145384512082278,1D-CNN
S37,0.34976295572736094,0.32202832299437,0.2860284402047312,0.042180281073538564,1D-CNN
S38,0.3105088546445402,0.3405021919006678,0.30178615048896795,0.04720280296582416,ANN
S39,0.3132819549278649,0.317045831580389,0.3229392136407991,0.04673299985094717,BiLSTM
S40,0.3198357541605125,0.29859782479216834,0.33548035016977146,0.04608607087754769,BiLSTM
S41,0.3143425752307946,0.31349710162386485,0.3256829620415335,0.046477361103806944,BiLSTM
S42,0.31986860939454625,0.31813373702522524,0.3172709739746453,0.04472667960558341,1D-CNN
S43,0.302889813970436,0.3228591097587164,0.3255045749342999,0.048746501336548724,BiLSTM
S44,0.3300907516532217,0.32783103279621945,0.2955272580696234,0.04655095748093515,1D-CNN
S45,0.35256041835385593,0.32623986603112876,0.2764227672052837,0.044776948409731364,1D-CNN
S46,0.3240801243225173,0.3389459345458526,0.29330476912822395,0.04366917200340597,ANN
S47,0.31190277791961757,0.33289994465376277,0.31167587691685716,0.043521400509762505,ANN
S48,0.31717593051292403,0.2881321733637945,0.3462952425844159,0.04839665353886518,BiLSTM
S49,0.30679448601362846,0.2946432572847997,0.34892938947834734,0.049632867223224617,BiLSTM
S50,0.24636605800009037,0.34368412548106386,0.35829427570787764,0.051655540810968674,BiLSTM
S51,0.14990678180056505,0.24222656216865818,0.45880784216947224,0.14905881386130512,BiLSTM
S52,0.3345405208486827,0.32607749375737244,0.2818898875153528,0.05749209787859186,1D-CNN
S53,0.2560886623969996,0.33581304660538125,0.3581353392184293,0.04996295177919001,BiLSTM
S54,0.5543628318448934,0.16595161034346945,0.24540668832797607,0.03427886948366164,1D-CNN
S55,0.36674830259981156,0.2859126426842024,0.29637049346933836,0.05096856124664756,1D-CNN
S56,0.4511295009891227,0.2513344458622892,0.2536105837524122,0.04392546939617574,1D-CNN
S57,0.34659012829673175,0.217857001335627,0.37672704294745846,0.058825827420182455,BiLSTM
S58,0.39760802227275327,0.20011352827578238,0.3519461525128982,0.0503322969385663,1D-CNN
S59,0.27306675115092893,0.28862855619177946,0.38446639408349975,0.05383829857379159,BiLSTM
S60,0.2583591271313538,0.37047295913711825,0.32694368209715496,0.04422423163437223,ANN
S61,0.17001320432866338,0.3145818418387837,0.45380029279756057,0.06160466103499257,BiLSTM
S62,0.17586024038186993,0.3542976027135518,0.4152208597940555,0.05462129711052246,BiLSTM
S63,0.2864061927130656,0.3994806536205144,0.28271784283192747,0.031395310834492374,ANN
S64,0.32537815590928604,0.3494227021182529,0.28695107208465676,0.03824806988780446,ANN
S65,0.25606966847501467,0.3426103461870846,0.33983978293400674,0.06148020240389391,ANN
S66,0.30135794481946737,0.35799893342873634,0.28264886163549474,0.057994260116301495,ANN
S67,0.3786317472690359,0.3418701630250258,0.2383101935990449,0.04118789610689286,1D-CNN
S68,0.4127048936429846,0.34057827577904054,0.21271113977623407,0.03400569080174089,1D-CNN
S69,0.3476715230440166,0.36930170965008746,0.24688606036022165,0.036140706945674346,ANN
S70,0.31700049154955523,0.329207678244864,0.3136660417364682,0.04012578846911236,ANN
S71,0.356358418788048,0.31508886635609,0.2907865202122887,0.037766194643573135,1D-CNN
S72,0.3372205383661252,0.33616963113691584,0.28652067202847187,0.040089158468487755,1D-CNN
S73,0.38189059371302425,0.3094872674918633,0.2662636919219414,0.042358446873171585,1D-CNN
S74,0.3187757052716233,0.34567962423005894,0.29165105657539053,0.043893613922927406,ANN
S75,0.30699354771299486,0.3150133065495447,0.3320385590536823,0.04595458668377876,BiLSTM
S76,0.3324027638320243,0.273137449608662,0.3504491377536544,0.04401064880565937,BiLSTM
S77,0.32106101840958756,0.26574667605624713,0.3654160601275509,0.047776245406614175,BiLSTM
S78,0.4741578565846976,0.28019756632434534,0.22312692161721692,0.02251765547374078,1D-CNN
S79,0.3072827229541524,0.3530977683197104,0.31088278405038977,0.02873672467574766,ANN
S80,0.348967870167147,0.28908988888444304,0.3262303578338398,0.03571188311456957,1D-CNN
S81,0.3272838402791374,0.2996747459019032,0.32958840307717,0.043453010741789734,BiLSTM
S82,0.3501322462573701,0.3015419132675895,0.30412429699028376,0.0442015434847564,1D-CNN
S83,0.34491182260037145,0.3002827157603912,0.31204645965224226,0.042759001986994456,1D-CNN
S84,0.3428502313353815,0.28802467839213947,0.3259682123327765,0.043156877939701375,1D-CNN
S85,0.29730465331333406,0.2857907159894381,0.3664092345158922,0.05049539618133525,BiLSTM
S86,0.32224272443470936,0.2889519535210362,0.3419779997356876,0.04682732230856697,BiLSTM
S87,0.30675494913802115,0.3443055700075056,0.30636407373844005,0.04257540711603347,ANN
S88,0.2866790951636387,0.3344057752842244,0.33381906639875164,0.045096063153385976,ANN
S89,0.2554588925416267,0.29029133014672276,0.40136942411645704,0.05288035319519274,BiLSTM
S90,0.2733033577761592,0.3314679063687468,0.34865621035471395,0.04657252550038041,BiLSTM
S91,0.19014100689002789,0.31666483562131736,0.41415498472016593,0.07903917276848885,BiLSTM
S92,0.3084734271316823,0.31056250160610005,0.314453936189233,0.06651013507298516,BiLSTM
S93,0.3978543106671154,0.3323740411672089,0.23090730678786447,0.03886434137781182,1D-CNN
S94,0.3872192908244761,0.3086765865559596,0.2634480635737047,0.04065605904585935,1D-CNN
S95,0.3668515947988744,0.314411011089067,0.276702616496701,0.04203477761535796,1D-CNN
S96,0.35191594236416207,0.3358583310551428,0.2709124383106731,0.041313288270022785,1D-CNN
S97,0.31428598667654967,0.3394209641153459,0.29940516946620294,0.04688787974190166,ANN
S98,0.3215907008984274,0.29776800022535943,0.3282062888131489,0.0524350100630641,BiLSTM
S99,0.2808618489167175,0.31169448072483474,0.3546924847329473,0.0527511856255003,BiLSTM
S100,0.2858746792434401,0.3656117854731928,0.30657016898287603,0.041943366300491156,ANN
S101,0.16742907871166732,0.30619926444934403,0.45680355303216813,0.06956810380682076,BiLSTM
S102,0.16532422913829528,0.3069068964831697,0.4434330938033546,0.08433578057517999,BiLSTM
S103,0.20978628811498365,0.32176975123790075,0.3686519027848288,0.09979205786228687,BiLSTM
S104,0.26791615457071083,0.3743658476498126,0.28666931873986395,0.07104867903961269,ANN
S105,0.36083202018488236,0.48092326101538013,0.13522681716246152,0.023017901637275816,ANN
S106,0.6051850879354517,0.29644006603086526,0.08664320325066228,0.011731642783020411,1D-CNN
S107,0.21249807326360717,0.6334278036181992,0.1379991489784495,0.016074974139743816,ANN
S108,0.41723513718305466,0.3963491885018779,0.16838690215920807,0.01802877215585931,1D-CNN
S109,0.4088084289033277,0.3953444524236435,0.17458419212092102,0.02126292655210867,1D-CNN
S110,0.2923108817050866,0.3242268764928845,0.3230533164857207,0.060408925316308225,ANN
S111,0.2331381190713366,0.374417696522163,0.32005373266762116,0.07239045173887948,ANN
S112,0.2533423467099717,0.2999770015310427,0.35426933265277266,0.09241131910621349,BiLSTM
S113,0.23939941303488865,0.3176165625101855,0.3573453262391953,0.0856386982157305,BiLSTM
S114,0.20565055436172686,0.41156950040410234,0.3117158784748385,0.07106406675933247,ANN
S115,0.3464552411999356,0.389655186862523,0.2193389845646119,0.04455058737292901,ANN
S116,0.3626189398844516,0.41954121912758985,0.18862359096660333,0.029216250021355326,ANN
S117,0.34689317630403477,0.41055895425854316,0.19814350792990035,0.044404361507521826,ANN
S118,0.3351172704489964,0.3961602363951344,0.2176145384024586,0.051107954753410643,ANN
S119,0.2764036771822699,0.3968836702578319,0.2728988109035737,0.05381384165632522,ANN
S120,0.3910831305575021,0.30429089128410297,0.2546703074666862,0.04995567069170908,1D-CNN
S121,0.3774109764321594,0.3333535205039725,0.2387991355737885,0.05043636749007932,1D-CNN
S122,0.34178440372424007,0.3179913576336248,0.2786161354208437,0.061608103221291594,1D-CNN
S123,0.3218231928831674,0.29001426203032427,0.3295004455170267,0.058662099569482734,BiLSTM
S124,0.2915183634128777,0.24381046783739604,0.4044863114776453,0.06018485727208071,BiLSTM
S125,0.2553697023770724,0.21152252623454887,0.4744477235523854,0.058660047835993684,BiLSTM
S126,0.22256688913400305,0.26141395377649174,0.45606916230297534,0.05994999478652921,BiLSTM
S127,0.3186244987529332,0.2844629109774739,0.3589650952568434,0.037947495012748286,BiLSTM
S128,0.29757938565682407,0.29619451794187185,0.3662306165647491,0.03999547983655519,BiLSTM
S129,0.3200659899709528,0.30223371173814123,0.33927657754480944,0.03842372074609618,BiLSTM
S130,0.3179344052264634,0.32163093582755276,0.316282341984686,0.04415231696129852,ANN
S131,0.3113426536126297,0.29799878157701876,0.3408677694053684,0.0497907954049832,BiLSTM
S132,0.31113541547596274,0.2778058203231885,0.36118756684435804,0.04987119735649137,BiLSTM
S133,0.2989288025189707,0.2904183381240813,0.36075628147571953,0.049896577881228456,BiLSTM
S134,0.34020377953810915,0.32170735934320355,0.2863194324322465,0.051769428686440515,1D-CNN
S135,0.33719882856621664,0.33125957494420005,0.27283296884809066,0.05870862764149254,1D-CNN
S136,0.38735926831984263,0.29952965607362614,0.256731485176852,0.056379590429679265,1D-CNN
S137,0.29125359162718234,0.23732308861073748,0.40751929429836803,0.06390402546371259,BiLSTM
S138,0.20394405794851875,0.275698983042046,0.4492765279827915,0.07108043102664378,BiLSTM
S139,0.29471956669025795,0.3060300331560969,0.35331911511219366,0.04593128504145216,BiLSTM
S140,0.29467284852627923,0.33742655642138936,0.3238286782705938,0.044071916781736796,ANN
S141,0.2635547873052031,0.370975051553394,0.3189098482853717,0.04656031285603044,ANN
S142,0.250125367874412,0.41146721286070703,0.28980301182836427,0.048604407436516645,ANN
S143,0.2947239279861996,0.35296845070178984,0.284130124189216,0.0681774971227948,ANN
S144,0.3294093624765504,0.34873811242832486,0.26772754695212336,0.05412497814300103,ANN
S145,0.3215762026122745,0.3340322145161036,0.2950270166403067,0.049364566231315535,ANN
S146,0.321165572788,0.36559171588890854,0.26888940553684554,0.04435330578624546,ANN
S147,0.3071508361774741,0.4668946584278655,0.19155042645059966,0.03440407894406078,ANN
S148,0.41349344875890776,0.3567328152806778,0.18803033656666243,0.041743399393751435,1D-CNN
S149,0.3910013656383636,0.4271236437633743,0.15367987678483935,0.028195113813423312,ANN
S150,0.4235652458209128,0.3859880614203065,0.16197109784918978,0.02847559490958995,1D-CNN
S151,0.3523886317805211,0.3516024702125091,0.2592126858902518,0.036796212116717956,1D-CNN
S152,0.2607039338870634,0.282145251820369,0.3914116087079348,0.06573920558463305,BiLSTM
S153,0.19739181179856335,0.4121490238892492,0.3367555824280705,0.053703581884116856,ANN
S154,0.312201291434626,0.3190563678386485,0.3137524272356736,0.05498991349105162,ANN
S155,0.3596737441562806,0.29252530286416634,0.2983869241969589,0.049414028782594835,1D-CNN
S156,0.3275521230519702,0.3111117776000677,0.313943751832047,0.04739234751591588,1D-CNN
S157,0.36320772401428375,0.25571806242183087,0.33461423139530594,0.04645998216857988,1D-CNN
S158,0.3059718046619464,0.35779540338931787,0.29485344223924537,0.041379349709490636,ANN
S159,0.3236176096637231,0.36713341324228693,0.2638344400040015,0.04541453708998841,ANN
S160,0.32838114684640823,0.3189774721945918,0.3009517352362903,0.051689645722709024,1D-CNN
S161,0.2985598670599059,0.252151036543034,0.38899519325269616,0.06029390314436406,BiLSTM
S162,0.21561113885173097,0.2560083829224542,0.4638919079566077,0.06448857026920679,BiLSTM
S163,0.23373187476522422,0.25455383569509593,0.4595369083673795,0.052177381172299975,BiLSTM
S164,0.31932553956253173,0.2507029344459217,0.3900271328752692,0.039944393116276636,BiLSTM
S165,0.3133291781594229,0.30397286475069585,0.34846331124488383,0.03423464584499786,BiLSTM
S166,0.3534694117160454,0.30992239141516437,0.288297599208854,0.04831059765993601,1D-CNN
S167,0.368742219116818,0.2940850620860487,0.2785870679666631,0.0585856508304712,1D-CNN
S168,0.3018015920619301,0.29363088801328935,0.3495431769869038,0.05502434293787727,BiLSTM
S169,0.26916761833124747,0.22966662535364796,0.44541151277953606,0.0557542435355688,BiLSTM
S170,0.21642984388502853,0.19943703785752356,0.5232144158310247,0.060918702426422826,BiLSTM
S171,0.29881538942554026,0.2220443536904647,0.42652654464713596,0.05261371223685866,BiLSTM
S172,0.32330494991905484,0.22084671457339658,0.416068878535443,0.03977945697210647,BiLSTM
S173,0.2971745434661829,0.2375752138774899,0.4178661009774901,0.04738414167883681,BiLSTM
S174,0.2792044854648816,0.2839493565177398,0.3869678220954033,0.04987833592197547,BiLSTM
S175,0.2885360955767199,0.29565603510144445,0.36890539730878286,0.04690247201305257,BiLSTM
S176,0.24030178996052753,0.39487438050962875,0.32310593112798336,0.04171789840185988,ANN
S177,0.2896503107484868,0.32661581909028736,0.3381310572507265,0.04560281291050005,BiLSTM
S178,0.24113288198495472,0.24225186778245317,0.4655932112710473,0.051022038961544766,BiLSTM
S179,0.2847670082913178,0.3422554576863763,0.33391549374918655,0.039062040273119464,ANN
S180,0.27211511196999066,0.4283060458179627,0.26786026886690323,0.03171857334514323,ANN
S181,0.3338691527302928,0.3765998816554982,0.24956022788069435,0.0399707377335147,ANN
S182,0.2824306909926654,0.3791117113805061,0.2814070769083825,0.05705052071844629,ANN
S183,0.31590957627799987,0.35738293097929935,0.2672061855498736,0.05950130719282697,ANN
S184,0.2932320208840157,0.4645872401596315,0.20156571515594585,0.04061502380040712,ANN
S185,0.4352994739422518,0.3892286005853118,0.1492680265445685,0.02620389892786737,1D-CNN
S186,0.4048889145033298,0.39441473718265785,0.175228099620647,0.025468248693365246,1D-CNN
S187,0.3215473065389266,0.39029601228202837,0.252059234424085,0.03609744675495963,ANN
S188,0.31211233515547626,0.4431729310854502,0.21001109364186943,0.034703640117203664,ANN
S189,0.33692400606133766,0.36481380026489885,0.24963965495938242,0.0486225387143811,ANN
S190,0.3011370739757244,0.42292471857094693,0.23310928791233976,0.04282891954098918,ANN
S191,0.35172824236305134,0.32836143671484963,0.2684718403173489,0.05143848060475067,1D-CNN
S192,0.3042737811284319,0.3856269946500302,0.26047765390162314,0.04962157031991507,ANN
S193,0.30224793226119057,0.4185521803889032,0.22980835902299096,0.04939152832691471,ANN
S194,0.29432543116795573,0.4295475877038612,0.23170512432518375,0.04442185680299904,ANN
S195,0.30884325511928645,0.31895934114909114,0.31877052137237916,0.05342688235924302,ANN
S196,0.3001095086915496,0.3524202826076345,0.3049938727154344,0.042476335985381516,ANN
S197,0.3100193825768555,0.35853003018782187,0.2933938355042354,0.03805675173108764,ANN
S198,0.32768855017948534,0.3491857606122465,0.2822230835788041,0.04090260562946503,ANN
S199,0.2588260895218754,0.3765541465416812,0.30253938739936986,0.06208037653707326,ANN
S200,0.31982345699814047,0.3634435207525679,0.26030827099577164,0.05642475125351944,ANN
S201,0.367890451752633,0.3953803968832266,0.19754761572367394,0.039181535640466544,ANN
S202,0.3765800449398479,0.39889069406774796,0.18931792177367363,0.03521133921873033,ANN
S203,0.3574962841861095,0.4289019148059659,0.18286882912728514,0.030732971880640402,ANN
S204,0.4111737998060493,0.37010551173732614,0.18696462203224326,0.0317560664243818,1D-CNN
S205,0.35761293748447814,0.4096733700345836,0.20103823217142147,0.031675460309517095,ANN
S206,0.32700502905048245,0.388848612932065,0.24899403753906768,0.035152320478384756,ANN
S207,0.358544590919427,0.35448220759421667,0.2503823408249456,0.036590860661410894,1D-CNN
S208,0.36055206261696987,0.3495525903817756,0.24666579779573783,0.043229549205517054,1D-CNN
S209,0.2878158372282825,0.36822991101070196,0.27733505530594027,0.06661919645507458,ANN
S210,0.29323659864693863,0.4286511176276107,0.22841632696156938,0.049695956763880854,ANN
S211,0.33842565874748415,0.3859876210972974,0.23624728261960087,0.039339437535617604,ANN
S212,0.2998451101041824,0.2881159342012459,0.3622217693941438,0.04981718630042767,BiLSTM
S213,0.31682681934972057,0.28184455042449696,0.35464606193295023,0.046682568292832585,BiLSTM
S214,0.33044474371902993,0.37992297001713754,0.24274962526932428,0.046882660994508045,ANN
S215,0.2592935678251828,0.4078715738060306,0.26796384379765237,0.06487101457113471,ANN
S216,0.325031369718799,0.4730229557808657,0.1685908703771581,0.03335480412317706,ANN
S217,0.372456095400672,0.33362130069903445,0.25371137475155775,0.04021122914873562,1D-CNN
S218,0.22691397130060903,0.5258828697842917,0.20942062902605918,0.03778252988904,ANN
S219,0.2735649967331307,0.4284386704264602,0.24942603902806115,0.048570293812348266,ANN
S220,0.2541567299819421,0.4512317910530947,0.2467321294752522,0.0478793494897122,ANN
S221,0.32964239166606135,0.44005872623684544,0.1993756131295938,0.03092326896749944,ANN
S222,0.34233566465957976,0.45565143648344275,0.1716504654079621,0.030362433449015108,ANN
S223,0.3722005866998221,0.4227558781836547,0.17037327841554203,0.03467025670098061,ANN
S224,0.38844279462327774,0.3482950213385304,0.21256333433977964,0.05069884969841253,1D-CNN
S225,0.2932278296244584,0.4993375095848189,0.1704531670076894,0.0369814937830329,ANN
S226,0.34120270633236455,0.5200823341593137,0.11851497643636481,0.02019998307195731,ANN
S227,0.5239154591981473,0.3634469017565537,0.09651629738977673,0.016121341655523133,1D-CNN
S228,0.4248747575952985,0.44096468029631974,0.11550840824562142,0.01865215386276076,ANN
S229,0.32672219143594494,0.41965184512264675,0.21169004846634815,0.04193591497505974,ANN
S230,0.33630674227158863,0.4048307008741159,0.2196997738654674,0.03916278298882794,ANN
S231,0.38770118554430905,0.3451892997605426,0.2269382495444214,0.040171265150727706,1D-CNN
S232,0.356570356345416,0.34876218657774466,0.24562682318389037,0.04904063389294946,1D-CNN
S233,0.333675242426331,0.35386320992752374,0.2714763841584097,0.040985163487736044,ANN
S234,0.38762038173469,0.31790616748532474,0.25011718526710736,0.04435626551287815,1D-CNN
S235,0.3287349643905268,0.40260846804367695,0.22855194452830133,0.04010462303749502,ANN
S236,0.3848370923945849,0.3530131000224969,0.22430290362951763,0.03784690395340049,1D-CNN
S237,0.3703089570245078,0.3640521728241094,0.22762292912531756,0.0380159410260654,1D-CNN
S238,0.3460849031709849,0.334980821654667,0.27887974270380583,0.040054532470542165,1D-CNN
S239,0.3314166894216954,0.3225809040160466,0.3011799155783608,0.04482249098389773,1D-CNN
S240,0.3159342200477524,0.34845448697776465,0.2924891705781196,0.04312212239636298,ANN
S241,0.2653530790252651,0.34012240920930387,0.3301476938711695,0.0643768178942607,ANN
S242,0.27549073208827285,0.39929468197803103,0.2642943612291568,0.06092022470453975,ANN
S243,0.3549794003330712,0.37562789842078326,0.2264435791187827,0.042949122127362196,ANN
S244,0.46309845997033455,0.2654132572888211,0.22192532758686698,0.0495629551539775,1D-CNN
S245,0.3031731578167737,0.38319624931424584,0.26293283440457965,0.050697758464400264,ANN
S246,0.3804738601435608,0.3423941496108772,0.2393059444856555,0.03782604575990645,1D-CNN
S247,0.33058770712771,0.32795652073589726,0.3001864356238784,0.04126933651251567,1D-CNN
S248,0.33327636700647356,0.2581499126174373,0.35507218356584436,0.053501536810245436,BiLSTM
S249,0.331832685562863,0.3123429311919384,0.30805655708725044,0.04776782615794798,1D-CNN
S250,0.3703621608728765,0.2798312144222352,0.303603087853721,0.04620353685116696,1D-CNN
S251,0.3055770796656744,0.31812560417121716,0.3269698508140566,0.04932746534905179,BiLSTM
S252,0.28747818613527515,0.2830788071360587,0.3837273584588335,0.04571564826983301,BiLSTM
S253,0.29544630801860783,0.2765029053970826,0.383174313432244,0.04487647315206483,BiLSTM
S254,0.27647189964673546,0.3719411448273361,0.3134679732054645,0.03811898232046429,ANN
S255,0.25263900871454226,0.41618149420067957,0.2774205458550055,0.053758951229772395,ANN
S256,0.3362013600589767,0.32986063162685336,0.2720630976827499,0.06187491063141968,1D-CNN
S257,0.3653920994998102,0.3278066321183244,0.25554008540531575,0.05126118297654944,1D-CNN
S258,0.32559912534912866,0.29833701369494064,0.3244975267044074,0.051566334251522836,1D-CNN
S259,0.2093851893912683,0.25157778603563447,0.4750984638219987,0.06393856075109852,BiLSTM
S260,0.3262438040214491,0.2638702310380362,0.36603494419176685,0.04385102074874843,BiLSTM
S261,0.3049248545822521,0.3281058271336311,0.3102017498355899,0.0567675684485265,ANN
S262,0.37833996721670254,0.27215102127750707,0.2924435525792696,0.05706545892652107,1D-CNN
S263,0.3431958812574747,0.27988769614875775,0.32445665715656,0.05245976543720762,1D-CNN
S264,0.3319526062552404,0.30528104072618745,0.3199226467392566,0.0428437062793164,1D-CNN
S265,0.2974432872665756,0.26589796237744706,0.3872675544404467,0.04939119591553087,BiLSTM
S266,0.2897474755170698,0.27283600290658266,0.3910707959601839,0.04634572561616411,BiLSTM
S267,0.3757309582311585,0.267890068568852,0.32040622509527095,0.035972748104718705,1D-CNN
S268,0.3158202019924654,0.28945315833757357,0.34000756611155847,0.054719073558402595,BiLSTM
S269,0.26808490147132935,0.24544834942553986,0.42621834758658006,0.06024840151655061,BiLSTM
S270,0.20783013288389254,0.32626791380472947,0.4143179036096026,0.05158404970177567,BiLSTM
S271,0.2782642341760943,0.3205630387361479,0.35829234132498167,0.042880385762775405,BiLSTM
S272,0.29174865427747665,0.3069620621366479,0.3573907507882565,0.04389853279761872,BiLSTM
S273,0.31502804455360794,0.2973893712444522,0.33837765084687604,0.049204933355065206,BiLSTM
S274,0.32414669273622976,0.317516581093272,0.31192611090839456,0.046410615262103334,1D-CNN
S275,0.3297148630780242,0.3025092825104913,0.31803160203551173,0.049744252375972936,1D-CNN
S276,0.2831865290149177,0.32601121921977577,0.34229834867500614,0.04850390309030073,BiLSTM
S277,0.2965333180662471,0.31772729550857637,0.3396674771655946,0.04607190925958211,BiLSTM
S278,0.2840705569088806,0.32428512286102484,0.34069342761140675,0.0509508926186876,BiLSTM
S279,0.3013056059761916,0.37483824773349167,0.2759533051579619,0.04790284113235528,ANN
S280,0.35077920849398075,0.349657225605921,0.2560599421333281,0.04350362376676991,1D-CNN
S281,0.3083549612083857,0.3307594319051294,0.31452138177593414,0.04636422511055119,ANN
S282,0.2654890101061722,0.30599035705450517,0.37666155058214074,0.05185908225718192,BiLSTM
S283,0.2970053380718242,0.30121771615935317,0.35493686966217647,0.04684007610664675,BiLSTM
S284,0.2993126753530668,0.30851352023318107,0.34660438875414473,0.04556941565960803,BiLSTM
S285,0.1747245288267886,0.2958226309021703,0.45323133730825427,0.07622150296278746,BiLSTM
S286,0.2016588539401732,0.33810527720121536,0.3791095198480656,0.08112634901054633,BiLSTM
S287,0.38998822336193195,0.32908282583528775,0.23581100179832562,0.04511794900445518,1D-CNN
S288,0.4247931474062841,0.29007840203986207,0.24275258592951005,0.042375864624343604,1D-CNN
S289,0.26328449915698177,0.43432219277475564,0.2603207049811155,0.04207260308714681,ANN
S290,0.30168464045369703,0.3064561401648175,0.3407368568854906,0.05112236249599493,BiLSTM
S291,0.30318822410613117,0.2308078999502239,0.40760823486866443,0.05839564107498093,BiLSTM
S292,0.29415736946433346,0.2930423829945267,0.3658087397095802,0.046991507831559705,BiLSTM
S293,0.3025734967014406,0.30259515652552205,0.35382215800427586,0.04100918876876133,BiLSTM
S294,0.21306452395997205,0.3302739919719384,0.39303142250762063,0.06363006156046888,BiLSTM
S295,0.22677747228339365,0.2740440007804372,0.4194318236438579,0.07974670329231129,BiLSTM
S296,0.30031961187932266,0.3265873848804292,0.3095167508835791,0.06357625235666939,ANN
S297,0.4421907299885029,0.2838852138122546,0.23215077388500013,0.04177328231424313,1D-CNN
S298,0.2967925512495456,0.3033467236543658,0.3475263717709407,0.05233435332514752,BiLSTM
S299,0.33787196685955784,0.29399287501188237,0.32183654506636816,0.04629861306219116,1D-CNN
S300,0.31563257127376326,0.263729444631923,0.37313713810477306,0.04750084598954036,BiLSTM
S301,0.2879857279751656,0.265517507409654,0.3935900156578753,0.052906748957304725,BiLSTM
S302,0.3444231395341337,0.28416894529249537,0.3262898855235592,0.04511802964981228,1D-CNN
S303,0.3125162585543711,0.3211947779490257,0.31587155044480003,0.05041741305180405,ANN
S304,0.2686702083461906,0.29368979098862763,0.38579207514387764,0.051847925521304336,BiLSTM
S305,0.2614856505307578,0.2681081352632028,0.42023222319338277,0.050173991012656245,BiLSTM
S306,0.2633383387983133,0.3147272133589498,0.3698845797929417,0.05204986804979513,BiLSTM
S307,0.21536472821406963,0.3701960546782827,0.34804435463756744,0.06639486247008027,ANN
S308,0.38196004635768765,0.3284553551485263,0.23922622602613203,0.050358372467654185,1D-CNN
S309,0.4782240623652057,0.27707626605927504,0.1957123162494998,0.04898735532601935,1D-CNN
S310,0.3749321627940658,0.37008839339942823,0.21436070717919725,0.04061873662730875,1D-CNN
S311,0.1436766989292371,0.21883429737976015,0.5530775932673465,0.0844114104236563,BiLSTM
S312,0.23209365276232663,0.35322828847263393,0.37014319556721503,0.0445348631978247,BiLSTM
S313,0.2875879875986119,0.3134368811109376,0.343051139458941,0.05592399183150965,BiLSTM
S314,0.26025948262462756,0.3466687109064305,0.33807411978145036,0.054997686687491165,ANN
S315,0.30030738428949144,0.34872833423929556,0.29907649723633895,0.051887784234873544,ANN
S316,0.21696371730269592,0.36546881521993246,0.3428702662224714,0.07469720125490012,ANN
S317,0.19893221792335752,0.3292806545066784,0.3980490362602589,0.07373809130970471,BiLSTM
S318,0.26262727311317147,0.3278090486078018,0.3395967560236342,0.06996692225539267,BiLSTM
S319,0.1863533514145637,0.39169391532966763,0.33640010225569456,0.08555263100007393,ANN
S320,0.339093011439676,0.39007649942489453,0.21459717735052536,0.05623331178490477,ANN
S321,0.3843987837674108,0.2941327745532523,0.261633545239949,0.05983489643938701,1D-CNN
S322,0.33609713274105885,0.3288196906711862,0.2811163400869779,0.053966836500777514,1D-CNN
S323,0.41485029176001176,0.2779974456088149,0.258812609268788,0.04833965336238531,1D-CNN
S324,0.32994886452542144,0.30954485683515087,0.3133524712172977,0.04715380742213106,1D-CNN
S325,0.3470533486860136,0.29413796317141927,0.3091122757384706,0.04969641240409666,1D-CNN
S326,0.35153232932884576,0.30134627911189765,0.29955868322683726,0.047562708332419504,1D-CNN
S327,0.27237086687445466,0.2639489015675944,0.4067030862781213,0.05697714527982997,BiLSTM
S328,0.2700507872098708,0.29879525522545924,0.38480428607423167,0.04634967149043847,BiLSTM
S329,0.3166335636567437,0.2696230521947836,0.3707921247493441,0.042951259399129166,BiLSTM
S330,0.3225184860521206,0.2729821074327179,0.36265289117033694,0.04184651534482377,BiLSTM
S331,0.32494075375621323,0.26985846224341364,0.3675402814417054,0.037660502558668235,BiLSTM
S332,0.28507358110202097,0.2766020873577577,0.3995551039671516,0.03876922757306935,BiLSTM
S333,0.3388556455410766,0.3168838468863548,0.29892921015985646,0.04533129741271224,1D-CNN
S334,0.35975312512135954,0.3063496465682713,0.2824445523078271,0.05145267600254187,1D-CNN
S335,0.32517574046232767,0.331650018967786,0.28737520375199205,0.05579903681789429,ANN
S336,0.3425139987482251,0.30029163709279993,0.3095361189993602,0.047658245159614386,1D-CNN
S337,0.22916366747733255,0.19155735056356551,0.510704532155784,0.06857444980331756,BiLSTM
S338,0.1461449736121463,0.18401278133068166,0.587759705859312,0.08208253919786002,BiLSTM
S339,0.3465535589317159,0.290605077884696,0.3347371359531064,0.028104227230481605,1D-CNN
S340,0.2795760069296539,0.269458819467542,0.4066203042759244,0.04434486932688008,BiLSTM
S341,0.25085376126069353,0.36171709040792177,0.3208272679810545,0.06660188035032999,ANN
S342,0.2824118630306758,0.31011351971820944,0.344106426417071,0.06336819083404377,BiLSTM
S343,0.24873508699548436,0.35983150104829437,0.3288132191086267,0.06262019284759468,ANN
S344,0.30669790578539186,0.3173878291786553,0.31839535138430825,0.05751891365164414,BiLSTM
S345,0.32007218465932413,0.3530610158977421,0.2788357326451729,0.048031066797760855,ANN
S346,0.3448619827893587,0.29633954742964047,0.3014444708590987,0.05735399892190282,1D-CNN
S347,0.2913307762404223,0.31602185241377795,0.33695261786478015,0.055694753481019856,BiLSTM
S348,0.28584845623969085,0.3105970729275762,0.35734389104376496,0.04621057978896797,BiLSTM
S349,0.31500530497932205,0.33238498555307594,0.30576560376241874,0.0468441057051832,ANN
S350,0.31858544826013413,0.32028873222474996,0.3125949164067596,0.04853090310835607,ANN
S351,0.3349871111560822,0.31817671139101483,0.30352263415043446,0.04331354330246795,1D-CNN
S352,0.33057353697800473,0.30782938818491334,0.31675928780047796,0.04483778703660401,1D-CNN
S353,0.3058928772535446,0.27547231174536796,0.3668686759078966,0.05176613509319032,BiLSTM
S354,0.283199829648847,0.2842609517805963,0.3820951685051555,0.05044405006540089,BiLSTM
S355,0.32403347620951717,0.283707033394436,0.349120639526699,0.043138850869347885,BiLSTM
S356,0.3461066242810213,0.2939790724526087,0.3193311050655744,0.04058319820079476,1D-CNN
S357,0.3721711983724058,0.27079063253311025,0.3164161183848185,0.040622050709665264,1D-CNN
S358,0.30864520813546037,0.3028287385900883,0.34322293744621385,0.04530311582823768,BiLSTM
S359,0.34802859436215394,0.2913744558524434,0.3178578158436973,0.042739133941705205,1D-CNN
S360,0.3036829101668488,0.23608700237666863,0.4089486957242976,0.05128139173218491,BiLSTM
S361,0.20158108844971467,0.2926936453493015,0.4481196873424765,0.05760557885850691,BiLSTM
S362,0.3198398614203464,0.3548405046060286,0.2966237262686088,0.028695907705016583,ANN
S363,0.1628586922548346,0.42590281652591777,0.3820264668762072,0.029212024343040995,ANN
S364,0.1594250499704929,0.45345886963150694,0.3479451163563901,0.0391709640416101,ANN
S365,0.2757704084889574,0.33678001951798714,0.32022017987248913,0.06722939212056604,ANN
S366,0.18073275029652125,0.41836590787612515,0.3311174487721491,0.06978389305520376,ANN
S367,0.34422546867175513,0.382672614726428,0.2286597328982734,0.04444218370354314,ANN
S368,0.30063470306367485,0.3900156105391457,0.266405838058547,0.042943848338632684,ANN
S369,0.2560597028329682,0.4234816145259566,0.2809446617219264,0.03951402091914915,ANN
S370,0.3256085054830653,0.39207892842473097,0.2482587741612197,0.03405379193098435,ANN
S371,0.46668337087740075,0.2754539712437661,0.2213955360750685,0.036467121803764144,1D-CNN
S372,0.4018041953414782,0.2959284728477268,0.2554255033079282,0.04684182850286691,1D-CNN
S373,0.29173702981835775,0.3585904702657321,0.2979085124740316,0.05176398744187931,ANN
S374,0.2884142397592976,0.2963311709105297,0.35335076325703746,0.061903826073135736,BiLSTM
S375,0.22299209104043605,0.2547875610461469,0.44631351972941236,0.07590682818400475,BiLSTM
S376,0.2333385382597837,0.35658379563634623,0.35093155389086045,0.059146112213010055,ANN
S377,0.21459786429363595,0.3713719569380851,0.35315133715894464,0.06087884160933456,ANN
S378,0.251621440667144,0.32539762628778024,0.35976909173005844,0.06321184131501718,BiLSTM
S379,0.278257089485823,0.3397862362496525,0.32870122642471483,0.053255447839809816,ANN
S380,0.27257236029362975,0.33058655527820147,0.3509573187154843,0.045883765712684196,BiLSTM
S381,0.2827584495238084,0.4159158329409996,0.25372735702763477,0.04759836050755643,ANN
S382,0.24028826332765574,0.4287888469632224,0.2645718623475766,0.06635102736154545,ANN
S383,0.3097518686333438,0.43893202963462097,0.21138285248219765,0.03993324924983705,ANN
S384,0.3609535232591454,0.4489570489731264,0.1655731827783143,0.024516244989413485,ANN
S385,0.35773556965578196,0.38187510443560624,0.2299099267225702,0.030479399186042182,ANN
S386,0.3193786895123555,0.39548919116116377,0.24975962656044576,0.03537249276603544,ANN
S387,0.23064268211619732,0.3877763047381483,0.3190008357180228,0.06258017742763153,ANN
S388,0.24241804851767923,0.39866868616299567,0.2877449966083679,0.07116826871095676,ANN
S389,0.3320053988037008,0.4409677596152892,0.19150090160842706,0.035525939972582694,ANN
S390,0.5121639133302425,0.31561842523599715,0.14393551028715587,0.028282151146604505,1D-CNN
S391,0.36141337324879624,0.33823068998990163,0.24141550392705727,0.05894043283424438,1D-CNN
S392,0.376070476070225,0.4049242464050498,0.18378701427959945,0.035218263245125885,ANN
S393,0.39028299474921097,0.4551500990176189,0.12846666868237172,0.02610023755079824,ANN
S394,0.38890739573234584,0.3715135204259666,0.20357601398203984,0.0360030698596477,1D-CNN
S395,0.41175948387338285,0.2626696607480923,0.2812636420194364,0.04430721335908841,1D-CNN
S396,0.3268678124118569,0.3627565965970917,0.2688067848481492,0.041568806142902266,ANN
S397,0.31012127428401837,0.3693789536097718,0.27708773198538417,0.04341204012082562,ANN
S398,0.2713164716373386,0.34937579755882875,0.3241859395958593,0.0551217912079731,ANN
S399,0.31334437764331485,0.35292624330894223,0.2889270230474079,0.04480235600033464,ANN
S400,0.3234470778708731,0.35420810164187666,0.2753634845209209,0.046981335966329654,ANN
S401,0.3323275451785462,0.34160951772145276,0.2747100900007936,0.051352847099207746,ANN
S402,0.32394356804543967,0.3836050038888288,0.2509827248903835,0.0414687031753487,ANN
S403,0.40330737468387545,0.3192062557607446,0.23433080067933745,0.043155568876042306,1D-CNN
S404,0.29455081543740425,0.44518215435988073,0.22241654526221005,0.03785048494050468,ANN
S405,0.40405028050124586,0.3911472009789871,0.17504410383354227,0.02975841468622488,1D-CNN
S406,0.37605981601032273,0.40646715496157965,0.18664962532332952,0.030823403704767098,ANN
S407,0.33089923739853044,0.4238270478685375,0.2141740819468111,0.031099632786120813,ANN
S408,0.3488913200467619,0.3629772590400348,0.25184714346614095,0.03628427744706265,ANN
S409,0.3256428032244064,0.3708768206374193,0.2647988883473396,0.03868148779083442,ANN
S410,0.28986221756128777,0.3882353419706282,0.2760218696735376,0.04588057079454679,ANN
S411,0.22912371677633211,0.3666908041053967,0.3320187327011428,0.07216674641712843,ANN
S412,0.30850745129372087,0.39947938333436894,0.2404099478415511,0.0516032175303587,ANN
S413,0.38258750759839844,0.41218452451999954,0.17427184518056038,0.030956122701042053,ANN
S414,0.3958025951080973,0.424050705162287,0.1533893317794569,0.026757367950159375,ANN
S415,0.30151768203114676,0.4949084160506827,0.17660736460055598,0.02696653731761482,ANN
S416,0.32404594016389887,0.46776460008636495,0.17889043586155295,0.02929902388818299,ANN
S417,0.3932757838982513,0.32824426527310785,0.2443117750899826,0.034168175738658456,1D-CNN
S418,0.3480014298352803,0.3424490793187646,0.2663224379667429,0.043227052879212295,1D-CNN
S419,0.32146877196034745,0.38421718087403656,0.25354902347384506,0.04076502369177019,ANN
S420,0.372983903817214,0.3458699264747777,0.2367706354236689,0.04437553428433997,1D-CNN
S421,0.297926139025863,0.3581807125088607,0.27761178726269287,0.06628136120258324,ANN
S422,0.2648708872803204,0.4646644997734947,0.22551248861100573,0.044952124335179595,ANN
S423,0.36555813998641296,0.36066120571435706,0.2326825460429117,0.04109810825631895,1D-CNN
S424,0.29458964694990425,0.4168636997903623,0.24675076203182789,0.041795891227905474,ANN
S425,0.30561986693247256,0.3060885404626466,0.3389908593022579,0.049300733302622586,BiLSTM
S426,0.32209932130251673,0.357339790222691,0.2663308589842638,0.05423002949052847,ANN
S427,0.3025495813303005,0.3592952516239504,0.27066113143319287,0.06749403561255612,ANN
S428,0.334902503621826,0.3489752293381445,0.24813515764883684,0.06798710939119287,ANN
S429,0.40785544017385855,0.31423834825108066,0.23062945782777272,0.04727675374728804,1D-CNN
S430,0.37119868261318095,0.3042173136822209,0.27420685626364,0.050377147440958614,1D-CNN
S431,0.3992262212186199,0.25860027391000523,0.2834399477106338,0.05873355716074181,1D-CNN
S432,0.2871508384653881,0.2605060918093972,0.3976588253365319,0.05468424438868353,BiLSTM
S433,0.2695541025855583,0.24021305021450098,0.4237382286681277,0.06649461853181374,BiLSTM
S434,0.2634376933695816,0.2390315966832605,0.43900971353544765,0.05852099641171021,BiLSTM
S435,0.2577027657951954,0.2601668658513594,0.4305371942892082,0.05159317406423683,BiLSTM
S436,0.3112267321730046,0.2749113027523567,0.37228218478584507,0.04157978028879364,BiLSTM
S437,0.3251751955963023,0.2765799927599779,0.35871043327658464,0.03953437836713482,BiLSTM
S438,0.36437720459999867,0.26951833126169716,0.3273234788994209,0.038780985238882466,1D-CNN
S439,0.33007711514608834,0.28413542567296174,0.34181568865693557,0.04397177052401524,BiLSTM
S440,0.3028931110914174,0.28331211354833996,0.36588795357277115,0.0479068217874718,BiLSTM
S441,0.27578298410919927,0.26394251827757836,0.40988636127804023,0.050388136335182104,BiLSTM
S442,0.27305761418467617,0.24988650417362634,0.4245250255176053,0.05253085612409181,BiLSTM
S443,0.2994011980208426,0.30879204875831456,0.3512715033127942,0.04053524990804797,BiLSTM
S444,0.31391585039648795,0.29930481975908224,0.3487678050410491,0.03801152480338132,BiLSTM
S445,0.2779272568877203,0.3360476752312634,0.34793913127174775,0.038085936609268206,BiLSTM
S446,0.26200578531324814,0.38347702414521684,0.3143305302135946,0.04018666032794097,ANN
S447,0.25240640031299694,0.33327975200304166,0.3425466529844055,0.07176719469955556,BiLSTM
S448,0.3441284958717236,0.3131880027351388,0.2678651304806054,0.07481837091253263,1D-CNN
S449,0.3642661144732894,0.3653775308263612,0.22324889667282974,0.047107458027519526,ANN
