Segment,1D-CNN,ANN,BiLSTM,LSTM,CNN-LSTM,GRU,Selected
S1,0.18386818683817055,0.145128630363255,0.1577473021712075,0.2374402400421733,0.2220654981657359,0.05375014241945811,LSTM
S2,0.1648352858244623,0.16358844658435173,0.15040379053863986,0.23059098413757725,0.2188022461942447,0.07177924672072425,LSTM
S3,0.15338346574469547,0.166848328795189,0.1472401316130985,0.21738435975911966,0.23681838296059296,0.0783253311273041,CNN-LSTM
S4,0.1542011967090924,0.1756734493348909,0.21459860830214103,0.1549877507252966,0.2389071425673262,0.061631852361252557,CNN-LSTM
S5,0.17627499761819648,0.14879022495894192,0.20234703529862333,0.17955085275275687,0.23512397976623364,0.057912909605248204,CNN-LSTM
S6,0.20516866034728304,0.18017625210579494,0.1659482536518972,0.1930566180558194,0.19368380193358392,0.06196641390562156,1D-CNN
S7,0.19923216458313445,0.21486285599281227,0.15275742095942288,0.20289360237444623,0.16275220125212558,0.0675017548380587,ANN
S8,0.16977975634463602,0.17882065708297293,0.21166321970027674,0.21379116503123383,0.15614112957346632,0.06980407226741427,LSTM
S9,0.17966681374361182,0.17915527968039516,0.20595253128958738,0.18723763251224795,0.1859951575785287,0.06199258519562863,BiLSTM
S10,0.17475098877606918,0.22650336604279858,0.193030990103641,0.17243104341759172,0.1791343274062532,0.05414928425364663,ANN
S11,0.2000330632316159,0.25180141216991486,0.2702087147413074,0.10961326837770201,0.1269451170870945,0.04139842439236454,BiLSTM
S12,0.16087313978403267,0.28535085987831105,0.2574031477170145,0.10193187617100137,0.1530514089038376,0.04138956754580322,ANN
S13,0.13261936501652738,0.25672128316220094,0.18165099213241923,0.1326550004348586,0.24831329436986993,0.04804006488412347,ANN
S14,0.20901458595018263,0.22991971868894515,0.14451420774050935,0.19471209337454953,0.16694848202926757,0.05489091221654561,ANN
S15,0.24536413434118998,0.18530224473905973,0.1535998538168611,0.20100031230039203,0.1469571478822209,0.06777630692027664,1D-CNN
S16,0.21469852517692758,0.21521474235442806,0.17914266496708345,0.16679096144489147,0.159880105617322,0.06427300043934797,ANN
S17,0.16544920624416393,0.16916575133054604,0.23265888406862248,0.19184463097744286,0.17849753259518783,0.06238399478403639,BiLSTM
S18,0.16724694330855283,0.17333380877698107,0.21788917142263908,0.1727740909971282,0.21113813463952003,0.05761785085517885,BiLSTM
S19,0.1637383989143724,0.15382305805217947,0.16828901357680934,0.1936345009352895,0.2643067519803164,0.05620827654103303,CNN-LSTM
S20,0.10423279437503505,0.08788120559005166,0.12892557172973879,0.18107075352945548,0.4524600657171034,0.045429609058615504,CNN-LSTM
S21,0.21322909803532347,0.2063944084114243,0.12580534012584066,0.16492965501127865,0.23453964497825353,0.055101853437878996,CNN-LSTM
S22,0.22128715377933103,0.24438700566904947,0.12527708101169951,0.15221800609686525,0.19667920852074477,0.06015154492231054,ANN
S23,0.16899826643258284,0.256300631817526,0.14322512099502532,0.16280839802346314,0.2035315881531109,0.06513599457829163,ANN
S24,0.19402518446536765,0.20000093254366205,0.1707841211112631,0.21395720955066871,0.149410631330262,0.07182192099877663,LSTM
S25,0.18579241249094847,0.20680476075509427,0.20692464286681317,0.18624270324871728,0.15085412572875656,0.06338135490967048,BiLSTM
S26,0.1768934064698551,0.18536806667834915,0.2019799819722851,0.21685872169144874,0.15662224943113767,0.06227757375692405,LSTM
S27,0.12320323886961328,0.2687841925997831,0.22600893510984685,0.2000803656244283,0.13702207178714082,0.04490119600918764,ANN
S28,0.19706465339624515,0.17460075763863056,0.1894262011895575,0.16587631643117473,0.22879196099082366,0.04424011035356856,CNN-LSTM
S29,0.12162729605458261,0.10461869332571365,0.11129079040987179,0.2937415131670865,0.3257263164742999,0.04299539056844535,CNN-LSTM
S30,0.12957865938845978,0.19433127040217407,0.12406643763448323,0.37326183817772607,0.12893847116020485,0.04982332323695151,LSTM
S31,0.20010746080070824,0.15370162827780748,0.14026627758372806,0.30290000423244545,0.13217195911759524,0.0708526699877154,LSTM
S32,0.21700346951994157,0.11756785069266863,0.13523375778214594,0.2507338040319916,0.2072183684786302,0.07224274949462149,LSTM
S33,0.14161130395794352,0.12040630436034705,0.12518062912796005,0.20457633988450963,0.338603234267215,0.06962218840202465,CNN-LSTM
S34,0.1887283559131223,0.17122438136022056,0.1827284930905906,0.16973455825916073,0.21589961496837995,0.07168459640852572,CNN-LSTM
S35,0.17347187630163224,0.18426559965690356,0.20509656273271057,0.16709745689201072,0.204309041333281,0.06575946308346191,BiLSTM
S36,0.22760351762985304,0.15883616119483004,0.2073892826710032,0.16215230407822562,0.1861796897919054,0.057839044634183504,1D-CNN
S37,0.22163603273255372,0.18471965584931296,0.17142444122089065,0.1765987268496072,0.18807352941549166,0.05754761393214381,1D-CNN
S38,0.17078280008730679,0.24757406383026936,0.1611771597078454,0.22141974083966837,0.13783696962800138,0.06120926590690822,ANN
S39,0.16243956890790565,0.19145433334580284,0.2078791968936422,0.24043968694449408,0.14090576669948082,0.05688144720867441,LSTM
S40,0.19119579610788223,0.15814389582003677,0.20835488011465708,0.17693794330848325,0.207743558569598,0.05762392607934273,BiLSTM
S41,0.18612621000152121,0.16333549771797098,0.16542617408979915,0.19219846680167255,0.2352998665469002,0.05761378484213594,CNN-LSTM
S42,0.18731730406639766,0.17170739576137703,0.1954072713642163,0.1797548722177239,0.19460918325261747,0.07120397333766754,BiLSTM
S43,0.1716972391364332,0.18793672410470216,0.19682632349400617,0.18072748705478545,0.2081047531087987,0.05470747310127396,CNN-LSTM
S44,0.189662585279214,0.17883313790993272,0.1594501627299335,0.17579267175196825,0.2492156971888391,0.047045745140112345,CNN-LSTM
S45,0.23312297954590896,0.15659114717223852,0.11313420129249367,0.2463236610959937,0.19535262311548912,0.05547538777787593,LSTM
S46,0.19416072773198337,0.21029512140110135,0.1492303555891024,0.2071816669189209,0.16943787129641216,0.06969425706247992,ANN
S47,0.18162271770770666,0.20945304674875534,0.190192334303329,0.17384561246054167,0.17492108806105994,0.06996520071860722,ANN
S48,0.17740354582030327,0.1563995495550352,0.21614922680919277,0.19866925266515328,0.18280693039721138,0.06857149475310402,BiLSTM
S49,0.18000055408528037,0.18024598868709144,0.20761528412885902,0.19575651228799834,0.17948977450702436,0.05689188630374669,BiLSTM
S50,0.213532646610729,0.20072982969288242,0.18825493880523095,0.17629832298887613,0.15762196078695662,0.06356230111532475,1D-CNN
S51,0.09262759450905209,0.10924662803504558,0.14752115501923754,0.44396887023971354,0.16826805701570186,0.038367695181249606,LSTM
S52,0.26345557100460026,0.18497873240741508,0.14123658427508623,0.2358522918393782,0.13125432965661168,0.04322249081690875,1D-CNN
S53,0.2645105938881902,0.16635504744122728,0.1734818929072308,0.1948657750927504,0.1396878075156513,0.06109888315494955,1D-CNN
S54,0.31355696708222586,0.08813512571029296,0.1246194315437224,0.14800368173175593,0.2669262471048486,0.05875854682715411,1D-CNN
S55,0.04149453992960543,0.0300355010698926,0.025041290368243218,0.05219295320769343,0.840612231789744,0.010623483634821594,CNN-LSTM
S56,0.19422612777614218,0.18182504667896313,0.09469328145664295,0.18345821259019188,0.2656016826209776,0.08019564887708214,CNN-LSTM
S57,0.20953378957499674,0.12115724436213185,0.15529948982607847,0.19966253235815035,0.22098564762355313,0.09336129625508958,CNN-LSTM
S58,0.2381960695740128,0.14555076112091336,0.17718013804431282,0.18325821770752143,0.18214897112745504,0.07366584242578471,1D-CNN
S59,0.17499085315664756,0.1916756328233981,0.19130737403645268,0.20487149908377672,0.17004432476112824,0.06711031613859643,LSTM
S60,0.16885957928918197,0.24248309335481094,0.18426890165492374,0.18827298041204873,0.15214431924098484,0.06397112604804951,ANN
S61,0.13693682610389216,0.1750189509422236,0.19350412146710766,0.18622429848886513,0.1693496924117472,0.13896611058616454,BiLSTM
S62,0.13041570697045488,0.17846148094260306,0.2088711285739345,0.15585660618335606,0.19949391233283495,0.1269011649968163,BiLSTM
S63,0.17840931512850408,0.29247336635986537,0.20001312523906445,0.11000103792670257,0.1383835510275413,0.08071960431832237,ANN
S64,0.18133069105389105,0.1959812431373627,0.3685129051609398,0.09046782438630281,0.11105689420726807,0.05265044205423544,BiLSTM
S65,0.16852107031578262,0.2577217505184489,0.20668437923751592,0.12990366614692403,0.18232602208930432,0.05484311169202441,ANN
S66,0.17535697815350382,0.20011548087487593,0.19433196875510747,0.2073894563190579,0.16377952069142773,0.05902659520602733,LSTM
S67,0.22289852387212195,0.16410814752514438,0.18469187304267548,0.19878394047120768,0.16702888823297604,0.06248862685587455,1D-CNN
S68,0.2905009932817588,0.16064117135029535,0.13095041566380242,0.1337853361543241,0.23696421979995974,0.047157863749859835,1D-CNN
S69,0.16924074189496763,0.2060159711706772,0.12314256884712392,0.13264214105552763,0.3160443126137432,0.052914264417960176,CNN-LSTM
S70,0.15615074702690757,0.1853392511383608,0.2151499555789566,0.1542239212236832,0.22704090419038783,0.062095220841703914,CNN-LSTM
S71,0.22525586009884915,0.1811866931536321,0.19499529115822126,0.1366654590462087,0.2026933567401712,0.05920333980291775,1D-CNN
S72,0.22050441918969252,0.18567016642599127,0.1530980914518427,0.1431548986455252,0.2433744021474476,0.05419802213950096,CNN-LSTM
S73,0.24060111838157114,0.15812797832312095,0.125515632266053,0.1746114188639303,0.23688947052808904,0.06425438163723572,1D-CNN
S74,0.1843850324063835,0.2199584267725636,0.15294252746506565,0.18990246680429898,0.18131205856597848,0.0714994879857096,ANN
S75,0.17740541915927735,0.19572230370851879,0.18977837650168225,0.21074822146693495,0.15214190525685709,0.07420377390672972,LSTM
S76,0.18963567875935727,0.18076739752072643,0.21178667639090917,0.1837104679670432,0.16544133954366055,0.06865843981830332,BiLSTM
S77,0.19265889085425583,0.17614009607821873,0.19758091888858942,0.19045594875896305,0.18221660388055327,0.06094754153941972,BiLSTM
S78,0.2527034095446466,0.2409535173081412,0.1577254554298664,0.15685073421808549,0.11997035987231766,0.07179652362694318,1D-CNN
S79,0.17574476316104565,0.23115102438819174,0.19076546778619602,0.21833713203725877,0.12462362753481292,0.05937798509249447,ANN
S80,0.18786793714804528,0.17179185345938958,0.19214425615713207,0.20149848466578138,0.1866140084074384,0.060083460162213366,LSTM
S81,0.2817451685405221,0.12545818500772937,0.12096837714811799,0.24901776920537028,0.1770677448142608,0.04574275528399978,1D-CNN
S82,0.2901332541154238,0.13255274449555632,0.12791423604158,0.22695054411630053,0.1735050147770742,0.04894420645406557,1D-CNN
S83,0.24692369604313885,0.17989315291305752,0.18186247733112337,0.15852665166805668,0.1788803549746449,0.05391366706997895,1D-CNN
S84,0.2350863721992396,0.1955145691943021,0.19199221363462243,0.13760209026794082,0.1837363086336535,0.05606844607024176,1D-CNN
S85,0.19318204687424853,0.21397593882778576,0.18493687721087368,0.2161236866261964,0.13919461346414153,0.052586836996754226,LSTM
S86,0.27627103838028017,0.13785334086935586,0.19538798470142124,0.20072279636653076,0.12357124944219358,0.06619359024021851,1D-CNN
S87,0.20870759465106983,0.21508189167991443,0.21120986421316848,0.16262256929913735,0.12405521182990704,0.07832286832680359,ANN
S88,0.14644197147318005,0.18929522385848,0.2801311394307283,0.17065522158142848,0.1298626391501399,0.08361380450604311,BiLSTM
S89,0.13564392806572498,0.13922788033137515,0.33982852395598623,0.1873388118563758,0.14428394354974616,0.053676912240791345,BiLSTM
S90,0.1443223932068319,0.211397774284728,0.27391348244990693,0.159671633509075,0.14520134401414606,0.06549337253531237,BiLSTM
S91,0.13881626651469717,0.1781246302276611,0.18306311623073337,0.23222831611337144,0.21095905312433166,0.056808617789205096,LSTM
S92,0.198155776365191,0.17215704520375508,0.177425894142998,0.20402924385176918,0.1944663128774092,0.05376572755887738,LSTM
S93,0.30355479868478075,0.23213522066117756,0.12741765800381893,0.1277374040966171,0.17040300104949738,0.038751917504108155,1D-CNN
S94,0.2738634141599452,0.16843981613497838,0.14412342250969318,0.14781955460290527,0.21852086201006035,0.04723293058241693,1D-CNN
S95,0.2545178480689055,0.1742160478366217,0.1427922455655029,0.16675781794169287,0.19509246044813267,0.06662358013914428,1D-CNN
S96,0.25270808899937236,0.2164674049884898,0.13013255364829796,0.17495548085371315,0.16219756784754047,0.0635389036625864,1D-CNN
S97,0.19226680070655322,0.20547592129781037,0.15524872622053182,0.2031988685583982,0.17438799051636547,0.0694216927003407,ANN
S98,0.19257828042565747,0.18023187839605662,0.17995081297658566,0.21845206557704194,0.16471643318363893,0.06407052944101942,LSTM
S99,0.17712586454515106,0.1976787481374512,0.19787165581310937,0.19257168981542877,0.1714297274350234,0.063322314253836,BiLSTM
S100,0.1602787812466595,0.30325570210740055,0.17797586099571358,0.16139249751789905,0.14587601017339175,0.051221147958935453,ANN
S101,0.1591099075032589,0.1967784521598337,0.2135239101790479,0.15930088504388595,0.169030825873271,0.1022560192407027,BiLSTM
S102,0.11635488825267926,0.1401397361587525,0.2646984021572986,0.1406277040882107,0.2667950143814379,0.07138425496162104,CNN-LSTM
S103,0.14037740137158625,0.1704951145503465,0.19337902665464166,0.1794374806218885,0.2699416668930619,0.04636930990847492,CNN-LSTM
S104,0.18580947551511504,0.18906087604243207,0.16813440289627501,0.22249700561664576,0.18425186869603918,0.05024637123349231,LSTM
S105,0.27226306157646746,0.2291009336755276,0.1338719859534557,0.1673372960224861,0.13278969193091347,0.06463703084114943,1D-CNN
S106,0.3133866156981173,0.20403155036051046,0.12370593511555684,0.12752126739598849,0.15922836169473248,0.07212626973509355,1D-CNN
S107,0.19448566150586574,0.23796671286621351,0.16615378932053254,0.14952585793669573,0.176937062174119,0.07493091619657355,ANN
S108,0.1897797033887297,0.2045082566286785,0.2029471119130108,0.16676097163448544,0.1753174101590364,0.060686546276059114,ANN
S109,0.20110649819814855,0.20319230782515146,0.2008354347942385,0.16354546377538057,0.17183703135220899,0.05948326405487215,ANN
S110,0.1662989015743988,0.16964320166225252,0.18105175029824455,0.18786916565242603,0.23575035688782323,0.05938662392485525,CNN-LSTM
S111,0.1549719258530642,0.21714344027165805,0.15425297695294227,0.16314276011517323,0.26253212976089757,0.04795676704626475,CNN-LSTM
S112,0.15057556364814131,0.13126773528338817,0.14467126570957384,0.21274445861199706,0.29845405488544513,0.06228692186145452,CNN-LSTM
S113,0.15824652972238112,0.16853119945644612,0.14222138976161725,0.1747772779711457,0.28448381612911244,0.0717397869592978,CNN-LSTM
S114,0.14438230139972824,0.18903657739653962,0.15393702473789847,0.19706371681348547,0.2521256738296337,0.06345470582271419,CNN-LSTM
S115,0.17979394833330187,0.18330910110757856,0.20169484013727762,0.20746515996167356,0.17103274330511284,0.05670420715505518,LSTM
S116,0.2221920240098939,0.2489552150033727,0.16500157274847352,0.166172093321334,0.15409636354317324,0.04358273137375304,ANN
S117,0.17895529375154043,0.22691739628335628,0.1457715835076192,0.22513403047258534,0.17776928328310443,0.045452412701794384,ANN
S118,0.14686113508765766,0.20245467252738544,0.1664300479528213,0.25181637650003474,0.18121404386308762,0.05122372406901364,LSTM
S119,0.1485542140888159,0.2643104544914226,0.15908298703452337,0.21591002616810223,0.15733444618989634,0.05480787202723935,ANN
S120,0.18648408387202872,0.13853585257812923,0.2250060255773741,0.1717271827479892,0.23464465070506899,0.04360220451941071,CNN-LSTM
S121,0.17046048243177056,0.11437491463852785,0.10753265901324044,0.14925552903786876,0.4250557909183379,0.03332062396025437,CNN-LSTM
S122,0.20665634926661736,0.18681344619375817,0.1086805761253912,0.2523401938837545,0.18924958438756523,0.05625985014291369,LSTM
S123,0.2009889806085441,0.20513890443948357,0.11769013661149091,0.24356510505545742,0.1519830396866156,0.08063383359840892,LSTM
S124,0.2909659870758733,0.13102121659664964,0.1397261813630642,0.17168693890508946,0.18397519798352938,0.08262447807579412,1D-CNN
S125,0.19237264389100903,0.15645955980738874,0.18299192590211766,0.1631086840923977,0.24093159557211907,0.06413559073496768,CNN-LSTM
S126,0.17035333914931594,0.18103573817161955,0.18743051055845056,0.19973739618399544,0.18802902469483995,0.07341399124177812,LSTM
S127,0.21195503316892664,0.19584937900154123,0.20691938944258023,0.16635294942177847,0.14973936060158508,0.06918388836358837,1D-CNN
S128,0.18556705551553238,0.21958921722180402,0.20590220352200278,0.17771144686860296,0.1539694150601076,0.05726066181195046,ANN
S129,0.21824713880716382,0.2340870704774292,0.1859719824618371,0.1655523506267225,0.1500005350838081,0.04614092254303884,ANN
S130,0.18911552110320848,0.23451417941228433,0.16752116897361483,0.20620494081028176,0.14357026670027842,0.05907392300033202,ANN
S131,0.16937424433750703,0.17336033066939438,0.21916789096096262,0.22866539076578477,0.1485127835775271,0.060919359688823574,LSTM
S132,0.1552029406303436,0.1540888935580293,0.23010187829333995,0.1922196701225739,0.22057304975825348,0.04781356763746004,BiLSTM
S133,0.15461874471021642,0.1300102889225447,0.1779027778402984,0.16078860181625768,0.337565163474759,0.039114423235924144,CNN-LSTM
S134,0.18049366106961637,0.15639082776445118,0.13740207890290781,0.2113336747487833,0.267335734726871,0.04704402278737027,CNN-LSTM
S135,0.16668085999845428,0.155207917279521,0.14248028224335305,0.22155122516973547,0.2692180684423131,0.04486164686662329,CNN-LSTM
S136,0.21994871546746464,0.13629337542456516,0.12294145882047303,0.2545595849322565,0.21261404349313015,0.05364282186211078,LSTM
S137,0.1953850723518425,0.14769899815290874,0.1585521084087835,0.20438058835571862,0.21466312664053505,0.07932010609021144,CNN-LSTM
S138,0.16404529401948512,0.1824074341747697,0.17983576747626812,0.21411878580078764,0.18874110593831037,0.07085161259037896,LSTM
S139,0.18165887359620914,0.19319970488351262,0.19422694442260224,0.18235607550905808,0.17718316439438941,0.07137523719422889,BiLSTM
S140,0.17869306197154622,0.1889359940776198,0.20546176203424424,0.17913760992902297,0.18080450176965085,0.06696707021791565,BiLSTM
S141,0.15476087635670968,0.23340386442775277,0.22263908556554374,0.177068359634893,0.15180394854699583,0.06032386546810463,ANN
S142,0.22929169202590627,0.27107711145242547,0.18703122866689903,0.13552198272921756,0.12970963086529788,0.047368354260253855,ANN
S143,0.22369230543586524,0.19994454650625676,0.16353890918894018,0.19225972198999902,0.16558087218420167,0.05498364469473734,1D-CNN
S144,0.16131566389177374,0.17088258383140625,0.21311490471020417,0.21880012833491425,0.17594500382721473,0.059941715404486576,LSTM
S145,0.17010848970275397,0.1423298644749552,0.2788973512710138,0.17638386834715258,0.17935158164477186,0.05292884455935259,BiLSTM
S146,0.1693538225040152,0.13692950547289884,0.309636299414412,0.1451920869649145,0.19719028360707008,0.04169800203668898,BiLSTM
S147,0.14432097693007626,0.2512027328147485,0.14188159612623163,0.18164901857910998,0.24296016887323624,0.03798550667659786,ANN
S148,0.1862199028843559,0.12082166516209382,0.09797368207549782,0.2806692479991412,0.27470038200660785,0.03961511987230335,LSTM
S149,0.21867594352964018,0.20481634252596415,0.10221927145875666,0.16340135913552326,0.24798165896269928,0.06290542438741628,CNN-LSTM
S150,0.22847003849132821,0.19805530365719584,0.12337346566573432,0.17583015003432576,0.19263386409019378,0.08163717806122223,1D-CNN
S151,0.18827450072868557,0.18914155392538518,0.18683103782971167,0.1687284489575243,0.19580666311710077,0.07121779544159249,CNN-LSTM
S152,0.17442810910430664,0.17732595811158827,0.19851802818002265,0.2215363947739698,0.16408942734109902,0.06410208248901383,LSTM
S153,0.13712414536788195,0.2631094351010083,0.20951400186467983,0.2023944324686864,0.14310126629612033,0.044756718901622784,ANN
S154,0.1928315388840186,0.17971070004712544,0.1920795342516627,0.24074192912772113,0.14947549298144983,0.04516080470802257,LSTM
S155,0.22710373591073707,0.1638522778207488,0.17068547623005145,0.21583423556141187,0.17038597333710867,0.05213830113994208,1D-CNN
S156,0.18434772513929137,0.1710877395445445,0.17035571561122126,0.18981067584860103,0.22569922570454823,0.058698918151794004,CNN-LSTM
S157,0.1971503155345565,0.11423450214474365,0.20007836859503364,0.1568275668943827,0.27387995769687934,0.05782928913440401,CNN-LSTM
S158,0.16296982368037688,0.25669149822045345,0.1438390167321354,0.13508558422141767,0.25479419668890096,0.04661988045671554,ANN
S159,0.18700857732623824,0.286205844410195,0.11998665599302488,0.1776267308628227,0.17036440898307426,0.05880778242464478,ANN
S160,0.1805855736923022,0.23108920514918047,0.12918943154092408,0.24218016598323389,0.1461132116700678,0.07084241196429142,LSTM
S161,0.2408768362569261,0.14791296251408245,0.14973238324249985,0.21759169945107878,0.1632589277184051,0.08062719081700757,1D-CNN
S162,0.15597293198693074,0.2168952702023175,0.18114075759036896,0.2059192767184776,0.16819876870445777,0.07187299479744713,ANN
S163,0.1479015492351737,0.1795428503146,0.24268664129443257,0.1835267741471839,0.1776816843457585,0.06866050066285162,BiLSTM
S164,0.17112022135251348,0.14137515991951502,0.2834548004942688,0.17741281586201313,0.16253545376363007,0.06410154860805957,BiLSTM
S165,0.15782829164484932,0.1934446988118033,0.23880409155067306,0.15631906215617458,0.20989175938334978,0.0437120964531503,BiLSTM
S166,0.15433746106370366,0.13704590278781525,0.11128617409108227,0.18532423748163926,0.3737608923687441,0.038245332207015245,CNN-LSTM
S167,0.15424987695135847,0.09934415233239183,0.09011703998137967,0.4967453391255021,0.12389913844105445,0.03564445316831361,LSTM
S168,0.19623033383854827,0.16790216668199562,0.14853609236235726,0.2512669825904003,0.15401367618366232,0.08205074834303565,LSTM
S169,0.22604489297453031,0.1345060877445877,0.18365246225650528,0.18874177380364876,0.16992492024523542,0.09712986297549307,1D-CNN
S170,0.13609704762496247,0.12392750189246098,0.3202167889319943,0.17123576206866903,0.1973902719954338,0.0511326274864798,BiLSTM
S171,0.1768257706162798,0.1544992363758369,0.164558011931305,0.2517080235525258,0.18766695209919437,0.06474200542485845,LSTM
S172,0.15914770334855738,0.12943136513755,0.1931740948523984,0.18171717969072385,0.2599052219995556,0.07662443497121468,CNN-LSTM
S173,0.13435030882080898,0.1367330806980763,0.16588799502178533,0.17167993044502028,0.33179728494779825,0.05955140006651092,CNN-LSTM
S174,0.16065728805859947,0.14884959937147732,0.19223531554607304,0.17040962543799515,0.24968461729250419,0.07816355429335044,CNN-LSTM
S175,0.16914487291717895,0.18157289916651273,0.1964799625219035,0.18493447989402648,0.17869514903460884,0.08917263646576934,BiLSTM
S176,0.14043896200406955,0.26296347558243444,0.20492376046041982,0.15980957778439123,0.13508880595222117,0.09677541821646368,ANN
S177,0.19483923953068372,0.1936090240558169,0.2242993579791946,0.16716147322149397,0.13717022270183446,0.08292068251097655,BiLSTM
S178,0.1314847890015817,0.13206897423607344,0.3407313994640422,0.1664024364777631,0.14840775320235183,0.08090464761818765,BiLSTM
S179,0.15742315490861572,0.2235657584694799,0.24246271419389373,0.15622051787731392,0.12653787450471954,0.0937899800459772,BiLSTM
S180,0.17977725329636327,0.2420617182289904,0.3250533778858625,0.10475045159261764,0.08913768713247044,0.05921951186369595,BiLSTM
S181,0.17403281475823376,0.26230527739165327,0.2952620021948952,0.11026304387579092,0.10676613394765239,0.051370727831773995,BiLSTM
S182,0.1413958248158731,0.24728578133401072,0.21859740815824683,0.1650985018055264,0.16501136493416377,0.06261111895217905,ANN
S183,0.14478018270000786,0.21645847386755557,0.14596388907744678,0.17088963136607377,0.26190933834351765,0.05999848464539838,CNN-LSTM
S184,0.19611680645255228,0.27122234572048937,0.1334175620679514,0.21015306306335998,0.13396263325045904,0.05512758944518763,ANN
S185,0.20511414332182584,0.20601175099876182,0.18653021885304102,0.16812759684233833,0.16279123396583645,0.0714250560181964,ANN
S186,0.2206424789437235,0.18633172102857057,0.18965553214578523,0.1840160945511044,0.15528955285153526,0.06406462047928145,1D-CNN
S187,0.1634119289610883,0.19099088420326718,0.23790051884549177,0.18624101206557425,0.17088325367118382,0.05057240225339454,BiLSTM
S188,0.17041814842391417,0.2321991709912525,0.1853295422411556,0.19043284412828432,0.17620570283750198,0.04541459137789128,ANN
S189,0.18666433408152014,0.16483178732615483,0.16741130944205104,0.17207783765183401,0.25643276930818987,0.0525819621902506,CNN-LSTM
S190,0.16240863325516194,0.196046435937971,0.17735478896159404,0.145091161098125,0.2690236501727587,0.0500753305743899,CNN-LSTM
S191,0.18684067558564202,0.15262069453953994,0.15905788404642637,0.17684727503545375,0.2601444626964643,0.06448900809647382,CNN-LSTM
S192,0.1902558598633882,0.19857684429122474,0.15006122487283735,0.1667307031561678,0.23310814710092792,0.06126722071545415,CNN-LSTM
S193,0.1735943729481841,0.26229842286115124,0.1247920660743406,0.18398277084190923,0.19457418197662935,0.060758185297785226,ANN
S194,0.18250280904112776,0.25447550131810176,0.13801171969450213,0.1727494345448478,0.18818636519006143,0.06407417021135949,ANN
S195,0.1812623199673053,0.19821611317364407,0.1736539277293856,0.20610875160719686,0.175249752510985,0.06550913501148323,LSTM
S196,0.17135861603857994,0.20677775603361323,0.21947224012692484,0.18582621420155573,0.15561722973179054,0.06094794386753588,BiLSTM
S197,0.1735336511942786,0.22363092243615665,0.22088657109079957,0.17836316946640346,0.15211310451167073,0.051472581300691364,ANN
S198,0.17209557129415196,0.20122709236560155,0.23110502032866367,0.1631448066010422,0.18905858043823037,0.043368928972310844,BiLSTM
S199,0.18351277477136171,0.17333872999821046,0.17595398214859193,0.16251406291560633,0.25134743785506974,0.05333301231115993,CNN-LSTM
S200,0.17460043673484096,0.15825426037379542,0.19953596097905232,0.17018959527494393,0.21903906126597134,0.07838068537139593,CNN-LSTM
S201,0.14446031247802968,0.339525258548364,0.1764045747437978,0.1300948902505964,0.16367615882019765,0.04583880515901431,ANN
S202,0.21428034300670792,0.19254351513336668,0.16960663693745323,0.20320834848029568,0.1637521168042848,0.05660903963789116,1D-CNN
S203,0.18462158712694504,0.24612287764751337,0.16233349826499854,0.1927396270555735,0.16414915449062542,0.050033255414343766,ANN
S204,0.2361579768733672,0.18738519357598543,0.13804754393133206,0.18584982999621574,0.19358557469495674,0.05897388092814342,1D-CNN
S205,0.19277011458864696,0.21297569674880007,0.1643375236066549,0.16543939591095125,0.20229714465440043,0.06218012449054609,ANN
S206,0.1700336967719421,0.21145706956629767,0.19348908714206184,0.17280496838607567,0.19056928375112006,0.06164589438250217,ANN
S207,0.18866927216624974,0.1981845851161063,0.19991351895042647,0.17040720434118675,0.18819496807793543,0.05463045134809515,BiLSTM
S208,0.231081477175002,0.17693643790235972,0.16002002718452327,0.1714397715112655,0.21479072885194517,0.045731557374904114,1D-CNN
S209,0.2360001431823791,0.1830682297526524,0.1043389237864788,0.2081137957306255,0.22483081564530732,0.04364809190255696,1D-CNN
S210,0.18285713419203561,0.2246682256650073,0.1443847083938066,0.21336020181117873,0.16067228472509185,0.07405744521287991,ANN
S211,0.18887730753243478,0.20230854030444914,0.1909488541374691,0.18223979153238976,0.1594470900044404,0.07617841648881665,ANN
S212,0.16689012259915473,0.1578629610939939,0.23827893177425105,0.18824161209875517,0.18571648958040185,0.0630098828534429,BiLSTM
S213,0.17569468369334607,0.15926583836176667,0.20787016322675078,0.17997336587043347,0.22534072643953026,0.05185522240817314,CNN-LSTM
S214,0.26048607154664033,0.19962394239846726,0.12493452755743281,0.1544706417347612,0.21475801326063856,0.04572680350206031,1D-CNN
S215,0.16067644111649076,0.17498030816101684,0.15329297573288908,0.1977714886455306,0.23195944612505964,0.08131934021901314,CNN-LSTM
S216,0.18337714871554991,0.2431696377293413,0.18136300583011922,0.16343046152731674,0.17363497147993112,0.05502477471774122,ANN
S217,0.20555889341003517,0.1822569909005594,0.19224981070750932,0.18229267281792136,0.18615767834653807,0.05148395381743644,1D-CNN
S218,0.15821470933922901,0.2858836293227548,0.15709515446260314,0.18016989109294515,0.1709707267114675,0.04766588907100061,ANN
S219,0.17198411684646076,0.24480861740983864,0.16465436126371963,0.17796957934301805,0.18825359092239446,0.05232973421456837,ANN
S220,0.16033903039822248,0.2047978099659007,0.19273210288504197,0.20048034782434862,0.18664849989093033,0.055002209035556006,ANN
S221,0.15369971453155895,0.19115483002874312,0.3020070155520248,0.1418536384739884,0.17147796854700134,0.03980683286668326,BiLSTM
S222,0.17721322854860128,0.22817432884563385,0.17710694071626357,0.17873513413809922,0.19870090122544473,0.04006946652595705,ANN
S223,0.20289754306805996,0.20217870225917642,0.16449285121049215,0.16999219844915564,0.22265616497719937,0.037782540035916565,CNN-LSTM
S224,0.23764225346574458,0.15417818867889552,0.09416382740191308,0.21194063944012456,0.25667648369156665,0.045398607321755345,CNN-LSTM
S225,0.19663814746642766,0.22881718288478806,0.1314323021393701,0.19997585804448806,0.1690254766157063,0.0741110328492195,ANN
S226,0.2034820464351872,0.228379516916946,0.1594121943631266,0.1298964326725647,0.22852565650874845,0.05030415310342697,CNN-LSTM
S227,0.26424057714429233,0.20130551362184324,0.1376966653542863,0.16197700306609775,0.18584464471923112,0.04893559609424938,1D-CNN
S228,0.2093034506067008,0.24264181692403292,0.16982978559262818,0.1507249169412702,0.18068160236517852,0.046818427570189156,ANN
S229,0.17256024962650163,0.2337120037286743,0.1576269135262532,0.23414004142818048,0.15049949850520813,0.05146129318518232,LSTM
S230,0.20180181577751802,0.21302724257343267,0.208101745796968,0.17083623598314432,0.15900630689536144,0.04722665297357552,ANN
S231,0.21072950162493562,0.17931840574532698,0.15607556511095438,0.17931558260313293,0.22193102586808322,0.052629919047566795,CNN-LSTM
S232,0.17293858268170365,0.175873334205482,0.1804426125731833,0.22316214049243868,0.1854648780625862,0.062118451984606075,LSTM
S233,0.18198782445935793,0.1837220680613083,0.20526122495900953,0.15844922323889862,0.21265161156974763,0.05792804771167828,CNN-LSTM
S234,0.21995407249353116,0.14197558418123193,0.15001731823889297,0.15139623550132805,0.2878653714163287,0.04879141816868777,CNN-LSTM
S235,0.18260438285704458,0.22524487218219988,0.13956520844878145,0.14790692415849424,0.2611373067179105,0.043541305635569565,CNN-LSTM
S236,0.23645821635381542,0.19331483684883952,0.1505821817856216,0.17287353787786364,0.18909369636738566,0.057677530766474666,1D-CNN
S237,0.21902284119916088,0.23543351739967183,0.15812190054839217,0.17915277019230139,0.14804321258679334,0.06022575807368064,ANN
S238,0.18722282408720506,0.18457925849723755,0.2066326904849228,0.18218900952024156,0.17501951899115142,0.06435669841924165,BiLSTM
S239,0.1877059342202959,0.17891596480284397,0.1984631374789268,0.19613508967631293,0.18001068812648388,0.058769185695136325,BiLSTM
S240,0.18324481873562654,0.19138296256160697,0.19000503010217262,0.1924533274837062,0.18573567324971882,0.05717818786716967,LSTM
S241,0.19293934891462514,0.1821406117032155,0.20487673382079144,0.1807120962394806,0.19598822692041107,0.04334298240147631,BiLSTM
S242,0.14046309959676231,0.20705863514610243,0.17389918830670417,0.2652912810038596,0.17146338535308503,0.041824410593486315,LSTM
S243,0.20065439235479524,0.21770934837193187,0.14275647557427187,0.21855435569506793,0.17590371375729139,0.044421714246641694,LSTM
S244,0.3025009744022452,0.0945735392729214,0.08672316785637041,0.30435166784258255,0.16878091786511554,0.04306973276076526,LSTM
S245,0.15824327386834092,0.16784674300497898,0.11896616355798496,0.24814298797886364,0.2323695361759066,0.07443129541392493,LSTM
S246,0.19679111881687497,0.18960184656323698,0.1396180129823156,0.15137982544995093,0.25675586440125026,0.065853331786371,CNN-LSTM
S247,0.1859981246581549,0.18714680803819567,0.17732256092548,0.16400604414235315,0.22189600826906147,0.06363045396675471,CNN-LSTM
S248,0.18489485755904403,0.1654604185205412,0.18932292785334498,0.20246067132197526,0.19372248372034054,0.06413864102475379,LSTM
S249,0.25884083789273893,0.183101462638751,0.16715908219372727,0.18612456323904641,0.14984125193651873,0.0549328020992178,1D-CNN
S250,0.28305812266425817,0.15142161871250956,0.16216661320238707,0.18534131530036935,0.15971299776586448,0.05829933235461105,1D-CNN
S251,0.1800298367522983,0.19146810217899016,0.1844107780828857,0.21242586179314424,0.15888628453216433,0.07277913666051715,LSTM
S252,0.1741122932576659,0.17647330318832,0.2235038051111443,0.18336256828667152,0.16954397829563989,0.07300405186055837,BiLSTM
S253,0.1750969753761412,0.1596603508473368,0.21712153751043767,0.18202840918086455,0.20318351881686106,0.06290920826835868,BiLSTM
S254,0.16339278977316585,0.2582746460286062,0.21617886945251633,0.1238964597832537,0.20200087110395926,0.036256363858498654,ANN
S255,0.14839797578891495,0.2716849556618197,0.14331483607422685,0.2139144037682563,0.176822150501595,0.0458656782051874,ANN
S256,0.17697265175909016,0.1661491414470412,0.15108111641260571,0.30132212926079444,0.1598299772503778,0.044644983870090915,LSTM
S257,0.19327128444644756,0.1665903437699013,0.1439957820636941,0.2517913864819213,0.18750119637869192,0.05685000685934412,LSTM
S258,0.2017925014800864,0.20773886234548966,0.1401017310042591,0.21907867735003314,0.16735562778284946,0.0639326000372819,LSTM
S259,0.13868073187420302,0.17371706385650557,0.23871331602555299,0.20360057640632825,0.1808985329731244,0.06438977886428575,BiLSTM
S260,0.20494441865876215,0.13942353811544453,0.23170505351955567,0.1713582791743027,0.19131324567567193,0.06125546485626297,BiLSTM
S261,0.13804091502068838,0.14236921895739166,0.13062172937775024,0.2220102020763083,0.32261996009987665,0.044337974467984986,CNN-LSTM
S262,0.23576026081565118,0.1276683439221478,0.09342007925152511,0.34507155133642625,0.1469765642640797,0.051103200410169726,LSTM
S263,0.2274144195416008,0.14775508294608186,0.14724887207501242,0.21849594129591887,0.17708378518139636,0.08200189895998977,1D-CNN
S264,0.18832249414095487,0.22018556133008696,0.15961826719731076,0.15881674550557934,0.20347343164358694,0.06958350018248076,ANN
S265,0.17816866554265282,0.13574567712704727,0.21273621405697177,0.20065248446213635,0.20867753680529041,0.06401942200590155,BiLSTM
S266,0.17882087660777818,0.17577609052148246,0.22913360379636974,0.20124545291989798,0.1532103519472972,0.06181362420717467,BiLSTM
S267,0.20132087056518536,0.1865576558005413,0.18648079257035158,0.19086811821764144,0.18259192577488434,0.05218063707139538,1D-CNN
S268,0.1428831667392188,0.12846129671083645,0.13359369770461657,0.26171954955079285,0.28773054937667325,0.045611739917862,CNN-LSTM
S269,0.17301304757962252,0.12275526221512655,0.17402438515492227,0.20002047070312629,0.2617197904633005,0.06846704388390132,CNN-LSTM
S270,0.14130094179336555,0.21057483896714402,0.22541153419705054,0.17060556333989507,0.17621396998819322,0.07589315171435142,BiLSTM
S271,0.15331821554610622,0.18915530094910532,0.2888035276765314,0.14925589072429193,0.14316737228209156,0.07629969282187388,BiLSTM
S272,0.1612788487891219,0.18436403993473,0.2859416768461983,0.15523308004708772,0.1590699240979966,0.054112430284866134,BiLSTM
S273,0.1795988701208738,0.1719962576432679,0.1830033501752184,0.2574295917086656,0.14908373553718615,0.05888819481478841,LSTM
S274,0.18172017307680002,0.21151863711587748,0.16790463784798046,0.22753989220112192,0.15745083200382168,0.05386582775439854,LSTM
S275,0.17904282870489638,0.15169552247191673,0.1759607948757107,0.19529410042290168,0.2391301381001139,0.05887661542446058,CNN-LSTM
S276,0.15208629339119967,0.21257431759332585,0.18310236456833148,0.17017670489135184,0.23246873655801767,0.04959158299777323,CNN-LSTM
S277,0.18162139666834173,0.1521129153336354,0.2349402295973008,0.1658449445269026,0.20757501546198984,0.05790549841182933,BiLSTM
S278,0.2408673067627092,0.164891608996289,0.186726513167079,0.14731162706401976,0.19549922528325148,0.06470371872665152,1D-CNN
S279,0.20767133278517078,0.2867825448626786,0.1325785369989457,0.14798399805045445,0.17653353913939834,0.04845004816335171,ANN
S280,0.20393530929811263,0.1851932956095138,0.15337228299471467,0.23235320675424928,0.15103861539492405,0.07410728994848537,LSTM
S281,0.17438497120870836,0.19370462904805233,0.19738618977818495,0.2065820335169963,0.15872705741478588,0.06921511903327172,LSTM
S282,0.15651843620446365,0.1868372521992026,0.2245173773213373,0.20287378374221476,0.16468836858194363,0.06456478195083784,BiLSTM
S283,0.16189263320248823,0.15310236299445443,0.2691561862207668,0.18628034355043338,0.1744493849191455,0.055119089112711385,BiLSTM
S284,0.16376227234633642,0.1781324024213418,0.24012820805009613,0.17609757297056813,0.18976188154733484,0.05211766266432263,BiLSTM
S285,0.1202530704235703,0.13286270765732067,0.20308093322890755,0.18469565521653009,0.30155391690671757,0.05755371656695413,CNN-LSTM
S286,0.1275592581536022,0.16824145030889587,0.18650542695382388,0.207590359178518,0.25943182390400105,0.05067168150115931,CNN-LSTM
S287,0.268203660601854,0.1943830154595622,0.14569505275838499,0.17388333093948646,0.17342369431929333,0.04441124592141867,1D-CNN
S288,0.26347879525824347,0.15664518827742882,0.13174377074771138,0.174194173504,0.21295249361345678,0.060985578599159096,1D-CNN
S289,0.17003170962778055,0.2842144365928869,0.12108992011940944,0.18714644852392023,0.17224118940179817,0.06527629573420461,ANN
S290,0.17533657878097397,0.1880998768435376,0.18152027017468433,0.21696960206955468,0.16768765573910885,0.07038601639213979,LSTM
S291,0.18259728378910164,0.17116561122236387,0.2160110769354366,0.19760399283766264,0.16804315055345267,0.06457888466198275,BiLSTM
S292,0.18090866611583334,0.2191875509927777,0.20703717181274672,0.17901231779705498,0.15696063931199106,0.056893653969596586,ANN
S293,0.25409162834454163,0.192721374111347,0.19711082042481384,0.1504471350265807,0.15685220559648552,0.048776836496231386,1D-CNN
S294,0.14682112877434716,0.2299885115738208,0.2020119671645611,0.20714210918745113,0.1618313074540904,0.05220497584572927,ANN
S295,0.206453519939678,0.1656508624638438,0.18893803880501026,0.2593555431034726,0.14178269844622177,0.037819337241773485,LSTM
S296,0.36320568118199925,0.16675311146646732,0.1062219083607797,0.20638800977671648,0.12808433647234532,0.029346952741692228,1D-CNN
S297,0.28485189800681504,0.14779217366903716,0.07653430956354071,0.3465963457781984,0.10731315433107101,0.03691211865133858,LSTM
S298,0.15069836929062994,0.29210522132126465,0.11771726990866783,0.14372286167401996,0.24306043233589164,0.05269584546952633,ANN
S299,0.22102821326609456,0.16964748075922065,0.17161822044157796,0.16522608715441264,0.19208756533423046,0.08039243304446379,1D-CNN
S300,0.1886541418267564,0.18531027896163121,0.24255696077057037,0.16364331367755677,0.16013997551401896,0.05969532924946657,BiLSTM
S301,0.20153478425560814,0.1800160396630513,0.19901719371356866,0.19326877154265598,0.16482682806124022,0.061336382763875395,1D-CNN
S302,0.24790752106990419,0.17730431594582932,0.16739510110122174,0.18209789637904694,0.16076778157235355,0.06452738393164414,1D-CNN
S303,0.1782182203350572,0.1957729799499065,0.17536991375124705,0.2192721227163601,0.16217076148651544,0.06919600176091385,LSTM
S304,0.15898821846429437,0.13628115313122235,0.27813684702358976,0.19514556260532662,0.15323492123644497,0.07821329753912214,BiLSTM
S305,0.16297540917669215,0.15031158642847095,0.26910401446633775,0.16460321636335076,0.1958788042176195,0.05712696934752881,BiLSTM
S306,0.1516070981879684,0.17910188914149436,0.23493254452522166,0.16485957135176563,0.21187007379531175,0.057628822998238384,BiLSTM
S307,0.13963892317512824,0.1883227466219072,0.17329748237756515,0.25191216424491986,0.1978105177086407,0.04901816587183861,LSTM
S308,0.24364964039853285,0.18516464206178074,0.14436852915950205,0.17517589987325066,0.20901168777286078,0.04262960073407289,1D-CNN
