Segment,1D-CNN,ANN,BiLSTM,LSTM,CNN-LSTM,Selected
S1,0.24023364708852776,0.1981149104348146,0.21788828095982124,0.3026604082147545,0.04110275330208235,LSTM
S2,0.2232614075780792,0.2251072795740172,0.20436400427778162,0.30452559657871353,0.04274171199140755,LSTM
S3,0.21012021765300798,0.23555853345430172,0.19880108504452704,0.3057972188161969,0.049722945031966746,LSTM
S4,0.22117406281820232,0.2549596303295431,0.2683207183866508,0.21054544351974078,0.045000144945862394,BiLSTM
S5,0.24358518410294874,0.2049514779370098,0.2655554103896013,0.2405173679214721,0.045390559648969125,BiLSTM
S6,0.27100056813009676,0.23733725204791012,0.2097551643138105,0.24613907924853276,0.03576793625964951,1D-CNN
S7,0.2445981548934113,0.27873347462250897,0.1827870849089632,0.2646541560286089,0.029227129546508482,ANN
S8,0.20651288109188545,0.22273399372010258,0.26634800748151577,0.27726390909004744,0.027141208616448965,LSTM
S9,0.2246213368431606,0.21697905326268313,0.2754075545780974,0.24854483663563967,0.0344472186804189,BiLSTM
S10,0.2189403868660144,0.28563496807770133,0.24517135278517044,0.21828022371711164,0.03197306855400175,ANN
S11,0.23166968048473097,0.3057936231387375,0.31362495562144693,0.1275173395909685,0.021394401164115538,BiLSTM
S12,0.192049607573657,0.35247269803881504,0.2977498936845477,0.12967390714780633,0.028053893555173397,ANN
S13,0.18243996419632694,0.327782012947336,0.23447843555019854,0.20737500074511467,0.047924586561023774,ANN
S14,0.25257767011699633,0.3040322868280307,0.1704102322019953,0.24324192039210174,0.02973789046087608,ANN
S15,0.3278016770509374,0.23214414953639553,0.1741978752489381,0.24212209432199283,0.02373420384173656,1D-CNN
S16,0.28094631964882505,0.28639281091508245,0.2105914589101485,0.19488026471997988,0.0271891458059643,ANN
S17,0.2147712563304634,0.22930190693726166,0.28605655319576223,0.23729967573362173,0.032570607802890145,BiLSTM
S18,0.2252355410917713,0.24458742684677706,0.2709024897169323,0.21866928601381988,0.040605256330699654,BiLSTM
S19,0.241108851702186,0.22570157480591138,0.2206435949063508,0.2590110102440356,0.05353496834151589,LSTM
S20,0.20611831827843505,0.19653207283530733,0.2158908920638034,0.2946828878907288,0.08677582893172579,LSTM
S21,0.28002724881909274,0.2953122307609664,0.16149686983080258,0.2164117869724776,0.046751863616660325,ANN
S22,0.2990466819117757,0.3216013998375792,0.1501967986901907,0.19020889672694735,0.03894622283350769,ANN
S23,0.21139394691898566,0.3653090635398025,0.17676716135406617,0.20603734382685746,0.04049248436028831,ANN
S24,0.23626678083535882,0.26221372007399574,0.20253959572730645,0.2730816796911086,0.02589822367223118,LSTM
S25,0.22568419183478686,0.24796381291750613,0.26275019729864,0.2389457889346507,0.0246560090144163,BiLSTM
S26,0.21814395535545292,0.2300617346963922,0.25539581024530444,0.27189740670301454,0.02450109299983602,LSTM
S27,0.14688558587266193,0.31961850346540166,0.26506670069345156,0.2463132190517716,0.02211599091671361,ANN
S28,0.2600965561498957,0.2441913223679862,0.232110977926592,0.2186767301448359,0.04492441341069108,1D-CNN
S29,0.17143116187386717,0.14737811558077615,0.1538992082795601,0.44819423122583113,0.07909728303996522,LSTM
S30,0.12662409753106785,0.225950999266347,0.12151803231151657,0.5046154586465321,0.021291412244535613,LSTM
S31,0.26437788622171304,0.18012748353089963,0.14696821783364566,0.38702777161707796,0.021498640796663054,LSTM
S32,0.2799392734334424,0.15743532196361765,0.1831624489250593,0.33954639817748744,0.039916557500393045,LSTM
S33,0.2174369372922497,0.19450076925476767,0.21641891551100867,0.3084194010435504,0.06322397689842349,LSTM
S34,0.2558043478299562,0.22298465441161355,0.24240335849609013,0.23827370996383482,0.040533929298504766,1D-CNN
S35,0.21926074676300886,0.2365397522163908,0.278551715147015,0.2279700617957818,0.03767772407780326,BiLSTM
S36,0.2908024823995459,0.2087000351512943,0.25835732570004194,0.20890324106549066,0.033236915683627806,1D-CNN
S37,0.28499700370596037,0.2368809468564229,0.2191937367903846,0.22512236276725542,0.03380594987997757,1D-CNN
S38,0.20728417756569167,0.30819360871571266,0.191365720397495,0.2697679636618247,0.02338852965927532,ANN
S39,0.19908713116013718,0.2327973574276057,0.2508282876226447,0.2927413518217236,0.024545871967889,LSTM
S40,0.2469224456726421,0.2114027455462567,0.2686694732300936,0.23467987621437159,0.038325459336635996,BiLSTM
S41,0.24885058060639062,0.22635512084047124,0.2289296483242173,0.25321683027199166,0.04264781995693005,LSTM
S42,0.24649143583599023,0.2300450921911524,0.25302072552475935,0.23388158241215623,0.036561164035942915,BiLSTM
S43,0.22071257646151754,0.24403973684804667,0.25212399925216783,0.2442227369450015,0.038900950493266855,BiLSTM
S44,0.25507071825159133,0.24543932877099087,0.2151562899932563,0.24077601174838276,0.04355765123577909,1D-CNN
S45,0.3039297633166667,0.21516832018548598,0.15248914664081795,0.2937429302409027,0.03466983961612615,1D-CNN
S46,0.2524946605103554,0.2847636785827303,0.18190775061494444,0.25082413190983066,0.030009778382139148,ANN
S47,0.2412439147357336,0.28105897739107427,0.23322835315778795,0.21281426934993553,0.03165448536546953,ANN
S48,0.23533629839972334,0.20783380419163014,0.27253815074237087,0.25000635769524543,0.034285388971029646,BiLSTM
S49,0.2280068206647143,0.23066871380887286,0.2609869323851589,0.24796476285332864,0.03237277028792439,BiLSTM
S50,0.23619277918582576,0.25345036068624727,0.24063825030546873,0.23944950890260477,0.030269100919852812,ANN
S51,0.09434429595324154,0.12177551739311634,0.17659890288094715,0.5773597211453878,0.029921562627307666,LSTM
S52,0.31100341524267955,0.21501321004471055,0.16632339232949675,0.28572162978775484,0.02193835259535823,1D-CNN
S53,0.3258811477364407,0.202607500742603,0.21038559404826201,0.23714505159923885,0.023980705873455715,1D-CNN
S54,0.4452781323946949,0.13099463510334716,0.18093845619435986,0.19904046250065097,0.043748313806947096,1D-CNN
S55,0.24686645088960069,0.20826199022829991,0.2118572930390224,0.24638988577020826,0.08662438007286859,1D-CNN
S56,0.28943763515495036,0.2466025130045837,0.1535592340054818,0.2588815697362293,0.05151904809875454,1D-CNN
S57,0.29353956406416415,0.15882017512808436,0.21839077373521984,0.28433170621340764,0.04491778085912381,1D-CNN
S58,0.3180782108752348,0.1705229776471112,0.235018799653369,0.24375926130147255,0.032620750522811985,1D-CNN
S59,0.21173749505099218,0.23948066737820498,0.25313620793172714,0.2666261655005085,0.029019464138565983,LSTM
S60,0.196111943602984,0.3130319144058934,0.2302242966615428,0.23501071129548493,0.025621134034093895,ANN
S61,0.1817322011765744,0.24008562831162447,0.2740307426882196,0.26971427789595226,0.03443714992762899,BiLSTM
S62,0.17349158747329907,0.2482470727909664,0.33144563172083946,0.20273928193182736,0.04407642608306803,BiLSTM
S63,0.207866647865818,0.44100765323021407,0.24450159567763144,0.08750806775722694,0.01911603546910909,ANN
S64,0.20828783581171642,0.23341407734006614,0.4606822206659841,0.08218885648585365,0.015427009696380027,BiLSTM
S65,0.20262508692147552,0.32208966651789006,0.2608069562486826,0.18102252273202474,0.033455767579927194,ANN
S66,0.21375490775888573,0.251681905647708,0.2334549057606614,0.27280623158823786,0.02830204924450667,LSTM
S67,0.29404559519801826,0.21924347787267728,0.21600527486485546,0.24265536480409594,0.028050287260352958,1D-CNN
S68,0.3786805745980183,0.23354363183759966,0.1697924233697074,0.1799558536591089,0.038027516535565756,1D-CNN
S69,0.26026763128631075,0.2958307494573766,0.1905695679539949,0.20034292924761996,0.05298912205469824,ANN
S70,0.21920937860871975,0.24724738343346406,0.27924563737699043,0.20906988799902643,0.04522771258179928,BiLSTM
S71,0.2945821652493518,0.2384504774174949,0.24747288299064388,0.18087109454431416,0.038623379798195016,1D-CNN
S72,0.2900784083762438,0.25362854129505785,0.2107062757570766,0.19917816480364273,0.04640860976797926,1D-CNN
S73,0.3211625104358137,0.21979798222385535,0.17876141136925602,0.23513714617519688,0.04514094979587887,1D-CNN
S74,0.23751796983880688,0.2932727921860905,0.19506374589824366,0.24074762123953453,0.03339787083732417,ANN
S75,0.2235161751702747,0.24792084863987365,0.23782773256497391,0.2650340336432728,0.02570120998160495,LSTM
S76,0.24643946480567494,0.22445700102846458,0.2728003918138712,0.22957932018442695,0.026723822167562774,BiLSTM
S77,0.24780763656325228,0.21683855867111576,0.26008526427359513,0.24489380601322777,0.03037473447880845,BiLSTM
S78,0.3513749434680108,0.287711339640147,0.17990639544339587,0.16419396853137672,0.01681335291706888,1D-CNN
S79,0.2104477435336606,0.29312371314506924,0.24525833990582224,0.23126320151708096,0.019907001898365796,ANN
S80,0.24877062258324065,0.22664738874625343,0.25293101489603964,0.23739285238000601,0.03425812139446,BiLSTM
S81,0.3294386002489807,0.17364613408124743,0.17476521746431128,0.2876780541334911,0.03447199407196963,1D-CNN
S82,0.3443651224078423,0.17896894599398003,0.16904465862694104,0.2751166623494525,0.03250461062178416,1D-CNN
S83,0.30149107889089294,0.2291989747501312,0.22851593033669193,0.20850661974968773,0.032287396272596025,1D-CNN
S84,0.2953301528964061,0.24916090233803304,0.23979028636479272,0.18283684739141723,0.03288181100935113,1D-CNN
S85,0.23367359803641047,0.2586495025249568,0.22733652284860914,0.25664623959834115,0.02369413699168193,ANN
S86,0.34853727348097446,0.16567883587923124,0.2315012149586829,0.23534300187160023,0.01893967380951045,1D-CNN
S87,0.25578634768719727,0.27591553824318976,0.2601395829266971,0.18993656379515522,0.01822196734776071,ANN
S88,0.16118553934538488,0.23811770910271363,0.37843782300050216,0.20260168754109423,0.019657241010305995,BiLSTM
S89,0.16188748377869477,0.1706272797398302,0.4094982769693515,0.23225069855879296,0.025736260953330314,BiLSTM
S90,0.17093471698030735,0.26012867015264934,0.34404327357262254,0.1988053454067733,0.02608799388764728,BiLSTM
S91,0.1615995674749412,0.22506289320906217,0.24795752859546363,0.32349125147463575,0.04188875924589776,LSTM
S92,0.244485398975704,0.2164514373440924,0.22292268099353893,0.28009750138656975,0.036042981300095575,LSTM
S93,0.3721581462418646,0.2770807403975662,0.15650632267067335,0.16539159078395035,0.028863199905946258,1D-CNN
S94,0.3480873685988249,0.22752762361275375,0.18847041423953467,0.19780246540422333,0.03811212814466338,1D-CNN
S95,0.33270770211301953,0.23021135809300428,0.1851313226117271,0.21597495430928818,0.035974662872960646,1D-CNN
S96,0.31861899318400916,0.2767244897613198,0.16203527056262546,0.21386394958628946,0.02875729690575703,1D-CNN
S97,0.24484097737029462,0.26541248070131784,0.19816662245489916,0.25989284952781516,0.031687069945672976,ANN
S98,0.23905311436741572,0.22803315140734304,0.22643760792064344,0.27673711746132645,0.029739008843271707,LSTM
S99,0.22054765568927479,0.2472413448199815,0.25179700743628775,0.2501695970073649,0.03024439504709242,BiLSTM
S100,0.19385694500050107,0.3634235599532726,0.21720028002018546,0.19984406485594225,0.02567515017009773,ANN
S101,0.20249072047226882,0.2714249858791933,0.2987730333784414,0.19629472810300744,0.03101653216708841,BiLSTM
S102,0.1449174934465281,0.19571864396781471,0.3745676432944795,0.22592484489946213,0.05887137439171537,BiLSTM
S103,0.1691343058858109,0.22574861929716217,0.25810352335103237,0.2956638601290951,0.051349691336899754,LSTM
S104,0.21602478659186775,0.2485274178528128,0.20524822564704237,0.29882527731910974,0.031374292589167546,LSTM
S105,0.3490299314105848,0.3141852501440952,0.13840815391404468,0.17947949027193796,0.018897174259338054,1D-CNN
S106,0.4723528206442237,0.2573194078819374,0.12352291810159033,0.1244419250405025,0.02236292833174617,1D-CNN
S107,0.23486936863754063,0.3859940230278653,0.1881144421695932,0.16245705364337706,0.028565112521623685,ANN
S108,0.2790824314677886,0.3040924214962598,0.2175775436130327,0.17019491843632972,0.029052684986588893,ANN
S109,0.2876960724172937,0.29732308514321704,0.2124878279285232,0.17447592184009766,0.028017092670868868,ANN
S110,0.21728589491290018,0.22798698647075316,0.23849403228476876,0.2634858280499298,0.052747258281648064,LSTM
S111,0.19697314590427698,0.28592182161716817,0.20969378117363796,0.2455729659852024,0.0618382853197143,ANN
S112,0.20654088800730985,0.18725793734564783,0.2077660085819294,0.32216490153705046,0.07627026452806229,LSTM
S113,0.21389266171069377,0.2353471146646764,0.20508150618074916,0.27499926625072163,0.0706794511931592,LSTM
S114,0.18472737711852197,0.2679818077968815,0.20576344175996084,0.2828893998167025,0.05863797350793276,LSTM
S115,0.2353648887051539,0.22961572352477216,0.2366016403786366,0.2676356679431932,0.030782079448243745,LSTM
S116,0.2689736145821826,0.3194346381668071,0.194216402349566,0.19203575616074228,0.025339588740702305,ANN
S117,0.22417649105021256,0.28631501165052897,0.17006499523865803,0.2873127177187474,0.03213078434185334,LSTM
S118,0.18234887719169945,0.2572116729934974,0.19703435585101045,0.32902562062267504,0.03437947334111781,LSTM
S119,0.1718559358646878,0.3308807667247753,0.19112640188927904,0.27703534648896583,0.029101549032292073,ANN
S120,0.2633213685381192,0.18905537340134473,0.26046739710041955,0.24227423960187236,0.04488162135824438,1D-CNN
S121,0.27444128256316064,0.22065716119514117,0.1849193130191418,0.24867539088734794,0.07130685233520864,1D-CNN
S122,0.25383875365497627,0.22718031801030952,0.14634679718426266,0.3370654487915477,0.03556868235890464,LSTM
S123,0.25322468497144557,0.2493701329423816,0.1478198979553384,0.3233515892403323,0.026233694890503492,LSTM
S124,0.3511503294130889,0.1630270579754255,0.2077035290112773,0.24397008448398189,0.03414899911622629,1D-CNN
S125,0.22832337070056916,0.18402733345012368,0.29201996234825556,0.25195169280381696,0.04367764069723488,BiLSTM
S126,0.19395917675739724,0.21334265919047657,0.27996592392309366,0.2797003598048478,0.03303188032418357,BiLSTM
S127,0.2657335750394412,0.23535219835594726,0.27414560978589225,0.2012694491726565,0.02349916764606299,BiLSTM
S128,0.22491877344605113,0.26354232794668103,0.27165644825817675,0.21567734351205536,0.024205106837036295,BiLSTM
S129,0.26294783137683503,0.2713328306968084,0.24424669063407464,0.19772689103022825,0.023745756262053882,ANN
S130,0.23315167515183274,0.2846121002354289,0.21013792373973797,0.24832745413841958,0.023770846734580745,ANN
S131,0.20600892996491674,0.21013364324422662,0.2701394492787877,0.287841414553807,0.025876562958261205,LSTM
S132,0.208619140490028,0.19940305606101316,0.2957087686264585,0.2567420711194559,0.03952696370304478,BiLSTM
S133,0.22541151062038037,0.20301136453340202,0.2675655371777624,0.24557635563685878,0.05843523203159702,BiLSTM
S134,0.24629038710950282,0.22280091366165872,0.19887957312142124,0.28327662281615734,0.04875250329125939,LSTM
S135,0.23245769498231078,0.2199519973012994,0.19971846182722452,0.29786383778368486,0.050008008105480624,LSTM
S136,0.2836104477428306,0.1806001598843848,0.16609932707844466,0.33039212035635906,0.03929794493798109,LSTM
S137,0.2511045457010943,0.18808068080955365,0.229287473397355,0.2885934346712629,0.04293386542073419,LSTM
S138,0.18613534943018806,0.22162747031387642,0.25571057712549605,0.30188610213567324,0.03464050099476659,LSTM
S139,0.22802137564808123,0.23950644854346922,0.2647375653000615,0.2376652478059549,0.03006936270243425,BiLSTM
S140,0.22746140399833958,0.2463031391135689,0.26656774737639977,0.22809641954476007,0.03157128996693207,BiLSTM
S141,0.18936490503941622,0.2898761418249499,0.2741757743477292,0.22083290062151456,0.025750278166390667,ANN
S142,0.2605139290611642,0.34094597045206015,0.21626253582148136,0.15984104157827075,0.022436523087023,ANN
S143,0.2752918373825579,0.24310432000955862,0.19312728836920598,0.25719785177082966,0.03127870246784936,1D-CNN
S144,0.20301256796593767,0.22287030545379016,0.25917204719822273,0.2827715664106996,0.03217351297134828,LSTM
S145,0.21166108084144278,0.18998719000779452,0.3357421325867031,0.22861082387006426,0.0339987726939951,BiLSTM
S146,0.21766254192925116,0.20310077947169006,0.34791455128497817,0.1940042566964953,0.03731787061758519,BiLSTM
S147,0.2128282627225499,0.3482062975331026,0.1769882992004423,0.22183600405692658,0.040141136486978056,ANN
S148,0.2819177774477535,0.20625623576708604,0.14382483986718567,0.32197243463895026,0.04602871227902405,LSTM
S149,0.3163786532842974,0.30124660452387025,0.13603274205398286,0.2034842900158899,0.042857710121959776,1D-CNN
S150,0.3222780354971842,0.27494511843308134,0.147315466960868,0.21975272946515734,0.035708649643708894,1D-CNN
S151,0.25072506149435325,0.25970211392163006,0.23830333239712986,0.21473095855313146,0.03653853363375616,ANN
S152,0.2007524036178349,0.20802540369802958,0.2654433526293751,0.29928903501508963,0.02648980503967135,LSTM
S153,0.15236309548127167,0.3223856461584624,0.2560801211032745,0.24704866122930103,0.0221224760276907,ANN
S154,0.23287607446625075,0.21778856486942377,0.22760871392422835,0.2969358976283024,0.024790749111794897,LSTM
S155,0.28475211907130576,0.2067016508854281,0.2088663362224997,0.2710178151527764,0.02866207866799025,1D-CNN
S156,0.24447702417027228,0.2344340047650388,0.22894447789470704,0.2515440478202912,0.040600445349690324,LSTM
S157,0.2734873424692273,0.17243451084264133,0.272324722030579,0.23025993601399722,0.051493488643555435,1D-CNN
S158,0.22134275331268807,0.3265256232444635,0.20868694578360844,0.1968161796613035,0.046628497997937196,ANN
S159,0.23413305584957092,0.3618759990470041,0.15079005284310443,0.2229348944651248,0.03026599779519626,ANN
S160,0.2250497945480967,0.29147570477312984,0.15358060820213496,0.3047202853984682,0.02517360707817017,LSTM
S161,0.30615917451683783,0.18327277492424204,0.19185097299857112,0.2887988953942051,0.029918182166143985,1D-CNN
S162,0.18190264576111587,0.255891130610098,0.2509849054660872,0.2799205584997746,0.03130075966292444,LSTM
S163,0.18209259712338086,0.21813783594322925,0.327569522327711,0.2407960503525808,0.03140399425309744,BiLSTM
S164,0.2212554704929845,0.1753907332073732,0.35484429033090725,0.22161162205134013,0.026897883917394914,BiLSTM
S165,0.21955524602490004,0.2502480744518148,0.2971586834139778,0.19891032995557265,0.034127666153734894,BiLSTM
S166,0.25139417055620955,0.2224961072794275,0.20238143465858602,0.26207139218089154,0.06165689532488524,LSTM
S167,0.18452377240743795,0.12343135318597412,0.11232306173059696,0.5578313470329842,0.021890465643007274,LSTM
S168,0.2453067159677229,0.20613739179052468,0.18974600178039597,0.3314571268715636,0.02735276358979298,LSTM
S169,0.29216190669705666,0.16473499981167367,0.25642869434650867,0.2551026221779492,0.03157177696681222,1D-CNN
S170,0.16374023616245403,0.14962791748767046,0.4115926553046199,0.2401113608748931,0.03492783017036192,BiLSTM
S171,0.22472105222112396,0.18518175430809386,0.24039847132180822,0.31709049425243335,0.032608227896540685,LSTM
S172,0.2370166655341771,0.18327153954717387,0.2935830140518012,0.2427446957088483,0.04338408515800007,BiLSTM
S173,0.21563092813924,0.19907593305998705,0.2728664558899613,0.2519862929967044,0.0604403899141073,BiLSTM
S174,0.2215345721448328,0.20601756634158094,0.278445538637854,0.2457370852954245,0.04826523758030754,BiLSTM
S175,0.21660581856916014,0.2350238137053058,0.2723295796676432,0.24284752308065824,0.033193264977232614,BiLSTM
S176,0.14864882293665138,0.38911818940741044,0.26161228013670135,0.180249130251535,0.020371577267701665,ANN
S177,0.24342155860098827,0.24187707160215555,0.2928448687024117,0.20053121168284782,0.021325289411596723,BiLSTM
S178,0.1453062095895331,0.14738559825129402,0.4827254806753504,0.20007935277267913,0.024503358711144455,BiLSTM
S179,0.1714966794305223,0.2974263585967752,0.35366373536367823,0.16171495557676555,0.01569827103226014,BiLSTM
S180,0.19220899032524766,0.30566764327620827,0.4185782118003809,0.0754749121900233,0.008070242408139925,BiLSTM
S181,0.19858380161132455,0.32993201505546277,0.35240977390188893,0.10494496837316927,0.014129441058153683,BiLSTM
S182,0.16743352119381197,0.3216373075965647,0.27056366431497336,0.21101135297912418,0.02935415391552603,ANN
S183,0.2082084252067238,0.28825934110848844,0.1973485335506033,0.2572326390484129,0.04895106108577123,ANN
S184,0.23240954396211852,0.3539531070344168,0.1439741895049749,0.24816080980282887,0.021502349695661657,ANN
S185,0.286425549293058,0.2879920575708461,0.20628496361055312,0.1926012718764071,0.026696157649136562,ANN
S186,0.3004982982703408,0.26259954197944785,0.2078432193024117,0.20316119247433617,0.025897747973463826,1D-CNN
S187,0.21793699283339846,0.2536730296777459,0.2759477372623735,0.22135825686636423,0.03108398336011846,BiLSTM
S188,0.22147671043130607,0.31223868935166327,0.21149770330190062,0.22190310849849343,0.03288378841663597,ANN
S189,0.2559832425161909,0.23349460243059506,0.21331709669039114,0.23756283968071926,0.059642218682103704,1D-CNN
S190,0.23432339606998762,0.28034695830871903,0.2181583820914898,0.21049777309250872,0.05667349043729503,ANN
S191,0.2612272765538335,0.22469987159506769,0.2120503742893651,0.24723678660759799,0.05478569095413626,1D-CNN
S192,0.25226551467501984,0.2718408510897293,0.19658398674261374,0.2311241127207011,0.04818553477193639,ANN
S193,0.22376580628328147,0.35062614556568567,0.150841924282654,0.2366510593477535,0.03811506452062525,ANN
S194,0.22882636691282066,0.3501357819388674,0.16562264808971894,0.22009292309322914,0.03532227996536401,ANN
S195,0.2258151159468316,0.2453701025444788,0.22316070249391953,0.27289526258878166,0.03275881642598805,LSTM
S196,0.21730565858874712,0.26264573616705755,0.26698667574842117,0.22703326623891024,0.026028663256864065,BiLSTM
S197,0.21277063933674628,0.2832244217025102,0.26674083818664385,0.2125779116870394,0.024686189087059687,ANN
S198,0.22346367520781082,0.25662412408659413,0.2784760384332509,0.20668571206553424,0.03475045020681096,BiLSTM
S199,0.23697264094106632,0.24027794357404622,0.2333125491595765,0.2368642096158957,0.0525726567094151,ANN
S200,0.23563770611414012,0.21209462334025755,0.27307430023172696,0.23283534000321687,0.04635803031065893,BiLSTM
S201,0.1908225019037711,0.42135377823953934,0.19801782598603504,0.1610437885900537,0.028762105280600574,ANN
S202,0.27911106145249087,0.25415739966885326,0.19407179825006912,0.2442962966839442,0.028363443944642647,1D-CNN
S203,0.2440886490299926,0.322419364887128,0.1828202203694471,0.22158140863672615,0.02909035707670693,ANN
S204,0.3219298692507568,0.25208565539448885,0.16505057489305663,0.22470454925021016,0.03622935121148791,1D-CNN
S205,0.2582523508517506,0.29130987245269413,0.20227813615649634,0.20938243531387862,0.03877720522518039,ANN
S206,0.2234624347822597,0.2772893956300933,0.2431510224660672,0.22060719208123217,0.03548995504034716,ANN
S207,0.24908839031563806,0.25759462497470104,0.24614429787207434,0.2126618946601413,0.03451079217744535,ANN
S208,0.29620043422633574,0.23575323968801995,0.20126053976423944,0.2240422323115159,0.04274355400988899,1D-CNN
S209,0.28527276167378457,0.24180124723074653,0.1440748085438226,0.28185988931952094,0.04699129323212479,1D-CNN
S210,0.22498659293628862,0.30448004884626984,0.16624030080034208,0.2765251285571681,0.02776792885993009,ANN
S211,0.24753087369729165,0.2772088448545472,0.22690560288410813,0.22054225152440365,0.027812427039649354,ANN
S212,0.21943738478610048,0.2020629147651249,0.30064715575273643,0.24283371653350183,0.03501882816253555,BiLSTM
S213,0.23660404294836082,0.21130464560720158,0.2698365364694682,0.23704411770445574,0.045210657270514064,BiLSTM
S214,0.31929325686918536,0.2612046962413049,0.16175557982486707,0.2138891983472861,0.043857268717356304,1D-CNN
S215,0.21581658499444725,0.24339826749791274,0.20433779278102437,0.2865969577684335,0.049850396958182615,LSTM
S216,0.23084104345345546,0.327828758926757,0.21157566438380077,0.19831226047466716,0.03144227276132023,ANN
S217,0.2639707946295552,0.22782604347370813,0.24068287454848675,0.23191594544284203,0.0356043419054074,1D-CNN
S218,0.18353873783188168,0.38153984403454294,0.18436581865089874,0.22079642603957242,0.029759173443103963,ANN
S219,0.21685975321994044,0.32103795934143475,0.1981481558129222,0.22968597649584824,0.034268155129854684,ANN
S220,0.19823793621408572,0.2747280229963432,0.2363919389247732,0.25542240288106804,0.03521969898373051,ANN
S221,0.19985496410789932,0.25734215453881454,0.3397545747456213,0.1724555198484828,0.030592786759182186,BiLSTM
S222,0.23575678076128104,0.3146743892246208,0.2056225426365399,0.2088006884649355,0.03514559891262288,ANN
S223,0.27033067911043906,0.2883774891844052,0.1904413974773186,0.20986332283044484,0.04098711139739183,ANN
S224,0.31493181258907876,0.21906514800177504,0.13363830774438046,0.28101600438584395,0.051348727278922285,1D-CNN
S225,0.25383369620449003,0.3149020672794356,0.14339849466384924,0.25916455494107016,0.02870118691115418,ANN
S226,0.2835264717378545,0.35115336546206033,0.17087899402220985,0.15312759521275573,0.04131357356512054,ANN
S227,0.3828603394396383,0.2685419709565191,0.14357523530219088,0.17238189183850908,0.03264056246314321,1D-CNN
S228,0.2842636510989251,0.34058743865526275,0.17691024362912539,0.1668514233412637,0.03138724327542309,ANN
S229,0.21550648468553926,0.3031519278728947,0.17544068132272178,0.2790087480063249,0.026892158112519524,ANN
S230,0.24974640575874338,0.284518413747266,0.23034264334547305,0.20686412010680258,0.028528417041713883,ANN
S231,0.28752573488426486,0.24551109820020653,0.19361721671526438,0.2303010998035376,0.04304485039672587,1D-CNN
S232,0.23099404872909307,0.23075239829342728,0.21417606697340918,0.2887337453339135,0.035343740670157574,LSTM
S233,0.2430074407553555,0.25025876069646796,0.2563715668865298,0.20899345391534044,0.04136877774630642,BiLSTM
S234,0.3064806319078028,0.2126151816612185,0.2018488988906329,0.22183464814703843,0.05722063939330645,1D-CNN
S235,0.24894327075842676,0.3066736643360728,0.18668548640873944,0.2077310144740546,0.049966564022706605,ANN
S236,0.3104522391397919,0.2560308992511686,0.18218700019382644,0.2160669778192077,0.035262883596005566,1D-CNN
S237,0.28248171863745836,0.2974435998380937,0.18238316557641365,0.21267057654226543,0.02502093940576874,ANN
S238,0.24736619212370542,0.24729364625029307,0.24940533570046952,0.22320809258999716,0.032726733335534455,BiLSTM
S239,0.24917729235739644,0.23164209503518024,0.24173895897812003,0.24408302261427214,0.03335863101503188,1D-CNN
S240,0.23595448897586727,0.25828901725163156,0.23305099245623376,0.23764699262971006,0.03505850868655776,ANN
S241,0.23474157736177317,0.23451405536671607,0.2542319880939553,0.23716569259182976,0.03934668658572571,BiLSTM
S242,0.16971970943240386,0.2645739758327307,0.20259791835822016,0.33213736292014584,0.030971033456499236,LSTM
S243,0.2556644457033631,0.28113112069233687,0.17098286273713523,0.26113597508918934,0.031085595777975702,ANN
S244,0.3835117533739404,0.12426825519846901,0.10879990136080823,0.35371985158481484,0.029700238481968108,1D-CNN
S245,0.21409837601235174,0.24454461999182653,0.16162578179320328,0.3333955044798377,0.04633571772278101,LSTM
S246,0.2866998575087107,0.2683371415705141,0.1885519345373735,0.2079686168631518,0.04844244952024919,1D-CNN
S247,0.25214342427217423,0.2562476434039557,0.2332019483267908,0.21499832210739384,0.043408661889685625,ANN
S248,0.24103552495572503,0.20601934245266873,0.24727369333083593,0.26886864117741693,0.0368027980833538,LSTM
S249,0.3061993590285709,0.22856371267210643,0.2037959689246514,0.234751092664839,0.026689866709832036,1D-CNN
S250,0.3528994065800303,0.18719758483751514,0.19939998112122018,0.23181506686894982,0.02868796059228347,1D-CNN
S251,0.2299993272624403,0.24036875943048228,0.2302635436741868,0.27195916725437774,0.02740920237851288,LSTM
S252,0.21965609456900254,0.21982712844371394,0.29585419807254554,0.23460109157148012,0.03006148734325834,BiLSTM
S253,0.229708258056671,0.20648138693851883,0.28865613920843486,0.23831911286821172,0.03683510292816233,BiLSTM
S254,0.210297831909328,0.32215178200118644,0.2625902558689384,0.16867245189998473,0.03628767832056183,ANN
S255,0.17759093166314668,0.34994024638711047,0.17535546194521595,0.2652394089896212,0.03187395101490563,ANN
S256,0.21766529553620118,0.20380722479904415,0.1801195553861456,0.37125574550408463,0.027152178774523104,LSTM
S257,0.2539900779021878,0.21544182096064782,0.18222111216514034,0.31445591524134364,0.033891073730680274,LSTM
S258,0.2525676688607743,0.2626477348775218,0.18076143608898051,0.2743913837571904,0.029631776415531764,LSTM
S259,0.1644517504891188,0.21287066881274988,0.31899840187795125,0.2716356230455038,0.03204355577467564,BiLSTM
S260,0.25928458050210934,0.18648390116818228,0.29858185738496035,0.2224132039529756,0.03323645699177136,BiLSTM
S261,0.20752206750063745,0.22622692201331446,0.2032620154560536,0.30603557448762647,0.056953420542367475,LSTM
S262,0.2919742027230457,0.15050053207251274,0.11896519545063114,0.4121281793446736,0.026431890409136745,LSTM
S263,0.305181229479262,0.18656389816305688,0.18455809265423706,0.2904873572795438,0.033209422423899106,1D-CNN
S264,0.2494703106239171,0.285248408369441,0.21458761315550365,0.21191103200623865,0.03878263584489902,ANN
S265,0.24000240372249312,0.18319382659708708,0.27768449340033363,0.26081578958498153,0.03830348669510478,BiLSTM
S266,0.22204462639518585,0.2151036298398499,0.2883523064543978,0.24901789533083793,0.025481541979730408,BiLSTM
S267,0.26650093986330947,0.2281790807816139,0.2418574173584129,0.23326750943499383,0.03019505256167085,1D-CNN
S268,0.21058923969011398,0.1956121663624139,0.21253369080625675,0.3314275251570738,0.0498373779841413,LSTM
S269,0.22227684038394926,0.1727214079126562,0.26114260210229173,0.2926287150036637,0.05123043459743894,LSTM
S270,0.16523088173506076,0.2675413838673829,0.3070815800755577,0.22782472759656647,0.032321426725431576,BiLSTM
S271,0.18085217339035026,0.23353039718205518,0.38198620492750845,0.1794028987074632,0.024228325792623313,BiLSTM
S272,0.1979720216332916,0.22841604816414485,0.34868511327989044,0.1964228878600807,0.028503929062592692,BiLSTM
S273,0.21983074188884566,0.2094357611804397,0.22771904425237813,0.31664437769908277,0.026370074979255188,LSTM
S274,0.2258244897873986,0.2546884465204961,0.21138677192899147,0.28000281270605715,0.02809747905705715,LSTM
S275,0.24213770162825463,0.21617444087759854,0.2343170310592908,0.26363939525032676,0.04373143118452929,LSTM
S276,0.2046456144146851,0.2790381887562594,0.2415544786173166,0.23312913639867305,0.04163258181306649,ANN
S277,0.23420362230067826,0.21077636771358751,0.2951624764084734,0.22190667395733624,0.03795085961992462,BiLSTM
S278,0.291921081738145,0.21764001405565403,0.24707600846901098,0.2051230942531544,0.03823980148403517,1D-CNN
S279,0.24828370725036955,0.35286638226036254,0.16833098040034392,0.19799059005575165,0.03252834003317295,ANN
S280,0.26487336423748736,0.2415483384329307,0.17558139380248952,0.29263419289529086,0.025362710631801545,LSTM
S281,0.2202677430466674,0.2501412386968438,0.2428947617497524,0.2585534365809682,0.028142819925768586,LSTM
S282,0.19002928622719667,0.23097964168770027,0.2903141791556629,0.25919982820134874,0.029477064728091164,BiLSTM
S283,0.20608465772840914,0.1990505331848562,0.327706329813476,0.2359945884678209,0.031163890805437234,BiLSTM
S284,0.21177415991343881,0.22839027183479751,0.2958544855870827,0.22892893905423373,0.035052143610448325,BiLSTM
S285,0.15772370316608011,0.19395392267379638,0.2937200218242438,0.292990543976542,0.06161180835933775,BiLSTM
S286,0.16061551017718925,0.2255881583635889,0.2555885366500381,0.3085602335589167,0.04964756125026733,LSTM
S287,0.331571432486289,0.24362101284887663,0.17656661765832146,0.21864923938774766,0.029591697618765154,1D-CNN
S288,0.3549936794297065,0.20612317970265354,0.17381782879182497,0.22741714960574688,0.03764816247006825,1D-CNN
S289,0.20443083653259653,0.3772691790659993,0.15362072070883673,0.23330538179499102,0.031373881897576957,ANN
S290,0.22344742355944286,0.23293664508424322,0.2329961975787213,0.2798893574047667,0.030730376372826,LSTM
S291,0.2286153148012133,0.20067933008270064,0.28166658577425097,0.2598871571323223,0.02915161220951315,BiLSTM
S292,0.2222331875026684,0.2656382364051781,0.26233630352128373,0.22366409443041302,0.026128178140456256,ANN
S293,0.2973386764508191,0.23157552204247975,0.2501807836781399,0.19267149092450372,0.028233526904057473,1D-CNN
S294,0.16589287515105486,0.2797962964714594,0.2599118842692026,0.26520030154998003,0.029198642558302592,ANN
S295,0.21937627741541632,0.18740404464775254,0.23639723207853802,0.330060137163305,0.026762308694988694,LSTM
S296,0.38686466186373986,0.19666797102201913,0.1366631871293818,0.25601360948704455,0.023790570497815154,1D-CNN
S297,0.3411792087590198,0.17019258375096483,0.09232025365662758,0.37830092389850756,0.018007029934881843,LSTM
S298,0.20808961270295975,0.3404912359176341,0.18811378556232342,0.21751129103478437,0.04579407478229793,ANN
S299,0.2941824021729848,0.21992671656987514,0.22817115944889457,0.22115313866976563,0.03656658313847945,1D-CNN
S300,0.230509662743425,0.22057149632607545,0.3116749492549497,0.20820136062089442,0.029042531054655395,BiLSTM
S301,0.23930002341854237,0.2130887141826765,0.2668080919548096,0.2516897963581816,0.029113374085789765,BiLSTM
S302,0.3110544753057727,0.21593596230733553,0.21671740796041752,0.22837580406551888,0.02791635036095601,1D-CNN
S303,0.22360063358943896,0.24503750596390933,0.21990999868114947,0.28347375169614386,0.027978110069359494,LSTM
S304,0.18757362197127464,0.1641725736911123,0.37162449932196007,0.2503210729518318,0.026308232063821525,BiLSTM
S305,0.2007663983649268,0.19220289446669575,0.34625998397605473,0.22355290111516274,0.03721782207715969,BiLSTM
S306,0.1917954905414983,0.2314568539739812,0.30864284691212934,0.2283545016879103,0.03975030688448126,BiLSTM
S307,0.1628656778286804,0.24454260006680445,0.2323330837835937,0.32371013698773604,0.036548501333185976,LSTM
S308,0.3049092827100638,0.23741436729251408,0.1882938401439704,0.23209182918594287,0.037290680667509464,1D-CNN
S309,0.4315213203049208,0.17624512373217624,0.14265587601374705,0.21654140775620173,0.033036272192954144,1D-CNN
S310,0.27665630437170674,0.3052169575221271,0.1314059121071595,0.251731784830513,0.034989041168493766,ANN
S311,0.14587543365329259,0.20565393104244842,0.285371313030134,0.3297163893570991,0.03338293291702568,LSTM
S312,0.20945768447560967,0.25188554884264425,0.28632091468959037,0.22457518538232277,0.02776066660983206,BiLSTM
S313,0.22250793831966653,0.22950135916663197,0.2408110422128839,0.2761941108888599,0.03098554941195698,LSTM
S314,0.2236367853913551,0.23968355189766546,0.24160796124376047,0.2640256726613765,0.031046028805842108,LSTM
S315,0.22091433444552785,0.25556783371705116,0.24479879121395287,0.24704118918498394,0.031677851438483076,ANN
S316,0.1324302949573234,0.28810732861468974,0.2887457323895024,0.26056466706437037,0.030151976974114085,BiLSTM
S317,0.15610953044237041,0.19459216941785729,0.3399019612271865,0.26852179118351954,0.04087454772906555,BiLSTM
S318,0.1824424766860828,0.23148604398209385,0.2797973835740708,0.27004498549688394,0.03622911026086853,BiLSTM
S319,0.1217931794578343,0.23189205800701454,0.23721272303755567,0.3744014065137039,0.03470063298389169,LSTM
S320,0.21340796116523464,0.24055642512634756,0.16898822659129972,0.3387813559141974,0.03826603120292122,LSTM
S321,0.30815302219314566,0.16509002760351477,0.14101920342388916,0.3451633129506447,0.04057443382880505,LSTM
S322,0.25846466286883546,0.22706488527161106,0.17839147563815724,0.26219616686944336,0.07388280935195268,LSTM
S323,0.3783973598345136,0.1762532809561887,0.14983916268359426,0.24187970763084626,0.053630488894857636,1D-CNN
S324,0.24557891558401063,0.3144681120122878,0.1885664619909086,0.19548077410113765,0.05590573631165558,ANN
S325,0.2873183333833583,0.2220364722120486,0.20134588795416886,0.24226548035068451,0.04703382609973928,1D-CNN
S326,0.2797847860349964,0.23545419864423278,0.1994918292092553,0.24854241239282315,0.036726773718692485,1D-CNN
S327,0.1933666342525313,0.22381654050115085,0.26931843838865366,0.28806974575747585,0.025428641100189095,LSTM
S328,0.21118003715639772,0.23448711591280003,0.2874252581408951,0.24356353882894075,0.023344049960966864,BiLSTM
S329,0.242417891034548,0.2252993077628297,0.2695243724112164,0.2353125263768073,0.02744590241459779,BiLSTM
S330,0.24141830010766252,0.21061864294801932,0.2637317964915268,0.2534424287005787,0.0307888317522125,BiLSTM
S331,0.22365235980158332,0.19304061030690117,0.32544736723070383,0.2320576366731088,0.025802025987703037,BiLSTM
S332,0.21335702344032326,0.209098701680115,0.34594254454869444,0.19508439937625044,0.03651733095461644,BiLSTM
S333,0.2458626122746522,0.24014671957834144,0.2223611572530955,0.23366453938381393,0.057964971510096525,1D-CNN
S334,0.24760063868614615,0.20541443044714122,0.1757997697661511,0.3282144371034222,0.04297072399713927,LSTM
S335,0.2818373099628436,0.21720238932760347,0.16782929170032462,0.3004144093301105,0.032716599679118157,LSTM
S336,0.2765457467015076,0.23381351922329563,0.22768324088325323,0.22599222890741952,0.035965264284523284,1D-CNN
S337,0.18358509060448086,0.16402322735413977,0.3331368709116917,0.2830812793138506,0.03617353181583676,BiLSTM
S338,0.12539151964125975,0.1379687396790601,0.371830419638635,0.3373170066908296,0.02749231435021477,BiLSTM
S339,0.3111376938049699,0.2785174322078242,0.2726244342967052,0.12532857660081598,0.012391863089684754,1D-CNN
S340,0.2552982596636895,0.20481953286842214,0.327737640004247,0.1837207990736657,0.028423768389976217,BiLSTM
S341,0.19249967463942977,0.23452610507416816,0.24708463704437084,0.2657355084015646,0.060154074840466795,LSTM
S342,0.1889536779009698,0.1806183141560922,0.3167949676632728,0.27487983360785545,0.03875320667180937,BiLSTM
S343,0.1394152649543794,0.27555570683912006,0.355170382967277,0.20591695241116717,0.023941692828055784,BiLSTM
S344,0.21874559526178722,0.20127211329708294,0.2616472647733088,0.2894546026592604,0.028880424008558905,LSTM
S345,0.2442717496339315,0.258953599083485,0.21629721114526376,0.2410499138573403,0.039427526279979815,ANN
S346,0.2291551273476823,0.18394859972592006,0.18625760459154375,0.36174728350166935,0.03889138483318578,LSTM
S347,0.17040248408933648,0.21971248782075725,0.2234305519327007,0.347974854048136,0.03847962210906932,LSTM
S348,0.20035338034464642,0.265629403501598,0.28778635799491936,0.20335341005014232,0.04287744810869408,BiLSTM
S349,0.2515437728355537,0.24837725710997283,0.21306162176454305,0.24725862461641568,0.039758723673515295,1D-CNN
S350,0.21809492648063358,0.21569262307576245,0.2348044109221415,0.30494932350228493,0.026458716019177944,LSTM
S351,0.28247711793935215,0.2458244122666125,0.202556046095593,0.2445435279965193,0.02459889570192331,1D-CNN
S352,0.3017173582881209,0.244638936420548,0.18753506652934926,0.23041313426416393,0.035695504497818706,1D-CNN
S353,0.22109834481309257,0.20084743967336124,0.24137960998128805,0.2975330488889671,0.03914155664328991,LSTM
S354,0.24791485411750727,0.19410789402905396,0.2746480358195834,0.24781233735689046,0.0355168786769647,BiLSTM
S355,0.2400413824147496,0.20759348287549026,0.284588342037773,0.22834094385544093,0.03943584881654665,BiLSTM
S356,0.23751716276916723,0.2171369095328501,0.23500624041428073,0.2579907807469823,0.05234890653671881,LSTM
S357,0.3040791375262057,0.26012001747528984,0.1849718099647991,0.2121114313342065,0.038717603699498664,1D-CNN
S358,0.27552127097570084,0.23123403371170154,0.20811055931097944,0.24725437145329285,0.037879764548326644,1D-CNN
S359,0.2437904979967545,0.22161284454802166,0.2271205331745456,0.2776229796785642,0.02985314460211445,LSTM
S360,0.19903022410191118,0.17721840842445055,0.35342641804298763,0.24197567794673028,0.02834927148392051,BiLSTM
S361,0.1657228026611764,0.21271566611039,0.34460728002432683,0.2450306235886665,0.03192362761544009,BiLSTM
S362,0.2547254610694906,0.2501975751768923,0.40642329807965155,0.07773622157006992,0.010917444103895294,BiLSTM
S363,0.24328791067180666,0.28178538912149614,0.34378947103752794,0.10999945974200354,0.021137769427166615,BiLSTM
S364,0.11495724616774805,0.39305691798618453,0.31042915436385476,0.15905819421029208,0.022498487271920414,ANN
S365,0.20064623628434994,0.3035765361703658,0.22935570193839358,0.24269991400326707,0.02372161160362441,ANN
S366,0.13703393326860622,0.29731835150733205,0.22841967964498786,0.30438368331866905,0.03284435226040509,LSTM
