Segment,1D-CNN,ANN,BiLSTM,LSTM,CNN-LSTM,Selected
S1,0.21325521063635025,0.19280266878895183,0.23866939877286097,0.2693763109469442,0.08589641085489284,LSTM
S2,0.22722766645517917,0.21870370047941898,0.21687545839352165,0.2542960754010729,0.08289709927080756,LSTM
S3,0.21227152861332688,0.23661516774217004,0.2034594452645098,0.25567460671960707,0.09197925166038601,LSTM
S4,0.22848428594807446,0.23285126901000905,0.22230917140309586,0.22461304077955438,0.09174223285926641,ANN
S5,0.22307245392432482,0.20156702086231046,0.24623160832776525,0.23845524744406527,0.0906736694415345,BiLSTM
S6,0.2402664045689504,0.22974866412953387,0.21916652487891936,0.23428530666704558,0.07653309975555045,1D-CNN
S7,0.20092451383133608,0.23061153690697034,0.21315228871623468,0.2712925277253921,0.08401913282006743,LSTM
S8,0.1897516052934523,0.23565428141021863,0.24022707911103014,0.26040302423118644,0.07396400995411237,LSTM
S9,0.200504893944654,0.2021024785495539,0.2615859632333737,0.2541831907944859,0.08162347347793238,BiLSTM
S10,0.2234984526548659,0.25578909541634526,0.23064424982319418,0.21840768379173872,0.07166051831385599,ANN
S11,0.20922273898040486,0.25619757865594633,0.22347084112761123,0.2267624910536501,0.08434635018238709,ANN
S12,0.19822720889394385,0.26267822213817105,0.20815892429573285,0.23836351054075,0.09257213413140186,ANN
S13,0.18607589037903519,0.252799344978688,0.201075476192003,0.264987554746216,0.09506173370405795,LSTM
S14,0.20235825126419488,0.31319614538594703,0.17680518868961334,0.2325134235378,0.0751269911224447,ANN
S15,0.31514015393687705,0.2889109749483831,0.15360926294755559,0.18309744347708967,0.059242164690094315,1D-CNN
S16,0.2809849884266298,0.3202149528898646,0.16475428182773463,0.1702125882100207,0.06383318864575026,ANN
S17,0.23844570519885142,0.26702616032612675,0.21032562965259424,0.2017479646062321,0.08245454021619529,ANN
S18,0.23511965333198007,0.24384590238180123,0.22095222804728462,0.20733895226946975,0.0927432639694641,ANN
S19,0.24292700197637185,0.23632529816603173,0.1932736342061349,0.22000935975708052,0.1074647058943809,1D-CNN
S20,0.2112214334140033,0.20648933868857486,0.18791359988102094,0.258053724279715,0.13632190373668615,LSTM
S21,0.25496146971497274,0.2882855291963789,0.15337097013157547,0.20356092623902206,0.09982110471805063,ANN
S22,0.28454743957889667,0.29351864445439285,0.14391941001286435,0.1799170619594098,0.09809744399443693,ANN
S23,0.1996233978093923,0.33646083941510185,0.16262677610797197,0.19564616255484724,0.10564282411268654,ANN
S24,0.23228182543606765,0.25986022097051387,0.1918647215227545,0.25110156476299955,0.06489166730766463,ANN
S25,0.21121651803477587,0.1949252978106346,0.2806490810558386,0.2600488017231988,0.053160301375552395,BiLSTM
S26,0.23986580834785148,0.1819766906011589,0.26895087500338766,0.26274660060630384,0.04646002544129782,BiLSTM
S27,0.19068161222721738,0.26313955069000217,0.26745097194094275,0.23441783551350567,0.04431002962833187,BiLSTM
S28,0.25454859604181096,0.22777147583334986,0.2293565116802414,0.20845902253362156,0.07986439391097606,1D-CNN
S29,0.15569806754113824,0.13977014755110867,0.14701244709297448,0.3955073922157634,0.16201194559901488,LSTM
S30,0.14539228381657088,0.2607254742098137,0.16300735594587681,0.360645632244881,0.07022925378285785,LSTM
S31,0.2380063682747667,0.20293107964021778,0.21558864000959713,0.27913800779740067,0.06433590427801777,LSTM
S32,0.2111073143567768,0.16469869922206387,0.25007029803244274,0.2885712279317579,0.08555246045695857,LSTM
S33,0.19326573273995573,0.17533573476219308,0.2471597414296198,0.28305991845093614,0.10117887261729555,LSTM
S34,0.2188741837980423,0.20039664018149211,0.24975485744562395,0.2446663195880581,0.0863079989867838,BiLSTM
S35,0.2131763447153038,0.21966875636949662,0.2541142281530435,0.23206436202808278,0.08097630873407304,BiLSTM
S36,0.2540753787896749,0.22584924776626092,0.2279375247312509,0.2161934809433793,0.07594436776943449,1D-CNN
S37,0.254102782416625,0.23863161982532,0.21167029952148517,0.21919614946735205,0.07639914876921823,1D-CNN
S38,0.22540327316113676,0.24292264790347717,0.22380242579766474,0.24073323389128976,0.06713841924643135,ANN
S39,0.22790430799885772,0.2305356731055369,0.23643101624718252,0.23549124117301637,0.06963776147540644,BiLSTM
S40,0.23231520550939727,0.21637905588147432,0.24110553148814415,0.2322768165103294,0.07792339061065479,BiLSTM
S41,0.22451775736857188,0.22452850262911708,0.23483129294937508,0.23603999640463563,0.08008245064830047,LSTM
S42,0.231708460743103,0.2278850108214749,0.2328045409210771,0.23013356064951396,0.07746842686483164,BiLSTM
S43,0.22056285625631103,0.2297523491580042,0.23303921247699422,0.23668696809585715,0.07995861401283362,LSTM
S44,0.23483947111155754,0.23282078668974,0.21905561786919625,0.23336218615845064,0.079921938171056,1D-CNN
S45,0.2445350729399472,0.23051405485520293,0.21272297188494352,0.2341364285469328,0.07809147177297343,1D-CNN
S46,0.231719903103497,0.23158491835935385,0.22614310092910514,0.23503177403693662,0.0755203035711073,LSTM
S47,0.2191685586280821,0.23065152541954886,0.23981594784701762,0.23573115672274617,0.07463281138260532,BiLSTM
S48,0.22071455472713458,0.19983054494531144,0.2544613723121659,0.2509253104475029,0.07406821756788469,BiLSTM
S49,0.21951326023451617,0.20591763722814696,0.25232760602236176,0.2515337469996333,0.0707077495153421,BiLSTM
S50,0.19314144377929174,0.24286504316733848,0.2520521902053304,0.2388245872736445,0.07311673557439512,BiLSTM
S51,0.06658705387400077,0.10835764711393606,0.2190305685828208,0.5011709329213748,0.10485379750786769,LSTM
S52,0.22714274584658664,0.23342450224031316,0.1982038629313921,0.2808203646681064,0.06040852431360163,LSTM
S53,0.17126066401095166,0.23913696969907217,0.2578496761970099,0.2500669358485275,0.08168575424443879,BiLSTM
S54,0.38408305876882415,0.14278315491519192,0.20289848252502715,0.19856483963154825,0.07167046415940838,1D-CNN
S55,0.24799994001086642,0.20392808477617244,0.20851968317306027,0.24378347732968195,0.0957688147102189,1D-CNN
S56,0.32119386056037447,0.1838247078178461,0.18917513909273473,0.2225995742613276,0.08320671826771713,1D-CNN
S57,0.2294972452227986,0.15164389496304986,0.2551203833403561,0.273830222872193,0.08990825360160257,LSTM
S58,0.27930104934538263,0.15051651549838635,0.2511765932380085,0.2497800302686786,0.06922581164954407,1D-CNN
S59,0.19827137055876173,0.2017256372601019,0.2701427467558941,0.2661102818180226,0.06374996360721959,BiLSTM
S60,0.20292013905602577,0.26698997482525405,0.24622341511907533,0.22967720660492458,0.05418926439472018,ANN
S61,0.11514526044605851,0.21781313106194794,0.30513512969059015,0.2811333207016456,0.08077315809975756,BiLSTM
S62,0.12829426624912768,0.24781584059275236,0.2748336413987067,0.2522154682333462,0.0968407835260671,BiLSTM
S63,0.22777405801995107,0.29745503596237916,0.22900872080606796,0.18118841649032896,0.06457376872127266,ANN
S64,0.24738619305217496,0.260438063743547,0.22503612907171022,0.20343842076609187,0.06370119336647588,ANN
S65,0.17806134620219297,0.23241741262918025,0.23062133918190414,0.2806931835672363,0.07820671841948644,LSTM
S66,0.21133775862424592,0.24871701855981324,0.199604034650967,0.273226085618813,0.06711510254616072,LSTM
S67,0.27755491920951064,0.2486537637565819,0.18879844983471514,0.22318641063529712,0.061806456563894996,1D-CNN
S68,0.29651211072248757,0.25970207685609087,0.18006599444016597,0.197185830275809,0.0665339877054465,1D-CNN
S69,0.2546436182973168,0.26897542272011904,0.196438019081182,0.19960703328070772,0.08033590662067433,ANN
S70,0.22960644178013442,0.24279084182921734,0.22886212215937987,0.20894932634744887,0.08979126788381954,ANN
S71,0.25876651772516235,0.23352060564223898,0.21953696722656083,0.20284132126669607,0.08533458813934205,1D-CNN
S72,0.24208921572132588,0.24366308970768882,0.21419375079573125,0.21162034254260678,0.08843360123264754,ANN
S73,0.27269656944926174,0.2273877616361557,0.19900110533290746,0.21812380056356045,0.08279076301811455,1D-CNN
S74,0.2360320117285873,0.2454351232183438,0.2192455007394339,0.22999030001146137,0.06929706430217342,ANN
S75,0.22500975516839344,0.2312032138744289,0.24815850784253318,0.23940229213642608,0.056226230978218515,BiLSTM
S76,0.24547501960545678,0.20438232672517426,0.2615023732453146,0.23475572629337085,0.05388455413068362,BiLSTM
S77,0.23290128505343644,0.19646162300072864,0.2656930519406031,0.24622685039159947,0.05871718961363239,BiLSTM
S78,0.3749861856696071,0.24347353093788227,0.1990771790802476,0.1452816228697889,0.037181481442473144,1D-CNN
S79,0.2566797099705674,0.2751484419611909,0.23740911062000722,0.17700550233684054,0.053757235111394,ANN
S80,0.2638759579928653,0.21684127696443556,0.24395878143039593,0.20134112088738956,0.07398286272491388,1D-CNN
S81,0.23572157894611756,0.21623052086816252,0.23374738286485364,0.22564949771140222,0.08865101960946416,1D-CNN
S82,0.2513244543212916,0.21706457848864236,0.22751440154423422,0.2219111370090259,0.0821854286368059,1D-CNN
S83,0.2548754318524841,0.21904150436171727,0.2322477807908037,0.21625223048888503,0.07758305250610976,1D-CNN
S84,0.24718536553882606,0.20497674093978918,0.24366051875661174,0.2237477430636596,0.08042963170111307,1D-CNN
S85,0.20653801763921256,0.19525985768654552,0.25996260056718884,0.25629928777715905,0.08194023632989393,BiLSTM
S86,0.22807579574042053,0.20036526319017278,0.25382703384317995,0.24595800791050532,0.07177389931572167,BiLSTM
S87,0.23234640810611615,0.25078884487314496,0.23160357877792673,0.22033766908816663,0.06492349915464575,ANN
S88,0.21531260644419206,0.23916707333613638,0.24524580234684043,0.23161408089784177,0.06866043697498944,BiLSTM
S89,0.18080843081170925,0.20373790866418853,0.27965068785857233,0.2586538058112049,0.07714916685432481,BiLSTM
S90,0.20224203865279355,0.24113744274318757,0.25023762890272555,0.23221607833917196,0.0741668113621215,BiLSTM
S91,0.12248467049926494,0.1982194440045729,0.2500512597151098,0.32685054414813475,0.10239408163291766,LSTM
S92,0.20535195837151576,0.2073616752833039,0.20959556839321491,0.29635603971760477,0.08133475823436082,LSTM
S93,0.283157751722646,0.25069087382537786,0.1849829514127819,0.21328246762985234,0.06788595540934221,1D-CNN
S94,0.2730599452177688,0.22669361246384662,0.20606972210404162,0.21859009363638957,0.07558662657795358,1D-CNN
S95,0.2626934316729306,0.23021491530246424,0.21057046488259637,0.21993540442641454,0.07658578371559416,1D-CNN
S96,0.2582683655835891,0.24382497469880404,0.2070435624115127,0.22063981358061766,0.070223283725477,1D-CNN
S97,0.22747259871641165,0.24310171856750443,0.21898505280588662,0.2367956755021516,0.07364495440804608,ANN
S98,0.23054398254604025,0.20652866340928416,0.2342078966051407,0.26037409162337466,0.06834536581616031,LSTM
S99,0.19815587347395242,0.22074296662803217,0.2537630489381415,0.2612485053132827,0.06608960564659097,LSTM
S100,0.2189471669721967,0.2705850472022749,0.23134919292608858,0.219523488217967,0.05959510468147268,ANN
S101,0.11494586959358447,0.19806521782165096,0.28730678509392205,0.29568139152145334,0.10400073596938939,LSTM
S102,0.10770300608993254,0.18571325239268144,0.25762161595201866,0.32622224321092197,0.12273988235444536,LSTM
S103,0.12384695735301444,0.18471296305053456,0.21065432672031795,0.389477740034757,0.09130801284137609,LSTM
S104,0.18066253862337758,0.23967849488850698,0.1890763079274214,0.32616035279784983,0.06442230576284462,LSTM
S105,0.30763212045244137,0.38006967213481024,0.12522782171443786,0.14901519039626107,0.03805519530204996,ANN
S106,0.48548852008652965,0.2810774457742898,0.10084334978866108,0.0975248671746021,0.03506581717591778,1D-CNN
S107,0.21087551229906848,0.46822090910854997,0.14522929052990688,0.12324492768339118,0.05242936037908359,ANN
S108,0.32897576697265796,0.30228202267408955,0.17227960950047932,0.13726025101008624,0.05920234984268713,1D-CNN
S109,0.31968971781982425,0.2997876904113187,0.17415037482515058,0.14914199583960577,0.05723022110410076,1D-CNN
S110,0.19315913629968073,0.20799501061508502,0.2097482318221158,0.25771566044578587,0.1313819608173329,LSTM
S111,0.14806039113219724,0.21697319950543587,0.19196154227644024,0.2724257197536623,0.17057914733226467,LSTM
S112,0.1416305072043772,0.16412714724030944,0.18948594237332075,0.302494356691621,0.2022620464903717,LSTM
S113,0.14385422040029566,0.18160290539092516,0.19856127632138557,0.29122755752269913,0.18475404036469426,LSTM
S114,0.13509958094969288,0.23381157549994835,0.19363018676628393,0.276336108753904,0.16112254803017073,LSTM
S115,0.24124612356907207,0.28346501969601573,0.170065659901189,0.22097658588448787,0.08424661094923507,ANN
S116,0.29443358532032443,0.32070011379680846,0.15360424697694633,0.17131485515786332,0.05994719874805765,ANN
S117,0.25675813780643836,0.29883406892115016,0.15264299627416675,0.2183409783091776,0.07342381868906707,ANN
S118,0.24068478596141743,0.27879959974521457,0.15942919624927052,0.24209818172642564,0.07898823631767138,ANN
S119,0.20477224392941293,0.275340881741288,0.19255271492100828,0.2539652043882779,0.07336895502001312,ANN
S120,0.2584377245757518,0.22054959447861938,0.1899019495099752,0.23323650493838657,0.09787422649726726,1D-CNN
S121,0.24751083753759665,0.22398510518301387,0.17322827595956392,0.2383078495082829,0.11696793181154276,1D-CNN
S122,0.23520693596127487,0.22182655990036027,0.18678507125829813,0.2727800957933511,0.08340133708671557,LSTM
S123,0.222675443307615,0.20665175912834494,0.21583167133576261,0.28057515319810133,0.07426597303017672,LSTM
S124,0.20837307350289663,0.17371857752814301,0.2580153043051889,0.27785503938185424,0.08203800528191714,LSTM
S125,0.1885771699308388,0.1599113865911911,0.29721520809519614,0.26843258630426,0.0858636490785141,BiLSTM
S126,0.16445531753584772,0.1922399182673074,0.2931328157885483,0.28109352492119327,0.0690784234871027,BiLSTM
S127,0.24527292613752374,0.22610413768285034,0.2661751247862663,0.2097218759375067,0.05272593545585293,BiLSTM
S128,0.23223624711075397,0.2275063731376186,0.26702128883510456,0.2167027226525252,0.056533368263997644,BiLSTM
S129,0.2454413841658429,0.2367092570867681,0.24578958352098199,0.2116685006212974,0.06039127460510955,BiLSTM
S130,0.23535535482046943,0.2397930314115135,0.2313332624304506,0.2325769975694235,0.060941353768142886,ANN
S131,0.22621423201214944,0.2158567437923443,0.24615291080160778,0.24633262960489424,0.06544348378900391,LSTM
S132,0.22333292894091877,0.20340874147026214,0.24939869322404068,0.24123079178364365,0.08262884458113517,BiLSTM
S133,0.2130502634915299,0.21023276495432144,0.24073348168809194,0.24086660080180086,0.09511688906425629,LSTM
S134,0.23806852499801248,0.22395961395273173,0.20093607929962393,0.2472303950538144,0.08980538669581747,LSTM
S135,0.22656804238478542,0.22373879665608093,0.1834886511471385,0.2719197173320326,0.09428479247996299,LSTM
S136,0.2655119542315969,0.21203328118197365,0.1765828522888982,0.2618967456024979,0.08397516669503367,1D-CNN
S137,0.19496986417705062,0.16090495061791504,0.2587347932758347,0.28525620551120456,0.10013418641799536,LSTM
S138,0.13687074208592764,0.18400009754669494,0.2857499045810137,0.31817424339748945,0.07520501238887464,LSTM
S139,0.22102600684199813,0.23264289752241252,0.2482122261569497,0.23516977213444784,0.06294909734419211,BiLSTM
S140,0.21780532004198466,0.24624395279337333,0.2341040672960744,0.2294668300151662,0.072379829853401,ANN
S141,0.19036327831513042,0.27172152539556327,0.23162270455578876,0.2359231370874911,0.07036935464602642,ANN
S142,0.18453943467265835,0.2818090679495113,0.21123679461461917,0.24243242444442448,0.07998227831878674,ANN
S143,0.1938871219928574,0.2359503794140371,0.19105740851535968,0.29032129483107355,0.08878379524667228,LSTM
S144,0.23082830612785987,0.23645114489936989,0.19192944356067698,0.26210352192633374,0.07868758348575913,LSTM
S145,0.2341951118315591,0.23163963573398663,0.2090528363755515,0.2411467415894809,0.0839656744694216,LSTM
S146,0.23627846362875166,0.24673240927400703,0.20063049356044024,0.22644166588607736,0.08991696765072368,ANN
S147,0.23404855109565564,0.3302947636432917,0.1605429096171192,0.19722266632444044,0.07789110931949314,ANN
S148,0.28531126127308387,0.2562791429261203,0.15059629120092824,0.2232107691131914,0.08460253548667618,1D-CNN
S149,0.292686978369461,0.32067507650828636,0.13843802578647366,0.17394212758809652,0.07425779174768234,ANN
S150,0.3181431481409915,0.29206920096468886,0.14239923752193284,0.17110582146889633,0.0762825919034902,1D-CNN
S151,0.2628593552732634,0.25355655401820965,0.19766950401402267,0.1996464445673172,0.0862681421271873,1D-CNN
S152,0.18148959386612143,0.19652431524032785,0.25393263699752316,0.3037852864147306,0.06426816748129667,LSTM
S153,0.14109152736163755,0.2914320471014242,0.23432287024658993,0.27168874904336127,0.06146480624698692,ANN
S154,0.21836862544597654,0.22667293039061387,0.22507374192807217,0.2672069034004875,0.06267779883485,LSTM
S155,0.2557850956959664,0.20970217613356124,0.22077875227199925,0.2456530522325283,0.06808092366594519,1D-CNN
S156,0.2366932723134906,0.21858744097747818,0.22650977701197306,0.23856988718682628,0.0796396225102316,LSTM
S157,0.2559745624939202,0.18973228587910976,0.23590252531944228,0.22907015418480225,0.08932047212272594,1D-CNN
S158,0.23016066848565875,0.25301169997357814,0.2145627127546761,0.2151592745300746,0.08710564425601257,ANN
S159,0.23645538756102874,0.26078741032552194,0.19611822404861523,0.23221991885881565,0.07441905920601817,ANN
S160,0.2309359756129204,0.22312390168839275,0.21619667163726608,0.2586825493225568,0.07106090173886413,LSTM
S161,0.19878520557145238,0.16921641469858387,0.2689199054828403,0.28375698455329007,0.07932148969383375,LSTM
S162,0.1468873076929658,0.1732672213097074,0.305166139012628,0.2974203707850709,0.07725896119962794,BiLSTM
S163,0.16757447047195603,0.18278245519689235,0.32163370912494876,0.2630343669333556,0.0649749982728474,BiLSTM
S164,0.2431025781168272,0.1965667688124657,0.2948581119562526,0.21241458585659212,0.05305795525786195,BiLSTM
S165,0.24308210793237242,0.2336885330146428,0.2684952334520273,0.19229629680059596,0.062437828800361445,BiLSTM
S166,0.24094195085699094,0.22031369599580256,0.2009118656547921,0.24154073932339107,0.09629174816902353,LSTM
S167,0.2538991902987081,0.20024629692883134,0.19076848778135708,0.27557945005456064,0.07950657493654315,LSTM
S168,0.21159938223481625,0.20705651491083532,0.23691636856946716,0.2653698721135831,0.07905786217129823,LSTM
S169,0.188887387851884,0.16333789350625996,0.29913638054399283,0.2692322866922294,0.07940605140563424,BiLSTM
S170,0.1515212155715943,0.1394072436861041,0.3460117342959862,0.28891164499596733,0.07414816145034854,BiLSTM
S171,0.21589055177475658,0.16149020360996705,0.29939718030126894,0.260808952913312,0.06241311140069547,BiLSTM
S172,0.24304371122210064,0.17239950595283213,0.3002008523740958,0.21416750546392282,0.07018842498704857,BiLSTM
S173,0.21112918946934092,0.17497555297990203,0.2812080347259427,0.23590280569041894,0.0967844171343953,BiLSTM
S174,0.1983842845084975,0.2056366917468331,0.26283221595932865,0.24147409977502649,0.09167270801031409,BiLSTM
S175,0.2130851049207068,0.2167699468739438,0.2567738792412821,0.23935435717663875,0.07401671178742847,BiLSTM
S176,0.18844255003007884,0.27929686027346895,0.24436340379235486,0.22467448941136117,0.06322269649273607,ANN
S177,0.21305825026883937,0.2396335832861879,0.24639241614126114,0.23358290576302174,0.06733284454068993,BiLSTM
S178,0.178759252554017,0.17793827792785252,0.3116283939283815,0.25544781026393276,0.07622626532581596,BiLSTM
S179,0.21538380243457925,0.2626338858519055,0.24627994944641812,0.2158582486695554,0.05984411359754196,ANN
S180,0.21997033415630537,0.32201500859012167,0.21834672354240608,0.18767477007495031,0.05199316363621672,ANN
S181,0.24875409786738287,0.2781779048424964,0.1958333848972141,0.21525216803989844,0.06198244435300797,ANN
S182,0.1990808947943152,0.2575699241422174,0.1958123559771008,0.2677700722746144,0.07976675281175237,LSTM
S183,0.21465382991317175,0.24240394560311887,0.18665236513048492,0.27114374318474954,0.08514611616847478,LSTM
S184,0.2230082815910262,0.3349237932987938,0.16052729904929125,0.21756154589839316,0.06397908016249582,ANN
S185,0.33509350660477344,0.3000836608081675,0.14209465853476652,0.16809974992290833,0.054628424129384165,1D-CNN
S186,0.31661252799149275,0.3010328826433249,0.16181079586049696,0.16406965136191087,0.05647414214277474,1D-CNN
S187,0.23713702830680763,0.28697191181218723,0.1966021900581953,0.2002226843946358,0.0790661854281743,ANN
S188,0.2364756988254576,0.3149025799224765,0.17256796744940495,0.19783469042036866,0.07821906338229218,ANN
S189,0.225294924777472,0.24387126415077542,0.1839401091641338,0.2308455793325572,0.1160481225750615,ANN
S190,0.20550917796078522,0.28308872340291896,0.18244218120133143,0.21156511818300514,0.11739479925195971,ANN
S191,0.2336834726271746,0.21384972333487381,0.19050900347889269,0.24244580756786385,0.11951199299119547,LSTM
S192,0.20943309638785285,0.2585984912646882,0.1871720523845331,0.23515803282287806,0.10963832714004783,ANN
S193,0.20989465079186373,0.2779530174763734,0.1723261823289173,0.24158085928906137,0.09824529011378393,ANN
S194,0.21701646403621971,0.2885995086662998,0.17857863540256588,0.22618301740869054,0.08962237448622444,ANN
S195,0.2199792845913166,0.2283363094175946,0.22096239056544462,0.25287364400017787,0.07784837142546605,LSTM
S196,0.21977370549593198,0.2607386457892743,0.23103957872984918,0.2254787174206886,0.06296935256425612,ANN
S197,0.24196687952982343,0.2681214898107846,0.22409855782792615,0.20822742753874926,0.05758564529271648,ANN
S198,0.24057736763121212,0.2550203407090574,0.20839366031096127,0.2148033293891018,0.08120530195966773,ANN
S199,0.17262017455701756,0.24057495154418682,0.1995236570041777,0.2682775561739251,0.11900366072069271,LSTM
S200,0.21903366927112367,0.23994485754217937,0.18513194159036575,0.2585748049883564,0.09731472660797502,LSTM
S201,0.2652257554230613,0.29190202469919735,0.15979934940579016,0.20934127933519553,0.07373159113675556,ANN
S202,0.2820686380706818,0.29495793532456144,0.15712703098330416,0.19712976487272504,0.06871663074872736,ANN
S203,0.26973480710745984,0.32112681072360016,0.15825130807606325,0.181381643945381,0.06950543014749627,ANN
S204,0.2993653126139667,0.2788650264672122,0.1599911100950437,0.1835213321339357,0.07825721868984173,1D-CNN
S205,0.2720842574645332,0.302908589443463,0.1665222416923373,0.17895393850963148,0.07953097289003498,ANN
S206,0.24924463719308293,0.2922916290642301,0.19180281198988808,0.18876910835595218,0.07789181339684664,ANN
S207,0.26488971033086595,0.2641584688904017,0.19154255273679088,0.19832949851455708,0.08107976952738437,1D-CNN
S208,0.2521853977863972,0.24772665635598462,0.18424615407398331,0.2176247929682667,0.09821699881536827,1D-CNN
S209,0.18560025085091483,0.22779583751742222,0.17989090387452936,0.2786226360933082,0.12809037166382525,LSTM
S210,0.21141303406891016,0.2875290443510311,0.16786972906863581,0.2447887664553222,0.08839942605610036,ANN
S211,0.24626552159843804,0.2705151735698537,0.1900348358595544,0.2166176026930716,0.07656686627908188,ANN
S212,0.2068439694982937,0.2056380883943999,0.25822261565636145,0.24790816340833807,0.08138716304260687,BiLSTM
S213,0.22282967733954204,0.2033980079152405,0.25428682818912896,0.2363428507025628,0.08314263585352571,BiLSTM
S214,0.23476358915317078,0.26319706717090946,0.1804334220358543,0.22190913648257937,0.09969678515748592,ANN
S215,0.17645143602344757,0.24837905291128975,0.17773790625760366,0.27639706987612045,0.12103453493153854,LSTM
S216,0.25133233561490353,0.34401825837711025,0.1432446514500508,0.18785092143240958,0.07355383312552542,ANN
S217,0.2731287674284952,0.2533657383824292,0.1871508263910625,0.20701181575746375,0.07934285204054911,1D-CNN
S218,0.18491702861536247,0.37197536428716493,0.16701960638778038,0.2030703928731694,0.07301760783652275,ANN
S219,0.19273373145703557,0.2895210221494826,0.18434967696035381,0.2350167702224244,0.09837879921070361,ANN
S220,0.1848241734343084,0.3038054800717734,0.18118509350182616,0.23784984524159167,0.09233540775050077,ANN
S221,0.2556577549654933,0.322526637655182,0.1654250074342247,0.17883916345481118,0.07755143649028877,ANN
S222,0.26503397721444333,0.32899840771971073,0.14609992941533664,0.18308562238529155,0.07678206326521732,ANN
S223,0.2746493980637172,0.29208364476764176,0.14517469037512162,0.19706904024646701,0.09102322654705264,ANN
S224,0.25935134937909077,0.2349843989129061,0.1559777344494902,0.2407667197082474,0.10891979755026576,1D-CNN
S225,0.22270229250302748,0.33828392325953954,0.14299347276400598,0.20267510907133124,0.09334520240209579,ANN
S226,0.27225636344610304,0.3641759950424512,0.1310798356529306,0.14712789971100446,0.08535990614751068,ANN
S227,0.3924529918208494,0.3078846870937662,0.11165444071202715,0.125624694437686,0.0623831859356717,1D-CNN
S228,0.3389266007066798,0.3346747977597717,0.12520609231130592,0.13428484147995717,0.06690766774228546,1D-CNN
S229,0.23836933915849384,0.2966683437289482,0.16968843528197736,0.2218897419501221,0.07338413988045858,ANN
S230,0.25088225774098316,0.27991984502265,0.17975868683247037,0.20920321767287292,0.08023599273102369,ANN
S231,0.27117372293012554,0.24640096857443453,0.1788364412823145,0.21142390659943217,0.09216496061369336,1D-CNN
S232,0.24446490591906883,0.24326796039503537,0.1863320730564349,0.24105224701654432,0.08488281361291683,1D-CNN
S233,0.24111744162254212,0.2508745645942876,0.20396787685720588,0.21257809351297252,0.09146202341299221,ANN
S234,0.25979804591972644,0.22408455155075072,0.18861519269460228,0.21800201201858274,0.1095001978163379,1D-CNN
S235,0.238095422016023,0.2791517408389412,0.17687866925634954,0.20748334381049305,0.09839082407819306,ANN
S236,0.2801465014153095,0.25761834886640017,0.1792587834105792,0.20410867514548497,0.07886769116222617,1D-CNN
S237,0.2712508419717967,0.2735619861362907,0.18016655175231797,0.20741253776493335,0.0676080823746612,ANN
S238,0.250743120568787,0.2383492896898885,0.21856999329629723,0.21754160354501648,0.07479599290001078,1D-CNN
S239,0.23155479639838522,0.23278989145633694,0.2280121298231432,0.23334091349022867,0.07430226883190641,LSTM
S240,0.23115073379124743,0.2428980638095527,0.2229353447188137,0.228888521555188,0.07412733612519824,ANN
S241,0.174261644495848,0.214236307957668,0.21432060696472724,0.2831641884171065,0.11401725216465002,LSTM
S242,0.18942976709233889,0.26013506067967623,0.18398571605915642,0.28052532196884294,0.08592413419998593,LSTM
S243,0.2574155720319794,0.26671411223539154,0.1748794670112558,0.22603153999288153,0.07495930872849184,ANN
S244,0.3105096615907655,0.1925803320060623,0.16748167195957914,0.24778363730538056,0.08164469713821279,1D-CNN
S245,0.21554675093387635,0.25503777588143234,0.18973922445869296,0.24800366771382093,0.0916725810121774,ANN
S246,0.2670872258128595,0.24768849283407263,0.19048061495584923,0.20453464259907553,0.09020902379814277,1D-CNN
S247,0.23751350556751996,0.23220278720214313,0.22309038760796412,0.21844488775013024,0.0887484318722427,1D-CNN
S248,0.23265058069499675,0.183898091256409,0.2494741175268072,0.2574513642781729,0.07652584624361443,LSTM
S249,0.24603073939963752,0.22293568406436415,0.22842645980458476,0.23863063352482985,0.06397648320658406,1D-CNN
S250,0.26434835694142056,0.207025435410676,0.22748141592658003,0.23572257387486772,0.06542221784645535,1D-CNN
S251,0.2170364387174385,0.2315798567703279,0.2412535362149703,0.24822881178102324,0.06190135651623972,LSTM
S252,0.21205367699111785,0.21101638989886695,0.27547334857218697,0.23567921088715604,0.06577737365067197,BiLSTM
S253,0.21527327256084278,0.2069130489668744,0.27576204046241715,0.23038504890565153,0.0716665891042139,BiLSTM
S254,0.20832744982032309,0.2657639157791777,0.2366509483366309,0.20798647426734848,0.08127121179652,ANN
S255,0.18200624796963003,0.2740370235880747,0.19932843695364275,0.2630291660240905,0.08159912546456215,ANN
S256,0.22654935039927088,0.223832307669137,0.18533555446342867,0.2901302240402294,0.07415256342793437,LSTM
S257,0.25384424454955706,0.23240056623635488,0.18153709432063542,0.25626971151781064,0.07594838337564197,LSTM
S258,0.22926014926074167,0.20416633288504812,0.2277876732900794,0.2562463539752143,0.08253949058891612,LSTM
S259,0.14136501527506737,0.16508167471509524,0.3150927344792704,0.3005088451787804,0.07795173035178683,BiLSTM
S260,0.24395974624777278,0.1935994232132783,0.26746533654546534,0.2292202034180276,0.06575529057545576,BiLSTM
S261,0.21338011669813303,0.21534887474650866,0.21632752324591437,0.2598225204981899,0.09512096481125376,LSTM
S262,0.2523592459003676,0.19478802049290084,0.20555389138254168,0.27255641827129845,0.07474242395289107,LSTM
S263,0.23404445979293698,0.19902338841502973,0.23592943590776003,0.25507928587499634,0.0759234300092768,LSTM
S264,0.24395906906956663,0.22029156383617948,0.23784692870974322,0.2226064568693738,0.07529598151513704,1D-CNN
S265,0.20408048154916078,0.19298355441651668,0.28306559899934475,0.25066863365811815,0.06920173137685967,BiLSTM
S266,0.21165403409934325,0.19997824429000674,0.2926269761086891,0.24086237423360138,0.054878371268359954,BiLSTM
S267,0.2901972053910405,0.2124927941090865,0.24926455586893562,0.19452389488811642,0.05352154974282107,1D-CNN
S268,0.22193117973152202,0.20138781073207013,0.2319788152516519,0.2556261256678891,0.08907606861686707,LSTM
S269,0.1876161240799215,0.17069720116882814,0.2764829940628019,0.2680314745899814,0.09717220609846708,BiLSTM
S270,0.1561629062196034,0.23294721660827153,0.2814230587640544,0.2504238724250926,0.07904294598297838,BiLSTM
S271,0.20989474212964468,0.23877731393386187,0.2618687609450209,0.22149560063361468,0.06796358235785811,BiLSTM
S272,0.2184226968081876,0.22469527518076793,0.25904463478678014,0.22543438784577172,0.07240300537849269,BiLSTM
S273,0.2275474657484203,0.21477498764449998,0.24233432337082964,0.2438816647896464,0.07146155844660382,LSTM
S274,0.23596484147209965,0.23411977615455606,0.22478813573216652,0.2322582962459365,0.07286895039524155,1D-CNN
S275,0.23380275112620316,0.20913368736419305,0.22913959632605765,0.2435386098352459,0.08438535534830015,LSTM
S276,0.20479311874639133,0.221723025524158,0.24765340897006086,0.24095845773877198,0.08487198902061786,BiLSTM
S277,0.21504702418383462,0.22584175375402613,0.24535370743869914,0.23364645408258392,0.08011106054085645,BiLSTM
S278,0.2069544417702323,0.2279366633992879,0.2363100631272667,0.24309246695830583,0.08570636474490707,LSTM
S279,0.22106947733910837,0.2618678439178447,0.20347999089267174,0.2351142764787815,0.07846841137159348,ANN
S280,0.2528369464904154,0.2476813484813351,0.2002320549886298,0.22896893618519998,0.07028071385441931,1D-CNN
S281,0.22240990032224414,0.23411667157822327,0.23360440527351176,0.23716625784484077,0.07270276498118,LSTM
S282,0.19206193956011816,0.21867077000200355,0.26075095094644796,0.25542884725668,0.07308749223475015,BiLSTM
S283,0.21651109029920382,0.21765202434167533,0.2572623741174565,0.23833751800536288,0.07023699323630149,BiLSTM
S284,0.219472129271211,0.224688185485303,0.2521556878103573,0.23096953287773622,0.07271446455539272,BiLSTM
S285,0.11166547465210759,0.18829395029475882,0.2747412569068519,0.31127868060480157,0.11402063754148023,LSTM
S286,0.12682438343389246,0.21080722641331218,0.22973712517059344,0.3340662106120677,0.0985650543701342,LSTM
S287,0.2815466630055279,0.24072824527556824,0.17781953517024027,0.23402117659967572,0.0658843799489877,1D-CNN
S288,0.29840338283254214,0.22040235690316123,0.18595466767130356,0.22221294628302685,0.07302664630996643,1D-CNN
S289,0.20322871524521682,0.3033979074081915,0.19702494812788146,0.2190327145263088,0.0773157146924018,ANN
S290,0.21186483099136696,0.22216845107148553,0.2414362453939908,0.2514473135046725,0.07308315903848418,LSTM
S291,0.2090077312751819,0.16092935165615366,0.28242290298624245,0.2834522834648949,0.06418773061752707,LSTM
S292,0.21741719529653483,0.2124537668726372,0.2698961683034589,0.24638955324723813,0.05384331628013127,BiLSTM
S293,0.22784242514042077,0.23331838685690515,0.26297489647793415,0.21466836766767208,0.06119592385706793,BiLSTM
S294,0.14762227208387516,0.2190950724576199,0.25312919173552667,0.29320053243465094,0.08695293128832715,LSTM
S295,0.14650906773822037,0.1739706714958361,0.25279443733953677,0.33654332534930603,0.09018249807710073,LSTM
S296,0.20146087253852338,0.2201356220845727,0.20577953036659014,0.2898766760160278,0.08274729899428596,LSTM
S297,0.32186732483075403,0.21420103371361512,0.17689177498060615,0.22031516840916196,0.06672469806586286,1D-CNN
S298,0.20881829623646858,0.21104277838428823,0.2396322444011654,0.24893783978483616,0.09156884119324166,LSTM
S299,0.24199901481722877,0.21565203075092126,0.2314651132618223,0.2318479923421722,0.07903584882785539,1D-CNN
S300,0.2324037506923608,0.1944271626924957,0.25917739986726573,0.23955519835716646,0.07443648839071135,BiLSTM
S301,0.21058165079752036,0.19422914533833055,0.26741268087263687,0.25806947044411194,0.06970705254739995,BiLSTM
S302,0.25112961174359394,0.21379196547735296,0.2362296425883798,0.23355440262101249,0.06529437756966079,1D-CNN
S303,0.22418182258997765,0.2312672823293497,0.2271906432052602,0.24776424578533016,0.06959600609008225,LSTM
S304,0.19687511048821818,0.20867016377603329,0.2669917832616726,0.25387768215768614,0.07358526031639034,BiLSTM
S305,0.19213998477657668,0.19337208523143307,0.2879855824327464,0.24381978386830352,0.08268256369094004,BiLSTM
S306,0.19170243583948415,0.22232389477230702,0.2495899237665196,0.2481133076021026,0.08827043801958635,BiLSTM
S307,0.14944734157200426,0.23895541434426562,0.21671395386165784,0.30241905399516195,0.09246423622691015,LSTM
S308,0.27121814609560174,0.23561594704301142,0.1671862052852619,0.2510076607768799,0.074972040799245,1D-CNN
S309,0.3296448943789555,0.2024725076919817,0.14846899915872494,0.24808720073849524,0.0713263980318428,1D-CNN
S310,0.26054226036831457,0.2916435143038902,0.16703236460210433,0.207628829769095,0.07315303095659594,ANN
S311,0.09085862675849608,0.13835762596886586,0.33441998040217225,0.3558951563061709,0.08046861056429447,LSTM
S312,0.1845338317016276,0.2622360957411249,0.26865001018201845,0.22808116366920517,0.05649889870602381,BiLSTM
S313,0.20516453869200155,0.2215082633638008,0.23211211088097064,0.27201970571149714,0.06919538135172938,LSTM
S314,0.18398282064019741,0.24273821504857312,0.2334107818585285,0.2694186848301348,0.07044949762256626,LSTM
S315,0.21345849585204896,0.24319980687002332,0.21471811632233972,0.2518373173272222,0.07678626362836542,LSTM
S316,0.1409652333407682,0.229646140685177,0.21635312881063362,0.31839807905540934,0.09463741810801186,LSTM
S317,0.1334008770245971,0.20643522217743232,0.2443136584456286,0.30498811196014713,0.11086213039219467,LSTM
S318,0.1724642799986385,0.20932312344079465,0.21978208278369138,0.2985703394653174,0.09986017431155807,LSTM
S319,0.11886063784389679,0.2293722071290701,0.20707914210800232,0.34450270400965366,0.10018530890937723,LSTM
S320,0.23340499697641306,0.25648321989530726,0.15949685813426728,0.2675110854041981,0.08310383958981411,LSTM
S321,0.24050701481355707,0.1943685514144003,0.18954779577535874,0.28115749947025453,0.09441913852642919,LSTM
S322,0.2199443264700384,0.21498130562542817,0.19911662040137965,0.2470958628212631,0.11886188468189045,LSTM
S323,0.27417898284562026,0.19810357825474825,0.1848618471234967,0.23904577510918465,0.10380981666695005,1D-CNN
S324,0.22743099092820146,0.21944938953300275,0.2225603465647868,0.22903527361665538,0.10152399935735394,LSTM
S325,0.24523558967012613,0.21646612960660613,0.21547791020505294,0.23341591027161943,0.08940446024659576,1D-CNN
S326,0.24617287834137577,0.2221127102318071,0.21401533943053766,0.24093444723525356,0.07676462476102595,1D-CNN
S327,0.19728447187423057,0.19574870599835098,0.2740267814020401,0.27082676878624634,0.062113271939132145,BiLSTM
S328,0.20449544465632102,0.22415807209258998,0.2727289150855579,0.24094164295855128,0.057675925206980234,BiLSTM
S329,0.2362569893051119,0.2084235722788872,0.2686491623194969,0.2271213626487284,0.05954891344777521,BiLSTM
S330,0.24006523225115595,0.20709342083668608,0.26426095496206703,0.22621504789619748,0.06236534405389359,BiLSTM
S331,0.24238245375473602,0.20896271537832956,0.27187151715109914,0.21423158534907127,0.06255172836676427,BiLSTM
S332,0.21995688493991977,0.2130250451032354,0.28052883960574293,0.2099098432610077,0.07657938709009389,BiLSTM
S333,0.23504149583958062,0.2259864139393088,0.21425388183752767,0.23221610254773545,0.09250210583584727,1D-CNN
S334,0.24513626295035124,0.22003069562724473,0.1993469304630967,0.24849952087870286,0.08698659008060419,LSTM
S335,0.2294863254895915,0.23103596597658432,0.1979460552126857,0.25831799736200073,0.08321365595913766,LSTM
S336,0.24432240610528413,0.21869488343375748,0.21383963438369413,0.24207994364884777,0.0810631324284162,1D-CNN
S337,0.15083979442265993,0.1267501654909127,0.3247447177525271,0.31060789103472514,0.08705743129917524,BiLSTM
S338,0.09475363086324264,0.11953726829300503,0.37126856931994334,0.35484164741724344,0.059598884106565275,BiLSTM
S339,0.2867180995897829,0.24602749607261884,0.27322217502600665,0.16232818929685777,0.03170404001473404,1D-CNN
S340,0.20138627542776252,0.20427760211795234,0.29254613514167016,0.23161607148883911,0.07017391582377613,BiLSTM
S341,0.1718069560814822,0.22729546802677608,0.21424442982451106,0.2766287172088368,0.1100244288583939,LSTM
S342,0.18786679735525508,0.20876526825564903,0.22902816002810272,0.2838614214466647,0.09047835291432799,LSTM
S343,0.1667816473855275,0.24559820924269277,0.22429701758113774,0.28213875553706463,0.08118437025357701,LSTM
S344,0.21325922366322658,0.21897617469886832,0.22102126079619058,0.26991146549398853,0.07683187534772573,LSTM
S345,0.23211160553971266,0.23688395934652096,0.2099146606169783,0.23869429020173022,0.08239548429505794,LSTM
S346,0.2365957998230241,0.20929530587084202,0.20295952114248508,0.26387330023294336,0.08727607293070565,LSTM
S347,0.20275523898619205,0.21768483577915793,0.23095382135963027,0.26416209215542164,0.08444401171959817,LSTM
S348,0.21489014520981908,0.2229650667006948,0.24909034546359834,0.22692215150896322,0.08613229111692468,BiLSTM
S349,0.2336242511309035,0.23681627918096293,0.21485973666185348,0.23344720904449595,0.08125252398178452,ANN
S350,0.22974428781857756,0.2316312818296731,0.22645648495107287,0.23919577677147114,0.07297216862920568,LSTM
S351,0.24584091996774748,0.23234764799934568,0.22707300425267282,0.22549471674361912,0.06924371103661499,1D-CNN
S352,0.2405062185271532,0.2223477122367388,0.23205959514448057,0.22887737636876518,0.0762090977228621,1D-CNN
S353,0.21954895570311952,0.1994287263690953,0.25284983657100396,0.24903525094573362,0.07913723041104745,BiLSTM
S354,0.20886644320977307,0.20666935688792,0.2639746878814911,0.24672217892640672,0.07376733309440885,BiLSTM
S355,0.23902754938564433,0.21291033998441297,0.25370832243271607,0.22422875769253817,0.07012503050468859,BiLSTM
S356,0.25708820538126453,0.22274972564949935,0.23632885699775935,0.21177039298300673,0.07206281898846963,1D-CNN
S357,0.2668081696525396,0.20879097673735325,0.2342047687946687,0.2157652606881404,0.07443082412729814,1D-CNN
S358,0.22240441695765648,0.22191612015884876,0.24754372490267107,0.2306666530899686,0.07746908489085541,BiLSTM
S359,0.25242256025033255,0.21994138636975474,0.2342118760853209,0.2201533083633465,0.07327086893124536,1D-CNN
S360,0.21398945077686415,0.17315175768702526,0.28099647682200574,0.2513351525326823,0.08052716218142253,BiLSTM
S361,0.14322657135681788,0.2022666463117129,0.3027734180396363,0.2743747971211492,0.07735856717068357,BiLSTM
S362,0.25871517370690533,0.28155747955856286,0.24071113208723133,0.16683136659258155,0.0521848480547186,ANN
S363,0.15136121300453417,0.3163056852168744,0.2868323802148579,0.1783551987516486,0.06714552281208516,ANN
S364,0.1325764695055458,0.33097109358268234,0.2634020383806396,0.21227946518731058,0.06077093334382137,ANN
S365,0.18826144671848327,0.23476456243177607,0.2258554228674996,0.2898217584067323,0.06129680957550897,LSTM
S366,0.12744146476427798,0.2792744629916817,0.22303126843018917,0.3037528361637764,0.06649996765007492,LSTM
S367,0.24262251196610163,0.2777684984600282,0.18487275016416632,0.23712401027659125,0.05761222913311304,ANN
