Segment,1D-CNN,ANN,BiLSTM,LSTM,CNN-LSTM,GRU,Selected
S1,0.18812615598909224,0.1511427661530278,0.16639925660867708,0.24208681983332175,0.228766180019722,0.02347882139616077,LSTM
S2,0.17276000442927097,0.17422625793344207,0.15841506602788105,0.23391881551820592,0.23039992857294478,0.0302799275182551,LSTM
S3,0.15912984954292,0.17846949787466398,0.1506822965775114,0.2246816550804336,0.2557321228805084,0.031304578043962666,CNN-LSTM
S4,0.16726914835515588,0.19496104673760742,0.2075051324148503,0.15911511333686254,0.24530396581150687,0.025845593344016607,CNN-LSTM
S5,0.18569310224724828,0.15371610258468915,0.20451425149251307,0.18311362765116512,0.24816493627801814,0.024797979746367806,CNN-LSTM
S6,0.21757854417784459,0.19033101181503198,0.16784595975227776,0.19727004450151722,0.20076752713742885,0.02620691261589959,1D-CNN
S7,0.1948597552643994,0.22313485931720492,0.1571842359125261,0.21927717908680272,0.1779537708856649,0.027590199533402235,ANN
S8,0.17259605912203535,0.18742725180313455,0.2178763234930562,0.22762787763672623,0.16339186173230527,0.03108062621274267,LSTM
S9,0.18086841172404314,0.17480162498014382,0.22166194996800853,0.20019877128440106,0.19425143126198058,0.02821781078142169,BiLSTM
S10,0.1790757388457811,0.23496689825318057,0.201020887356895,0.17851360107090172,0.18316733065837035,0.023255543814870844,ANN
S11,0.19914077244899836,0.2627317433194429,0.2644006450803535,0.11875788459519906,0.13807327282226747,0.01689568173373587,BiLSTM
S12,0.1606279137466999,0.29487073250295337,0.2436002612706745,0.11424853617937165,0.17043758804393433,0.016214968256366983,ANN
S13,0.13247478644262053,0.2575098164462565,0.17671046108556854,0.1508664226818781,0.26419722688891367,0.01824128645476211,CNN-LSTM
S14,0.20469403318307866,0.2544933019661495,0.14248911464811706,0.20166942445695965,0.1755036459835024,0.021150479762193437,ANN
S15,0.2710354366646804,0.2099224689671207,0.14913526780577901,0.19502438574983763,0.1492956587180047,0.02558678209457907,1D-CNN
S16,0.23463062116185468,0.24142516029493494,0.1734742081063032,0.1626416389720037,0.1615640527575657,0.026264318707336913,ANN
S17,0.1758111482894497,0.1880796034755506,0.2302329036220638,0.19221681332507753,0.18611600482011761,0.027543526467740533,BiLSTM
S18,0.17544302364209685,0.1911679212411123,0.2138006664650453,0.1705679748800455,0.22413138960679016,0.024889024164910963,CNN-LSTM
S19,0.17605587032711187,0.16355212406580324,0.1600748930960674,0.19104237107802702,0.2870346211509233,0.02224012028206748,CNN-LSTM
S20,0.10499947773366002,0.09403945709066976,0.12071653649415037,0.18090206015670549,0.48249975450725857,0.016842714017554997,CNN-LSTM
S21,0.2140278426349877,0.22875103206016276,0.11898703961213133,0.1627863013103234,0.254220372437179,0.021227411945214963,CNN-LSTM
S22,0.23703851559076902,0.2528750204926451,0.11724245979669354,0.14918027099356146,0.21906521730341288,0.024598515822920053,ANN
S23,0.1639973816462694,0.28658681351167015,0.1370020539478481,0.1602880641522857,0.22478625975795424,0.0273394269839732,ANN
S24,0.19697499263872745,0.21856859838391537,0.17072221287982262,0.22501437096697519,0.15637912913565313,0.032340695994906965,LSTM
S25,0.19128289735829584,0.20928627816753925,0.22111499836761447,0.2020777516458925,0.14815060591482102,0.028087468545836693,BiLSTM
S26,0.185479822349704,0.195927982485464,0.21617938693192829,0.22983213152312437,0.14720522748346485,0.025375449226314295,LSTM
S27,0.12698753983751038,0.2782791850801773,0.23010557652201058,0.21459566495646937,0.13362993289948807,0.016402100704344846,ANN
S28,0.20187398445078597,0.18859737205836333,0.17629383597582013,0.16565862635759948,0.25273096745405904,0.014845213703372518,CNN-LSTM
S29,0.09714046386373887,0.08237370631915798,0.08579872100054807,0.30969573053205607,0.4140566768506295,0.010934701433869836,CNN-LSTM
S30,0.10970244411806356,0.201506648249451,0.11123567795442743,0.40983460366417146,0.1515602317316035,0.01616039428228268,LSTM
S31,0.22796652287722716,0.16335373911886641,0.13693061279248714,0.30272045677307496,0.1429384728252418,0.02609019561310094,LSTM
S32,0.2190703261221808,0.12322914758507476,0.14289385738543664,0.2656564086563324,0.21859750598882377,0.0305527542621504,LSTM
S33,0.14568240246626907,0.126478643507219,0.13656033740282505,0.21731366948835276,0.3441455401226731,0.029819407012660087,CNN-LSTM
S34,0.19910795576026208,0.17366410786449285,0.1887702467045821,0.1854071317227424,0.22096934195696602,0.03208121599095452,CNN-LSTM
S35,0.17355998844752307,0.1872662422401423,0.22035476767128606,0.1799259695029336,0.20895609681759578,0.029936935320518235,BiLSTM
S36,0.23678846188452116,0.16943064573372188,0.21009047860252295,0.16957204890923955,0.18906618371137895,0.025052181158616165,1D-CNN
S37,0.23147798583491686,0.19205818783553957,0.17745975657221974,0.1823414720998618,0.1917992191714845,0.024863378485978624,1D-CNN
S38,0.17943864323327977,0.2551787049356564,0.1669728252981085,0.22613387696742784,0.14561912705924057,0.026656822506285566,ANN
S39,0.17122095492655343,0.19766716125036496,0.2118100519324692,0.24486051575828804,0.14923002525035098,0.025211290881973072,LSTM
S40,0.19582947708180728,0.16507958547122567,0.21443151199039726,0.18475956232363297,0.2142909800368381,0.0256088830961002,BiLSTM
S41,0.19314345143443834,0.17224964031486778,0.17407300981872303,0.19691069043753223,0.23843007291139745,0.02519313508304051,CNN-LSTM
S42,0.1960780070298678,0.18414245046766306,0.20058673738560814,0.18641025308788228,0.20309636180972965,0.02968619021924944,CNN-LSTM
S43,0.17333506898359555,0.1931928009245428,0.20025985545290576,0.19275238286432345,0.2174356576341255,0.023024234140506535,CNN-LSTM
S44,0.19777332103393233,0.1879277010174431,0.16116453138326825,0.18358456672815965,0.24972610829633513,0.019823771540861432,CNN-LSTM
S45,0.24877592660397374,0.1716709191128809,0.11864145461876673,0.24108091716758054,0.19641932398600395,0.023411458510794302,1D-CNN
S46,0.2068611616923941,0.23147361271801986,0.15356639231926641,0.203813962465606,0.17452164659964747,0.029763224205065775,ANN
S47,0.1967784278870864,0.22681343285440853,0.18982996766121618,0.17455973722534612,0.18139662425752726,0.030621810114415622,ANN
S48,0.1895355777526149,0.1681998357413944,0.2178374825005214,0.20057580162244876,0.19301346030290364,0.03083784208011689,BiLSTM
S49,0.1858957690405894,0.18825137432742137,0.2133519874110547,0.2023119334185045,0.1848434119880478,0.025345523814381314,BiLSTM
S50,0.18888165557626307,0.20765900190148737,0.1987133025369193,0.19971085616692927,0.17797616327154278,0.02705902054685821,ANN
S51,0.06810327013094161,0.09380097855955244,0.14563297210454634,0.5000657648364879,0.17827918652907482,0.014117827839396295,LSTM
S52,0.26935888024112997,0.18647136410303183,0.14428969656162424,0.24772129468617562,0.13321729997869483,0.018941464429343156,1D-CNN
S53,0.26420646029749595,0.17552384118112066,0.1818846916983373,0.2014543769704944,0.14968900180733388,0.027241628045217448,1D-CNN
S54,0.360778713775492,0.08839354002060157,0.12775778668569626,0.14665777695849758,0.2516661140261547,0.024746068533558045,1D-CNN
S55,0.04454700181830696,0.031127573398291856,0.027154346180496284,0.054050600248832764,0.8381873864788334,0.004933091875237,CNN-LSTM
S56,0.212155379162863,0.18270876219450988,0.10854021907237305,0.19096089006866018,0.27098411285473084,0.03465063664686231,CNN-LSTM
S57,0.2173932542024571,0.12400613351247605,0.16999203003747765,0.21389450744114857,0.23311366444063736,0.04160041036580311,CNN-LSTM
S58,0.25377460439343025,0.13961617084038436,0.191022756960171,0.1976043479905273,0.1848626385461744,0.033119481269312794,1D-CNN
S59,0.17562351083803426,0.19776322668415025,0.20817925541286747,0.21901332534576895,0.16877235145327515,0.0306483302659031,LSTM
S60,0.16631743507760607,0.2602695508489127,0.19361750335429292,0.19763569046519255,0.15285763213048092,0.029302188123514115,ANN
S61,0.13412737126750318,0.1815926918732716,0.21449992277023539,0.21254335818427758,0.19581790063492047,0.061418755269792,BiLSTM
S62,0.12692819446527018,0.18695671610148762,0.22679988804004328,0.18146558670963767,0.22629120263668712,0.05155841204687337,BiLSTM
S63,0.18880137838661395,0.3150763567240841,0.20278881091489806,0.1217334055343901,0.14329301751165566,0.028307030928358262,ANN
S64,0.19351244088593691,0.21315280542948195,0.3473691344182574,0.10712191285008518,0.11902497804620225,0.019818728370037408,BiLSTM
S65,0.16280055283389325,0.2569751278911495,0.21112498531014634,0.1559841760957481,0.1918902023795935,0.021224955489470145,ANN
S66,0.17922613815820157,0.2101949857241533,0.19148410630107687,0.22923481746264596,0.1671367957140215,0.02272315663989843,LSTM
S67,0.2441002542005754,0.18672393464589201,0.17885284106853458,0.2012655240589409,0.16400219144789793,0.025055254578160047,1D-CNN
S68,0.3210864483189937,0.17595219571962287,0.12636446436467255,0.1333118957806055,0.22363169858048054,0.01965329723562543,1D-CNN
S69,0.18368550264734304,0.2202218569595642,0.1258033123209622,0.1352151118693525,0.3119612400197205,0.023112976183058517,CNN-LSTM
S70,0.16512409392544647,0.18856174601186637,0.21572902920601716,0.1576977341787574,0.24497419238552307,0.027913204292389467,CNN-LSTM
S71,0.23431165668738677,0.18832317937281562,0.19581725749294868,0.14141908783521823,0.21439279321838844,0.025736025393243184,1D-CNN
S72,0.2259562005834395,0.19259860353998623,0.1561628344109099,0.14606406156002855,0.2556957673770471,0.02352253252858822,CNN-LSTM
S73,0.2493140547546897,0.16576284574611463,0.13257270740328223,0.1789743714395674,0.2454783600060361,0.02789766065031052,1D-CNN
S74,0.19215936025919672,0.2341388245233461,0.1602350999346775,0.19401129088787689,0.1886382003296624,0.03081722406524095,ANN
S75,0.18948749683080776,0.20642493115296592,0.20019053043679874,0.21805697548613026,0.15412654288837485,0.031713523204921754,LSTM
S76,0.20614689300148553,0.18810879331741812,0.22664066660833582,0.19254530251536073,0.1575958947482002,0.028962449809200302,BiLSTM
S77,0.20350155331935432,0.17876470649837267,0.21265994385605447,0.2006466603434461,0.17680878442432163,0.027618351558450938,BiLSTM
S78,0.29334754664262647,0.2464910314026522,0.1632782018688235,0.15056974306286364,0.1124401272987636,0.03387334972427099,1D-CNN
S79,0.18315683771094504,0.24975598298900142,0.2112734456533545,0.20236766178994098,0.1250472880667955,0.02839878378996199,ANN
S80,0.1995455116077297,0.18221387111109602,0.20392359048248304,0.19369872699736798,0.19376254488590214,0.026855754915420908,BiLSTM
S81,0.2783843605759429,0.1338762314813097,0.13328524567791386,0.24064488973465042,0.19279247340250533,0.021016799127678013,1D-CNN
S82,0.28994845452988305,0.14205477872038944,0.1332819398944531,0.22865681483399058,0.18440327261994585,0.021654739401337064,1D-CNN
S83,0.24908634827211337,0.18754567691872903,0.18674637181239614,0.16981736490381383,0.1845906199237744,0.02221361816917387,1D-CNN
S84,0.24259694645010457,0.20383227626313058,0.19540456996234773,0.14708587874072498,0.1872527081577223,0.023827620425968622,1D-CNN
S85,0.19931658276704173,0.21949642389149776,0.19499719893670034,0.2184746141271949,0.14438353390817765,0.023331646369387234,ANN
S86,0.28114715164396353,0.15552166289712785,0.20191232422138408,0.20330588442775568,0.12977823590932788,0.028334740900440646,1D-CNN
S87,0.21236899106007381,0.22982191452915285,0.21482847039911324,0.17615309497470383,0.13472175387140434,0.032105775165553546,ANN
S88,0.15592189741785337,0.20519395236207197,0.2786118685598958,0.18271750296786457,0.14251720358891778,0.035037575103397084,BiLSTM
S89,0.1381873358621553,0.14565698336074162,0.34126048242054435,0.19656316097057483,0.15375877668719998,0.02457326069878333,BiLSTM
S90,0.1488738127080377,0.21481893891005233,0.2748479162729815,0.1721070175598099,0.16068830192249625,0.028664012626621594,BiLSTM
S91,0.12193639434095736,0.1737601423537374,0.19369283191692027,0.2556691424861127,0.23105357495950354,0.023887913942768978,LSTM
S92,0.1958706586628789,0.1731645720414673,0.1784680335864986,0.22703610672795982,0.20315963621958516,0.022300992761610697,LSTM
S93,0.32580332780008026,0.23623526339519485,0.12435841571297888,0.13030067351098976,0.16689605279404215,0.016406266786714332,1D-CNN
S94,0.29101204340471076,0.1768742618808659,0.1432774899448473,0.15033169491447332,0.21772139070111599,0.02078311915398641,1D-CNN
S95,0.264981123185723,0.18395915265598847,0.14820655407271577,0.17262244139046037,0.20097267883789177,0.029258049857220022,1D-CNN
S96,0.26013722969310193,0.22771662876927062,0.13766917377660962,0.17803534680035413,0.16828733799926685,0.028154282961398432,1D-CNN
S97,0.19880628976113685,0.2147607396230427,0.16350372959191534,0.21036055945361354,0.18132418462339053,0.031244496946899812,ANN
S98,0.19678799110173728,0.18810135529208213,0.18708879763174718,0.2266733707073105,0.17251922147631743,0.028829263790806334,LSTM
S99,0.1816441734463342,0.20318987902743788,0.20664047900616983,0.20520690246707599,0.17448295866050653,0.028835607392476502,BiLSTM
S100,0.16353570340598253,0.3091233248618376,0.18341819753872898,0.16852626374039595,0.15194001481359282,0.02345649563946211,ANN
S101,0.13863549969924197,0.19534748128604792,0.22835704503545112,0.18975445440686425,0.20406183708220602,0.04384368249018837,BiLSTM
S102,0.09766013327061557,0.13922636620241263,0.26307272137278764,0.17138293994162057,0.3005858393460639,0.028071999866500545,CNN-LSTM
S103,0.1197001061658177,0.16600620289152943,0.19370676326011377,0.21976628596324385,0.2839082038172312,0.01691243790206291,CNN-LSTM
S104,0.17644425585249043,0.20620553682951176,0.16824722371216352,0.2503850598864987,0.1799959637424736,0.01872195997686184,LSTM
S105,0.2919667399225895,0.28028209611858196,0.12667789754729128,0.15758693950584285,0.11984191265010567,0.023644414255589583,1D-CNN
S106,0.3941754699142836,0.2251297039702989,0.1106165032906909,0.11043091928458312,0.13407776035047023,0.02556964318967315,1D-CNN
S107,0.19399357648858853,0.3163396618828966,0.15653670317428844,0.13607288150126817,0.16579533715190564,0.03126183980105235,ANN
S108,0.22756441285032458,0.24916848985743922,0.18329287431389543,0.1437033283519884,0.16975674102319957,0.026514153603152842,ANN
S109,0.2375229904019986,0.24574858357375215,0.17950930661511827,0.14709903171407185,0.16463039857416129,0.025489689120898995,ANN
S110,0.1576356901858992,0.16640487037565993,0.17401434354321962,0.19491890058127354,0.2813487302530554,0.025677465060893353,CNN-LSTM
S111,0.13346986376566136,0.2031656924904235,0.14376228278238376,0.17189932976712116,0.3268088309320533,0.02089400026235509,CNN-LSTM
S112,0.1256606720441378,0.11643074652847579,0.1309651908708947,0.21422628036873667,0.3874212500652076,0.025295860122546848,CNN-LSTM
S113,0.13268694784319754,0.15092230235054513,0.13642472610971146,0.19125969796123563,0.3598348779118371,0.02887144782347314,CNN-LSTM
S114,0.12297674882545255,0.19021611314170664,0.14333855588774622,0.2040206212131709,0.3139122872964276,0.025535673635497014,CNN-LSTM
S115,0.19822103506923855,0.19538337735251723,0.18445005939492642,0.21703504094273396,0.1834376395390977,0.021472847701485612,LSTM
S116,0.23161245331290412,0.27651652029987556,0.1633271919432981,0.16209730149354012,0.15054345862815574,0.01590307432222714,ANN
S117,0.18620791910892143,0.2388698367494261,0.1364413521221013,0.2362836957699567,0.1855941752812338,0.016603020968358476,ANN
S118,0.15376018775257008,0.21183620791108934,0.1543078275909941,0.2626139268299729,0.19925809290296645,0.018223757012407745,LSTM
S119,0.1446094915716115,0.27031044211298777,0.1596423127672685,0.2298101729591862,0.17309278887526838,0.022534791713678427,ANN
S120,0.20418625103011057,0.13952625706822186,0.20339220369610334,0.18580043030190194,0.2502947948884562,0.016800063015206635,CNN-LSTM
S121,0.17674372717816436,0.12011031368892791,0.1019742324188834,0.15170861368607097,0.4363074883394157,0.013155624688537234,CNN-LSTM
S122,0.20392388423307278,0.18225241255619895,0.11663962709325221,0.27167341889740854,0.20001333208089758,0.025497325139170204,LSTM
S123,0.20554326730270356,0.20020999526268984,0.14105410103363886,0.2556702276035748,0.16099399803573308,0.036528410761660225,LSTM
S124,0.27175884383534743,0.13359379939997149,0.1684639846434608,0.19456166917021236,0.19035850982318886,0.041263193127819245,1D-CNN
S125,0.1807122939363907,0.14376524162165757,0.21599055702845119,0.1852890438500592,0.2419195889787114,0.032323274584730236,CNN-LSTM
S126,0.15919071165210297,0.17390088008509286,0.22130281451911493,0.22244041572062945,0.187323882872153,0.035841295150906116,LSTM
S127,0.22297882977989306,0.19944867431508476,0.2292887292069225,0.17255329499568126,0.14331070293599843,0.03241976876642048,BiLSTM
S128,0.19104819503145934,0.22418992555268313,0.22819491054854507,0.18334996253462996,0.14618651814570435,0.02703048818697824,BiLSTM
S129,0.2259348843167409,0.2348362345501297,0.20671652090110781,0.16847937333693727,0.14255519046448892,0.021477796430596736,ANN
S130,0.19849021244391202,0.23893059366363004,0.18041368647902034,0.21029124873196883,0.14450035235208944,0.02737390632937885,ANN
S131,0.17600509219698415,0.1784930361022887,0.22451955188269296,0.23824252100674925,0.15635286423956393,0.02638693457172017,LSTM
S132,0.16003524176076228,0.1536331793828127,0.2395148970740415,0.202898648370503,0.2229244004452489,0.02099363296663111,BiLSTM
S133,0.1529433494464817,0.1290577209059384,0.1878127812107288,0.16609443072214283,0.3467690285667528,0.017322689147955546,CNN-LSTM
S134,0.18408500720250803,0.16194236614014426,0.14137451767745352,0.21846069312218414,0.274137973231605,0.019999442626104483,CNN-LSTM
S135,0.17085667741883606,0.1593841999624924,0.14338810261247095,0.23002752481429226,0.2795402955019216,0.016803199689987197,CNN-LSTM
S136,0.22603308578513295,0.1394199006316167,0.12757470542140667,0.26583119582082443,0.21883411729618868,0.0223069950448305,LSTM
S137,0.19129550680727334,0.14470106161085705,0.1770960320567575,0.22041580136098962,0.22923031534289975,0.03726128282122266,CNN-LSTM
S138,0.1509862919353145,0.17838675953417385,0.20350214545131368,0.239587408871612,0.19416985310001078,0.033367541107574825,LSTM
S139,0.18723754649766047,0.19632633460998863,0.21582832680906094,0.19472651778010855,0.17356635724002006,0.03231491706316238,BiLSTM
S140,0.18593073046524797,0.20117735885186108,0.21647215648254567,0.1866475414375129,0.18060532851864988,0.029166884244182588,BiLSTM
S141,0.16198209203049277,0.24108343682966463,0.22760705862949407,0.18798598815661635,0.15533965018445722,0.026001774169275134,ANN
S142,0.21441103369351125,0.2879456138119097,0.18521348511168112,0.14707303123461102,0.1461123559241327,0.019244480224155536,ANN
S143,0.21195085376541672,0.1965252789622822,0.1572258230095808,0.22152880543572878,0.19294510172309592,0.01982413710389701,LSTM
S144,0.17075892957373015,0.1867947387191475,0.203155288560606,0.22943366197743836,0.18727419914219395,0.022583182026882732,LSTM
S145,0.17189423361274234,0.15533914396875823,0.26971015401555865,0.18621621220066026,0.1943322193557839,0.02250803684649519,BiLSTM
S146,0.17280369941028761,0.15864721657305625,0.2887042319259176,0.15172924601728302,0.21137436617944594,0.01674123989400958,BiLSTM
S147,0.15712422364607126,0.2884605755692706,0.13295161931331714,0.17436534507363538,0.232787458085636,0.014310778312068192,ANN
S148,0.21483303622592917,0.1397783218237453,0.09523445487925508,0.2689692417163417,0.2670748934704893,0.01411005188423957,LSTM
S149,0.24870925979987613,0.23602856673156827,0.10166922765661673,0.15578531539527055,0.23461697693070058,0.02319065348596746,1D-CNN
S150,0.25436134413312866,0.2234234103591393,0.123014673037891,0.1701826712667239,0.19697652385247633,0.032041377350640964,1D-CNN
S151,0.19896890513540977,0.20578536952961352,0.1888133898656639,0.17076470576837643,0.20276631481563534,0.03290131488530156,ANN
S152,0.16983158636841814,0.17549597896442437,0.22056536554980685,0.24757164497144268,0.15716307827449952,0.029372345871409345,LSTM
S153,0.1317966228268446,0.28006197440650793,0.22160945409529395,0.21312677287967305,0.13380576303627112,0.019599412755409856,ANN
S154,0.19886418563069616,0.18529095625884906,0.19430996820665683,0.254978566761718,0.14700376376226526,0.01955255937981356,LSTM
S155,0.23856692098405533,0.17159960363869006,0.17362867162774673,0.22677608335535468,0.16704119888523836,0.022387521508915043,1D-CNN
S156,0.19102081846186864,0.18220613015182271,0.17766814674312137,0.1970774868642165,0.22649520214366575,0.025532215635304015,CNN-LSTM
S157,0.20375520536684955,0.11778290123544231,0.20444638899908316,0.16544576102469818,0.2830193456920546,0.025550397681871975,CNN-LSTM
S158,0.1635048344650581,0.2632787570768064,0.15045102210718422,0.13973079974283176,0.2623444019791818,0.02069018462893837,ANN
S159,0.19332766060440568,0.2935970318995425,0.12724040342234672,0.1845142922526871,0.17554072302613444,0.025779888794884753,ANN
S160,0.19092405541374066,0.23532193279038338,0.1404722779493677,0.246201572947689,0.15581365953943682,0.03126650135938228,LSTM
S161,0.23934648548696766,0.15278159721465942,0.1640853305117874,0.23169036428265258,0.17481844119859813,0.037277781305335406,1D-CNN
S162,0.14984817868002803,0.20751948251796673,0.20348657587294186,0.2254948646027656,0.1787832207386447,0.034867677587652274,LSTM
S163,0.1495254309451197,0.17904942190644724,0.26430494414970007,0.19526800166252284,0.17998401659568322,0.03186818474052646,BiLSTM
S164,0.18322585161673505,0.1462252946639489,0.2954284677137114,0.18508417049581494,0.1597005195519478,0.030335695957840875,BiLSTM
S165,0.16812373413679418,0.20234116784414083,0.24842423709865727,0.15700156580541444,0.20278977357127104,0.021319521543723227,BiLSTM
S166,0.1638384040981959,0.13992452637799763,0.11784292375596951,0.18416102998489728,0.37778589947558316,0.016447216307356655,CNN-LSTM
S167,0.15919595380649743,0.10494192076206489,0.09516559651952158,0.4930586604406108,0.13123968512661605,0.016398183344688635,LSTM
S168,0.19818535169099116,0.17239705992502316,0.16598022269618637,0.2580739925742819,0.16591423562397606,0.0394491374895417,LSTM
S169,0.22029326318136463,0.1388799728036295,0.20934840938546384,0.20494278088014187,0.1808632443586401,0.0456723293907614,1D-CNN
S170,0.12972173583024232,0.11761089140199506,0.3442500989871463,0.1859871317336431,0.1982789926816191,0.02415114936535418,BiLSTM
S171,0.1815017764171967,0.15166808893065947,0.18598584673703494,0.2607294137801803,0.1879300120039666,0.03218486213096295,LSTM
S172,0.1720505201399678,0.13423471313173135,0.21485767659472332,0.1860114742514054,0.25171336254585064,0.04113225333632147,CNN-LSTM
S173,0.1398406684718117,0.13441818527712343,0.18085256055201543,0.17434921422657482,0.3406697184116212,0.029869653060853093,CNN-LSTM
S174,0.16517567659122526,0.1530736535012879,0.207408409406053,0.18255026271949526,0.2546855511284055,0.03710644665353283,CNN-LSTM
S175,0.1752827685082582,0.1875054491236007,0.21621255426727304,0.19441674910895015,0.18634715173234576,0.04023532725957195,BiLSTM
S176,0.1455655749171318,0.28540586320171324,0.21288772436326098,0.1692681670655793,0.14464803769217172,0.04222463276014345,ANN
S177,0.20052250571883412,0.20400398275570428,0.23330752390322193,0.18074300675111746,0.1450914433705609,0.03633153750056176,BiLSTM
S178,0.13350088586054046,0.1351106973438354,0.3608119121315467,0.17813475814077714,0.15666063252018764,0.03578111400311313,BiLSTM
S179,0.17395840206559565,0.2338273538887482,0.2578341055706207,0.1651135211143072,0.13214674315668126,0.037119874204048435,BiLSTM
S180,0.1868794490964294,0.27642746735518325,0.31056988174862243,0.11193823000479637,0.09246594953343368,0.02171902226153493,BiLSTM
S181,0.1905232477726128,0.2801793914595253,0.2748438340470881,0.12308282776589047,0.11245267778692172,0.01891802116796136,ANN
S182,0.1456126004015893,0.25550450295204336,0.21220314770773147,0.18532743719093875,0.1769510731165827,0.02440123863111446,ANN
S183,0.15312789655474943,0.22009545107944256,0.14513085298508527,0.19256128510328302,0.26607736641321356,0.023007147864225638,CNN-LSTM
S184,0.2002478212842345,0.3001919350905275,0.12928608762559834,0.2102973319358508,0.13888080208287396,0.02109602198091436,ANN
S185,0.24895480263537087,0.2464562952879246,0.1627401442087081,0.1598781589259327,0.15606553814421006,0.025905060797854138,1D-CNN
S186,0.2503816495662776,0.22098138935093176,0.17492521225112878,0.1712398179113962,0.1541281333107842,0.028343797609482232,1D-CNN
S187,0.1777572551879633,0.20789072387202934,0.23050867953458304,0.18275963095242698,0.17804252626402986,0.023041184188968375,BiLSTM
S188,0.17999607001907203,0.2593490315847524,0.17253769692073556,0.18127636075921455,0.18767875779223572,0.01916208292398839,ANN
S189,0.18161034374233057,0.16436559928615757,0.14637999060855186,0.16712744457343168,0.32069834277212145,0.01981827901740738,CNN-LSTM
S190,0.1674426206555458,0.204432966244381,0.15600223990326378,0.14720033915025674,0.3043883017657027,0.02053353228085065,CNN-LSTM
S191,0.1906113946584193,0.16300450063418426,0.15244270720877598,0.18004417602245684,0.2873152100007754,0.02658201147538985,CNN-LSTM
S192,0.18927472676114798,0.20579603591997428,0.14627444363112413,0.1741628407700489,0.25893139907853296,0.025560553839171933,CNN-LSTM
S193,0.1770350492533141,0.27435212499811323,0.12061796695636644,0.18812861034983597,0.2159616237724774,0.023904624669892387,ANN
S194,0.18287702764319685,0.2773185985462348,0.13472270703018244,0.17810210488376516,0.20123319390966857,0.025746367986953643,ANN
S195,0.18319460122866132,0.198025253157177,0.18163595401498214,0.22026883649801987,0.18684887737186306,0.030026477729296702,LSTM
S196,0.18456704775868532,0.22062503022153426,0.2223165364953738,0.1915370755403216,0.15520011248828688,0.025754197495797996,BiLSTM
S197,0.18179149300641392,0.24105805974132918,0.22676350236851295,0.1812768352060231,0.147557708949763,0.02155240072795805,ANN
S198,0.18029019688431347,0.20960644274732815,0.22894357079935804,0.16579344337348528,0.1977823738932982,0.017583972302217605,BiLSTM
S199,0.1702015947066619,0.1781228820334989,0.16984009364552258,0.17768330476195376,0.28407307716686414,0.020079047685497505,CNN-LSTM
S200,0.1789034931448615,0.1758709074856304,0.18493802414888216,0.19021206780519812,0.24355659503315183,0.02651891238227525,CNN-LSTM
S201,0.16633009771742963,0.3487605003606701,0.16027912881920722,0.13796377960867973,0.17003217319298491,0.016634320301028693,ANN
S202,0.23468374996953142,0.2183019347901444,0.15823499338613803,0.1992400802502644,0.16797325641357339,0.021565985190349978,1D-CNN
S203,0.20567431012789672,0.27102601672407683,0.15039126615929654,0.18256814174016084,0.17009361069219278,0.020246654556376524,ANN
S204,0.2594750122838941,0.20411910901080352,0.13124745901813523,0.17775771520823735,0.2034392494085931,0.023961455070337694,1D-CNN
S205,0.20561778958338556,0.2321821700008304,0.15787886640687634,0.16425284687809635,0.21446389502675958,0.025604432104051347,ANN
S206,0.1800389301577168,0.22284430259687082,0.19406146006174782,0.17653188784781151,0.1992467247159788,0.02727669461987327,ANN
S207,0.20204046491193817,0.20896689982280314,0.19854197326096198,0.17141331517930902,0.19559143340405746,0.023445913420930407,ANN
S208,0.23493095380464127,0.18247206497489313,0.15368022983402563,0.17273068402733457,0.23723745318565628,0.018948614173448845,CNN-LSTM
S209,0.21480059942569357,0.18344698225523695,0.10429514696540294,0.21829276926108995,0.26175042720214425,0.017414074890433173,CNN-LSTM
S210,0.18299256365841804,0.2454904924739376,0.142279453908817,0.21834929353539395,0.18193153310566892,0.02895666331776488,ANN
S211,0.20667758742192446,0.23022716553145958,0.18124821521403794,0.1818187296401521,0.16917893069555634,0.03084937149687024,ANN
S212,0.1766945850380746,0.16279087300501816,0.24040704909710325,0.19531665661135444,0.19733937600114865,0.027451460247299022,BiLSTM
S213,0.18051122975140024,0.15930630800370346,0.20873946859057646,0.18057214820242717,0.2497807078386397,0.02109013761325419,CNN-LSTM
S214,0.24842737621042277,0.20365557512593369,0.12058896077173539,0.16494669937635587,0.24576726481586234,0.01661412369969077,1D-CNN
S215,0.14943806123738199,0.19419930387467407,0.1490702810367921,0.2169169451420762,0.2655024841082732,0.024872924600801687,CNN-LSTM
S216,0.1956611924158113,0.2756499997249948,0.1611231300783044,0.16365988359065262,0.18544000614388054,0.018465788046357113,ANN
S217,0.21432516708727123,0.18433143053556653,0.19191125238898823,0.18635177776330084,0.20256680972642338,0.020513562498448778,1D-CNN
S218,0.15122348514384854,0.322515532295701,0.15143698726257335,0.18283968059514516,0.17306358867235686,0.01892072603037384,ANN
S219,0.174170375811494,0.2605487738745697,0.15812139740060951,0.18807539605173923,0.1993100940219918,0.019773962839596804,ANN
S220,0.1587154481244859,0.2278999797028671,0.18315116380579274,0.20476012279210076,0.2048722172689555,0.02060106830579769,ANN
S221,0.16822568017130773,0.2202534911338071,0.27600274817650433,0.14154819474848068,0.1789119305843606,0.015057955185538003,BiLSTM
S222,0.1927294611839458,0.2650185136214807,0.16197823797347316,0.16607915446351693,0.20024926031729054,0.013945372440291492,ANN
S223,0.2166919583252588,0.23357537435250028,0.14350520156825722,0.16157318183463198,0.23160598352290684,0.01304830039644389,ANN
S224,0.23980791972086268,0.16068729145941066,0.09178602605830953,0.2110331159431063,0.2807945326088052,0.015891114209504155,CNN-LSTM
S225,0.19838536044313132,0.2643485539204627,0.12178974051715222,0.19253396205345905,0.19747854115853145,0.025463841907263314,ANN
S226,0.22603716292007234,0.28717904859828847,0.12651887388423155,0.11423036382255107,0.22886891321291603,0.017165637561941924,ANN
S227,0.3274426359306743,0.22561088817829292,0.11090501706786408,0.13402037067986283,0.18558436769265046,0.016436720450653603,1D-CNN
S228,0.2417347592603,0.29031476599724965,0.13851173949930884,0.13273761269229079,0.18033380908517668,0.016367313465673165,ANN
S229,0.18469840842236804,0.25652288541426504,0.14606402231260013,0.2296299734492746,0.16305023611944677,0.020034474282046365,ANN
S230,0.2098214274140186,0.24188456336902037,0.18728265416999462,0.17308705870023885,0.16967957302219483,0.01824472332453305,ANN
S231,0.22592376385166688,0.19059955599133813,0.14730174920076236,0.17767513543290325,0.2375554690148384,0.02094432650849148,CNN-LSTM
S232,0.18912893423235375,0.188077916669633,0.16833154671936404,0.22840281346573152,0.20140271962092904,0.024656069291989793,LSTM
S233,0.1900498806520373,0.1961683179157399,0.19920474115604808,0.16254311606849894,0.22794500605064222,0.02408893815703321,CNN-LSTM
S234,0.22802986550635473,0.14630941455580634,0.14055848507936677,0.15479692432487116,0.3108871210040738,0.01941818952952666,CNN-LSTM
S235,0.18569904424175815,0.23715471869743165,0.13322896428442044,0.14945393598422843,0.2772692129335613,0.01719412385860138,CNN-LSTM
S236,0.25017012825365925,0.20772034903224673,0.14605279298313212,0.1735164639623024,0.19945514192112074,0.02308512384753926,1D-CNN
S237,0.23773925670746798,0.24669110252592547,0.15620769975040802,0.18041852362141164,0.15485697805036955,0.02408643934441739,ANN
S238,0.20263087271889413,0.20257637629134792,0.19959750141593816,0.18094801402855704,0.18776907405185528,0.026478161493406926,1D-CNN
S239,0.20299500594231154,0.18864754155887295,0.1957173603249679,0.19798176915450194,0.19003183666455728,0.024626486354788736,1D-CNN
S240,0.19051011291306252,0.20959957088534845,0.1872458026239436,0.19112443892445852,0.1985781614723424,0.022941913180845694,ANN
S241,0.1795113350843987,0.1849887097415191,0.19864125296591909,0.19188946869385617,0.22873910176543077,0.01623013174887556,CNN-LSTM
S242,0.13919997840499843,0.22168687180269991,0.1641780803219,0.27786933202442626,0.18176236543359475,0.015303372012381938,LSTM
S243,0.21268611545858812,0.2350778254358134,0.1388066610336627,0.21668620409545816,0.1792705309075064,0.017472663068971363,ANN
S244,0.3258792691789625,0.10084561663118737,0.08756693393456334,0.2966760403794,0.17228927032768504,0.016742869548203594,1D-CNN
S245,0.1636630580820394,0.1891088696417493,0.12616397477635544,0.24746712164366938,0.24415415732499074,0.02944281853119613,LSTM
S246,0.2163963461966788,0.20207257912793214,0.13854104911264448,0.1538173044961501,0.2616095693000258,0.0275631517665676,CNN-LSTM
S247,0.1944735964859435,0.19785918704574795,0.1793294726837898,0.16462610728954788,0.23632494595634468,0.02738669053862599,CNN-LSTM
S248,0.19175265097984884,0.16385958439815554,0.19665688680920257,0.21407428272702428,0.20521315290623285,0.028443442179535813,LSTM
S249,0.255973455044404,0.1923911117149423,0.17180900868662347,0.19755340693713822,0.157911342817242,0.024361674799649572,1D-CNN
S250,0.29149944498671404,0.1562601153432452,0.16620781363268797,0.19279915852910207,0.16751357857801083,0.02571988893023926,1D-CNN
S251,0.19138777801308593,0.19912494902941474,0.19177266447308536,0.22305179180812887,0.1615351132749937,0.03312770340129136,LSTM
S252,0.18071975466325169,0.1807377957349723,0.23928885550697165,0.19243654037245117,0.1734047773101681,0.033412276412184375,BiLSTM
S253,0.1823311007815533,0.16319448210260876,0.23033817026486914,0.18923299800465793,0.2066391976110946,0.028264051235214124,BiLSTM
S254,0.16545791651101333,0.2721561345827162,0.21589888253143596,0.12527088097823524,0.2063406877757549,0.014875497620844462,ANN
S255,0.14400487637938236,0.29216003063088464,0.1427802910273119,0.2194185768412353,0.1839129163913939,0.017723308729792442,ANN
S256,0.18407774060338344,0.17241403522778545,0.15117080788802992,0.31476848482482755,0.16045375022138472,0.01711518123458882,LSTM
S257,0.20727053323989017,0.1758978081617503,0.14795726586024713,0.25387932136517843,0.1925296986649787,0.02246537270795546,LSTM
S258,0.20729957579131306,0.2144609157421136,0.15318354617801952,0.22459902575552734,0.17324952910785565,0.027207407425171776,LSTM
S259,0.13481558390022907,0.17392306448066816,0.25874278928374644,0.22070385880246615,0.18292721474132875,0.02888748879156075,BiLSTM
S260,0.21081877493523046,0.1490636225162957,0.2435039652467519,0.17920543968036454,0.1899870571197352,0.027421140501622122,BiLSTM
S261,0.1374836644965984,0.15129924901077016,0.1318874867115222,0.23083855087007746,0.32977308688602647,0.018717962025004347,CNN-LSTM
S262,0.24586268057343666,0.1277433476616106,0.1021442923485389,0.34487090824300964,0.1571511443389035,0.022227626834499206,LSTM
S263,0.23718156791887313,0.1549913833094521,0.15571228949026844,0.22832260220418008,0.18839132930298508,0.03540082777423981,1D-CNN
S264,0.19603514576707515,0.2249574749473599,0.16822455763439684,0.1662609740177142,0.2138674083865539,0.030654439246899028,ANN
S265,0.18961749800888264,0.14145875390873255,0.21949905697216945,0.20627412793509553,0.21458115074643436,0.028569412428686238,BiLSTM
S266,0.1873535191136643,0.18188501133989562,0.24102063864498796,0.20938906733578883,0.15204143862138006,0.02831032494428415,BiLSTM
S267,0.2164342965640331,0.1887676600646897,0.1968141238269942,0.1948393410754242,0.1787986614686941,0.024345917000165685,1D-CNN
S268,0.14601386972984917,0.13263906035755096,0.1431178656328458,0.2691924795225309,0.28899075273587427,0.02004597202134849,CNN-LSTM
S269,0.16535326472510306,0.12321730435589631,0.18958387435522478,0.2168662494985102,0.27358567320229454,0.03139363386297181,CNN-LSTM
S270,0.13608771219058416,0.21371686384199523,0.24445617140920767,0.18631851774033745,0.1841688108029425,0.03525192401493418,BiLSTM
S271,0.16073720269384897,0.19735953492590216,0.2929248276505919,0.16246648995245974,0.1539185998231524,0.03259334495404616,BiLSTM
S272,0.16517873091725024,0.19047327874060796,0.2900876683079004,0.16402229246569447,0.1665568011565487,0.023681228411999062,BiLSTM
S273,0.18538234883832735,0.17690312522322615,0.1920466922720754,0.262337083452132,0.15734891265586698,0.02598183755837353,LSTM
S274,0.18878331212884383,0.21259077006037339,0.17684358881074944,0.2337382441816777,0.16458033056508728,0.023463754253268486,LSTM
S275,0.18580268906092548,0.1631580477377378,0.1794827048673187,0.20429831996002717,0.2426428143269161,0.02461542404707454,CNN-LSTM
S276,0.15488851369591264,0.22341671922304868,0.18689754956268026,0.17813220934052837,0.2349685597639135,0.021696448413916176,CNN-LSTM
S277,0.1858136259851494,0.16432701447337594,0.23803679056615235,0.17417741237029943,0.2123446849085994,0.025300471696423858,BiLSTM
S278,0.2273921615346761,0.1727695886750595,0.19552920172965937,0.16427383671996423,0.2123687114519641,0.02766649988867677,1D-CNN
S279,0.20363667705860022,0.29397422084938213,0.135516496126189,0.16075433595328864,0.18624168934663327,0.019876580665906238,ANN
S280,0.22047673838689838,0.20681227229758548,0.15373991190695954,0.2315629719001967,0.15802375766349575,0.029384347844863268,LSTM
S281,0.18405657362050312,0.20658741050939675,0.20002812497190478,0.21185365828302702,0.16668800417375473,0.03078622844141413,LSTM
S282,0.1581717088540972,0.1905244542845335,0.23748631359699043,0.21328226518105114,0.17163263837428494,0.02890261970904252,BiLSTM
S283,0.1683702969625223,0.16214531949903183,0.2724012105039529,0.19361594871511942,0.1789664660936427,0.02450075822573139,BiLSTM
S284,0.1685920700667493,0.18324955610576826,0.2431214794787743,0.1832324537677289,0.19837082409404844,0.023433616486931135,BiLSTM
S285,0.1066361756718864,0.1300276930729321,0.2090429299699963,0.20414387322311636,0.3253823508898359,0.024766977172233317,CNN-LSTM
S286,0.11511384828862699,0.16687455401578813,0.191825839707042,0.23441422107498916,0.2713364749021519,0.020435062011404104,CNN-LSTM
S287,0.28226763492840207,0.2030244840023386,0.14436996549808673,0.18064454464014323,0.17144587107015874,0.018247499860870275,1D-CNN
S288,0.2861228988642427,0.16183232220943716,0.1353872279591679,0.17978782528227194,0.21096013958517812,0.025909586099700496,1D-CNN
S289,0.16762877745834132,0.3035241597897162,0.12878115288585654,0.1906209542602058,0.18055540335190898,0.028889552253971322,ANN
S290,0.18330313694296477,0.19001537289049727,0.1913008838875889,0.22603365581243992,0.17751915660122472,0.03182779386528354,LSTM
S291,0.1891551770880704,0.16638695199855233,0.23173069449021158,0.2146286951600774,0.16943929641889333,0.02865918484419589,BiLSTM
S292,0.1872268052910141,0.2245509013104371,0.220235534028106,0.18782230884656873,0.15501284980029373,0.025151600723581618,ANN
S293,0.2531764821912624,0.1935285437242011,0.2081212119359583,0.15835474136527744,0.16410785270299294,0.02271116808030831,1D-CNN
S294,0.13620492628346956,0.2294838574203391,0.21696324914936463,0.22245293788769308,0.17312591916602077,0.0217691100931132,ANN
S295,0.17865696135276282,0.15563022395570103,0.20230174031781212,0.2860651469908455,0.16200206152548116,0.015343865857397736,LSTM
S296,0.3449163751017905,0.168030523249171,0.11229616864500037,0.22279102125034955,0.1391843233467009,0.012781588406988535,1D-CNN
S297,0.3016662404147014,0.15141299369572703,0.08276531841344754,0.3345482815108886,0.11253446166307671,0.017072704302161616,LSTM
S298,0.1539196575247556,0.28135999655398175,0.12999074741540292,0.15661712612953807,0.2534137489605659,0.02469872341575513,ANN
S299,0.22736116867472259,0.1752052941596999,0.18228167958384253,0.17775069831643336,0.20139312974001977,0.03600802952528245,1D-CNN
S300,0.1909897171829309,0.1826468555179904,0.2560181271565617,0.17344953540759292,0.16938443604011863,0.027511328694804923,BiLSTM
S301,0.19820008602464725,0.1768988978499701,0.2197319996425038,0.20765317845333678,0.1690915485482438,0.028424289481297348,BiLSTM
S302,0.25509941634795374,0.18013336318619186,0.18119594028492703,0.19019320560867806,0.16377515420913133,0.029602920363118276,1D-CNN
S303,0.18656435745671762,0.2023159896769512,0.18399886342915373,0.23146055110228375,0.16498597044061514,0.03067426789428045,LSTM
S304,0.16039000969368103,0.14795891113082252,0.2872903453825085,0.20822339763356873,0.16121416698203855,0.03492316917738184,BiLSTM
S305,0.15909667386285467,0.15131825843301905,0.2802179017350388,0.17576589570482096,0.20737655622073334,0.026224714043533662,BiLSTM
S306,0.14939340163234938,0.18165230470069607,0.24514199697314196,0.17851483131154258,0.22001581874856307,0.02528164663370767,BiLSTM
S307,0.12672894891197184,0.19688984878621524,0.18679810859940174,0.2636395815604833,0.20714857373080828,0.018794938411121526,LSTM
