Segment,1D-CNN,LSTM,BiLSTM,CNN-LSTM,GRU,ANN,Selected
S1,0.1732985804320851,0.22081957583556022,0.19392741953973103,0.21251724533320257,0.17720187236093768,0.02223530649848343,LSTM
S2,0.1886865200969023,0.2127029754110115,0.17903137904043417,0.2146158015326871,0.17853592903850127,0.026427394880463737,CNN-LSTM
S3,0.17819885841718644,0.2219372162457137,0.16831014901658306,0.2506363821602602,0.15167772252037837,0.02923967163987996,CNN-LSTM
S4,0.19756504074224626,0.18529997990144126,0.18156173396077038,0.23538259746686338,0.17029563577145126,0.02989501215722677,CNN-LSTM
S5,0.18497627031893774,0.19097706435989725,0.19810152784794238,0.230970336121539,0.17192985720215642,0.023044944149527055,CNN-LSTM
S6,0.21286976645771927,0.1993637643808754,0.18244235508119755,0.19872753324358983,0.17796806960611328,0.028628511230504635,1D-CNN
S7,0.17007115078153667,0.24332125526474865,0.1801121354836312,0.22272601055136368,0.15449837266536529,0.02927107525335431,LSTM
S8,0.16018578778848885,0.2269553522603824,0.20448646683035576,0.185223356378326,0.19462118759173688,0.028527849150710292,LSTM
S9,0.15811542823022107,0.20954471299891628,0.21955527050215726,0.19747955785228996,0.19331630512522735,0.02198872529118796,BiLSTM
S10,0.19909797843211696,0.19696041540651316,0.21020986933628497,0.193084834356331,0.1674355625986378,0.03321133987011502,BiLSTM
S11,0.19102760122036574,0.20523539334434987,0.20372661247896462,0.23096087380871808,0.13450208882239914,0.03454743032520194,CNN-LSTM
S12,0.17870973308614435,0.21748423338937217,0.18520114566158905,0.26136268057445006,0.121948301869482,0.03529390541896338,CNN-LSTM
S13,0.16143221766498253,0.24549175389618946,0.17544700404211855,0.2665929407917223,0.11848075540436918,0.032555328200619585,CNN-LSTM
S14,0.19724560335356006,0.22915004441092568,0.17051374610358433,0.22209138877395293,0.13609392395325762,0.04490529340471987,LSTM
S15,0.3179628151800222,0.18100945868377358,0.15258560883375447,0.17560813727477903,0.13117540818350557,0.0416585718441656,1D-CNN
S16,0.27811300049545307,0.1654860200078147,0.16225081490343293,0.18536050944292184,0.16369426137979162,0.04509539377058687,1D-CNN
S17,0.20547532894649348,0.17259968416516153,0.18077349339247473,0.21045586853316145,0.19687111257544535,0.033824512387262286,CNN-LSTM
S18,0.19730392626493404,0.1676901195292849,0.18132678512332884,0.23874595076472807,0.1842762413736466,0.030656976944077773,CNN-LSTM
S19,0.20922117736717658,0.1807819110909905,0.15274931326162322,0.2908104760814739,0.13785115090756195,0.0285859712911741,CNN-LSTM
S20,0.15655075637376456,0.20482829561161944,0.13525888201266176,0.37444424078304395,0.10655388841722625,0.02236393680168471,CNN-LSTM
S21,0.2292823590071015,0.1809698176814911,0.1328512092333024,0.28478687616587595,0.1325471144396795,0.0395626234725501,CNN-LSTM
S22,0.25888169054056714,0.15443038917826837,0.11982627668898252,0.27209720589348,0.15757208439949666,0.03719235329920513,CNN-LSTM
S23,0.17006556077154145,0.16866212770055394,0.13907840527259643,0.28758192395654397,0.18962420770358504,0.04498777459517998,CNN-LSTM
S24,0.19640124602809073,0.21972999947258368,0.16266554904081984,0.1682451246649632,0.2197699649622709,0.03318811583127254,GRU
S25,0.18034161056616177,0.22665352405547765,0.24198970837544156,0.13208546434887133,0.19489337467283466,0.024036317981212835,BiLSTM
S26,0.2110555263381701,0.2367932779660646,0.2415436526585077,0.11956982193087096,0.1667767394786796,0.02426098162770658,BiLSTM
S27,0.18978340336821423,0.24397854632505794,0.2611746768789506,0.14136519988677337,0.12574257231260613,0.03795560122839796,BiLSTM
S28,0.23609604930159708,0.19070573664603777,0.19840995123825095,0.24197016066560992,0.10125676302162907,0.031561339126875844,CNN-LSTM
S29,0.0785160133617633,0.3218944789664697,0.07053934020991527,0.4872012838494184,0.03224196769912513,0.00960691591330852,CNN-LSTM
S30,0.1273047309307819,0.37195284523655403,0.14510409748223793,0.22379492364826967,0.095557772051036,0.03628563065112054,LSTM
S31,0.22661859533385173,0.24441599090780572,0.17127784412004504,0.16815758691391103,0.16412486030017345,0.025405122424213316,LSTM
S32,0.15883394989395522,0.22994466260276514,0.18020320937652282,0.19880003927187792,0.21553120758001726,0.016686931274861018,LSTM
S33,0.1360630776709186,0.21674025654317375,0.17838937378651967,0.23656316726726898,0.21473903105514378,0.017505093676975156,CNN-LSTM
S34,0.17654982641004416,0.19872953958614317,0.19386998998257624,0.20362587814500277,0.20520352436606962,0.02202124151016473,GRU
S35,0.16813446588206532,0.19403609209967115,0.21641378167765465,0.19756612943173132,0.19856055149315308,0.025288979415723965,BiLSTM
S36,0.2241517896342036,0.1874018668883074,0.1965629975084304,0.19425747050993386,0.16938435220418097,0.02824152325494414,1D-CNN
S37,0.22661336501128604,0.19190477702257844,0.18604267779262426,0.19856933225808726,0.16702358206976994,0.029846265845654234,1D-CNN
S38,0.19820074223136172,0.21088624570669606,0.19270222938927503,0.17555274214706415,0.19162309294386684,0.03103494758173624,LSTM
S39,0.1944220870864272,0.2030688717666641,0.2004440654712431,0.17761855662000628,0.19633632889632424,0.02811009015933465,LSTM
S40,0.19124365045169608,0.1929060892288024,0.20074202906697544,0.19575657136747632,0.1938775329140583,0.025474126970992987,BiLSTM
S41,0.18888580107205288,0.19564862175727002,0.19582964631673433,0.2014084592888194,0.19131563603285093,0.02691183553227173,CNN-LSTM
S42,0.19788317448972814,0.19373842882153466,0.1963266898898366,0.19899930895296278,0.1849438006541917,0.028108597191746514,CNN-LSTM
S43,0.18414534149330872,0.20776086485584871,0.1980429542058979,0.20979598408870204,0.17219254914974472,0.028062306206498033,CNN-LSTM
S44,0.2062320498960225,0.20359433085055167,0.1846779618451418,0.20770050136682602,0.16853559834550103,0.029259557695957374,CNN-LSTM
S45,0.22114053009595,0.19714778290438825,0.17401701652076848,0.19725675865680303,0.18119068972160385,0.029247222100484277,1D-CNN
S46,0.20356410399610145,0.1931792306827697,0.1853786911410915,0.1896501363474883,0.19792186571854314,0.03030597211400523,1D-CNN
S47,0.19360125990797122,0.1905721585378864,0.19489465151918234,0.1880623960561096,0.20337354115292697,0.029495992825923634,GRU
S48,0.18529674600497292,0.19983660282670598,0.20435819282921858,0.1851074509561107,0.2014919400679201,0.023909067315071645,BiLSTM
S49,0.18528988066233582,0.21125118995892742,0.21218952871178698,0.17928683947910334,0.18665264276961624,0.025329918418230932,BiLSTM
S50,0.1462854868757734,0.21663856393646108,0.21390903315483195,0.197559383187345,0.19629884433742428,0.029308688508163885,LSTM
S51,0.030355585157657263,0.48750231328937327,0.15410634207742707,0.2514207840239129,0.06805477561613305,0.008560199835497736,LSTM
S52,0.21300874314806628,0.2584372157438074,0.178223460184968,0.16315347428926993,0.15752660858112782,0.029650498052760238,LSTM
S53,0.1490728031302181,0.2045203279031233,0.20950448340478023,0.19782455230770263,0.21103847125152098,0.02803936200265505,GRU
S54,0.3615860025120645,0.1474483959332407,0.15108777749048605,0.16360815689692065,0.1621423011566098,0.014127366010679222,1D-CNN
S55,0.19653695242327499,0.19097847305466145,0.1573164438807119,0.23668187670938287,0.19683770274836468,0.02164855118360445,CNN-LSTM
S56,0.26074215726067446,0.1745696730712548,0.14276785509307025,0.2015367845494023,0.200199211248426,0.02018431877717219,1D-CNN
S57,0.16757633531599614,0.20467930795140793,0.18500960332760494,0.20218116269876135,0.22653659932657907,0.014016991379651475,GRU
S58,0.22834366405642142,0.19937537313673434,0.19920491795775297,0.1569968999583227,0.20101143610773436,0.015067708783033137,1D-CNN
S59,0.15864156248927053,0.22321366398059958,0.22794183461204223,0.15144616494012247,0.2147719863253474,0.023984787652618734,BiLSTM
S60,0.17207798215295952,0.20499955812019852,0.21607535091662378,0.14587279288510765,0.22613398616581015,0.03484032975930041,GRU
S61,0.07631159781186764,0.2058001914506947,0.21732333557870737,0.178242011875768,0.3012984809237659,0.021024382359196594,GRU
S62,0.09377221169335807,0.20532330918876254,0.22301029811583864,0.24159611521339017,0.20919242212244937,0.027105643666201475,CNN-LSTM
S63,0.2286911073023459,0.18058802894544448,0.2258617100559568,0.18920859156382824,0.13161611803354473,0.04403444409887965,1D-CNN
S64,0.24285283025774673,0.20211638384304123,0.21544193221027283,0.1840830474343132,0.11836972003666198,0.03713608621796625,1D-CNN
S65,0.15575188695400619,0.268105276907405,0.2094608803299329,0.2150278722533362,0.12147562840804804,0.030178455147272448,LSTM
S66,0.1974241762848054,0.2678522077703279,0.1848832104906369,0.18768878469105515,0.12851086689752922,0.033640753865644746,LSTM
S67,0.2677604753219158,0.20557136278249794,0.17085844422026533,0.16815524425867415,0.1530309339325556,0.034623539484091394,1D-CNN
S68,0.2913595048704775,0.1739235315819489,0.15654152813872788,0.17803391981947347,0.16538686905437544,0.03475464653499693,1D-CNN
S69,0.22920048751118743,0.17039192330512073,0.16654696700067534,0.21315619157496793,0.186071038362904,0.03463339224514533,1D-CNN
S70,0.18717576777731337,0.16647955625979963,0.18523211049576527,0.23196062743698578,0.20144358580502278,0.02770835222511145,CNN-LSTM
S71,0.22175835212836156,0.16614795965816231,0.18216908833356182,0.22039083138997545,0.18140818766337102,0.02812558082656807,1D-CNN
S72,0.20772488269520994,0.1739101470218661,0.17744938963597076,0.23317244806810605,0.17816057472965285,0.029582557849193288,CNN-LSTM
S73,0.2335567226830785,0.18177205988080747,0.16339352344220265,0.2146919707575995,0.17949386008248142,0.027091863153830557,1D-CNN
S74,0.20536576718977834,0.19811144116464635,0.1882271951133061,0.18411312652611936,0.19243983571434606,0.03174263429180484,1D-CNN
S75,0.20323862103170298,0.21308925238170576,0.2200156000923864,0.1493862094196656,0.1844714058291055,0.029798911245434972,BiLSTM
S76,0.22170976093848882,0.2052420513707677,0.23421246203103652,0.13541759053614325,0.1775376822028105,0.02588045292075341,BiLSTM
S77,0.19940698842241328,0.20827970772295978,0.2285260990116888,0.1431057480374004,0.19732260291245987,0.02335885389307871,BiLSTM
S78,0.33430223549885896,0.12402132009146738,0.16922387927977625,0.09547198668948385,0.24732040385077078,0.02966017458964281,1D-CNN
S79,0.21196943077750344,0.14459963262169206,0.21451984556000767,0.1354570673075187,0.2590937387831722,0.034360284950106845,GRU
S80,0.2118411518492925,0.15296064439249524,0.1982005317743429,0.17794114524358137,0.23390931368338114,0.025147213056906936,GRU
S81,0.18068446763460122,0.16794250824513265,0.18188085429592057,0.2128690588744122,0.23301188883057997,0.023611222119353653,GRU
S82,0.20428991797236215,0.18040449954286722,0.17732793924276868,0.20260846815723071,0.21025592618924882,0.025113248895522185,GRU
S83,0.21549661143661894,0.1871401076619238,0.19501189711501263,0.195864718682778,0.17966880318166295,0.026817861922003913,1D-CNN
S84,0.20876678471081947,0.18368288952288786,0.19863284330681072,0.196042064107053,0.18793747571077055,0.024937942641657596,1D-CNN
S85,0.16871351856965972,0.20393040155062347,0.21142744819176792,0.190207982722067,0.20265960069364256,0.023061048272239128,BiLSTM
S86,0.19595897219096908,0.20066384622936193,0.20954568523616535,0.17059730677329354,0.19831942568752406,0.024914763882687284,BiLSTM
S87,0.20585591704715914,0.2002649745161344,0.20560863251499006,0.1722301659415677,0.1831254573479048,0.03291485263224549,1D-CNN
S88,0.18317691179363008,0.2014919160772717,0.21298291574982006,0.17697421858167736,0.19490409927921878,0.030469938518382568,BiLSTM
S89,0.14207298979284824,0.21038573839025204,0.22917216761767636,0.18648135616455982,0.20865369228920755,0.023234055745453615,BiLSTM
S90,0.16727503539291558,0.1994016243459754,0.21308352266407696,0.19413624398334126,0.1971602214611293,0.028943352152562267,BiLSTM
S91,0.08422395913774895,0.2813927278997635,0.20301716886269278,0.26056204757667284,0.14936574901981733,0.021438347503305016,LSTM
S92,0.173450708013672,0.2712803618203016,0.17713765593774744,0.2128836526341878,0.14028221513961914,0.02496540645447209,LSTM
S93,0.2740751511881898,0.18998705023927984,0.16225596255485744,0.18192062898534106,0.15884513851086096,0.032916068521470526,1D-CNN
S94,0.24545145698330806,0.18124536531033306,0.16796908282090287,0.19181053258566527,0.18548997067744083,0.02803359162235112,1D-CNN
S95,0.2275269021532852,0.18297669145008286,0.17220069267996144,0.19362189202992863,0.1957657547816313,0.027908066905111682,1D-CNN
S96,0.2255614689155391,0.18632991484895317,0.1748342902062475,0.18066111010140892,0.2018297575278372,0.030783458400014185,1D-CNN
S97,0.19157196478010247,0.20000680864652187,0.18255724086895614,0.18516445744243917,0.21115784275163604,0.02954168551034439,GRU
S98,0.1899597824526854,0.21823450575331974,0.19402777007731797,0.17189151873826639,0.20092043905694654,0.02496598392146472,LSTM
S99,0.16685203837301757,0.22181244732480868,0.21279964594844472,0.1648307361513901,0.20713693689322044,0.02656819530911744,LSTM
S100,0.19111479810630694,0.1962086923871135,0.20437820799410453,0.16469536581399538,0.20904861068609396,0.034554325012385916,GRU
S101,0.07184382568032786,0.23337623679082592,0.21781596565014427,0.2523949482344286,0.20457187548715772,0.019997148157114807,CNN-LSTM
S102,0.06309812408353276,0.2728738713469574,0.1967044381781317,0.31961341351295947,0.12933267765909298,0.018377475219325392,CNN-LSTM
S103,0.09053811529257212,0.3775223852926625,0.17683227323770895,0.24482973325177815,0.08879991092058123,0.021477582004696887,LSTM
S104,0.16740681725562323,0.3236672578258792,0.1796728897233987,0.18108709105614304,0.11408815973222582,0.034077784406729296,LSTM
S105,0.3364298430885071,0.17367110208401915,0.15070811082801772,0.13641806220134053,0.14162834119976014,0.06114454059835582,1D-CNN
S106,0.5161668117730226,0.10270485184295824,0.10733442705984943,0.10943998509580195,0.12344046816017583,0.04091345606819085,1D-CNN
S107,0.22658161111962774,0.1415279464677883,0.16478814925947802,0.17430294800142535,0.21838176477133106,0.07441758038035007,1D-CNN
S108,0.31670614167726446,0.1179265851701987,0.14951747984834207,0.16032910236108294,0.2121988075616984,0.04332188338141323,1D-CNN
S109,0.3138373279129093,0.13337193414727477,0.1526165944875533,0.15793181147951868,0.198678322325226,0.043564009647518685,1D-CNN
S110,0.12887232335442633,0.1902831875321449,0.14324572809777442,0.3450187798482107,0.17204629138023914,0.02053368978720461,CNN-LSTM
S111,0.08078837713802228,0.1845972723593129,0.11324928038630307,0.44803648960922643,0.15420960956164673,0.019118970945489523,CNN-LSTM
S112,0.05767470904284372,0.17574146371623914,0.08629596515823695,0.5418365736899803,0.12835538114502096,0.010095907247679219,CNN-LSTM
S113,0.06657452436189808,0.18972245168992397,0.10530941483664105,0.4879953682805314,0.1372478817791144,0.013150359051890334,CNN-LSTM
S114,0.07912405586671395,0.198904309441589,0.12227395316266725,0.43190251946442454,0.1444931389027733,0.023302023161832754,CNN-LSTM
S115,0.235627053722004,0.21319781484980355,0.15209625542634367,0.23714173044647271,0.12450288377196944,0.0374342617834073,CNN-LSTM
S116,0.29919194260135507,0.18247052623142532,0.17082969979077323,0.18762545878127834,0.11117149564107023,0.04871087695409839,1D-CNN
S117,0.25076041070244687,0.22785610185548794,0.14880115658687265,0.2225826967334694,0.10805168149324078,0.04194795262848252,1D-CNN
S118,0.22647243819397664,0.24217567039835367,0.14909047869865125,0.24018557147421754,0.10399592469180337,0.038079916542997035,LSTM
S119,0.17831327844162906,0.2425415307799104,0.17645889971652914,0.213671100357866,0.15258608904742696,0.03642910165663959,LSTM
S120,0.2348932195540191,0.20963337724083272,0.15116339901042403,0.26389779465161717,0.11451092067913617,0.02590128886397184,CNN-LSTM
S121,0.21282728649205598,0.19899060133862082,0.1338636354085843,0.31238033387285213,0.11512864466914421,0.026809498218742355,CNN-LSTM
S122,0.19082299748152748,0.2444044273678274,0.1539420365502734,0.21422018273929036,0.1713572101387306,0.02525314572235153,LSTM
S123,0.17605936516847323,0.22877875407001247,0.18022822137565406,0.1734946534707268,0.21893303325323552,0.022505972661897057,LSTM
S124,0.13657998483045145,0.20579843613013132,0.196321671166341,0.16794437184208041,0.27740305918641006,0.015952476844587265,GRU
S125,0.11862221151247457,0.20385218602555616,0.24017827963575314,0.17944621912558387,0.24423944318316454,0.013661660517467028,GRU
S126,0.11175425180836973,0.2241507397209829,0.24551640716585998,0.1494322322174336,0.25009459103284176,0.019051778054512105,GRU
S127,0.21035779360929702,0.17582441148790093,0.23668538581679896,0.12691800522687532,0.2233506922709901,0.026863711588137332,BiLSTM
S128,0.19797268930131653,0.18639238715189974,0.24314318351526049,0.1373534018586555,0.20698477267865942,0.028153565494209012,BiLSTM
S129,0.21983491381301937,0.1854811157196343,0.23294710881235464,0.15037287351097559,0.1816772119111374,0.029686776232879488,BiLSTM
S130,0.2081998232414466,0.20243571420859338,0.20712532775996093,0.15610004590746118,0.19605291653712953,0.0300861723454099,1D-CNN
S131,0.19599651202318846,0.2201536994441915,0.2151966407514202,0.17257223624298323,0.16932018033931254,0.026760731198905242,LSTM
S132,0.18503508583326336,0.20868266099798116,0.21623233015278945,0.207684291998099,0.1588830842681083,0.02348254674975863,BiLSTM
S133,0.16888761331792151,0.1984371587991722,0.2051872505287359,0.24603236278951904,0.15803982804673075,0.023415786517921297,CNN-LSTM
S134,0.2027935729318207,0.21630638738220875,0.16991797663000702,0.2370937473355768,0.14653383369662498,0.027354482023761697,CNN-LSTM
S135,0.1984071057375392,0.24413116989889058,0.1587689982109282,0.2576005452822829,0.11326779072531006,0.027824390145049005,CNN-LSTM
S136,0.22954783734203876,0.2341092671303326,0.1487150253893117,0.21842114185745024,0.14420240175980364,0.02500432652106391,LSTM
S137,0.12804102572450457,0.20949375500637907,0.18804294122744836,0.22019136690377938,0.2398004464104619,0.014430464727424817,GRU
S138,0.09372787149473392,0.2579769341694834,0.22968767446571484,0.16859389520901033,0.2311350926107319,0.018878532050326417,LSTM
S139,0.18319715188353858,0.20004959314328338,0.2201340220461267,0.15224578296162133,0.21720429352095838,0.027169156444474,BiLSTM
S140,0.18979948158629015,0.1985458910800426,0.20825236361620034,0.18226806246252444,0.19015747341056427,0.030976727844378046,BiLSTM
S141,0.1748256598669706,0.21462151982774436,0.21012793017626974,0.18503525782868618,0.18065759407752063,0.034732038222808376,LSTM
S142,0.16761789235441263,0.2254902329395262,0.19316972087364603,0.22962226333955046,0.14539891706090352,0.03870097343196195,CNN-LSTM
S143,0.16755682965498253,0.27908057096919053,0.16112103817136883,0.2556633510264464,0.1076385806659449,0.02893962951206644,LSTM
S144,0.21093280150768345,0.24333531892676408,0.17069476478203513,0.2188391003371852,0.12429173683544009,0.03190627761089114,LSTM
S145,0.1976625763378901,0.2124180366143486,0.18110520371586217,0.2267051736639526,0.15278826531657175,0.029320744351376014,CNN-LSTM
S146,0.2086224977712234,0.20175570448921265,0.17538932356618891,0.24864819453606418,0.13184439713401666,0.03373988250329459,CNN-LSTM
S147,0.2418159420644098,0.19475137863988162,0.15918056252047838,0.22713451278424432,0.1270370518510343,0.05008055213995249,1D-CNN
S148,0.28739837355289527,0.20564949608197794,0.13441467811814936,0.2320490178250468,0.10488102377534436,0.035607410646586964,1D-CNN
S149,0.30360545950424245,0.16741332741880574,0.13506163315214464,0.2120234629419475,0.1351006974927466,0.04679541949011285,1D-CNN
S150,0.30299764593771067,0.15569508711251556,0.12983319498230994,0.20892100248407303,0.16267285331538778,0.039880216168002726,1D-CNN
S151,0.21348242397573958,0.15888948789855836,0.15989094128705847,0.20763781574267462,0.22965040483817567,0.030448926257793527,GRU
S152,0.13919482714521766,0.2606500936697044,0.21780740359462405,0.14266510075308983,0.21797600070694362,0.02170657413041983,LSTM
S153,0.135178502794231,0.2546795358185708,0.2285457275068741,0.16147438219929425,0.18029568738964877,0.03982616429138144,LSTM
S154,0.19834834082049835,0.2465548338287137,0.19944777709558079,0.1623648108771608,0.16429485073303574,0.02898938664501141,LSTM
S155,0.22862784966537378,0.219537150138975,0.1885175156710859,0.17007748748085522,0.16688120842005186,0.026358788623657977,1D-CNN
S156,0.2004839196509459,0.2030696655645795,0.1919637602054936,0.20095196162951634,0.17638848574039617,0.027142207209068098,LSTM
S157,0.20716519294419936,0.18448764989193864,0.19008850701858376,0.22489424875481875,0.17287823378870934,0.020486167601749417,CNN-LSTM
S158,0.19366310502180925,0.1837685140099706,0.1869707341063585,0.23227704047077652,0.17115501185041845,0.032165594540666774,CNN-LSTM
S159,0.2114667790013828,0.2078367467460461,0.17338278624264533,0.1984536495751783,0.17470244671357985,0.034157591721166565,1D-CNN
S160,0.19648240149585647,0.21739846750874545,0.17969975261634966,0.17846116026653078,0.20072815771840746,0.027230060394111175,LSTM
S161,0.14517363163589647,0.2150352699902847,0.19669280855455462,0.17404904054614373,0.251916542561139,0.01713270671198195,GRU
S162,0.09699281759852568,0.2243481727219411,0.23135083148978955,0.16627530863416337,0.264186163423017,0.01684670613256312,GRU
S163,0.1264321504668877,0.20561676357300715,0.2632850900366892,0.14897526516036613,0.2358652529351826,0.01982547782786815,BiLSTM
S164,0.19785559916456086,0.17281583262550398,0.24256798492543377,0.1260558214544,0.23862109338617346,0.022083668443927517,BiLSTM
S165,0.20860532819701025,0.16146189755890739,0.23090453984837056,0.15637751571234182,0.2136957607807996,0.028954957902569654,BiLSTM
S166,0.20865886414242518,0.19968911716504772,0.1694237069751526,0.2521590520719077,0.14398617047210496,0.02608308917336039,CNN-LSTM
S167,0.2125076645006019,0.2380050046125669,0.15688066380482582,0.2010058470270528,0.1678456215378993,0.023755198517054665,LSTM
S168,0.15849151273734582,0.2052543040857624,0.18502487210674315,0.1796149694002769,0.24961888108762922,0.021995460582242714,GRU
S169,0.1265869275541684,0.19235897047446798,0.222721916321885,0.16395866111338817,0.2792492027324483,0.01512432180364102,GRU
S170,0.09987117787298165,0.22303254202275954,0.2830542204405161,0.16125376657353338,0.21985455004042445,0.012933743049784056,BiLSTM
S171,0.15072938337014158,0.1901256936659542,0.2237737403607356,0.1301029341641946,0.2898220434822729,0.01544620495670161,GRU
S172,0.15401318387093885,0.1316913058876911,0.20055951989775064,0.12769204936218417,0.3713063420063528,0.01473759897508263,GRU
S173,0.1394466142108297,0.157075480031842,0.20098081344919386,0.21089726159364527,0.2759377494770887,0.01566208123740058,GRU
S174,0.14711007723041308,0.1856862309072064,0.20665941688201747,0.21123546122117667,0.2279162293685792,0.021392584390606633,GRU
S175,0.16598246693747343,0.18942259197937783,0.21326375201154493,0.17492081907336113,0.2321022176029758,0.024308152395266288,GRU
S176,0.16350857252531595,0.19667630151031465,0.21644445648502383,0.1678135501124935,0.21817832398162673,0.03737879538522582,GRU
S177,0.18567086505201338,0.2045126537589995,0.21656014609186702,0.17076809171304208,0.19259997244538976,0.029888270938689836,BiLSTM
S178,0.13108626314653807,0.20094161843077446,0.26725078818418424,0.1748612231914929,0.20705028274789178,0.01880982429911878,BiLSTM
S179,0.20421748682096375,0.19626019559905733,0.23785866195114655,0.16048731818565712,0.16641634790992146,0.03475998953325428,BiLSTM
S180,0.23307687407437674,0.1945131299907002,0.2297904746133178,0.16110995781029558,0.1316827338498613,0.04982682966144887,1D-CNN
S181,0.2535846057466035,0.21456621814228963,0.19258380446416531,0.1814983587218457,0.11718273399136833,0.04058427893372667,1D-CNN
S182,0.17846850161418132,0.2532145609542432,0.17781642970894018,0.22110016546663316,0.13507797014625367,0.034322372109748374,LSTM
S183,0.19073222476889143,0.25351520246899645,0.16052931268141687,0.23146325102147106,0.13282562139241583,0.030934387666807325,LSTM
S184,0.2273592507576097,0.22103064290191546,0.16173017222284441,0.19545386490593483,0.1450644235512512,0.04936164566044444,1D-CNN
S185,0.35289300567910165,0.16543231066607142,0.13816388583475095,0.16264650614802179,0.135165723120189,0.045698568551864556,1D-CNN
S186,0.3024760547054145,0.14815981578406373,0.14595778496338926,0.15752548441606398,0.20362985026586844,0.0422510098652001,1D-CNN
S187,0.21303835272250593,0.1704468925997287,0.17020053733390023,0.2053786094684655,0.2046074430803332,0.03632816479506707,1D-CNN
S188,0.22439429943669184,0.17914823461823087,0.1573769586629695,0.22563475159978225,0.1695475875654345,0.043898168116891984,CNN-LSTM
S189,0.17859137286935742,0.18036350220564043,0.13283163964479952,0.34970505902455873,0.13091676680535952,0.027591659450283784,CNN-LSTM
S190,0.17464123359186964,0.1735172913484168,0.13675045907954197,0.32456644404377244,0.15639937661075504,0.03412519532564363,CNN-LSTM
S191,0.18172343331275653,0.18637182366913616,0.1378908404468846,0.3098147472452428,0.1600617782499038,0.024137377076076515,CNN-LSTM
S192,0.17108226202291466,0.19469723747810028,0.14690617573419756,0.2922683421412155,0.16424438796986793,0.030801594653702583,CNN-LSTM
S193,0.18577354522179604,0.2114771529699579,0.14260447180211225,0.2722671043838832,0.1515455088589363,0.03633221676331413,CNN-LSTM
S194,0.19425329965223498,0.20457627619110072,0.1550853975882249,0.24720398699896118,0.1592510707684412,0.03962996880103755,CNN-LSTM
S195,0.17839759410809208,0.21733501313645054,0.18438459569732793,0.19750733187165667,0.1960358820969261,0.026339583089547505,LSTM
S196,0.20735662922299314,0.20539945404739748,0.21051076331462457,0.168549916438467,0.17359301538312855,0.034590221593389904,BiLSTM
S197,0.22897337889437663,0.19848706439194633,0.217491452000563,0.1611415365695657,0.15635780456895154,0.03754876357459643,1D-CNN
S198,0.2216944560086235,0.1947234245449557,0.19214623940979056,0.22610759018537552,0.13166675281136953,0.033661537039884365,CNN-LSTM
S199,0.13659807582554995,0.232811361221597,0.16041450260333373,0.3312941116067516,0.11017787945300568,0.02870406928976243,CNN-LSTM
S200,0.19250737422037656,0.23857589888569689,0.15613299795645005,0.2763802512927008,0.1050893447546931,0.031314132890082544,CNN-LSTM
S201,0.27128452527479635,0.2063457577813334,0.1520562329040825,0.21836892352457038,0.11058528185993828,0.041359278655279025,1D-CNN
S202,0.28292405500701945,0.19217268966069764,0.15112265475010486,0.20133113118235296,0.12984104266621446,0.04260842673360968,1D-CNN
S203,0.27332310572046503,0.174684775765535,0.15149895668231464,0.20682203604871652,0.14789372830811753,0.04577739747485057,1D-CNN
S204,0.2877512434825218,0.16453102129311653,0.14061340787915755,0.22031871927940594,0.1494591100733834,0.03732649799241526,1D-CNN
S205,0.25449312468831786,0.16699417016068557,0.15298785439868107,0.22909818536047674,0.15537961969837574,0.04104704569346326,1D-CNN
S206,0.22262920298949362,0.17273913666897203,0.17447532944778119,0.21223987947996112,0.18073103351381395,0.037185417899977376,1D-CNN
S207,0.23992318321812417,0.17516455934302905,0.17163925535370847,0.2168993887656132,0.16247463286972536,0.03389898044979925,1D-CNN
S208,0.2200556624197044,0.18566782621724456,0.15226600277768512,0.2717571410008822,0.1397548669480812,0.030498500636402352,CNN-LSTM
S209,0.13940044572340612,0.23158553726691494,0.13406347548185316,0.3518145495629079,0.11733030928743973,0.025805682677478927,CNN-LSTM
S210,0.19019334905472984,0.22413393137779536,0.14963031415608005,0.25032011685218214,0.14657900094622817,0.03914328761298321,CNN-LSTM
S211,0.22795880944984062,0.18789286524518214,0.16261497934355865,0.20362130433950584,0.18105832440492553,0.03685371721698743,1D-CNN
S212,0.17298121929290408,0.2029133312406068,0.21117060718107455,0.204525387782728,0.18467398262141504,0.02373547188127203,BiLSTM
S213,0.18875336442344778,0.1951375510595804,0.21237357784788186,0.23186276565803213,0.14797031093389118,0.023902430077167386,CNN-LSTM
S214,0.20500779691084897,0.2044295117552307,0.15231829162231666,0.2930038903007271,0.1117260631669815,0.033514446243895914,CNN-LSTM
S215,0.1411466219580356,0.25046153471613625,0.14587418771199984,0.3434633004415986,0.08701960531678173,0.03203474985544776,CNN-LSTM
S216,0.26217123113924395,0.196740924313008,0.14808642086787605,0.23588602617665955,0.10509113051607574,0.052024266987136525,1D-CNN
S217,0.2493506055344404,0.19115801907652546,0.17321782931856847,0.22842436951624548,0.12585159322135253,0.031997583332868354,1D-CNN
S218,0.18675044574460933,0.21436415145751384,0.17475431204993833,0.22475278974535523,0.14357198988845313,0.05580631111412943,CNN-LSTM
S219,0.18032557215315093,0.22163523222244522,0.16486108800084065,0.2714417978001362,0.12229160882530611,0.03944470099812217,CNN-LSTM
S220,0.17364896209265004,0.2252694796939603,0.16883054678323617,0.26967374439402736,0.11995923974988994,0.042618027286236475,CNN-LSTM
S221,0.260248502964198,0.18047981952542874,0.16817428797743725,0.234671605499616,0.10851400789671042,0.047911776136608505,1D-CNN
S222,0.27777243617417297,0.18331334009669942,0.15269353630740423,0.23633240583167675,0.09891658590339512,0.050971695686650574,1D-CNN
S223,0.27373629257782767,0.18585641130982425,0.13500455008315945,0.26869134948603457,0.09281208104121462,0.043899315501938964,1D-CNN
S224,0.23144364187528108,0.21136013487010472,0.1262536904669625,0.30993521766093807,0.09138021053083828,0.029627104595875284,CNN-LSTM
S225,0.21667623428244528,0.19400786867669614,0.134187771253703,0.286317428244475,0.1191783913128283,0.049632306229852874,CNN-LSTM
S226,0.2920588465340306,0.14400391033982982,0.12490991372552433,0.25966124808097735,0.12064667207264311,0.05871940924699587,1D-CNN
S227,0.4306759673956507,0.12217896436480784,0.1075629467537825,0.19484646219397914,0.09941171162885702,0.04532394766292235,1D-CNN
S228,0.3612588756985052,0.13887884174064585,0.1255000677931123,0.21095041025237052,0.11009923282708578,0.05331257168828066,1D-CNN
S229,0.23266612629721992,0.21041747066357558,0.1549980749686229,0.21673939185952745,0.1431815295701594,0.041997406640894144,1D-CNN
S230,0.23824767345867676,0.19698545604463313,0.1602725998862018,0.22911313473615064,0.13491461190429296,0.04046652397004486,1D-CNN
S231,0.24736631183726052,0.1815753154639936,0.14773208868035168,0.25276022049755115,0.13896619135945443,0.03159987216138855,CNN-LSTM
S232,0.22336808095334026,0.21507731915274803,0.15404309688022003,0.23231975387785223,0.14397781433323864,0.031213934802601147,CNN-LSTM
S233,0.21109654783357,0.18259787880021205,0.1731526808097275,0.24712600584427485,0.1541151720973049,0.03191171461491189,CNN-LSTM
S234,0.22402815755436625,0.1796733764934565,0.14486015612183964,0.2980441293843252,0.1271202496239156,0.026273930822097096,CNN-LSTM
S235,0.21527254409054875,0.18593111677788268,0.15348378766211077,0.27871455355815694,0.12943834510528396,0.037159652806016505,CNN-LSTM
S236,0.2623988233411851,0.184290756179495,0.15740537258256787,0.22073016549140917,0.1406239656867545,0.03455091671858857,1D-CNN
S237,0.26464514006374096,0.19385776994891246,0.16744460540113457,0.19160871329956614,0.1452712545337043,0.03717251675294124,1D-CNN
S238,0.22762465807951113,0.18576421499097803,0.18486725847894175,0.2034333189164209,0.1668343531729423,0.03147619636120704,1D-CNN
S239,0.21200442990679555,0.20098100050083373,0.19300014220627526,0.19943626223291722,0.16507879388683216,0.029499371266346244,1D-CNN
S240,0.20857739272805573,0.1997444733791288,0.1936835976172773,0.20743442123035918,0.15781311786954735,0.03274699717563203,1D-CNN
S241,0.13768897350601017,0.24292378554706096,0.1741664445808492,0.31983568810088325,0.0997573293195987,0.025627778945598888,CNN-LSTM
S242,0.1744276620704971,0.2719032208927083,0.167264276104089,0.245290653280473,0.10479645535544105,0.03631773229679203,LSTM
S243,0.24837237174686982,0.21176088179207286,0.1613403425370437,0.21146511360747086,0.12960026036341254,0.037461029953129485,1D-CNN
S244,0.2939104537584046,0.21683730973335263,0.13506730753796495,0.21215946336688035,0.1187219027685955,0.02330356283480337,1D-CNN
S245,0.1849927673429157,0.2162136043131912,0.16066063051441018,0.2460088289235011,0.1588352507577499,0.033288918148232496,CNN-LSTM
S246,0.23764899087665264,0.1681690081295971,0.15270047164754993,0.23151271266442575,0.17927009263723134,0.030698724044542207,1D-CNN
S247,0.1984032217827898,0.17399205813921087,0.18059845570834054,0.22889873266246755,0.1899989200996231,0.028108611607569785,CNN-LSTM
S248,0.18578860861834517,0.21070888052060696,0.19907134370221424,0.18890202111663687,0.1954024691950847,0.02012667684711199,LSTM
S249,0.20893298550450126,0.21044925209198456,0.1937340667823669,0.16906976065793533,0.18976142867640391,0.02805250628680728,LSTM
S250,0.22963348159629265,0.1997502251803359,0.18721935777133564,0.16860456278337696,0.19020980497773537,0.024582567690923075,1D-CNN
S251,0.18633805655697672,0.2109981503278449,0.1996446111422579,0.15356544537341058,0.22171879001131364,0.02773494658819643,GRU
S252,0.17137677683880995,0.19131767187616266,0.23043440532530232,0.15812587429779132,0.2246436888749793,0.02410158278695409,BiLSTM
S253,0.1777167772446049,0.18928446177987646,0.23205878065152474,0.17703588566647083,0.20017971428396727,0.023724380373554926,BiLSTM
S254,0.19263299134706746,0.18627780916396544,0.21675808855344175,0.2257130175493326,0.14223967105031946,0.03637842233587235,CNN-LSTM
S255,0.1673136239707482,0.24791855819148015,0.18352617993800974,0.2316110756422412,0.1305787326608941,0.03905182959662659,LSTM
S256,0.21080104230798144,0.2758742486645215,0.1683640751063326,0.19855495098006393,0.11688580275079401,0.029519880190307827,LSTM
S257,0.23466195491532837,0.23052074608543438,0.16280051593899578,0.20467899876963666,0.13732403413734992,0.030013750153254002,1D-CNN
S258,0.18817903267194838,0.209989894633301,0.18745853550886266,0.19788330292801498,0.1920411750548509,0.02444805920302298,LSTM
S259,0.10104187911635067,0.24231523979821665,0.259050977120766,0.17484398415048585,0.20497852158263222,0.01776939823154908,BiLSTM
S260,0.2018398728056339,0.18943096933940826,0.2272477838516581,0.16027626642562443,0.1981064149259537,0.023098692651721035,BiLSTM
S261,0.17117223929979924,0.2252863976333469,0.17425427161079043,0.24913916267295633,0.15382270560879377,0.026325223174311616,CNN-LSTM
S262,0.2162374817139058,0.22953272946896536,0.16381062156443077,0.18771718569638976,0.18104410382803404,0.021657877728273506,LSTM
S263,0.19352584199642478,0.2080940618063893,0.18276721458670267,0.1846253723308401,0.20869250983195467,0.022294999447688677,GRU
S264,0.1993783290719194,0.18012413862320886,0.1921863875390588,0.190479242156227,0.2116547542715102,0.026177148338074437,GRU
S265,0.17006948700668711,0.20022661961775629,0.22596097049643188,0.1705285307539839,0.21158378110070053,0.02163061102444114,BiLSTM
S266,0.17830305988295328,0.20073420657986243,0.24391675767183094,0.1338619242116566,0.219256963365908,0.023927088287788584,BiLSTM
S267,0.24299348408218654,0.1641274043743711,0.20779015666668296,0.13387119277563522,0.22632976001327873,0.02488800208784479,1D-CNN
S268,0.17200277397295727,0.21082435474127992,0.18587419593943588,0.21602530428323274,0.1928840581999908,0.02238931286310388,CNN-LSTM
S269,0.12336871608463477,0.20437528647531306,0.20698476622314824,0.22169497654231407,0.22762659731490653,0.015949657359684604,GRU
S270,0.11561662656257905,0.2030098280311157,0.2335382688738002,0.18622159082076356,0.23546096861918434,0.02615271709255705,GRU
S271,0.17871942712530087,0.19262500103920374,0.22925464353940678,0.17639036510113645,0.19366394824106622,0.029346614953886838,BiLSTM
S272,0.183238406402004,0.19299763271367093,0.2244846017943008,0.1859995740843426,0.18573826695034704,0.027541518055334818,BiLSTM
S273,0.18768701155220546,0.20572715407135675,0.20202785847122115,0.17722277074378714,0.20207017411669548,0.025265031044734095,LSTM
S274,0.20158642837991383,0.202130307106137,0.1940490014881048,0.1864077721451076,0.18762571576738266,0.028200775113354823,LSTM
S275,0.1933030392343073,0.20444864280867708,0.1863320405897881,0.21079703426686208,0.17990052289897335,0.025218720201392087,CNN-LSTM
S276,0.16653819913466875,0.200253459743675,0.20213007878254918,0.21054040952695485,0.1931550002930264,0.02738285251912584,CNN-LSTM
S277,0.17918150632757676,0.19501164102631366,0.20546809023863646,0.20077453137399365,0.19213348768418012,0.027430743349300797,BiLSTM
S278,0.16457468639698833,0.207499649450172,0.19804026425526638,0.2225815031421541,0.1803993145022748,0.026904582253143294,CNN-LSTM
S279,0.19507021347770043,0.21671766579909563,0.17905402514642882,0.216114241695879,0.15853435193036067,0.03450950195053706,LSTM
S280,0.234551623252337,0.2043900788098936,0.17261319551640028,0.18647687090787035,0.1685795971902634,0.03338863432323522,1D-CNN
S281,0.18959216453173627,0.19964679823988954,0.19354457135443762,0.18273828499270675,0.2054340877044037,0.029044093176826907,GRU
S282,0.1546669880951718,0.21391252673621325,0.22218666541440737,0.1800750093875785,0.20355938378885985,0.025599426577769136,BiLSTM
S283,0.18240622294917552,0.20179325602205284,0.21880676726333684,0.17767719134986582,0.19288659977508663,0.026429962640482987,BiLSTM
S284,0.18290381929934013,0.1950051982278975,0.2120105389445937,0.1884316539484579,0.194711288048132,0.0269375015315793,BiLSTM
S285,0.0713083068823701,0.2539258068789289,0.21141533023547038,0.2890418209857514,0.15569455491822895,0.01861418009924977,CNN-LSTM
S286,0.09558002501090812,0.30432257166581356,0.19381472504091588,0.2582040622016402,0.12368614010237565,0.02439247597834745,LSTM
S287,0.26788449378568585,0.2172737688546266,0.1625689548925421,0.18043979790864828,0.13950148741924098,0.0323314971392563,1D-CNN
S288,0.2730743827493134,0.1904453132341922,0.15575843445896656,0.18573911571541493,0.16838177589799286,0.026600977944120092,1D-CNN
S289,0.17373117593119095,0.19292019727167473,0.1720734310659506,0.20506042712511519,0.21668443673320784,0.039530331872860314,GRU
S290,0.17504963696813997,0.20874987744122675,0.19847048101665837,0.18116628549202504,0.21114440964411801,0.025419309437831807,GRU
S291,0.1699333982128813,0.23884079054390395,0.23805574532966609,0.15148443967783917,0.18388566775177023,0.01779995848393869,LSTM
S292,0.1907920267815935,0.21425343931884439,0.2388963671966043,0.14031485179494121,0.18861973284171474,0.02712358206630214,BiLSTM
S293,0.19423382719385465,0.18451627824756653,0.22658151872596063,0.16267677685646872,0.2042688591980498,0.027722739778099612,BiLSTM
S294,0.11692549196522985,0.25741875621848015,0.22478252789639738,0.22354648634532445,0.15064145530942785,0.026685282265140553,LSTM
S295,0.10583565356640605,0.3029270889373062,0.2167623002637581,0.23835919824597315,0.11725429561637829,0.018861463370179556,LSTM
S296,0.17195070774112073,0.26163746904434004,0.1775336823658291,0.21966832973383094,0.14233258055501885,0.02687723055986042,LSTM
S297,0.2867258879459158,0.1891187989434863,0.14991292007908974,0.1703683401309717,0.1776501174683524,0.026223935432183307,1D-CNN
S298,0.1591115199418324,0.19802650058409324,0.18749942659458774,0.22150316044189788,0.21061215035527037,0.023247242082319177,CNN-LSTM
S299,0.19806995690735152,0.189846087669063,0.18850100494859034,0.1938790057867597,0.205146320465504,0.024557624222732027,GRU
S300,0.18317394382230037,0.19336535929360896,0.21806278810133237,0.18060964753264036,0.20313054995595078,0.02165771129416802,BiLSTM
S301,0.1631785057421622,0.2134060454905135,0.2276476067223717,0.1648077482671045,0.20959295646008425,0.02136713731776172,BiLSTM
S302,0.2125495441248414,0.19455638498706562,0.20111642276884795,0.16025367897997023,0.20657052521311287,0.024953443926162822,1D-CNN
S303,0.1918985714273552,0.21717918670521769,0.19399258284005158,0.17306481345076102,0.19567661330429714,0.02818823227231773,LSTM
S304,0.1543168371242046,0.21122539699917545,0.22511373284166572,0.17644813725050978,0.2087169321632319,0.024178963621214144,BiLSTM
S305,0.14258412889987337,0.19464408874546954,0.23528143837750945,0.20090913433806457,0.20567638233949811,0.02090482729958473,BiLSTM
S306,0.15257364082544078,0.21305215560760235,0.21637967046346412,0.2242420322456804,0.16757005843798953,0.026182442419823183,CNN-LSTM
