Segment,1D-CNN,ANN,BiLSTM,LSTM,CNN-LSTM,Selected
S1,0.23076543230475877,0.18236057721917076,0.22088488460536906,0.32330948894586103,0.042679616924840603,LSTM
S2,0.2226469601545166,0.21655062317225401,0.20068689236393483,0.31736161463606277,0.042753909673232116,LSTM
S3,0.205614367246585,0.23491345270392644,0.19376379118969492,0.31494379836878605,0.05076459049100765,LSTM
S4,0.21676209255289947,0.24227996899470466,0.27680968758172136,0.21541053203126975,0.048737718839404795,BiLSTM
S5,0.23451616913042345,0.19457711614743706,0.27634557735207926,0.24745939000963887,0.047101747360422254,BiLSTM
S6,0.2678697902038689,0.2337289461435203,0.2122770133589345,0.25063300448123443,0.03549124581244165,1D-CNN
S7,0.2379907446905919,0.27365100599530195,0.18214435876843205,0.2762573078270927,0.029956582718582737,LSTM
S8,0.19253134543333916,0.22535203471130255,0.2703882485642211,0.2845367265775061,0.02719164471363093,LSTM
S9,0.2149050666506415,0.21528347402768763,0.2804933564588912,0.25399773596490605,0.035320366897872414,BiLSTM
S10,0.21857683255042937,0.2948612437265902,0.24210891709534094,0.21327572692536714,0.031177279702271073,ANN
S11,0.2251576083842819,0.3110211845417254,0.31302940381808414,0.12842622322739572,0.02236558002851201,BiLSTM
S12,0.1836097826225165,0.3615105430119617,0.2943044187095377,0.1311532320554257,0.0294220236005576,ANN
S13,0.17153529846140567,0.3385394985845735,0.2269720422306352,0.21253506900426578,0.05041809171911984,ANN
S14,0.2415807426483323,0.33057513588818793,0.15775930730900278,0.2409394809961909,0.029145333158285353,ANN
S15,0.35827514945440025,0.24581968109787017,0.15150620120155234,0.22274736214878427,0.02165160609739271,1D-CNN
S16,0.29404519179713573,0.31658839162414054,0.1869742745474333,0.17676299924837868,0.025629142782912197,ANN
S17,0.21911768277639387,0.2379845089683335,0.2795342716527414,0.2291819173285584,0.034181619273972355,BiLSTM
S18,0.22737050711420143,0.23892818702274213,0.2729567964814857,0.21750751743575103,0.04323699194581952,BiLSTM
S19,0.24023319379671845,0.22562288135596417,0.21645908395767768,0.25901327239953237,0.05867156849010739,LSTM
S20,0.20193949863884644,0.1847837743138869,0.20627506219799732,0.30437988970074675,0.10262177514852291,LSTM
S21,0.29249869154641395,0.3038950240275443,0.14495895024326336,0.2092197220871838,0.04942761209559397,ANN
S22,0.30868801688242525,0.3444658908125621,0.1321241471337561,0.1745700587357537,0.040151886435504165,ANN
S23,0.20574382964980964,0.3924949383917539,0.1611042957600502,0.19686158199678688,0.04379535420159993,ANN
S24,0.24141240908242187,0.2643976919687023,0.1924075714251261,0.2775333823904768,0.024248945133273574,LSTM
S25,0.21745650638248648,0.228311642724499,0.28493146200199193,0.247394046066521,0.021906342824501598,BiLSTM
S26,0.22539741739789582,0.19740170821478764,0.27172575887654227,0.2846747042135399,0.020800411297234478,LSTM
S27,0.13724291223489288,0.327203488055203,0.28361674116151886,0.23471641735582077,0.017220441192565106,ANN
S28,0.2702739446980232,0.23087273509851108,0.24634135049529945,0.21077396796464437,0.041738001743522365,1D-CNN
S29,0.15368221422905284,0.12872053556600613,0.13865608736619342,0.4937219380011341,0.08521922483761321,LSTM
S30,0.11112281174269525,0.22233229805686217,0.10917368561531132,0.5395532007291473,0.01781800385598388,LSTM
S31,0.2430241144783747,0.1678739909830163,0.1552725300249936,0.4140913155006854,0.01973804901292989,LSTM
S32,0.26481376696209075,0.13864862766238692,0.19756620756728452,0.35835654467161004,0.040614853136627306,LSTM
S33,0.20337397497663717,0.17367845554442818,0.22576235766801903,0.3283033071291301,0.06888190468178591,LSTM
S34,0.24536342133638867,0.21521369178322283,0.2572118310843365,0.2389926382208818,0.043218417575170726,BiLSTM
S35,0.22037798930415922,0.23580316442609678,0.28060904384717184,0.22427846043114447,0.03893134199142735,BiLSTM
S36,0.298651098761594,0.2051051466699207,0.25899057477748355,0.20355793997086374,0.03369523982013953,1D-CNN
S37,0.29238984956926733,0.24103315765103434,0.2113434670508295,0.22105654670040134,0.034176979028469154,1D-CNN
S38,0.2043339867829724,0.3074008995735266,0.19221502659556927,0.2737762959963127,0.02227379105161787,ANN
S39,0.19792882301990963,0.23230726136714652,0.2545493448291607,0.29158335408404584,0.023631216699737487,LSTM
S40,0.2489120180681224,0.20619452424052087,0.27231114559135045,0.23449306842300244,0.03808924367700453,BiLSTM
S41,0.24435434411340437,0.22278548277120486,0.2313930730853709,0.25814457081657566,0.04332252921344388,LSTM
S42,0.24594210126791435,0.22534250387458502,0.2562036866577085,0.23608097705269948,0.03643073114709406,BiLSTM
S43,0.22178800359019424,0.24377600817154996,0.2549278407613771,0.24078595966329144,0.03872218781358739,BiLSTM
S44,0.2542880383768843,0.24327685930960322,0.2170161013083792,0.2409672912239276,0.04445170978120645,1D-CNN
S45,0.2969931379859307,0.20839395304358949,0.15562709118286322,0.3031906270212456,0.03579519076637057,LSTM
S46,0.24730228875949106,0.26694100119929726,0.1899245174495448,0.26518522963524643,0.030646962956420394,ANN
S47,0.22683612082923416,0.2663987065620299,0.24858722454043222,0.2265267978156722,0.03165115025263237,ANN
S48,0.22339946937886923,0.18910609659377906,0.28890546493307545,0.2656864729247411,0.032902496169535576,BiLSTM
S49,0.22267963055001408,0.21471306010300628,0.27251658584007554,0.2589886905850271,0.031102032921876504,BiLSTM
S50,0.24158679324763638,0.2573774941735481,0.24738454448606653,0.22588536137735862,0.027765806715390893,ANN
S51,0.06824065139979998,0.08961701414821478,0.1544082096323568,0.6581678883130905,0.0295662365065381,LSTM
S52,0.2977923686558898,0.21971972662463107,0.15772162508108953,0.30467286179957964,0.020093417838810083,LSTM
S53,0.2847688330640401,0.21024510278546396,0.2277347846729374,0.2516913656011974,0.025559913876361706,1D-CNN
S54,0.4870303842315744,0.11097748468075154,0.1721791184231003,0.18773823320407185,0.04207477946050166,1D-CNN
S55,0.24998388506300928,0.20281750923589847,0.20534033895926956,0.25025622896490973,0.09160203777691288,LSTM
S56,0.33110986911587326,0.2232210163044065,0.14236422047891278,0.25171367782446513,0.051591216276341646,1D-CNN
S57,0.2865975276110567,0.13939946518427423,0.22748154858751782,0.2997132034684281,0.046808255148722645,LSTM
S58,0.33253342634299565,0.15129407794944746,0.23909682814315836,0.2456419477976553,0.031433719766743126,1D-CNN
S59,0.20421449914121062,0.2233674373056636,0.2654051007101734,0.27914425561557416,0.027868707227377963,LSTM
S60,0.19438486433630664,0.3166509925554145,0.2362067840872484,0.23051984477741172,0.022237514243618285,ANN
S61,0.1464125513085255,0.2382540133095748,0.3030188920854964,0.2792037497772882,0.03311079351911529,BiLSTM
S62,0.14872955493343556,0.25984131825972845,0.34412247068956797,0.2014318136339309,0.04587484248333685,BiLSTM
S63,0.20250081911702889,0.4567568707621356,0.2430106956564079,0.07954734621981308,0.018184268244614787,ANN
S64,0.2110473842184523,0.23717976798305918,0.4607231759630047,0.07653390266929226,0.014515769166192207,BiLSTM
S65,0.19054190051749623,0.32451500597060556,0.2621245311936346,0.1892466247301952,0.033571937588068715,ANN
S66,0.20853577657966427,0.25835251079953553,0.22480646071251742,0.28113759602065236,0.02716765588763038,LSTM
S67,0.30634934601085384,0.2160618460226822,0.20750879702230224,0.24336384654703902,0.026716164397123314,1D-CNN
S68,0.387011896689363,0.23803407786434744,0.16265612600938,0.1754981941259446,0.03679970531096517,1D-CNN
S69,0.2630130300452658,0.30565761443313916,0.18436560392538529,0.19367027368726303,0.053293477908946923,ANN
S70,0.2170489036466084,0.2558696189896177,0.27818131118551864,0.20325421406379174,0.04564595211446383,BiLSTM
S71,0.3030665503145916,0.23816848808926136,0.24457425870702065,0.1748207411870716,0.039369961702054174,1D-CNN
S72,0.29104064233105853,0.25756974519098735,0.20742436023262745,0.19659934060944814,0.047365911635878694,1D-CNN
S73,0.33746384251081923,0.2182577821383244,0.16983084413705204,0.2294229773408908,0.04502455387291346,1D-CNN
S74,0.24058080891907646,0.2895790826409182,0.19458024844092592,0.24369515749402618,0.03156470250505251,ANN
S75,0.2178972678876463,0.24445595671498954,0.24606314484304265,0.26864369676049316,0.02293993379382804,LSTM
S76,0.24675736256065572,0.21198279001954998,0.2833502814683502,0.2334580937768487,0.024451472174596357,BiLSTM
S77,0.2445639512144289,0.20452692048344898,0.2716746344864962,0.25115963404292013,0.028074859772705497,BiLSTM
S78,0.395715945247336,0.285677607977964,0.16763423181081258,0.13783565601633302,0.013136558947553766,1D-CNN
S79,0.22605622702404007,0.30326549469294634,0.23207452553059416,0.22064147630762715,0.017962276444792626,ANN
S80,0.2621362401791171,0.21610048589818429,0.25386376173873837,0.23448183771622913,0.03341767446773124,1D-CNN
S81,0.3318197598388005,0.16834298301127867,0.1725079316703865,0.29211794621072934,0.03521137926880521,1D-CNN
S82,0.3537310408034111,0.17269083202857305,0.17320424209030658,0.2676081500594968,0.032765735018212123,1D-CNN
S83,0.3159056325824627,0.22162562355790819,0.23140308341806845,0.19841214703941543,0.03265351340214581,1D-CNN
S84,0.3005381077652864,0.23113075445943346,0.2513074021284157,0.18260131508244754,0.034422420564416245,1D-CNN
S85,0.22150968455675618,0.23703187202495907,0.24023222318791823,0.2755624499368888,0.025663770293477814,LSTM
S86,0.3378110710827898,0.1493176349835144,0.24495002561174448,0.24847985621157148,0.019441412110379204,1D-CNN
S87,0.2589256415625023,0.2774523536999045,0.26247024608494995,0.18381873683590552,0.017333021816738223,ANN
S88,0.1595538868198757,0.2342209734446515,0.3855445591342165,0.20174583194312004,0.018934748658135762,BiLSTM
S89,0.14636089064904992,0.15968334100545495,0.4309016569407086,0.2377892339286091,0.025264877476177113,BiLSTM
S90,0.16468757674365284,0.26465724783401323,0.3505521328929272,0.19530519797121157,0.024797844558195198,BiLSTM
S91,0.13969646327597904,0.21533324556811273,0.24796489472965455,0.35226908677297475,0.044736309653278676,LSTM
S92,0.23687748506134662,0.2109038493522772,0.21766744970115912,0.29798691893927504,0.03656429694594256,LSTM
S93,0.37791955799554483,0.2821421232025458,0.14873116901297354,0.16330353235462192,0.027903617434315298,1D-CNN
S94,0.3544698886175333,0.22160423642965757,0.18755850161842771,0.19833755867511366,0.038029814659268364,1D-CNN
S95,0.3408901016646153,0.22731174963203116,0.18269811129266295,0.21335784861334087,0.03574218879734921,1D-CNN
S96,0.3271063278823232,0.2742347540692969,0.15765789346041623,0.21327905309415612,0.02772197149380802,1D-CNN
S97,0.24315638372102452,0.2681782771259259,0.1958078605929035,0.26160466561301327,0.03125281294713286,ANN
S98,0.24078184128175606,0.213207290531823,0.22856263718945463,0.2894692991222073,0.027978931874759548,LSTM
S99,0.20624017317964022,0.2414848313771727,0.2625664025014546,0.2610536234047225,0.02865496953701063,BiLSTM
S100,0.19130630069734342,0.377640906073896,0.21597850292304926,0.19271844767280724,0.02235584263290345,ANN
S101,0.17891967042056925,0.2611966403766925,0.3208151795444319,0.2062827196849769,0.03278578997332954,BiLSTM
S102,0.126410637044782,0.18340937497109838,0.38334423501629006,0.2413404541669229,0.06549529880090627,BiLSTM
S103,0.14640388403427773,0.20886815311009846,0.2470150679993415,0.3447855698891919,0.05292732496708999,LSTM
S104,0.2031831384142281,0.24176859551107566,0.19109472130023603,0.33405737789173506,0.02989616688272579,LSTM
S105,0.37555580131375604,0.3506704541546534,0.10857542137388843,0.15046829713013138,0.014730026027572082,1D-CNN
S106,0.5510176218576087,0.2554323148656048,0.08795156690279188,0.0891201247749112,0.016478371599082976,1D-CNN
S107,0.22922913154660535,0.4505436139957278,0.16088360192324816,0.1339155843191095,0.025428068215309192,ANN
S108,0.30135150824114276,0.302447356096123,0.211454100968391,0.15749347568483474,0.027253559009508852,ANN
S109,0.30680652795570895,0.29661975627385745,0.20941320244391978,0.16111711867640907,0.026043394650104097,1D-CNN
S110,0.21196784995279078,0.2229860718394494,0.23682612020029484,0.2697095763741515,0.05851038163331378,LSTM
S111,0.18578601102831174,0.28589111028160097,0.20425251662701424,0.2509139784601728,0.07315638360290054,ANN
S112,0.1925519421721873,0.17620866064072369,0.20141699496380455,0.338997466613107,0.0908249356101774,LSTM
S113,0.20435335421073159,0.23055137338249063,0.20007692204169059,0.28014614408927474,0.0848722062758118,LSTM
S114,0.17127841488829829,0.26416564251056646,0.2027864914277933,0.29344561680220616,0.06832383437113533,LSTM
S115,0.23119698208915335,0.2541805385347874,0.22471084112774137,0.25788422586283993,0.03202741238547726,LSTM
S116,0.29846621981541444,0.3483447497801133,0.15992462799594598,0.17002635074501302,0.023238051663512917,ANN
S117,0.23556911375755613,0.3171584158296181,0.15018517354896171,0.2662746983743096,0.030812598489553915,ANN
S118,0.189293138657337,0.27852448791411133,0.17743610246858804,0.3218003443866677,0.03294592657329554,LSTM
S119,0.17189601781984948,0.34852171281765915,0.17795971011201664,0.27471394446370334,0.026908614786772846,ANN
S120,0.264457614130553,0.19372499079949018,0.259081348674811,0.2341976669755946,0.048538379419551525,1D-CNN
S121,0.2757523697760628,0.2150228148501377,0.17333572151404608,0.2521893436545753,0.08369975020517861,1D-CNN
S122,0.2610681566564566,0.23160346257566908,0.13378075858158636,0.33779106068283066,0.03575656150345777,LSTM
S123,0.24920778173664707,0.246146798412025,0.13546614552240438,0.34297821616087304,0.02620105816805152,LSTM
S124,0.3554833031471217,0.15362991171906495,0.20147927580302188,0.25335843995550655,0.0360490693752848,1D-CNN
S125,0.22806221129641518,0.17767330802968484,0.2938572008699977,0.25370751097798483,0.0466997688259175,BiLSTM
S126,0.18404657341132313,0.21184834682216105,0.2819264057382263,0.2895229364772081,0.032655737551080755,LSTM
S127,0.2685869128700063,0.23780009248176584,0.2761114292470203,0.1958941053351486,0.021607460066059556,BiLSTM
S128,0.22944105198767603,0.26189611516817146,0.27359409986986905,0.21192575452812304,0.023142978446160877,BiLSTM
S129,0.2683227403792629,0.27858037309417005,0.23497180899699466,0.19475399535724405,0.02337108217232867,ANN
S130,0.23280407900143468,0.28813541635948065,0.20589364413876174,0.250799565930675,0.02236729456964736,ANN
S131,0.2055751595206383,0.20516455494131194,0.2766977280068726,0.28856434863647357,0.023998208894703162,LSTM
S132,0.20880407090279948,0.19598347993769202,0.29854000605633557,0.25553017039894915,0.04114227270422452,BiLSTM
S133,0.2235517892806266,0.2031578919088729,0.26242333670660106,0.2490280313731441,0.061838950730755717,BiLSTM
S134,0.2518509870966848,0.220488533842698,0.18932486700914522,0.2871529700596545,0.05118264199181707,LSTM
S135,0.23084908412948082,0.2183351274350146,0.18260576771250056,0.31503951579190365,0.05317050493110029,LSTM
S136,0.2982258889925139,0.1787737129259072,0.1486119715076237,0.3341964784707015,0.0401919481032537,LSTM
S137,0.24196375553731053,0.17148164998104648,0.23248665769722326,0.3069278284933913,0.04714010829102839,LSTM
S138,0.1623144169572868,0.2081075952518402,0.2659173571237849,0.3292984944128318,0.0343621362542562,LSTM
S139,0.22764640394172397,0.2476574570282348,0.25865946579109844,0.23700335745072942,0.029033315788214456,BiLSTM
S140,0.22307356495618386,0.251173927432162,0.26348378109521503,0.23011503413891948,0.03215369237751935,BiLSTM
S141,0.17281485776408875,0.3099657440020585,0.27182415494326834,0.2198490208621906,0.025546222428393495,ANN
S142,0.24667489466034936,0.3558129415501756,0.2126378124527709,0.16275942478209923,0.022114926554604435,ANN
S143,0.26332233175237946,0.25291688945711616,0.18739663541966234,0.2653108566768877,0.031053286693955195,LSTM
S144,0.20421984320376171,0.21900379227974362,0.24895319151995657,0.29562179396756755,0.03220137902896967,LSTM
S145,0.22064763205948956,0.1877857419832006,0.325778954578525,0.23143077617788949,0.03435689520089507,BiLSTM
S146,0.22573868034991934,0.19701371033435508,0.34238180547942987,0.19561204283355502,0.039253761002740487,BiLSTM
S147,0.2072762996544398,0.3751171678713507,0.16054203288335575,0.2151668675855152,0.04189763200533862,ANN
S148,0.28788853053874025,0.20795135204432136,0.12830699344541946,0.3262941328539272,0.049558991117591725,LSTM
S149,0.324646613707673,0.3263441015982016,0.11584400528285113,0.18940465461413347,0.04376062479714086,ANN
S150,0.35085213722966935,0.28787932773166247,0.12582217717206115,0.1997810218983238,0.03566533596828269,1D-CNN
S151,0.2657606633277775,0.26149539334484634,0.22614503877438827,0.2076385828413212,0.03896032171166698,1D-CNN
S152,0.1907407252582202,0.20256379852353854,0.2602067724776626,0.3197202176275612,0.026768486113018523,LSTM
S153,0.12822629840276245,0.34227749100117766,0.24597920814023866,0.2614112549210201,0.022105747534801604,ANN
S154,0.22475203486110037,0.21665033519802937,0.2280975981429427,0.3067276799934186,0.023772351804508977,LSTM
S155,0.291577264398595,0.19708755340118186,0.21014812748439396,0.27255478859902477,0.02863226611680514,1D-CNN
S156,0.24919926023708994,0.22433886928499538,0.22857013732647075,0.25602153658043425,0.041870196571009446,LSTM
S157,0.28393196497846124,0.16421490799184235,0.2722779679421669,0.22671286989218195,0.052862289195347925,1D-CNN
S158,0.22754342342389955,0.3303941553873595,0.20071131647230855,0.1934503172721242,0.04790078744430817,ANN
S159,0.23563117165605232,0.3690761697690732,0.14272907845934096,0.22259698675540585,0.029966593360127816,ANN
S160,0.22226558078331274,0.28259748129602497,0.1511129246593118,0.3195835594061595,0.024440453855191425,LSTM
S161,0.28660144799284637,0.16342770808938167,0.2084423820555992,0.3110831648817758,0.03044529698039775,LSTM
S162,0.15949326546217732,0.23423044442813523,0.2733567049359396,0.30178927932401467,0.031130305849732618,LSTM
S163,0.16004704300599198,0.1978354103451077,0.3614284938188167,0.2515870159995016,0.029102036830582222,BiLSTM
S164,0.22109654831754946,0.16553129679929782,0.3817826166460181,0.20845610012576377,0.02313343811137058,BiLSTM
S165,0.22225273597227432,0.24601609574588532,0.3125850102211355,0.18716256753031354,0.03198359053039197,BiLSTM
S166,0.24974585416429973,0.22122834804464364,0.18858380291306243,0.2737247908118754,0.0667172040661191,LSTM
S167,0.18858857503909784,0.11388564390657187,0.10235569360536398,0.5735898224570586,0.021580264991908144,LSTM
S168,0.23908179198658389,0.2003050820495898,0.18643189881838299,0.3464579645880001,0.027723262557443326,LSTM
S169,0.2746824741585095,0.14865695463973866,0.2753130036694449,0.2689969768425785,0.03235059068972894,BiLSTM
S170,0.14027512368051964,0.1248357543932595,0.4508018881548846,0.2507411138419345,0.033346119929402014,BiLSTM
S171,0.21932369537633686,0.16429617567316426,0.2607436789386776,0.3257898680703641,0.029846581941457853,LSTM
S172,0.2396541979943235,0.16567029072149267,0.3147281456468287,0.23728908409116337,0.04265828154619169,BiLSTM
S173,0.20844786729941028,0.18409244609450554,0.28671784850146154,0.25706047259315146,0.06368136551147116,BiLSTM
S174,0.21094342260422472,0.20280343453847144,0.28653880934929304,0.24768151742567157,0.05203281608233917,BiLSTM
S175,0.21362527719844693,0.23172999062800725,0.27361961444035515,0.24807221347972752,0.03295290425346411,BiLSTM
S176,0.14153136988500317,0.3925055656867031,0.2663495905247412,0.18057326816185548,0.019040205741697663,ANN
S177,0.23586562298937036,0.2449561663907463,0.29780001221408575,0.2005058412166032,0.02087235718919481,BiLSTM
S178,0.13422973656331597,0.13469834140290274,0.5020683564794366,0.20462036511590043,0.024383200438444618,BiLSTM
S179,0.16369594671016274,0.31246295575384275,0.3475613551727005,0.16131946215598555,0.014960280207308753,BiLSTM
S180,0.18628294904370912,0.3274366783880576,0.4071371704352925,0.0718006045851219,0.007342597547819801,BiLSTM
S181,0.19988040503523047,0.34508270408240493,0.33873545207555417,0.10283548406086235,0.01346595474594777,ANN
S182,0.16218506317144865,0.33170232960723184,0.2580229602727231,0.21842402032183272,0.02966562662676469,ANN
S183,0.2027546217410831,0.2948810245364013,0.18756297664620825,0.2642762952068246,0.050525081869482236,ANN
S184,0.22451974730810736,0.38867299065806976,0.12821807509714198,0.23869959148292988,0.01988959545375129,ANN
S185,0.31295749081991925,0.2969920522664358,0.1862309926231388,0.17936298499147144,0.02445647929903553,1D-CNN
S186,0.3259641499916903,0.27110149767217817,0.1916623838805612,0.18785306500888432,0.023418903446687064,1D-CNN
S187,0.2144049225187134,0.2730677831642552,0.26424839123081156,0.21651547705849214,0.03176342602772832,ANN
S188,0.2193450322447686,0.3350716481924411,0.19677923086061866,0.21676498648561454,0.03203910221655634,ANN
S189,0.252700688639149,0.23916289208364092,0.2090282872454096,0.24000262745351558,0.05910550457828458,1D-CNN
S190,0.21729565093504793,0.29945401878498756,0.2179266247753228,0.20364551805259332,0.06167818745204943,ANN
S191,0.2625466291794163,0.21220551318724756,0.20738860983691051,0.2555910312674797,0.06226821652894636,1D-CNN
S192,0.24466187457285313,0.2823408527684315,0.18880214599537232,0.23150826837532168,0.052686858288021735,ANN
S193,0.2135761939376405,0.36271419503514024,0.14262224493043893,0.24103727599015004,0.04005009010663019,ANN
S194,0.2264549606764091,0.3603295376192608,0.1575490469978038,0.21872245281868957,0.036944001887837544,ANN
S195,0.22580636767884982,0.25024565256958864,0.21753908539060193,0.27412773813462,0.03228115622633898,LSTM
S196,0.20726364507176148,0.27206192245899563,0.2689459737158306,0.22680265486871226,0.02492580388470037,ANN
S197,0.2194316061497582,0.2920257495413385,0.2598040942504979,0.2057618146158648,0.022976735442540485,ANN
S198,0.22704784831964386,0.2664775216124297,0.2674023436082198,0.2038325161873991,0.03523977027230847,BiLSTM
S199,0.22270924806172412,0.24523320926519376,0.2278923108975863,0.2450595025473118,0.059105729228183954,ANN
S200,0.23515976318543275,0.21171018189981947,0.26572588500486927,0.23836718963391046,0.049036980275968166,BiLSTM
S201,0.19078383979347424,0.4495296897584465,0.17894279647567407,0.1529228272389346,0.027820846733471093,ANN
S202,0.2939531773075991,0.27044873993587665,0.17520410241040718,0.23299540493620421,0.027398575409912633,1D-CNN
S203,0.24685257506122096,0.35362950368703044,0.16517629463402553,0.20683332063473725,0.027508305982986633,ANN
S204,0.3391230084656964,0.26480333483337504,0.15032154111197704,0.2103316373522794,0.035420478236672166,1D-CNN
S205,0.272494926250481,0.31648906766993196,0.18273141084783914,0.1904265225495802,0.03785807268216881,ANN
S206,0.23132747210623036,0.30680124014845084,0.2249641136266753,0.20167400033927965,0.035233173779363275,ANN
S207,0.2604412290750925,0.27124635332152014,0.22957528897077983,0.2033603648444725,0.03537676378813549,ANN
S208,0.3031928711511515,0.2421462639419025,0.19035984668545583,0.21974880745613343,0.04455221076535693,1D-CNN
S209,0.2755526112066922,0.24054074200619502,0.135093987718989,0.295492218895044,0.05332044017307938,LSTM
S210,0.22066277625781877,0.31743681930168605,0.15230989012593674,0.28130105642972925,0.028289457884828235,ANN
S211,0.24663493601536282,0.27793024769221375,0.22320237107811688,0.22400396418201282,0.028228481032292578,ANN
S212,0.20412926275595156,0.193812457609193,0.31634800552840064,0.25062893926101354,0.035081334845440286,BiLSTM
S213,0.2298704886670371,0.20230299914206223,0.2827608035355067,0.2425798799730886,0.04248582868230624,BiLSTM
S214,0.3254639440557372,0.2743660437052406,0.15298646084257758,0.20250850835467243,0.04467504304177185,1D-CNN
S215,0.20962882226407384,0.24134726347707036,0.19367064003833584,0.298317821236976,0.057035452983544004,LSTM
S216,0.23454551745088434,0.36836187899032397,0.18445731498085027,0.18280874623090657,0.02982654234703469,ANN
S217,0.28316343382176595,0.24405846625744862,0.21898695809481167,0.2194337147486574,0.03435742707731525,1D-CNN
S218,0.17249564405079545,0.4323737396647888,0.1628328772593933,0.203433927319654,0.02886381170536865,ANN
S219,0.20201059303177596,0.34227131672291916,0.1900419078200757,0.22748983579122095,0.038186346634008106,ANN
S220,0.18561083288782368,0.29608063362502746,0.222407011883201,0.25904376715169,0.03685775445225816,ANN
S221,0.20868546253120107,0.28743484825098903,0.3114124797445465,0.1612948432420704,0.031172366231192405,BiLSTM
S222,0.24417721320511618,0.3411950222745914,0.17841399342355027,0.20078674452290865,0.0354270265738339,ANN
S223,0.2842234272216239,0.29367410279824463,0.17260303191020346,0.20591712517477834,0.04358231289514998,ANN
S224,0.32414832480534606,0.21680294604714354,0.11949806093859432,0.28374508658530756,0.0558055816236089,1D-CNN
S225,0.24937916119101897,0.34197880425072913,0.1283830313724468,0.2511638063820224,0.029095196803781545,ANN
S226,0.2845800076323674,0.37128602006089023,0.1592927896559853,0.14158063917083163,0.04326054347992528,ANN
S227,0.4206894926122224,0.2857955981975251,0.11909605582547782,0.14568553201293263,0.02873332135184269,1D-CNN
S228,0.31548549703199164,0.3570421468586334,0.1547623790877925,0.14326671753553388,0.029443259486048687,ANN
S229,0.21284186861328386,0.32039053289375746,0.16510789458972247,0.2760710038318329,0.02558870007140354,ANN
S230,0.2576723118203892,0.28712322261290535,0.225122346898842,0.2011830266954643,0.028899091972399184,ANN
S231,0.2969010224708537,0.2466629500280912,0.18511859005713097,0.22656707723240738,0.044750360211516446,1D-CNN
S232,0.2294526931210366,0.23265100645496312,0.21021728792301647,0.2918829898715326,0.03579602262945138,LSTM
S233,0.24673697811831227,0.2541938275603801,0.2508321109407788,0.20499631486830822,0.04324076851222119,ANN
S234,0.3124675224008576,0.21080677865573594,0.19766431661947118,0.21643750505914802,0.06262387726478666,1D-CNN
S235,0.2511616113779638,0.32136371011998427,0.1747203009538089,0.19979216558627766,0.05296221196196522,ANN
S236,0.32683594786761394,0.25960898243410957,0.17136465130555875,0.20745893086156586,0.03473148753115151,1D-CNN
S237,0.2889839336716338,0.3130726942864371,0.1688390235797424,0.2053832242148202,0.0237211242473672,ANN
S238,0.2492564021054482,0.23936025769418917,0.25452367432066586,0.22535622899586089,0.03150343688383575,BiLSTM
S239,0.2391225497972655,0.2299489643886985,0.2490485864446606,0.24964581317967496,0.03223408618970136,LSTM
S240,0.23489874422973414,0.2508352669876073,0.23741065645408255,0.2436436430200054,0.03321168930857103,ANN
S241,0.22058369369278386,0.22697136419046454,0.2532674431736623,0.25593317593157444,0.043244323011514096,LSTM
S242,0.160219172662088,0.26687809667798895,0.19219799870962792,0.3487413244603437,0.03196340748995138,LSTM
S243,0.2618808603494213,0.28649693640417395,0.15870403137706887,0.2619173923665504,0.031000779502785528,ANN
S244,0.40053742232951767,0.1142548144400828,0.0986707554544903,0.35647748599170587,0.030059521784203274,1D-CNN
S245,0.21123396244997691,0.24302365326544118,0.15289274579161216,0.34410973708331694,0.048739901409652425,LSTM
S246,0.2909108843469708,0.27011837157793184,0.18390174295236966,0.2035528589958929,0.05151614212683404,1D-CNN
S247,0.25265607954881203,0.25061585903813827,0.23450379095144186,0.21769200269806158,0.044532267763546705,1D-CNN
S248,0.2408220902090087,0.19185822417633996,0.25596584511065673,0.2758570976856527,0.03549674281834224,LSTM
S249,0.31772102805362057,0.21992955568187503,0.20595949839735062,0.23220767979980508,0.024182238067349378,1D-CNN
S250,0.3609400728281046,0.17996450937425224,0.20172502414711788,0.23127242312819046,0.026097970522334535,1D-CNN
S251,0.21913346477225845,0.2408736515479979,0.23797969959490117,0.27646782546721865,0.025545358617623155,LSTM
S252,0.21194735987714267,0.21396017177734403,0.30973785789022434,0.23596835186959272,0.02838625858569563,BiLSTM
S253,0.2209043544050721,0.2006887050696659,0.305470886279656,0.23744200213229666,0.03549405211330917,BiLSTM
S254,0.20137588950142266,0.3280113308425593,0.2670081659973974,0.1666662366870679,0.03693837697155254,ANN
S255,0.16665666159764675,0.3527045904090766,0.16953557300681044,0.27869041757018953,0.032412757416277554,ANN
S256,0.2123216326735512,0.19934343924952436,0.16588465406610797,0.39503250858717426,0.027417765423642406,LSTM
S257,0.25734787856561986,0.21484437107407825,0.16554071623284658,0.3285405388442374,0.033726495283218236,LSTM
S258,0.25322145546918035,0.24536250917779723,0.17969972165793266,0.29009051141490877,0.03162580228018036,LSTM
S259,0.1393951661843499,0.18358486633985313,0.3488575074947676,0.295285216131874,0.032877243849155524,BiLSTM
S260,0.2656424195829528,0.17025194032179813,0.310867959732502,0.2217371451610362,0.031500535201709715,BiLSTM
S261,0.20848100554641866,0.21328609973407012,0.20458889547654488,0.31299079251461015,0.060653206728356356,LSTM
S262,0.2880297580438745,0.14452000103732615,0.1144549742723191,0.42775656455210803,0.025238702094371783,LSTM
S263,0.2976774566313641,0.17799116889266944,0.1929131396839657,0.2988076850950551,0.03261054969694554,LSTM
S264,0.25615664348623224,0.27492885774630615,0.22057667495194458,0.21105649272796326,0.03728133108755389,ANN
S265,0.21678604004602403,0.1712921205802264,0.3060939288973842,0.2704632859274472,0.0353646245489192,BiLSTM
S266,0.2093552467405002,0.19923575049017334,0.3178288249797485,0.2510513351173924,0.022528842672186508,BiLSTM
S267,0.2915223730895804,0.2220278640937737,0.248008929529342,0.2125526384327607,0.02588819485454294,1D-CNN
S268,0.21204019319528417,0.18692031210994256,0.21126178735158327,0.33694269211835703,0.052835015224833685,LSTM
S269,0.21499097210726037,0.15937378557665557,0.2742150881924916,0.2967912486625493,0.05462890546104282,LSTM
S270,0.15078389576066087,0.2691360017972258,0.31806835571302167,0.2292293599972625,0.032782386731829684,BiLSTM
S271,0.17511935546064644,0.23555660603465045,0.39267328163570764,0.17381774859798485,0.022833008271011312,BiLSTM
S272,0.19608402189498858,0.22383393525089287,0.3592624811664163,0.19322622935132994,0.02759333233637265,BiLSTM
S273,0.21965592233320197,0.20450436357956586,0.23147611546826982,0.31873241940158076,0.025631179217382172,LSTM
S274,0.22851557337094566,0.26006674766324983,0.20748074733110572,0.2763404733546798,0.027596458280019876,LSTM
S275,0.24491648569619798,0.20293012619902143,0.2388283836889815,0.2676996055694348,0.045625398846363546,LSTM
S276,0.19882242375201317,0.26405741275922323,0.25494251441072074,0.23826993640923602,0.043907712668806394,ANN
S277,0.22841850325026697,0.2054678640322255,0.3034227668284324,0.2239378739767662,0.03875299191230905,BiLSTM
S278,0.2910048741808664,0.21783393728702585,0.24787646670185956,0.2046623548616077,0.038622366968640874,1D-CNN
S279,0.24847690569477393,0.3614251987926642,0.16362050064960418,0.1943920711548054,0.032085323708151384,ANN
S280,0.2674071379761741,0.23756694440174891,0.1746350958976032,0.2953462073861654,0.025044614338307698,LSTM
S281,0.21523169930694544,0.2449981936718675,0.24927402126451406,0.262729996524227,0.027766089232446056,LSTM
S282,0.18017168509062267,0.2271587379602389,0.29666497302841216,0.2670445283886255,0.028960075532100834,BiLSTM
S283,0.20030488109222871,0.19216199849692756,0.3396885892007556,0.23793078196423237,0.0299137492458549,BiLSTM
S284,0.20830452586522524,0.22530383779857588,0.305983368685338,0.22722411633298611,0.03318415131787524,BiLSTM
S285,0.12929465256323083,0.18350240373631843,0.3080224246754026,0.31207701894301376,0.06710350008203467,LSTM
S286,0.13667327931022583,0.2204954593514418,0.25019559120296686,0.3393161312596686,0.05331953887569706,LSTM
S287,0.3488793316688187,0.24313770289600897,0.1612257068452223,0.21860509504760692,0.028152163542342526,1D-CNN
S288,0.373135719149633,0.20464042490280673,0.16179231644864495,0.2232881687034225,0.03714337079549299,1D-CNN
S289,0.19927923962283642,0.3986967755331316,0.14473910808904158,0.2263454628514575,0.030939413903533098,ANN
S290,0.21342476199813276,0.23389600214763215,0.23656259512063374,0.2863427727631525,0.029773867970449,LSTM
S291,0.21679493575516995,0.17709461148591896,0.3004911231629262,0.2781566822446215,0.0274626473513639,BiLSTM
S292,0.21631119087102274,0.25095289675983506,0.27777479158790064,0.23205873998021964,0.022902380801021655,BiLSTM
S293,0.2932635991104986,0.23684783580283073,0.2603402194967529,0.18482072793903606,0.024727617650881436,1D-CNN
S294,0.14917198446177787,0.273392477400713,0.2597182829007866,0.2870920837337944,0.03062517150292805,LSTM
S295,0.19886858122655532,0.17403489717053433,0.23491376829376612,0.36530488884998286,0.026877864459161252,LSTM
S296,0.3739330078651774,0.19628078748039676,0.1311385262531972,0.27444173152243306,0.02420594687879505,1D-CNN
S297,0.3747233225018164,0.16230467277891586,0.08229038506134516,0.3638626706118952,0.01681894904602901,1D-CNN
S298,0.20413937968407747,0.33364294844916814,0.1915625061592657,0.22214980273440166,0.04850536297308683,ANN
S299,0.2982453763776647,0.2173507519496712,0.22784337991138018,0.21979167087590076,0.03676882088538328,1D-CNN
S300,0.2355536149380607,0.21029237978641685,0.3147210989661278,0.21101013529917398,0.02842277101022002,BiLSTM
S301,0.23777853226403184,0.20567765011845607,0.27026352801735026,0.2579062876309547,0.02837400196920662,BiLSTM
S302,0.31705375314913603,0.21290620103292912,0.21412052863479064,0.22940661159272896,0.026512905590415005,1D-CNN
S303,0.22118496444392974,0.24633892736668908,0.21929316437590204,0.28539962846446604,0.027783315349013595,LSTM
S304,0.18109674525935426,0.1568361072782508,0.3813670244355695,0.2545433983735346,0.02615672465329156,BiLSTM
S305,0.19215652448794582,0.18098049175077258,0.36685479439737806,0.22307677383372548,0.03693141553017742,BiLSTM
S306,0.18615784417826914,0.2315205350535059,0.30993213841714967,0.23042595032824162,0.041963532022833636,BiLSTM
S307,0.1485658042573616,0.24251433977722078,0.214461338576558,0.35532195428090213,0.03913656310795808,LSTM
S308,0.32296703581013,0.2395396534147275,0.16211928875324663,0.23880792399620965,0.0365660980256859,1D-CNN
S309,0.4644691555687237,0.16400837047400021,0.12324384265448471,0.21676079113218796,0.031517840170603544,1D-CNN
S310,0.26700600105153005,0.352539447465596,0.11686479464374602,0.23052955474142292,0.033060202097706146,ANN
S311,0.11858805367732114,0.17891838956747805,0.30635075848451215,0.3610279703116564,0.035114827959031855,LSTM
S312,0.2035700547765824,0.2613117282365905,0.292514520739176,0.21621401568158063,0.026389680566070904,BiLSTM
S313,0.21696142152781117,0.22781104635763041,0.23226814031528664,0.29170386578803403,0.031255526011237246,LSTM
S314,0.2075531353236636,0.24386008552793548,0.23863811943444135,0.2799569360152988,0.02999172369865993,LSTM
S315,0.21580209364629963,0.2579652819931198,0.2422707792581221,0.25147054154886295,0.03249130355359549,ANN
S316,0.11664792476940862,0.286008895335011,0.2821728870069418,0.28416565293924473,0.031004639949393925,ANN
S317,0.1405689199457367,0.1874019970481941,0.34295566389660537,0.28513389499681274,0.043939524112650216,BiLSTM
S318,0.1701853567005185,0.2245551577451167,0.27991929811527494,0.28742859847976776,0.037911588959321736,LSTM
S319,0.10492753894664965,0.22141167575463178,0.22970911401777422,0.40893920368284753,0.03501246759809621,LSTM
S320,0.21253633529995944,0.23765969112064642,0.15814544787212764,0.3524357694595195,0.039222756247747396,LSTM
S321,0.29262076039398693,0.15111935634248672,0.14014787872440723,0.3733863304538572,0.04272567408526222,LSTM
S322,0.2515696688045117,0.2174013048534198,0.17804197226291976,0.2692934878403518,0.0836935662387968,LSTM
S323,0.3895845143459345,0.16699214196123072,0.13729399317860108,0.24846209937578212,0.05766725113845107,1D-CNN
S324,0.2425289679636508,0.3147829544544051,0.1893920979600779,0.19442689916682052,0.058869080455046956,ANN
S325,0.29780101676969234,0.22692810683873998,0.19361850516043774,0.2323488448367873,0.04930352639434318,1D-CNN
S326,0.2796957568917246,0.23728110505730177,0.19169707406862513,0.25446572855697364,0.03686033542537432,1D-CNN
S327,0.18763601203724906,0.22187305896014514,0.27330232502798335,0.29324826235615153,0.023940341618470324,LSTM
S328,0.205269532202154,0.2337004912298428,0.29222550491145205,0.24716704644154686,0.021637425215004738,BiLSTM
S329,0.2420958340120606,0.2219127208550546,0.27566415279689815,0.23421937268316118,0.026107919652824756,BiLSTM
S330,0.24157005747355095,0.20219962343244288,0.26905415322802395,0.25700547033685434,0.03017069552912678,BiLSTM
S331,0.21971008678812595,0.18500408278714017,0.3334926794320025,0.23615781884051673,0.025635332152215636,BiLSTM
S332,0.2132376398476338,0.20558959005580707,0.35207626877302706,0.19131057280447447,0.0377859285190567,BiLSTM
S333,0.24213967151173488,0.23883801684345551,0.21674782251333313,0.24152444859197578,0.0607500405395005,1D-CNN
S334,0.2479887989719334,0.20694104191962265,0.1668184650061633,0.3347422398873394,0.043509454214940534,LSTM
S335,0.28784710939461866,0.2195180048540286,0.15754303612183806,0.30167917857040594,0.03341267105910958,LSTM
S336,0.28270256048603276,0.2328945882947488,0.2130422570410703,0.23404853827852773,0.03731205589962075,1D-CNN
S337,0.15801803042586018,0.13587680674901922,0.36219264715689725,0.30767627422978666,0.036236241438437,BiLSTM
S338,0.0982919078961038,0.11270250581305763,0.40901334847688287,0.356129741919719,0.02386249589423589,BiLSTM
S339,0.3284101856006243,0.28097845497469687,0.27759798577174255,0.1039796645403601,0.009033709112575792,1D-CNN
S340,0.23541406168461468,0.19932473778580592,0.3532835431670274,0.18585297803593143,0.026124679326620697,BiLSTM
S341,0.18462456786314943,0.22983651302236208,0.25212597481338855,0.26762800912482493,0.06578493517627503,LSTM
S342,0.17594436735352012,0.17665370744437914,0.3181151786481707,0.2893643549895469,0.039922391564382195,BiLSTM
S343,0.12390720638871223,0.28495220168331997,0.35480762164396223,0.21298168891659258,0.023351281367411863,BiLSTM
S344,0.21453294142644694,0.19789755558767178,0.25951167582516416,0.3002225630060095,0.027835264154706656,LSTM
S345,0.24946930556741553,0.24690661004089548,0.2197349991631873,0.2439681077080783,0.039920977520423215,1D-CNN
S346,0.23284495366995914,0.18315373460380252,0.17411449189874892,0.368650141559339,0.04123667826815099,LSTM
S347,0.1631572429540819,0.21442892852226086,0.22217709857633602,0.3614624629836224,0.0387742669636993,LSTM
S348,0.20432091112956577,0.262995619109043,0.2906448091166633,0.19771167535675838,0.04432698528796984,BiLSTM
S349,0.2614660626479985,0.24940739243102142,0.2020863070358395,0.24653973711509783,0.04050050077004325,1D-CNN
S350,0.21848254066243683,0.21743357943339225,0.23488847842395197,0.30313342769658647,0.02606197378363352,LSTM
S351,0.28717591731595266,0.24294220319238538,0.2031612434665339,0.2429932906946779,0.023727345330450414,1D-CNN
S352,0.30669103414145477,0.2387713042454765,0.18917230134211727,0.22986158686705052,0.03550377340390126,1D-CNN
S353,0.22082212075847968,0.19468376863115947,0.24541416103828817,0.2996245943748159,0.039455355197255855,LSTM
S354,0.24610037945873253,0.1889091893999716,0.2805437896974704,0.2488360735836173,0.03561056786020814,BiLSTM
S355,0.24232188839667407,0.20282933388727392,0.2903704619927575,0.2256435967532736,0.03883471897002121,BiLSTM
S356,0.24915692551097512,0.21704006736701129,0.23552865220618094,0.24746594768265656,0.05080840723317499,1D-CNN
S357,0.31149781212005906,0.2567671090688298,0.18434598508004296,0.20893956919212525,0.038449524538943576,1D-CNN
S358,0.27000020300314603,0.23016956577392145,0.21412211884061141,0.2483882037251745,0.03731990865714781,1D-CNN
S359,0.2491914754711811,0.22196087884686064,0.22816498123528908,0.2712441194110034,0.029438545035666647,LSTM
S360,0.1910560916836552,0.16375637413745842,0.3701619005692624,0.24637950799003558,0.02864612561958886,BiLSTM
S361,0.1430960585190764,0.19978987178285465,0.37068145908958094,0.25512328692867975,0.03130932367980746,BiLSTM
S362,0.2602852984104208,0.26168472964248857,0.401543098026498,0.06726446521333929,0.009222408707252727,BiLSTM
S363,0.2282057386816852,0.29825632797780977,0.34949051500474737,0.10344679454272275,0.02060062379303554,BiLSTM
S364,0.09683297183427993,0.42286850343512833,0.3114765881717627,0.14932340550621617,0.01949853105261241,ANN
S365,0.18899385866766333,0.3141651805264315,0.23771417324166566,0.236922064282405,0.022204723281835016,ANN
S366,0.12041413761531773,0.3149104784306243,0.22536604381042905,0.3079247049582181,0.0313846351854114,ANN
