Segment,LSTM,1D-CNN,ANN,BiLSTM,Selected
S1,0.3788478353797504,0.3012082796418721,0.2720974592800831,0.04784642569829463,LSTM
S2,0.3476278439468096,0.30827439776181864,0.3023201173066465,0.041777640984724834,LSTM
S3,0.35427927268694953,0.28205391346771735,0.32569245620535575,0.037974357639977606,LSTM
S4,0.2987549969720353,0.3197464451189756,0.33971819392496033,0.041780363984028596,ANN
S5,0.33641286332690346,0.32706613201802975,0.2867527960785862,0.04976820857648119,LSTM
S6,0.3119158652251872,0.3336288925605065,0.3137432941202619,0.04071194809404424,1D-CNN
S7,0.379171215507227,0.26285873817568756,0.31815695841832164,0.0398130878987631,LSTM
S8,0.36817386399881485,0.26027971688196094,0.32413536420349215,0.047411054915731506,LSTM
S9,0.3750725441180053,0.2880740000505106,0.2808727881785553,0.05598066765292877,LSTM
S10,0.298586806048038,0.30200244366859447,0.35382378793111385,0.04558696235225342,ANN
S11,0.30723394501061996,0.285221057451621,0.36399076407678604,0.043554233460972744,ANN
S12,0.32502472306449526,0.2638937335624844,0.3719149926378599,0.03916655073515969,ANN
S13,0.37486422007852194,0.24080150711881618,0.34676003274035216,0.03757424006230957,LSTM
S14,0.2960403852453721,0.24950371750650346,0.4242721640221076,0.030183733226017532,ANN
S15,0.2101982398360806,0.40155210172891437,0.36362138652181486,0.02462827191319084,1D-CNN
S16,0.19696044171813568,0.35938696201872167,0.416197765525697,0.027454830737445972,ANN
S17,0.26666659773108675,0.3208065778807535,0.37251939642357346,0.040007427964585895,ANN
S18,0.27559989560909415,0.32596179434079403,0.35576223451587785,0.04267607553423369,ANN
S19,0.2942319281171351,0.34314409647829247,0.32742998266749096,0.035193992737081924,1D-CNN
S20,0.38302522790542715,0.2906136060698567,0.2906357246000801,0.035725441424636586,LSTM
S21,0.24640281146331167,0.3252094239578417,0.4039076042088512,0.024480160369995507,ANN
S22,0.20772740490160319,0.3833377221740129,0.38699632907558257,0.021938543848800136,ANN
S23,0.23670323477988578,0.23940785352436672,0.4970843899891884,0.02680452170655882,ANN
S24,0.32769634442727597,0.2906302516426345,0.34777560972918553,0.03389779420090302,ANN
S25,0.36753822041155493,0.2974197265823607,0.2793170519656741,0.055725001040410706,LSTM
S26,0.35928895164908276,0.3224883439210554,0.265968631093775,0.05225407333608663,LSTM
S27,0.3313562837593353,0.2575187597533039,0.36053699081360285,0.050587965673757895,ANN
S28,0.28159787637720357,0.3488899512702773,0.32789576418555966,0.04161640816695987,1D-CNN
S29,0.6705345885707892,0.16584127393177087,0.1423237254406971,0.021300412056742827,LSTM
S30,0.49841555373073193,0.1505787381338772,0.32609620462246575,0.024909503512925462,LSTM
S31,0.36160557397738513,0.33803365205471414,0.2643073426333564,0.036053431334544216,LSTM
S32,0.4221776310908704,0.3017074209434046,0.22816708491328955,0.047947863052435646,LSTM
S33,0.42332158818221927,0.2756179147229454,0.25065527018877326,0.050405226906062126,LSTM
S34,0.3548591252199397,0.31730090415780005,0.2784450750924044,0.049394895529856736,LSTM
S35,0.33953922773233,0.295764210945425,0.31080948451347257,0.05388707680877242,LSTM
S36,0.2940643298281518,0.35166917214503157,0.3102117197263512,0.044054778300465426,1D-CNN
S37,0.29275034456291593,0.3472216565995181,0.31952734293785834,0.040500655899707964,1D-CNN
S38,0.32258425019989256,0.30280507258590234,0.33258692370426296,0.04202375350994243,ANN
S39,0.3259859400921531,0.3121509156007633,0.31590048808752114,0.04596265621956231,LSTM
S40,0.3261416010546773,0.32334760549792413,0.30207615531602006,0.04843463813137875,LSTM
S41,0.32546417963427343,0.3144177485124838,0.31357603738945355,0.0465420344637895,LSTM
S42,0.31421845273477994,0.3210125196937671,0.31928238745627324,0.04548664011517902,1D-CNN
S43,0.3369274895703378,0.2986373032314275,0.3185582889427059,0.04587691825552939,LSTM
S44,0.3175791713312563,0.32179349990355455,0.31956078791056874,0.04106654085462079,1D-CNN
S45,0.303469858354756,0.3422767547088413,0.3161361666350288,0.038117220301374086,1D-CNN
S46,0.30246486515924625,0.3206756980684604,0.3354156453812529,0.041443791391040825,ANN
S47,0.3065408168856771,0.3138145624111621,0.3348474688085919,0.0447971518945691,ANN
S48,0.3409249757667109,0.3192138314689387,0.2900815646492243,0.04977962811512654,LSTM
S49,0.34785419763036557,0.3071982548013285,0.29503981559365927,0.04990773197464655,LSTM
S50,0.36164446328819566,0.2448333387001986,0.34252193442277334,0.051000263588832855,LSTM
S51,0.7585258437523608,0.07289123528181847,0.1284404526153953,0.040142468350425585,LSTM
S52,0.3686778705074485,0.30143013551321934,0.294048891545736,0.03584310243359704,LSTM
S53,0.35193543605486893,0.25855245954411815,0.33804262338330116,0.05146948101771193,LSTM
S54,0.2414858218879147,0.5559124923193844,0.16732371815502128,0.035277967637680145,1D-CNN
S55,0.33997215506377243,0.34979375073661756,0.27017725679926574,0.040056837400343784,1D-CNN
S56,0.29262522524972023,0.4359957655027053,0.23716245291326385,0.03421655633430998,1D-CNN
S57,0.40118686513787916,0.33661645079488955,0.20984292886249156,0.052353755204739505,LSTM
S58,0.3522034530415695,0.39743560539067574,0.20010238296915758,0.05025855859859651,1D-CNN
S59,0.3791096451994319,0.27501746375905595,0.29062657974170764,0.05524631129980363,LSTM
S60,0.3143953334052621,0.26273707690043335,0.3754889309302063,0.047378658764097525,ANN
S61,0.4380840069565912,0.1755223664509608,0.32068195412473627,0.06571167246771197,LSTM
S62,0.39240613454457,0.18317583332778406,0.36365800068117615,0.06076003144646969,LSTM
S63,0.23625195637980229,0.3037630729704064,0.4171535273202689,0.042831443329522566,ANN
S64,0.2732133303589384,0.33047064236014145,0.35461762150435455,0.041698405776565924,ANN
S65,0.4032940748523336,0.23406851446327095,0.31764446808528074,0.044992942599114495,LSTM
S66,0.3707934506755491,0.26922985406886524,0.3240778998963207,0.035898795359265094,LSTM
S67,0.274998557678008,0.3647881451997047,0.3279815746013805,0.03223172252090623,1D-CNN
S68,0.23132827398441588,0.40570730260002275,0.3335066194363442,0.029457803979217795,1D-CNN
S69,0.25139353714639223,0.34597382299430907,0.36758911047733744,0.035043529381961584,ANN
S70,0.28963278162281575,0.3260457611059281,0.3382260863644883,0.04609537090676677,ANN
S71,0.2713363710674031,0.36374779041327626,0.3223554633170165,0.042560375202303866,1D-CNN
S72,0.28218088989435425,0.33885358442639185,0.3378106253921288,0.04115490028712509,1D-CNN
S73,0.2883529292028418,0.3734663260750559,0.301277570636754,0.03690317408534762,1D-CNN
S74,0.303074024082508,0.31454649086937764,0.3413057829500555,0.04107370209805927,ANN
S75,0.3244839463119031,0.3098294229532877,0.3178533578849008,0.04783327284990898,LSTM
S76,0.319642750321726,0.3442948940439747,0.28427747910879064,0.05178487652550896,1D-CNN
S77,0.34311270728210713,0.32965914243717775,0.27375043624451423,0.053477714036200996,LSTM
S78,0.17481759460547447,0.49128475709841973,0.2993484050993154,0.03454924319679019,1D-CNN
S79,0.2283351057033925,0.33843464575106125,0.38448751722971103,0.048742731315834856,ANN
S80,0.2697822809885225,0.37073812565241754,0.3098164804320649,0.04966311292699478,1D-CNN
S81,0.3111586476961262,0.3343632949376927,0.3063955468212751,0.04808251054490622,1D-CNN
S82,0.30812912495428246,0.3483682007677241,0.30030417228052797,0.043198501997465284,1D-CNN
S83,0.3030585006003323,0.34799704254535624,0.3038995116828886,0.04504494517142338,1D-CNN
S84,0.30844135592499716,0.3493653376674465,0.29473993533449094,0.04745337107306532,1D-CNN
S85,0.3574218292067786,0.30066343415329877,0.28900628930772154,0.05290844733220082,LSTM
S86,0.33172633080578984,0.3261449032516006,0.29270483035027656,0.04942393559233373,LSTM
S87,0.3004101902197145,0.3088950751482711,0.3466200783548138,0.04407465627720091,ANN
S88,0.3206267782115709,0.2914666882213179,0.33950740285425945,0.048399130712852324,ANN
S89,0.3791709644874277,0.2634724508073898,0.2987085084641694,0.05864807624101212,LSTM
S90,0.3323616427076629,0.2792740352770873,0.33765656865967614,0.05070775335557391,ANN
S91,0.5056728173713408,0.16206025876910782,0.2792062043838587,0.05306071947569273,LSTM
S92,0.4204486437859977,0.26913337144845545,0.2711553723254164,0.03926261244013085,LSTM
S93,0.2611013493359119,0.38635619747555255,0.3210578851580224,0.03148456803051369,1D-CNN
S94,0.27896810576558967,0.3812579779006823,0.3029241263299038,0.03684979000382411,1D-CNN
S95,0.28956051854609977,0.36191988757406035,0.30964784289891173,0.038871750980928634,1D-CNN
S96,0.28433458052574767,0.3468840533543088,0.3307682118002247,0.03801315431971929,1D-CNN
S97,0.32034538051452044,0.3064991961972151,0.3314788902305068,0.04167653305775773,ANN
S98,0.3562015427486193,0.31110627444351363,0.2873144009902835,0.04537778181758376,LSTM
S99,0.36504635904509913,0.27711256013792573,0.30776431656798175,0.05007676424899383,LSTM
S100,0.2971886427294664,0.2893333886067647,0.36917773777582363,0.044300230887945435,ANN
S101,0.4761772566088944,0.16205819188450182,0.2980277494879234,0.06373680201868039,LSTM
S102,0.5362812901247292,0.13915983008547886,0.2679761448568681,0.05658273493292408,LSTM
S103,0.5785532857400011,0.1449625970010791,0.23688560704988532,0.039598510209034314,LSTM
S104,0.4349120574041314,0.21670991385685062,0.3150233562420984,0.03335467249691941,LSTM
S105,0.15338994633392744,0.3534387592573542,0.47491262614471574,0.018258668264002822,ANN
S106,0.08353504931701805,0.6056553351682662,0.29822615033992217,0.012583465174793555,1D-CNN
S107,0.12012702213127487,0.22142136064890555,0.6375701710873303,0.020881446132489268,ANN
S108,0.1374771734248035,0.42845191781352165,0.4082630531004687,0.025807855661205987,1D-CNN
S109,0.1557968781261824,0.41554742528588184,0.402709099738473,0.025946596849462954,1D-CNN
S110,0.3936362645245787,0.2666302275506583,0.29739903768813425,0.042334470236627855,LSTM
S111,0.44864473146716194,0.19084181702032132,0.321831586557289,0.03868186495522889,LSTM
S112,0.5460488313092517,0.18722560430488971,0.22739376518372334,0.03933179920213576,LSTM
S113,0.5169187777035833,0.18621487347830576,0.2552867171106243,0.04157963170748686,LSTM
S114,0.43973358248550276,0.16598941454100424,0.35670137042148425,0.03757563255200904,LSTM
S115,0.2869192242951752,0.3210831321889354,0.36387549221334897,0.028122151302539877,ANN
S116,0.19957907310685677,0.35872973137096076,0.4154918337270715,0.026199361795110378,ANN
S117,0.2801259166015786,0.3159358729134028,0.3794696853037614,0.02446852518125783,ANN
S118,0.31896141824939805,0.29725102804668896,0.35749076155024245,0.02629679215367098,ANN
S119,0.34732693977658896,0.24999877619178654,0.3674919309929007,0.035182353038724724,ANN
S120,0.3237558071245078,0.36437406270872896,0.2788808905185183,0.03298923964824515,1D-CNN
S121,0.32190204375088194,0.3457509352986631,0.30225873818754745,0.03008828276290674,1D-CNN
S122,0.38692489851465156,0.3007770519011409,0.2780162894556829,0.03428176012852383,LSTM
S123,0.3877178963934526,0.2996374408023981,0.2689614790090179,0.04368318379513112,LSTM
S124,0.41634270364449993,0.28723132451043926,0.23943938056939063,0.056986591275670774,LSTM
S125,0.43129867106345476,0.271667238012081,0.22611631982955557,0.07091777109490893,LSTM
S126,0.4314513537539218,0.23094401219695,0.2707369059096322,0.06686772813949553,LSTM
S127,0.2903052681953488,0.34482462162955657,0.3097208576359741,0.05514925253912014,1D-CNN
S128,0.3030904125223182,0.3212082521295196,0.31978591363115977,0.05591542171700229,1D-CNN
S129,0.28743375940385196,0.3396984058746942,0.32160479943164383,0.051263035289810126,1D-CNN
S130,0.3110498710477523,0.31986716911068364,0.3236367001101885,0.045446259731375144,ANN
S131,0.34637350519024585,0.3092500689734041,0.2960002242954369,0.04837620154091343,LSTM
S132,0.3525425702708249,0.3144117936339877,0.28095285110900436,0.05209278498618282,LSTM
S133,0.3525730912570391,0.30196476647516146,0.2934802724591138,0.05198186980868555,LSTM
S134,0.34124471927832306,0.3195227816267179,0.30117618030892535,0.03805631878603426,LSTM
S135,0.37241314416351434,0.29971067731105017,0.2940140566020117,0.0338621219234234,LSTM
S136,0.3556760746244532,0.34912884754945595,0.2635151699850561,0.03167990784103462,LSTM
S137,0.43521693658186367,0.28068677579975687,0.22759575175239008,0.05650053586598922,LSTM
S138,0.48151588246836147,0.1933126745480021,0.26322245695919644,0.061948986024440274,LSTM
S139,0.33025694624436597,0.303221151891135,0.31477756360982184,0.05174433825467785,LSTM
S140,0.3126888908307058,0.2987100381461239,0.34174502357809194,0.04685604744507851,ANN
S141,0.3239879626970674,0.2617359168497904,0.3689921155062873,0.045284004946854944,ANN
S142,0.326237245990313,0.2373781573170969,0.39689541857184907,0.03948917812074118,ANN
S143,0.4196368099173576,0.24594432195786323,0.3006706932768074,0.03374817484797225,LSTM
S144,0.34815384868633065,0.29952842584247846,0.31808174973284037,0.03423597573835055,LSTM
S145,0.33159294918629684,0.30809614975240185,0.3200874829143022,0.040223418146998924,LSTM
S146,0.2993051436128662,0.3099920906141194,0.35382941506997434,0.036873350703038835,ANN
S147,0.22737429080464466,0.29305550105185657,0.45404025701846507,0.025529951125034013,ANN
S148,0.2640532395243814,0.3848664715279815,0.32787109345172905,0.023209195495907692,1D-CNN
S149,0.1849544111974435,0.3788697894964567,0.4159071973342815,0.02026860197181836,ANN
S150,0.18873531771930266,0.41386964139706106,0.3757005431804896,0.02169449770314597,1D-CNN
S151,0.257910170825797,0.35299366924988873,0.35202608340544617,0.03707007651886829,1D-CNN
S152,0.43887026172627563,0.24365342135783333,0.26453019774798997,0.052946119167901054,LSTM
S153,0.3650310787898589,0.18759359731243494,0.40091971037030344,0.04645561352740249,ANN
S154,0.3646756192484867,0.29322692968794767,0.29998139966775816,0.04211605139580713,LSTM
S155,0.3327301550403315,0.34633640767213236,0.28010433199655715,0.04082910529097961,1D-CNN
S156,0.32689202810639384,0.32272177719266276,0.3062237310201418,0.04416246368080114,LSTM
S157,0.32784796672116334,0.36583009132116845,0.25814465455612734,0.04817728740154084,1D-CNN
S158,0.29098718748216795,0.30746472021519106,0.35924593062067683,0.04230216168196464,ANN
S159,0.3032616498146696,0.3089500596416602,0.3521034576235375,0.035684832920132824,ANN
S160,0.3451639004658366,0.31175948551709326,0.3023853085843689,0.04069130543270094,LSTM
S161,0.41172920222818116,0.2898929958271878,0.2442402880029395,0.05413751394169195,LSTM
S162,0.45547741812779785,0.21849535254855262,0.2591717906799208,0.06685543864372916,LSTM
S163,0.393684253812327,0.25722820036247496,0.2790226406831356,0.07006490514206241,LSTM
S164,0.30983623291596796,0.35041384961474764,0.27944374926485555,0.060306168204428294,1D-CNN
S165,0.2679289301909889,0.3436132261493241,0.33429206884628765,0.05416577481339952,1D-CNN
S166,0.32500917192149686,0.33935162404786046,0.2964479818461332,0.03919122218451014,1D-CNN
S167,0.3729629500116541,0.33260639756540694,0.2594823405245222,0.03494831189841772,LSTM
S168,0.3751879148626726,0.29219787116486196,0.28413372925370756,0.04848048471875804,LSTM
S169,0.40730190964730023,0.2835744112379847,0.24293125922135914,0.06619241989335563,LSTM
S170,0.459125860174083,0.23954601836393755,0.22148938126504353,0.07983874019693589,LSTM
S171,0.385613467005312,0.31478907305935,0.23607810788580308,0.06351935204953425,LSTM
S172,0.31613710932725414,0.36302128078233986,0.2553143375423569,0.0655272723480492,1D-CNN
S173,0.356445749002823,0.32094145189593565,0.25907950894858117,0.06353329015266017,LSTM
S174,0.359982751712116,0.2891961210863657,0.29394055828853505,0.05688056891298303,LSTM
S175,0.3397521911109402,0.2993228317681532,0.30654053374666496,0.05438444337424177,LSTM
S176,0.30043044075690994,0.24816270155915365,0.40401133361406716,0.047395524069868855,ANN
S177,0.3244098524456459,0.2947127043819045,0.3318217293306705,0.049055713841779626,ANN
S178,0.39019637325319967,0.2684268474602229,0.269616266429386,0.07176051285719173,LSTM
S179,0.28947051568584137,0.300833845239774,0.35957869673238296,0.05011694234200129,ANN
S180,0.23390092923533648,0.28468586147680064,0.4413595875261852,0.040053621761677816,ANN
S181,0.2717514924415252,0.32553230952747775,0.3681777053707696,0.03453849266022787,ANN
S182,0.3658579250790329,0.2522000673980302,0.3460765029001495,0.03586550462278708,LSTM
S183,0.3740189358538733,0.27649237035383295,0.31660020509715564,0.03288848869513774,LSTM
S184,0.26157496274094966,0.27036453699071133,0.44222722909148937,0.025833271176850206,ANN
S185,0.17384608283433756,0.42640990437907467,0.3797034737801351,0.0200405390064534,1D-CNN
S186,0.1774535419630465,0.40406037034805614,0.3935706505459117,0.024915437142985938,1D-CNN
S187,0.25245546318528256,0.32126790896557594,0.39031073433308444,0.035965893516056904,ANN
S188,0.23406433602453333,0.3027909702540713,0.4343843243074018,0.028760369413993597,ANN
S189,0.3156228643999901,0.3121841250527078,0.3397511304728627,0.032441880074439655,ANN
S190,0.28193959980289884,0.28351645525371527,0.4036413558463536,0.030902589097032373,ANN
S191,0.3351134799262364,0.3266451891344765,0.30320248029677427,0.03503885064251304,LSTM
S192,0.3234665467887895,0.2810626471981026,0.3614047587971084,0.03406604721599929,ANN
S193,0.3140606676885216,0.271032566586143,0.3861282358798107,0.0287785298455239,ANN
S194,0.2894132126529557,0.27306094225852273,0.40725663937480644,0.030269205713715167,ANN
S195,0.35828845437143075,0.2941601463828805,0.30414648707030595,0.043404912175382546,LSTM
S196,0.2993835827764307,0.3022097401296466,0.354542058001763,0.043864619092159045,ANN
S197,0.2734788193513848,0.31741937114756447,0.3661480279797639,0.04295378152128788,ANN
S198,0.28515582952061524,0.3265720241788553,0.34813601212777695,0.04013613417275226,ANN
S199,0.395908439875532,0.2263533773191975,0.33944502057611264,0.03829316222915835,LSTM
S200,0.3571932345844454,0.284074974447816,0.3262898117048126,0.03244197926292553,LSTM
S201,0.2534978008409776,0.3465784921877895,0.37441087948510293,0.025512827486130325,ANN
S202,0.23093062845080436,0.3608177827910161,0.3832806940161102,0.024970894742069358,ANN
S203,0.20633716747725886,0.34836988504519006,0.4203720999963271,0.02492084748122494,ANN
S204,0.21273332418677685,0.4015659261040713,0.360292380757625,0.02540836895152627,1D-CNN
S205,0.21623760994325456,0.3518189558030793,0.40398626982960684,0.027957164424058812,ANN
S206,0.24695129153349704,0.32779722596049804,0.38955600021973846,0.035695482286266754,ANN
S207,0.25446549535330415,0.3570209584868614,0.35299421450424234,0.035519331655592325,1D-CNN
S208,0.2875151587953847,0.34509768855609846,0.3341944021735597,0.033192750474956983,1D-CNN
S209,0.41133772161216353,0.23984794526430347,0.31594498959395795,0.03286934352957435,LSTM
S210,0.31504935942266415,0.2614165740906211,0.39515406877482046,0.02837999771189427,ANN
S211,0.2650607545306083,0.32758503975223213,0.3750253274131707,0.032328878303988735,ANN
S212,0.35240867691276617,0.30360176631869384,0.2917180381151384,0.05227151865340243,LSTM
S213,0.3344272900212367,0.3245486224943246,0.2892465105957173,0.05177757688872102,LSTM
S214,0.30516649818570896,0.30717870612208703,0.35598843692213605,0.03166635877006731,ANN
S215,0.39988531615505546,0.21408011638082056,0.3543558484876375,0.03167871897648761,LSTM
S216,0.21533767991249622,0.30649514573012937,0.4564444517108192,0.021722722646555587,ANN
S217,0.27378185971487723,0.3648748589799996,0.32618545566214896,0.0351578256429741,1D-CNN
S218,0.2490093670168505,0.21224919614798884,0.5108872758243386,0.027854161010822536,ANN
S219,0.3149972017162541,0.24987138085142488,0.4027543541628674,0.032377063269454255,ANN
S220,0.3106901641405705,0.2310728403378798,0.42624598323414137,0.031991012287409026,ANN
S221,0.2117125531603327,0.32483432796136746,0.435642963839852,0.027810155038447432,ANN
S222,0.20102603828655058,0.3307397038624802,0.4453772142473918,0.02285704360357738,ANN
S223,0.22282299923730353,0.35238346739359183,0.40307669232323434,0.02171684104587035,ANN
S224,0.31596871969860424,0.3493082676617192,0.3092557702644838,0.02546724237519225,1D-CNN
S225,0.23407939125163763,0.2679806024299831,0.4767544878171586,0.02118551850122103,ANN
S226,0.13458922417964406,0.3340609048844499,0.5153322187688586,0.016017652167046675,ANN
S227,0.10765312820214355,0.5209679870698218,0.3582887301972161,0.013090154530819324,1D-CNN
S228,0.12624994868882702,0.42064665843221977,0.4371983796811656,0.015905013197787924,ANN
S229,0.271443057506613,0.3041434600955049,0.39705193860074617,0.027361543797135568,ANN
S230,0.25964993583949053,0.321175638016582,0.3897356130768712,0.029438813067056195,ANN
S231,0.2666935306543904,0.3726534793255855,0.3301863615947943,0.03046662842522963,1D-CNN
S232,0.3166404884397344,0.3296872104360021,0.32202387323508735,0.03164842788917497,1D-CNN
S233,0.2827937877781845,0.3294297128995751,0.3495709247450737,0.03820557457716641,ANN
S234,0.2942459876873858,0.37066279979723715,0.30153981793046547,0.03355139458491061,1D-CNN
S235,0.2667127013786333,0.31438834649308695,0.3881410146602465,0.030757937468033795,ANN
S236,0.2541117632326225,0.37358076102530385,0.34173872065242517,0.030568755089648746,1D-CNN
S237,0.2557995242136111,0.35960735508672625,0.3534993169979014,0.0310938037017612,1D-CNN
S238,0.2799419942019906,0.345655478517884,0.33462834415985,0.03977418312027437,1D-CNN
S239,0.31029845000982414,0.3280175901477295,0.3191486900318869,0.04253526981056004,1D-CNN
S240,0.2993594734921814,0.31338704729226596,0.3458227743376194,0.0414307048779332,ANN
S241,0.4154275408298783,0.23525882708060655,0.30679272813302216,0.04252090395649287,LSTM
S242,0.38018946845380475,0.23452644952016857,0.35326863618542803,0.03201544584059882,LSTM
S243,0.28071852132014025,0.33457409652135267,0.3550358415745307,0.029671540583976516,ANN
S244,0.3123245771497518,0.4278045663963808,0.23255319657799692,0.02731765987587022,1D-CNN
S245,0.3297762718043377,0.2787866659707934,0.357228844605595,0.03420821761927438,ANN
S246,0.25805650162816296,0.373359649126247,0.33533083213131265,0.03325301711427819,1D-CNN
S247,0.2919248593616661,0.33371420806226326,0.3310398968671126,0.04332103570895933,1D-CNN
S248,0.36882526195208426,0.3278652181521376,0.25338615189666003,0.04992336799911784,LSTM
S249,0.327188194531557,0.3244303726683066,0.30539133635506466,0.04299009644507222,LSTM
S250,0.3179945989247061,0.364685803324474,0.2747157169616963,0.0426038807891239,1D-CNN
S251,0.34012691529961614,0.30077505458606696,0.3131216766072811,0.04597635350703498,LSTM
S252,0.3377759361783187,0.3046327382229299,0.3000886195687962,0.05750270602995494,LSTM
S253,0.3332644832282558,0.3143345513466445,0.2947884959453123,0.05761246947978764,LSTM
S254,0.2791114222847182,0.2889848536151871,0.3852892972139496,0.04661442688614583,ANN
S255,0.34873963614571035,0.22784122343355795,0.3874377396662357,0.035981400754495525,ANN
S256,0.3875953039027172,0.2926625510378161,0.286685543080396,0.033056601979070954,LSTM
S257,0.33086821642213377,0.33672461423129924,0.2997483697681495,0.03265879957841746,1D-CNN
S258,0.35116735758311957,0.3157025788962712,0.28819200572915127,0.04493805779145872,LSTM
S259,0.4567613825918721,0.2155537619596007,0.2584656094470033,0.0692192460015238,LSTM
S260,0.32314974463604507,0.342685931172509,0.2794429428750929,0.05472138131635353,1D-CNN
S261,0.37233998267959967,0.28205644726947077,0.30457803475130973,0.04102553529961974,LSTM
S262,0.369074474238644,0.3479471254976005,0.2451756921435539,0.03780270812020107,LSTM
S263,0.3549682349615486,0.3313948290771654,0.2689769865341612,0.044659949427125326,LSTM
S264,0.3052898225377922,0.3374078109442956,0.31082946654466226,0.046472899973250596,1D-CNN
S265,0.3571502677580493,0.30916274866206406,0.2767325985787561,0.05695438500113128,LSTM
S266,0.3428607878983243,0.30792000091580773,0.2906573499531955,0.058561861232672804,LSTM
S267,0.2704755116965501,0.3947417300902252,0.2862960963353081,0.04848666187791702,1D-CNN
S268,0.3706423314054542,0.3042643343682482,0.27822315661850067,0.04687017760779676,LSTM
S269,0.42299242862380243,0.26924198921540415,0.24673175227992916,0.06103382988086456,LSTM
S270,0.3768980995793241,0.22013875934081817,0.34140633581027774,0.06155680526957929,LSTM
S271,0.3161138673351152,0.29373042696652557,0.336612213483718,0.053543492214640866,ANN
S272,0.32102853494927125,0.30517091461213036,0.3207158715549436,0.05308467888365462,LSTM
S273,0.34272861726051335,0.31337588927605237,0.29580053464003897,0.04809495882339554,LSTM
S274,0.3213249436336526,0.32060933108983536,0.31400561678404626,0.04406010849246555,LSTM
S275,0.3397707375569357,0.32142108045394674,0.29454778505241436,0.044260396936702945,LSTM
S276,0.3401223174003878,0.2839351214814735,0.3269806955094671,0.048961865608671315,LSTM
S277,0.3271870129490788,0.3011486215058704,0.3224654384744744,0.049198927070576666,LSTM
S278,0.3521479194428784,0.27990840616986506,0.3199091262599937,0.04803454812726257,LSTM
S279,0.3190791539456805,0.2855383382425963,0.3581462140342603,0.03723629377746243,ANN
S280,0.2915341842116915,0.33738934084176136,0.33626033862018556,0.03481613632636089,1D-CNN
S281,0.3217604268332903,0.3056776248386734,0.32802812241789764,0.044533825910138346,ANN
S282,0.36701986118145075,0.2689153132368122,0.3096790075664613,0.0543858180152756,LSTM
S283,0.3353372242538933,0.30429891722342045,0.30857789096140836,0.05178596756127757,LSTM
S284,0.3265876304348884,0.30676688733122354,0.3160455943288942,0.05059988790499409,LSTM
S285,0.504929230243498,0.15944845329744128,0.2746637511951193,0.06095856526394208,LSTM
S286,0.5043723348719369,0.1626207327332315,0.2866600818135151,0.04634685058131697,LSTM
S287,0.2941394560700227,0.36792176894762346,0.30716250088568414,0.030776274096670643,1D-CNN
S288,0.28201829600215844,0.4096812602724597,0.27561132317439146,0.03268912055099047,1D-CNN
S289,0.28519472211071584,0.25431435889946374,0.42459075391728457,0.035900165072535545,ANN
S290,0.35302419646868255,0.2971004470964015,0.3018782169236663,0.04799713951124939,LSTM
S291,0.40843522860791354,0.30286643138314595,0.23051639321620115,0.058181946792739435,LSTM
S292,0.3391947147283757,0.30405983143081705,0.3029715148045951,0.05377393903621266,LSTM
S293,0.30527718366924067,0.3208808006444236,0.32059978170497805,0.0532422339813577,1D-CNN
S294,0.4298901516024212,0.2007502973990193,0.3154692966507269,0.05389025434783336,LSTM
S295,0.5111240738759727,0.19571356586004027,0.239389538195902,0.05377282206808465,LSTM
S296,0.40557702217595054,0.26496270229425195,0.2903679044333702,0.039092371096426486,LSTM
S297,0.27587902877031445,0.4257976768029656,0.26741676477913073,0.030906529647588016,1D-CNN
S298,0.36095812890996476,0.2918198049192563,0.2983306388589349,0.04889142731184376,LSTM
S299,0.3234767849233472,0.33723652871645515,0.2933980807445228,0.04588860561567453,1D-CNN
S300,0.3439765519370093,0.32690845209601044,0.2741087367555491,0.05500625921143089,LSTM
S301,0.377223312303842,0.29415035410242946,0.2714014880852521,0.05722484550847614,LSTM
S302,0.31868910029620034,0.3473886669115617,0.28690436850634066,0.04701786428589775,1D-CNN
S303,0.34257511065878615,0.3025699741123665,0.3111564104964541,0.0436985047323937,LSTM
S304,0.36956501772818445,0.27454032253103666,0.29981425146437346,0.0560804082764058,LSTM
S305,0.371353839656339,0.2793183427727859,0.28628750498489314,0.06304031258598178,LSTM
S306,0.3659586679803415,0.2647234895834834,0.31624748813251136,0.053070354303663386,LSTM
S307,0.4306581515354652,0.18833265389524542,0.33626864785648913,0.044740546712800054,LSTM
S308,0.3214728443484575,0.35103252320487416,0.2976247331158646,0.02986989933080393,1D-CNN
S309,0.3019504502656843,0.437775828895298,0.2373642384398464,0.022909482399171233,1D-CNN
S310,0.26561182511496473,0.35559895907156525,0.3506313043344056,0.028157911479064733,1D-CNN
S311,0.5755738539650336,0.13728132189546433,0.210250467281996,0.07689435685750598,LSTM
S312,0.32819188795117116,0.2464575697951341,0.37002183944509737,0.05532870280859689,ANN
S313,0.37783010611450296,0.2748284667532477,0.30033269008551533,0.047008737046733855,LSTM
S314,0.3718116764671737,0.24813312575116622,0.33363957718472864,0.04641562059693119,LSTM
S315,0.3452958874382539,0.28338453827681265,0.3310040498388949,0.040315524446038004,LSTM
S316,0.46580330246111873,0.1775399576740107,0.3147368181580146,0.04191992170685629,LSTM
S317,0.47700184642408694,0.1743851727341556,0.2968043691463674,0.051808611695389944,LSTM
S318,0.4433124893762554,0.22640853842439743,0.28757446129456526,0.04270451090478191,LSTM
S319,0.5101172081059655,0.13640379882726444,0.3154459187806077,0.03803307428616238,LSTM
S320,0.34427645704019005,0.2907670947443674,0.34020914620343085,0.024747302012012695,LSTM
S321,0.3748865445625212,0.3399214274212987,0.25327339311666147,0.03191863489951948,LSTM
S322,0.3507630858526238,0.3098568547169115,0.3027332630519474,0.036646796378517726,LSTM
S323,0.3168642545441701,0.39240193139250457,0.25676163906344646,0.03397217499987958,1D-CNN
S324,0.3254799668207668,0.3253731882604977,0.3050318027265752,0.04411504219216094,LSTM
S325,0.3371867685354797,0.3362282511873113,0.2838994342082323,0.042685546068976905,LSTM
S326,0.3238975589193716,0.34211406666042343,0.29250686385928976,0.04148151056091491,1D-CNN
S327,0.40123222820428345,0.2743797457785446,0.26594399481795167,0.05844403119922013,LSTM
S328,0.3414414519557261,0.28578274491781036,0.3152343885291522,0.05754141459731118,LSTM
S329,0.31986066505161137,0.33619555043320304,0.28803691425145184,0.05590687026373429,1D-CNN
S330,0.3118694078160791,0.3420654652182434,0.2913618086151566,0.054703318350520884,1D-CNN
S331,0.2911952062409455,0.3544030764087268,0.297531484780885,0.056870232569443034,1D-CNN
S332,0.3058435984508244,0.32017261028998095,0.3113178895046204,0.06266590175457376,1D-CNN
S333,0.31258796828037894,0.3335977582370307,0.3118366429434508,0.04197763053913926,1D-CNN
S334,0.3386530345429983,0.33807705522572695,0.28582900149913587,0.03744090873213873,LSTM
S335,0.3612806841980317,0.2976414158566639,0.3038524875715912,0.03722541237371324,LSTM
S336,0.3272710070175451,0.3359020255334855,0.2936914052822373,0.043135562166732005,1D-CNN
S337,0.4910775473349445,0.23637143185037218,0.19796656863705123,0.07458445217763215,LSTM
S338,0.5796327743598418,0.14872980560370647,0.18698980686982858,0.08464761316662293,LSTM
S339,0.23225048727466355,0.38562079333573474,0.3286845719801947,0.05344414740940696,1D-CNN
S340,0.33715419712844236,0.30577430236559,0.29484148911049024,0.06223001139547735,LSTM
S341,0.4218342507067198,0.21667324197248974,0.3211918075960952,0.040300699724695146,LSTM
S342,0.41375795302801066,0.25709075517941277,0.2838978120426663,0.0452534797499102,LSTM
S343,0.40549560273801843,0.2225699765439721,0.32918799734078935,0.042746423377219525,LSTM
S344,0.3783632913935378,0.2844916557559381,0.29487464175466505,0.04227041109585898,LSTM
S345,0.3204855556040192,0.30451949400292444,0.3372884008320865,0.037706549560970005,ANN
S346,0.37277361168383955,0.3175479626789706,0.2704270954170623,0.03925133022012654,LSTM
S347,0.37476141822770603,0.27745023029068583,0.3017329607687844,0.046055390712823996,LSTM
S348,0.3329878609447066,0.294692637956201,0.3198868012530156,0.052432699846076576,LSTM
S349,0.32175248381096394,0.3092222687982163,0.32624602613442216,0.042779221256397874,ANN
S350,0.33224033428638544,0.31123398776846634,0.31291292702751505,0.04361275091763268,LSTM
S351,0.30328612958335927,0.33506002000107327,0.318282026363056,0.043371824052511554,1D-CNN
S352,0.3146501028600251,0.33134715993453534,0.30864103673113874,0.04536170047430102,1D-CNN
S353,0.3636547338753594,0.30709902200255584,0.27665287615705403,0.05259336796503011,LSTM
S354,0.3614471921949072,0.29082105853669266,0.2919248355913239,0.05580691367707591,LSTM
S355,0.3148085192107798,0.33712871003390055,0.296277102145811,0.05178566860950911,1D-CNN
S356,0.2936358339097301,0.3558811220535858,0.30347169512599953,0.04701134891068419,1D-CNN
S357,0.29293109295732855,0.3813764682982475,0.2792246240700721,0.04646781467435173,1D-CNN
S358,0.3242669191328929,0.3157848135757128,0.3098760587549055,0.050072208536488874,LSTM
S359,0.3042805670802251,0.35323689477402975,0.29634301897968435,0.04613951916606059,1D-CNN
S360,0.37356811942749196,0.31745989211927234,0.2483741004108718,0.06059788804236352,LSTM
S361,0.41713979037279597,0.21179593742056016,0.30499416675881413,0.06607010544783003,LSTM
S362,0.2258279113052536,0.3464246120928887,0.3815771186075976,0.0461703579942601,ANN
S363,0.25037996598130763,0.20424802140898474,0.48279969607756784,0.06257231653213967,ANN
S364,0.29484566498777504,0.17577416760475384,0.47652542949187654,0.0528547379155943,ANN
S365,0.42552107080537954,0.23904783534000265,0.29546684435897547,0.03996424949564214,LSTM
S366,0.43821000292639806,0.14995863579670698,0.3706745215786461,0.04115683969824836,LSTM
S367,0.2889052515840814,0.32152342740019696,0.35980199354890213,0.0297693274668195,ANN
S368,0.2914580248140732,0.2915214784679178,0.3802299898844894,0.03679050683351849,ANN
S369,0.27779061360569907,0.2573274325751049,0.42460115150651073,0.040280802312685736,ANN
S370,0.24112478218516856,0.3284045092592261,0.3946159439051787,0.03585476465042619,ANN
S371,0.2459632049622863,0.4578533136775004,0.2658524857446773,0.0303309956155357,1D-CNN
S372,0.3080819441834006,0.38144665105732645,0.27661456059218326,0.03385684416708992,1D-CNN
S373,0.34417264926916685,0.27495858904236853,0.3408215894934498,0.0400471721950161,LSTM
S374,0.40943464359217446,0.2677032698539988,0.2756236242314143,0.04723846232241277,LSTM
S375,0.5035858777601079,0.20325865780926913,0.233330188837149,0.0598252755934738,LSTM
S376,0.39511228625572825,0.21861473997914643,0.3386822213886701,0.047590752376454395,LSTM
S377,0.40540350281415133,0.19704388099365056,0.3501259103895409,0.047426705802656885,LSTM
S378,0.4179644399892063,0.23094993549878404,0.3030697451493088,0.0480158793627006,LSTM
S379,0.36023288425594846,0.2669340933402184,0.32759558057445753,0.045237441829376016,LSTM
S380,0.32942731390574004,0.2803145939685392,0.3389094578574902,0.05134863426823005,ANN
S381,0.31142863879079763,0.26178966374647067,0.39342611255091364,0.03335558491181889,ANN
S382,0.4055963000557936,0.19292597137426054,0.37070165751626877,0.0307760710536774,LSTM
S383,0.2609633313748576,0.29099045580804606,0.42031909097707343,0.027727121840023232,ANN
S384,0.1699015441165993,0.3593413271467201,0.4473524522737409,0.023404676462940012,ANN
S385,0.21764146189281466,0.36239578327444927,0.3864933674736949,0.03346938735904117,ANN
S386,0.24815120268666382,0.32004136419264045,0.3960536686422908,0.03575376447840476,ANN
S387,0.4029602262788392,0.20266721349568748,0.3533824141597408,0.0409901460657321,LSTM
S388,0.43430000878536157,0.19365352479484124,0.33848096695067903,0.0335654994691182,LSTM
S389,0.23312314717053778,0.3159463669838559,0.42564882010851424,0.025281665737091872,ANN
S390,0.1823808784942307,0.49950354537546565,0.2995696538902821,0.018545922240020895,1D-CNN
S391,0.3646441610843585,0.3148469043497199,0.2919641781956989,0.028544756370221955,LSTM
S392,0.22921963412430083,0.3586973785992315,0.38814884116455145,0.023934146111916466,ANN
S393,0.1666767070753755,0.3753853467828458,0.4416677231905719,0.01627022295120693,ANN
S394,0.23910583502414134,0.37570486739398873,0.35786935194529096,0.027319945636579048,1D-CNN
S395,0.30249069890803737,0.4030205454055597,0.255404278577969,0.03908447710843394,1D-CNN
S396,0.28517490634910353,0.32072835247919257,0.35650972466219516,0.03758701650950869,ANN
S397,0.29667838115785106,0.302884962330265,0.36185464371278847,0.03858201279909544,ANN
S398,0.3681202046336408,0.25560393674432547,0.33237345408165686,0.04390240454037713,LSTM
S399,0.30693372600457036,0.30667844849725956,0.34605179308919415,0.0403360324089769,ANN
S400,0.3143571852269839,0.3088232694034107,0.3394846624098681,0.037334882959737616,ANN
S401,0.33602412021730677,0.30933503615348856,0.3184786508505993,0.03616219277860505,LSTM
S402,0.2798251457930004,0.31321170552717104,0.37254338699813444,0.034419761681694236,ANN
S403,0.28392184946546606,0.3842900743959477,0.3007259506677393,0.031062125470847267,1D-CNN
S404,0.2535282009365534,0.28288974759487534,0.4333592440628707,0.030222807405700533,ANN
S405,0.19925930077775766,0.39496593336794106,0.3819967991851984,0.023777966669102264,1D-CNN
S406,0.20789772301717796,0.36798295482714133,0.3985342659549815,0.025585056200698283,ANN
S407,0.21676356795760876,0.32990480258797805,0.4228681464460011,0.03046348300841219,ANN
S408,0.25342652221164397,0.3482963999260973,0.36237921424798203,0.0358978636142767,ANN
S409,0.2692101357549061,0.3239985813735264,0.36918450309841805,0.037606779773149426,ANN
S410,0.30887489955033165,0.2779119462160783,0.3754609138288442,0.0377522404047457,ANN
S411,0.4509652165655822,0.19032059235451448,0.31794233338944555,0.0407718576904582,LSTM
S412,0.3279936596729292,0.27618731364255794,0.3657591185334356,0.030059908151077938,ANN
S413,0.2050504153878803,0.37085122723732705,0.4007673773145476,0.023330980060245893,ANN
S414,0.17769507359126288,0.3864528269772221,0.4152404999801933,0.02061159945132187,ANN
S415,0.18526600526051215,0.29779324106790345,0.49221533774288634,0.02472541592869737,ANN
S416,0.19784174818720246,0.316565482847023,0.46104157101156645,0.024551197954208515,ANN
S417,0.240456775470139,0.39478465537485774,0.3296737189474516,0.035084850207551976,1D-CNN
S418,0.2926511506507941,0.33810111727501824,0.3325964494241318,0.036651282650055815,1D-CNN
S419,0.27647864977842185,0.3127224833014878,0.3759006018885494,0.03489826503154107,ANN
S420,0.29049151993844424,0.3526727899362447,0.32574903836167923,0.031086651763631595,1D-CNN
S421,0.4110553665696598,0.2491265338919902,0.30686385823137724,0.03295424130697311,LSTM
S422,0.29012568573148473,0.24102070460597919,0.43984959002561036,0.029004019636925966,ANN
S423,0.2732614896326865,0.35054649080316164,0.34497218206947095,0.031219837494681036,1D-CNN
S424,0.2803043100386193,0.2820800189421077,0.40404701793925185,0.03356865308002112,ANN
S425,0.34353548527236366,0.30394063550430767,0.30432537337418114,0.0481985058491473,LSTM
S426,0.348286348147671,0.29164580384713057,0.32624062186203306,0.03382722614316532,LSTM
S427,0.41447271296340515,0.25015469861510586,0.304004763607161,0.031367824814328676,LSTM
S428,0.4103905718482894,0.2746507974286139,0.28735421932104227,0.0276044114020544,LSTM
S429,0.30433895951589635,0.3797454883112043,0.2866020236700765,0.029313528502822647,1D-CNN
S430,0.33145614376694743,0.34897070551714016,0.28324090529081636,0.036332245425095826,1D-CNN
S431,0.3750708455175442,0.3630263743497051,0.226091796909632,0.03581098322311881,LSTM
S432,0.3866935467649662,0.29123434266079157,0.2647463281421774,0.05732578243206496,LSTM
S433,0.4525179137226303,0.25871212222442114,0.2300529013841859,0.05871706266876266,LSTM
S434,0.4190670781927218,0.27075958877281336,0.24609103093237242,0.06408230210209208,LSTM
S435,0.381879646414008,0.27544824124940537,0.2780007204476077,0.06467139188897916,LSTM
S436,0.3132274510909165,0.3338777130103491,0.2963002754734552,0.056594560425279536,1D-CNN
S437,0.2986289745799999,0.3482509013485268,0.2984865848983219,0.05463353917315198,1D-CNN
S438,0.28626700569297825,0.38037322328362194,0.28437648448674246,0.048983286536657566,1D-CNN
S439,0.3170727205248378,0.33951056574771504,0.29331440969857964,0.050102304028866694,1D-CNN
S440,0.3439261714250126,0.3111387532728127,0.29143256258382744,0.05350251271834718,LSTM
S441,0.3694428370409842,0.2908119311717203,0.2786662464155192,0.061078985371775495,LSTM
S442,0.3847959946194321,0.2878944355470788,0.2640973744807635,0.06321219535272578,LSTM
S443,0.30187157793124136,0.31781416451118183,0.3273945206608124,0.052919736896764095,ANN
S444,0.2879363570968916,0.3368517262362798,0.3220404564540912,0.053171460212737685,1D-CNN
S445,0.2883012342466234,0.2998029430841717,0.35895012322796693,0.052945699441237414,ANN
S446,0.2907154876950862,0.270785457284414,0.39231425484421073,0.04618480017628894,ANN
S447,0.4523276812551959,0.21454697551978727,0.29042020119788103,0.04270514202713678,LSTM
S448,0.4471342042541208,0.2758402918968334,0.2475237687658487,0.029501735083197967,LSTM
S449,0.3008187218371515,0.3350010206814472,0.3360656644930319,0.028114592988368388,ANN
S450,0.1966991900340689,0.36689467997106723,0.409238490318936,0.02716763967592669,ANN
S451,0.22264104497100973,0.3456250400518404,0.3957369157548355,0.035996999222314564,ANN
