Segment,1D-CNN,ANN,BiLSTM,LSTM,Selected
S1,0.33856454014233206,0.26887022577519143,0.32515731380908597,0.06740792027339058,1D-CNN
S2,0.32489925928149804,0.31595908111332854,0.2934905282542038,0.06565113135096973,1D-CNN
S3,0.30223960392138194,0.3463741441488452,0.2843832841756782,0.06700296775409462,ANN
S4,0.2739017069726132,0.31417583877551286,0.37295361193728727,0.0389688423145867,BiLSTM
S5,0.31643012565366085,0.25834890328465066,0.3775011746737454,0.047719796387944054,BiLSTM
S6,0.35746096644945896,0.3117224429799521,0.28304738261797396,0.047769207952614925,1D-CNN
S7,0.3215773269936393,0.3687137902091288,0.25577309387118957,0.053935788926043046,ANN
S8,0.26675725358243824,0.31238085090596596,0.36581701648742104,0.05504487902417498,BiLSTM
S9,0.28802693088190234,0.28849785309820347,0.37497976081644535,0.04849545520344883,BiLSTM
S10,0.2774891740064409,0.37586281481589606,0.3079663976590186,0.03868161351864394,ANN
S11,0.2576957038665417,0.3598053362392898,0.36216503860039134,0.02033392129377611,BiLSTM
S12,0.20361304254691034,0.4303818624995216,0.3476804640612012,0.018324630892366623,ANN
S13,0.20214448853322536,0.47001296634157874,0.29476137212485914,0.033081173000336486,ANN
S14,0.31330197955877553,0.4315374918747048,0.2100560774929646,0.04510445107355454,ANN
S15,0.4430878664005587,0.32404152845977546,0.19387050353045013,0.03900010160921511,1D-CNN
S16,0.35817754907209004,0.388425004743615,0.22306474276530658,0.030332703418988027,ANN
S17,0.2888928938610006,0.31665734461094897,0.3526337690810729,0.04181599244697713,BiLSTM
S18,0.2947148641748924,0.31069073027862393,0.35460795935508654,0.03998644619139675,BiLSTM
S19,0.33592540598210546,0.3137233918019478,0.2984658992447826,0.05188530297116418,1D-CNN
S20,0.3096985359742762,0.26702226504385956,0.3443399702640603,0.0789392287178038,BiLSTM
S21,0.38427032141870515,0.4008260507191041,0.1769798276633801,0.037923800198809844,ANN
S22,0.3865088990842061,0.433189840401892,0.15094517429783438,0.029356086216067653,ANN
S23,0.2539153568485677,0.5178489297320709,0.19359962426930769,0.03463608915005402,ANN
S24,0.32638763027977796,0.35620490738298183,0.2645099779458503,0.05289748439139023,ANN
S25,0.28656041968936574,0.3042060067051672,0.36376240181521213,0.04547117179025495,BiLSTM
S26,0.3058073637264108,0.2774715584180359,0.36241609763448973,0.05430498022106352,BiLSTM
S27,0.18622156120960756,0.4112317013271118,0.35922862512080433,0.04331811234247658,ANN
S28,0.3492401169475455,0.29469926950956604,0.31776478870982516,0.038295824833063534,1D-CNN
S29,0.3109479036229339,0.25969456750605613,0.2801778025046591,0.14917972636635077,1D-CNN
S30,0.23258331831444773,0.41504103663014047,0.23991329520058446,0.11246234985482717,ANN
S31,0.36884755371417655,0.27957529709862605,0.27288189838537613,0.07869525080182144,1D-CNN
S32,0.3981332479996705,0.21725935368778992,0.30828211521808135,0.07632528309445855,1D-CNN
S33,0.3213943753946062,0.26653871920880245,0.33440981903760786,0.0776570863589837,BiLSTM
S34,0.3285831304535551,0.2859750627939758,0.34063779748106665,0.044804009271403475,BiLSTM
S35,0.28522948344155746,0.30673410049199157,0.36689376989514916,0.041142646171302075,BiLSTM
S36,0.37987730384525403,0.2555830187103336,0.32821621351837016,0.03632346392604292,1D-CNN
S37,0.3777555751636118,0.31015192060111096,0.27149761001918554,0.040594894216092775,1D-CNN
S38,0.2827696498931353,0.39630393357714383,0.2694776131465186,0.05144880338320214,ANN
S39,0.28274757158191105,0.3190102462703547,0.34372874631512046,0.05451343583261421,BiLSTM
S40,0.32772032214443875,0.26803928501115204,0.36040825371805696,0.043832139126352636,BiLSTM
S41,0.334974189291185,0.3015186675763034,0.31290961303545667,0.050597530097054956,1D-CNN
S42,0.3232891807248134,0.2950431041173383,0.33741782430257994,0.044249890855268946,BiLSTM
S43,0.2925677666740688,0.32315953825816807,0.33883826218806773,0.04543443287969539,BiLSTM
S44,0.34271287223025376,0.32517711984396114,0.2862254898991544,0.04588451802663112,1D-CNN
S45,0.40948242247147487,0.2993792540919223,0.23187358282612788,0.059264740610474584,1D-CNN
S46,0.331756375762777,0.35510381193300095,0.26263625017891373,0.05050356212530827,ANN
S47,0.2929841750218913,0.34461278772644305,0.3207129247929445,0.04169011245872123,ANN
S48,0.30261360900089546,0.2571836182488151,0.38901985356645075,0.05118291918383884,BiLSTM
S49,0.2986283225979668,0.2887125516751247,0.36332075666863295,0.04933836905827585,BiLSTM
S50,0.3097307123595221,0.3303390659370401,0.3182958615749831,0.04163436012845564,ANN
S51,0.1758064005531463,0.2367040384662047,0.4036652454780271,0.1838243155026219,BiLSTM
S52,0.397925980953756,0.30964222406392333,0.23375543699087822,0.05867635799144214,1D-CNN
S53,0.35451322597851204,0.2870486586973863,0.3105425592810233,0.04789555604307846,1D-CNN
S54,0.6598873334154783,0.11623811222508809,0.1921216464360998,0.03175290792333414,1D-CNN
S55,0.39611105291201176,0.28144370913419553,0.25694858868317555,0.06549664927061673,1D-CNN
S56,0.458523886553281,0.31794745751211756,0.17293309257227082,0.05059556336233064,1D-CNN
S57,0.41844322051942767,0.19814044961481783,0.3216321071477517,0.061784222718002414,1D-CNN
S58,0.4382063105093822,0.20319692929761196,0.3126106327276587,0.045986127465347186,1D-CNN
S59,0.28152678303586814,0.3071810172588093,0.3575786644237744,0.053713535281548645,BiLSTM
S60,0.25334290199618964,0.40103234449752867,0.3031911847702871,0.042433568735994534,ANN
S61,0.20571510720032135,0.32747625657479007,0.4123705527534895,0.05443808347139923,BiLSTM
S62,0.1867357787998375,0.32638637881294036,0.4538874386550326,0.03299040373218945,BiLSTM
S63,0.20966108384974577,0.5204851274269471,0.26084619848230217,0.009007590241004861,ANN
S64,0.21910595039510966,0.2484778727550409,0.5233127434742778,0.009103433375572812,BiLSTM
S65,0.23287224511855217,0.4187035038478687,0.32176898802968795,0.026655263003890768,ANN
S66,0.28697342293164485,0.3503438256141017,0.3085542838869597,0.05412846756729343,ANN
S67,0.39640959337861614,0.28497975706521295,0.2731676625187337,0.04544298703743774,1D-CNN
S68,0.5111706600175125,0.2744073973071186,0.18596367011973933,0.028458272555629188,1D-CNN
S69,0.3351960424387867,0.41647336226525056,0.21511800414618407,0.03321259114977804,ANN
S70,0.2715838521815552,0.32818703001724614,0.3639168361197249,0.0363122816814739,BiLSTM
S71,0.3801680047024821,0.2897036371608745,0.30105634951766125,0.02907200861898221,1D-CNN
S72,0.38346106496408994,0.32775276144709986,0.25479467409441997,0.03399149949439015,1D-CNN
S73,0.46033470763784173,0.2828825055827402,0.21360314328943378,0.0431796434899844,1D-CNN
S74,0.316696950959031,0.3809402551084788,0.25650162592257314,0.04586116800991701,ANN
S75,0.2942244237013361,0.32618167565954054,0.32884478337120815,0.050749117267915575,BiLSTM
S76,0.31686365796832694,0.27697667513891117,0.36319456462079713,0.04296510227196457,BiLSTM
S77,0.3235877000148887,0.27411462097239264,0.35513141943222953,0.04716625958048854,BiLSTM
S78,0.4480420858805239,0.32775525837935165,0.2004883657733621,0.02371428996676273,1D-CNN
S79,0.2949503391003666,0.3723988146078461,0.2946734832903752,0.03797736300141287,ANN
S80,0.3437196860774044,0.28199839821532585,0.3311309046275937,0.04315101107967562,1D-CNN
S81,0.43541751877584595,0.24927657052464344,0.2598669766788929,0.0554389340206176,1D-CNN
S82,0.45755691169278306,0.24441141424080343,0.24769545783482963,0.05033621623158335,1D-CNN
S83,0.3991857165323432,0.2766606681657558,0.2889617815315993,0.035191833770301745,1D-CNN
S84,0.3764181491582046,0.28549569611060394,0.3075079815878775,0.030578173143313087,1D-CNN
S85,0.29945166384099203,0.3133987529411562,0.3340778611828919,0.05307172203496047,BiLSTM
S86,0.4147103141117586,0.21318444741939926,0.32538468088814665,0.04672055758069578,1D-CNN
S87,0.3137238699410461,0.33568386674632705,0.31738940673189164,0.03320285658073508,ANN
S88,0.21091616215608627,0.2946460583731687,0.45747832615521017,0.036959453315535136,BiLSTM
S89,0.19786638197734352,0.21605088692344268,0.5412822527574817,0.04480047834173208,BiLSTM
S90,0.20715424376955702,0.32772168550783953,0.43013935318151314,0.0349847175410907,BiLSTM
S91,0.21495584087326342,0.32938708375558334,0.37925950376162837,0.07639757160952453,BiLSTM
S92,0.3359798951873027,0.29767580166777446,0.30729807581808655,0.05904622732683665,1D-CNN
S93,0.46493033044979576,0.3397548628153935,0.1691233826050955,0.026191424129716184,1D-CNN
S94,0.4657729022579488,0.2732920110298868,0.2266994244422494,0.03423566226991552,1D-CNN
S95,0.44397091951656537,0.28873569501557483,0.2286655169008365,0.038627868567023174,1D-CNN
S96,0.4119572898933152,0.3467580786754427,0.2025277118380561,0.03875691959318629,1D-CNN
S97,0.3257532602560267,0.3580419245397548,0.26629273350945887,0.04991208169475951,ANN
S98,0.3314934209943482,0.2957184733398013,0.3165890866547253,0.05619901901112527,1D-CNN
S99,0.2783398010769419,0.3237257004455847,0.34853941983529707,0.04939507864217661,BiLSTM
S100,0.2369427853142574,0.4622238371536126,0.26673926727072783,0.03409411026140267,ANN
S101,0.2253897689224193,0.3307773939659052,0.40701672219734764,0.0368161149143284,BiLSTM
S102,0.1669006487404901,0.22470197838590567,0.5742998027831704,0.03409757009043309,BiLSTM
S103,0.23761125408788364,0.3202831300105852,0.3803357665026363,0.06176984939889452,BiLSTM
S104,0.304097486334867,0.34720250249473816,0.2825556981489937,0.06614431302140142,ANN
S105,0.4313743571665855,0.407690696696256,0.13483658794685588,0.026098358190302776,1D-CNN
S106,0.6192000820231425,0.27496270877386436,0.09236225637534894,0.013474952827644493,1D-CNN
S107,0.26313985186072464,0.5349375488189696,0.18067665846233633,0.02124594085796975,ANN
S108,0.36590645338589217,0.36430301515316343,0.2441384895942667,0.02565204186667763,1D-CNN
S109,0.369611347274546,0.35658033703387415,0.2468020836247235,0.02700623206685581,1D-CNN
S110,0.2960434630531914,0.314291707861543,0.3339482270096909,0.05571660207557489,BiLSTM
S111,0.2489171757396665,0.41269189423382024,0.28538712549557405,0.05300380453093877,ANN
S112,0.2959640861482955,0.28325661389167694,0.3330770180094244,0.08770228195060308,BiLSTM
S113,0.29311351079251907,0.34374951929609204,0.2991049716955258,0.06403199821586279,ANN
S114,0.23585808924810348,0.39975021574075303,0.29902253641070814,0.06536915860043548,ANN
S115,0.31396801270106095,0.3512161106541458,0.2865335115962502,0.04828236504854279,ANN
S116,0.3603105160659884,0.4192380846365948,0.19127555767789556,0.029175841619521626,ANN
S117,0.32242949854267244,0.4245781606471471,0.20306104271541434,0.049931298094766,ANN
S118,0.28749388248072955,0.39991965902695503,0.24999293376625298,0.06259352472606272,ANN
S119,0.24191401857782835,0.4581508080077331,0.24715869957133615,0.052776473843103494,ANN
S120,0.3537689830355705,0.25134513541829806,0.3505156565070499,0.044370225039082056,1D-CNN
S121,0.42232125227310524,0.28931252750251146,0.2354443838156234,0.052921836408759915,1D-CNN
S122,0.38005548297550434,0.34050793029855597,0.21040959027384984,0.06902699645208986,1D-CNN
S123,0.35672123203379075,0.3493731707923041,0.22588260948252284,0.06802298769138237,1D-CNN
S124,0.4910098433780303,0.2027441832278988,0.2590002487849025,0.0472457246091681,1D-CNN
S125,0.32047177230275053,0.24454293244670747,0.3878208882938759,0.047164406956666655,BiLSTM
S126,0.2627369170001332,0.2985579985591052,0.38224071838697615,0.0564643660537853,BiLSTM
S127,0.3315072746991388,0.294921805682643,0.33875920858203395,0.03481171103618333,BiLSTM
S128,0.2894563833022618,0.3299601808554074,0.34223077402183855,0.03835266182049222,BiLSTM
S129,0.331071336668821,0.343894071635742,0.2904359182236172,0.03459867347182016,ANN
S130,0.3070839939665587,0.369981798745423,0.27620633781732484,0.04672786947069362,ANN
S131,0.28827248521353527,0.2857976107710282,0.37104171865416885,0.054888185361268174,BiLSTM
S132,0.27963021723565046,0.26298983482979743,0.4079538815209418,0.04942606641361062,BiLSTM
S133,0.30962955764854094,0.2685379248629528,0.37267695095206393,0.04915556653644288,BiLSTM
S134,0.3613811642832437,0.3127869092087891,0.2662099930646402,0.059621933443327106,1D-CNN
S135,0.341814950625683,0.3213881660804233,0.26898598878804786,0.0678108945058454,1D-CNN
S136,0.435868266401664,0.27015687669623933,0.22499235090654737,0.06898250599554984,1D-CNN
S137,0.3512667035682438,0.24778223715353534,0.33709631532285117,0.06385474395537015,1D-CNN
S138,0.2472351439527448,0.3084598983851825,0.377842494582393,0.06646246307967989,BiLSTM
S139,0.2971799989968954,0.32298521016447806,0.33582986420212324,0.044004926636503926,BiLSTM
S140,0.2895349879257862,0.32542792735097986,0.34242290254629276,0.04261418217694069,BiLSTM
S141,0.22350683234099822,0.39167663716087825,0.34450249633741864,0.040314034160704885,ANN
S142,0.29384283261879923,0.42368975312076707,0.2543949406426969,0.028072473617737008,ANN
S143,0.35203860078929944,0.34110100969283386,0.25541489130013395,0.051445498217733615,1D-CNN
S144,0.29054487969086706,0.30962112503888195,0.34158694542876755,0.05824704984148355,BiLSTM
S145,0.2878961501497426,0.24514980112127202,0.42380531020522344,0.043148738523762394,BiLSTM
S146,0.280263695611091,0.23838461675585562,0.44723378376775885,0.034117903865294605,BiLSTM
S147,0.2610669259114828,0.49663478749320544,0.20268364905690733,0.03961463753840379,ANN
S148,0.42884744389629403,0.3136652274283038,0.18995232106297846,0.06753500761242383,1D-CNN
S149,0.4197966865140409,0.41466352053794037,0.13183184412863566,0.03370794881938288,1D-CNN
S150,0.4465132524799684,0.3659617860450839,0.15289866352482262,0.034626297950124486,1D-CNN
S151,0.3416143284113745,0.3354323916168731,0.2855114566607756,0.03744182331097664,1D-CNN
S152,0.2779291369644353,0.29285879785171565,0.36619442132909613,0.06301764385475281,BiLSTM
S153,0.18087684654344938,0.44254956881203583,0.32720018527923866,0.04937339936527643,ANN
S154,0.31483887904240926,0.3062397376098798,0.3195253659365903,0.05939601741112018,BiLSTM
S155,0.39008121518321737,0.27034092601560555,0.28728323703385,0.052294621767327465,1D-CNN
S156,0.3382052794915411,0.30349008220161916,0.3085513068411861,0.04975333146565415,1D-CNN
S157,0.38590765682173545,0.19819809609195319,0.3739816929350175,0.04191255415129443,1D-CNN
S158,0.27932146009504377,0.44851436069625,0.23974309453168025,0.03242108467702576,ANN
S159,0.3027389018799568,0.4717259485552758,0.18464901703593228,0.04088613252883514,ANN
S160,0.3188797950696126,0.38161907152169694,0.23796025292729706,0.0615408804813939,ANN
S161,0.39484048888944573,0.2369765640681191,0.3061498314370294,0.062033115605406,1D-CNN
S162,0.22956776738804754,0.3308994568166995,0.3799365259191844,0.05959624987606854,BiLSTM
S163,0.21565517548560312,0.2674202409769422,0.4700370262924136,0.04688755724504077,BiLSTM
S164,0.27684670888602725,0.20962421904053938,0.47582951022144043,0.03769956185199219,BiLSTM
S165,0.26779623858403406,0.3051630640803579,0.39434173920102705,0.0326989581345809,BiLSTM
S166,0.365242792048356,0.3166550747406951,0.2582827485918248,0.059819384619124144,1D-CNN
S167,0.37623126892142156,0.2702258972806771,0.25274267559135727,0.10080015820654434,1D-CNN
S168,0.34112372324653734,0.2976370600812994,0.29335949158904295,0.06787972508312055,1D-CNN
S169,0.37140644077159113,0.2046207585536536,0.37204187780142545,0.05193092287332994,BiLSTM
S170,0.18766763304168732,0.16688739957796753,0.6000219400204604,0.045423027359884315,BiLSTM
S171,0.3174178806484887,0.24306388324600395,0.37420119321775624,0.06531704288775093,BiLSTM
S172,0.3155335379246662,0.21666777802720377,0.42162773826909344,0.04617094577903677,BiLSTM
S173,0.28520442297433135,0.2571106524840101,0.40471425158381513,0.05297067295784328,BiLSTM
S174,0.28649843023689436,0.2700679690339757,0.3955247911132264,0.04790880961590376,BiLSTM
S175,0.2835522901748644,0.30752885953301856,0.36197749744772256,0.046941352844394504,BiLSTM
S176,0.1785745676761374,0.46629410924818415,0.3230086142326412,0.032122708843036835,ANN
S177,0.2930708172144279,0.3051572105270518,0.3654410267097538,0.03633094554876703,BiLSTM
S178,0.17244512228531128,0.17300055642358403,0.6174837236678589,0.03707059762324607,BiLSTM
S179,0.2036190673228202,0.365711196460068,0.4019386225034144,0.02873111371369665,BiLSTM
S180,0.2039109160771043,0.3494369063107138,0.43472015142369513,0.01193202618848629,BiLSTM
S181,0.22004652482440573,0.3818763674150625,0.3821247036635467,0.01595240409698519,BiLSTM
S182,0.20480300952142694,0.4235881297845036,0.33252834576106033,0.03908051493300979,ANN
S183,0.2666056682196294,0.42884451838562704,0.2543404766946373,0.050209336700106015,ANN
S184,0.29240313512045074,0.48584084586586107,0.17810735206236214,0.04364866695132584,ANN
S185,0.3808713047612819,0.3612685161176922,0.22662424362386413,0.031235935497162134,1D-CNN
S186,0.3996450119844233,0.33766016681780975,0.23032863660828906,0.03236618458947826,1D-CNN
S187,0.2779574054345908,0.35491112951067133,0.32801050129886505,0.03912096375587242,ANN
S188,0.28310964321818566,0.43206166229478543,0.2457779480412698,0.039050746445758566,ANN
S189,0.3467916910507778,0.3258946305761466,0.28053968382299876,0.04677399455007663,1D-CNN
S190,0.2788596126382111,0.40264954579409595,0.28184392563598054,0.03664691593171339,ANN
S191,0.370917024745917,0.2922816674917646,0.2854201290530314,0.05138117870928721,1D-CNN
S192,0.3272462768949782,0.38262700146010065,0.24620299709293622,0.04392372455198505,ANN
S193,0.28244693688815065,0.48341305444342186,0.18823240086723844,0.04590760780118937,ANN
S194,0.29070183738065297,0.46845531417316283,0.20064380843834564,0.040199040007838596,ANN
S195,0.30857657979166925,0.3400358824312855,0.29823895258298927,0.05314858519405579,ANN
S196,0.2680342584406068,0.34725373718151714,0.3430168966090458,0.041695107768829974,ANN
S197,0.275877258706522,0.36264376715715024,0.32442235825268945,0.03705661588363904,ANN
S198,0.2858269904494329,0.3378643505577851,0.33977389808421443,0.03653476090856826,BiLSTM
S199,0.3078042830718577,0.33328839774924157,0.31214108604268864,0.046766233136211977,ANN
S200,0.31394353180777956,0.2702753441452808,0.37169376786910024,0.04408735617784,BiLSTM
S201,0.21272087944194326,0.5517641712020481,0.21116634648181767,0.024348602874190668,ANN
S202,0.37926764416247294,0.3563599566393756,0.22236578349504493,0.042006615703106744,1D-CNN
S203,0.3160175878600069,0.4439251404807113,0.2038346961034724,0.03622257555580985,ANN
S204,0.43438048794424733,0.34101230937855503,0.18730153556079632,0.03730566711640192,1D-CNN
S205,0.3426891889811999,0.40175612666476035,0.2223069645248622,0.033247719829178915,ANN
S206,0.2927321253140716,0.3912142102477835,0.28017629534303684,0.035877369095107706,ANN
S207,0.33145996550033435,0.34513931949855553,0.2869858621276534,0.03641485287345735,ANN
S208,0.3997623672510373,0.31633828203589653,0.24326135509899532,0.04063799561407139,1D-CNN
S209,0.3874369131097277,0.3512519950907307,0.19858892249315727,0.0627221693063841,1D-CNN
S210,0.30129892710601325,0.43078372185978875,0.21401589968763376,0.05390145134656372,ANN
S211,0.31843506144190326,0.3582859255858776,0.2821895762617616,0.04108943671045727,ANN
S212,0.27232033263881716,0.2586087392985668,0.4213436529685732,0.0477272750940426,BiLSTM
S213,0.3058270555327289,0.267444501505541,0.3806181177012808,0.04611032526044932,BiLSTM
S214,0.42529544787896684,0.3525383926219987,0.186062194751635,0.0361039647473991,1D-CNN
S215,0.30188175513032556,0.35579782967882984,0.27891361134139486,0.06340680384945042,ANN
S216,0.28906842111713016,0.4584939791322313,0.22065532537899263,0.031782274371645346,ANN
S217,0.36611537442013836,0.31553021973672857,0.2782461603895269,0.04010824545360575,1D-CNN
S218,0.21657926943004532,0.5435093964343057,0.20350790189423226,0.036403432241417115,ANN
S219,0.26099966002519287,0.45129994027745185,0.2450427992430442,0.04265760045431093,ANN
S220,0.24970360248509912,0.407329883533262,0.2930976899525984,0.04986882402904102,ANN
S221,0.2508004358233812,0.35179108570710027,0.37027632271306543,0.02713215575645223,BiLSTM
S222,0.30961543957469445,0.43725846490427445,0.21759375167498476,0.035532343846046574,ANN
S223,0.3682986913926877,0.38176546721392135,0.21286835717302485,0.03706748422036622,ANN
S224,0.4677148600735281,0.30918985443159275,0.16500320928142437,0.05809207621345524,1D-CNN
S225,0.32018695391323376,0.4663345712130415,0.16890315267851316,0.04457532219521096,ANN
S226,0.3417066075370925,0.46149026414265193,0.17507624022375703,0.02172688809649902,ANN
S227,0.5090704978622911,0.34072398150387023,0.12770540472778572,0.022500115906053757,1D-CNN
S228,0.3802529746384322,0.42953266000770485,0.16776520013177967,0.022449165222083154,ANN
S229,0.29707596374868406,0.42644226543930813,0.22555601039413248,0.05092576041787505,ANN
S230,0.32463522905879094,0.3631769611393129,0.27601736944932914,0.0361704403525672,ANN
S231,0.3948703334815755,0.32444721294042356,0.238426218350134,0.04225623522786715,1D-CNN
S232,0.3251406987075428,0.32871213194568727,0.28911006927331045,0.057037100073459884,ANN
S233,0.31519558986429225,0.32521582571509033,0.3227557833268159,0.03683280109380244,ANN
S234,0.43682627602344165,0.2677201472620611,0.25553716715572317,0.039916409558773784,1D-CNN
S235,0.32241982796357277,0.42834899762300377,0.21398965612275567,0.035241518290667656,ANN
S236,0.41757813966920343,0.33016847733743404,0.21488610325095037,0.037367279742411816,1D-CNN
S237,0.36075836040896775,0.3878950854760359,0.21436475041335298,0.036981803701642786,ANN
S238,0.32230162612898827,0.30926646329979635,0.3269135640493001,0.04151834652191488,BiLSTM
S239,0.3172922125767135,0.30565833697243233,0.32979738057103214,0.04725206987982202,BiLSTM
S240,0.3100159123878325,0.3308596323148675,0.31321337218941075,0.045911083107889286,ANN
S241,0.29617474169746566,0.3089893336399123,0.34422055782243066,0.050615366840190974,BiLSTM
S242,0.249330952715463,0.39468992256347996,0.2851775310837166,0.07080159363734058,ANN
S243,0.3517523333058452,0.38225410225126205,0.21649500536499605,0.04949855907789641,ANN
S244,0.5510455568502759,0.20395671954193725,0.17671942759626258,0.06827829601152464,1D-CNN
S245,0.3202316591326445,0.37099066000507847,0.23621925226147666,0.0725584286008001,ANN
S246,0.3829590201307341,0.3537376769828501,0.2268586790931108,0.03644462379330449,1D-CNN
S247,0.32919579189876275,0.32681339105211876,0.30402972434320935,0.039961092705909494,1D-CNN
S248,0.33046265161789945,0.26506367606294684,0.35053445646939546,0.05393921584975903,BiLSTM
S249,0.4035803074420398,0.28517970612365845,0.2683392203542586,0.04290076608004247,1D-CNN
S250,0.45963393276916864,0.2352304382994952,0.2623939815565584,0.04274164737477826,1D-CNN
S251,0.29858871213684185,0.32583296407991896,0.32274423414084435,0.05283408964239477,ANN
S252,0.2767092557257684,0.27941824283445144,0.400060830536859,0.04381167090292095,BiLSTM
S253,0.2903246192688886,0.262389484743669,0.402738128308054,0.04454776767938794,BiLSTM
S254,0.23639683478758947,0.41051216025458254,0.3265940800795828,0.026496924878245287,ANN
S255,0.23260447275793894,0.4749270367302157,0.23799211601248138,0.054476374499364,ANN
S256,0.33408805187964913,0.31851459924718667,0.26765438253338353,0.07974296633978084,1D-CNN
S257,0.37231198873570903,0.31617959705680876,0.24581010262082748,0.06569831158665468,1D-CNN
S258,0.34829432771209784,0.33403081719675654,0.2609209206659988,0.05675393442514632,1D-CNN
S259,0.20092075533109158,0.2623577840355977,0.4786818170390297,0.05803964359428084,BiLSTM
S260,0.3423483121944185,0.215154310341567,0.40217370930380886,0.04032366816020529,BiLSTM
S261,0.3099357543074788,0.3183275127088751,0.301465608695355,0.0702711242882913,ANN
S262,0.42843583213558767,0.25683086138436,0.2325272240020247,0.08220608247802767,1D-CNN
S263,0.4085079549126458,0.2546489673883395,0.2779506290267699,0.05889244867224523,1D-CNN
S264,0.3268883171941129,0.36037511921737514,0.27499129817495366,0.03774526541355863,ANN
S265,0.2986562471687558,0.23238629394254834,0.416153086477421,0.052804372411274766,BiLSTM
S266,0.2782715814832694,0.2660367138267038,0.40869471771791704,0.046996986972110154,BiLSTM
S267,0.36568695335072415,0.2824897919070424,0.31299180558285294,0.038831449159380575,1D-CNN
S268,0.3221505361654275,0.2832544127412986,0.320259765291154,0.0743352858021196,1D-CNN
S269,0.31571465005862276,0.22548815055591565,0.3963802139919275,0.06241698539353417,BiLSTM
S270,0.19578798160708943,0.3499346877479416,0.41213543240927575,0.04214189823569398,BiLSTM
S271,0.21214751023263986,0.28456071135462024,0.4732422572445744,0.030049521168165873,BiLSTM
S272,0.24202648225968637,0.2769580222043698,0.4469987360730696,0.03401675946287456,BiLSTM
S273,0.31413894897025396,0.29404941654705,0.3313687300333868,0.06044290444930963,BiLSTM
S274,0.31308653153365734,0.34759815911567016,0.28714489657001563,0.05217041278065655,ANN
S275,0.33892406455915425,0.27759016799906505,0.3302157447311443,0.05327002271063608,1D-CNN
S276,0.2595979533262394,0.35807624877008165,0.33761627413770107,0.044709523765977914,ANN
S277,0.2965046565916778,0.26070411204571703,0.4018536016273078,0.040937629735297604,BiLSTM
S278,0.38247072605922405,0.2697560275845233,0.31249629567061443,0.03527695068563858,1D-CNN
S279,0.31037487951245124,0.45926476088098234,0.19682882503162397,0.03353153457494189,ANN
S280,0.3633136646764182,0.33104107568073654,0.25074856010121505,0.05489669954163009,1D-CNN
S281,0.2909195123823802,0.32723627459809035,0.3320987310244787,0.04974548199505103,BiLSTM
S282,0.24661592775793756,0.30684073749279606,0.3953351573376419,0.05120817741162459,BiLSTM
S283,0.2622160489783559,0.251552258042637,0.44187362052166623,0.044358072457340095,BiLSTM
S284,0.26815728710975895,0.29100833060574793,0.39897595403158725,0.04185842825290635,BiLSTM
S285,0.19598705273361755,0.2652557137913699,0.47278812124675257,0.06596911222825994,BiLSTM
S286,0.2119416303932974,0.33438064166845566,0.38166521891514216,0.07201250902310541,BiLSTM
S287,0.44474217728338156,0.3092096152211171,0.2064445115819203,0.03960369591358008,1D-CNN
S288,0.49509917114516205,0.26028020655793044,0.20351943936153374,0.041101182935373744,1D-CNN
S289,0.25763274049502544,0.5091737191060711,0.1914963408976585,0.041697199501245154,ANN
S290,0.2955228771913639,0.32166230778039234,0.3272876545886744,0.055527160439569574,BiLSTM
S291,0.29712396916046085,0.2491566180180768,0.4007905596212811,0.052928853200181696,BiLSTM
S292,0.2792481242738188,0.32691923009320406,0.35164782873015726,0.04218481690282031,BiLSTM
S293,0.3631205587223915,0.28909452670071,0.31582617079092984,0.031958743785968954,1D-CNN
S294,0.2102307847118047,0.37332508563787087,0.35961788889370866,0.056826240756615416,ANN
S295,0.2925174032453156,0.2690059332824615,0.36196516896060915,0.0765114945116138,BiLSTM
S296,0.47541423853767084,0.2741777903348724,0.19678041029953774,0.053627560827919,1D-CNN
S297,0.49671983526872393,0.2643202061672964,0.17783611346174968,0.06112384510223034,1D-CNN
S298,0.2580670413104451,0.47933695472645926,0.22366856576517594,0.03892743819791923,ANN
S299,0.3903215115224461,0.27847752521643293,0.2912446544019032,0.039956308859217596,1D-CNN
S300,0.2977086484615826,0.2667837644576169,0.39747306223277296,0.03803452484802701,BiLSTM
S301,0.31734228910679024,0.27621008448827716,0.35759270169421353,0.048854924710719144,BiLSTM
S302,0.40539408621971085,0.27561390913218226,0.27671140733672284,0.042280597311384546,1D-CNN
S303,0.3053911771532854,0.3361202802742863,0.303573728735961,0.054914813836468214,ANN
S304,0.24526133100058706,0.21777971487936942,0.48863136200166335,0.04832759211838058,BiLSTM
S305,0.24657953000164382,0.23056852888673357,0.48231644873025153,0.04053549238137067,BiLSTM
S306,0.2399117131268149,0.3023934212194617,0.41539980325724307,0.04229506239648025,BiLSTM
S307,0.22855392585747622,0.3684594648246666,0.3275125417307596,0.07547406758709764,ANN
S308,0.43044353961508386,0.3131870242049406,0.2123298532180285,0.04403958296194673,1D-CNN
S309,0.6043336398906302,0.2025924415110737,0.15462517195587167,0.03844874664242449,1D-CNN
S310,0.34718187422654434,0.45641395079960545,0.1538422267038181,0.04256194827003295,ANN
S311,0.19600132238321927,0.28405781630116206,0.4453432324720832,0.07459762884353535,BiLSTM
S312,0.2644638248613558,0.3273040207418079,0.3694105192108875,0.0388216351859491,BiLSTM
S313,0.3033799209518691,0.31704210318636317,0.32236732076931873,0.0572106550924492,BiLSTM
S314,0.28696250192471295,0.332708530015406,0.32614732812906405,0.05418163993081704,ANN
S315,0.2874398868230028,0.3424757784936094,0.3224045489593257,0.04767978572406238,ANN
S316,0.16740025964891173,0.3909249457595925,0.38518131926717303,0.05649347532432285,ANN
S317,0.1955558598024246,0.26374628171543074,0.48288019306160473,0.05781766542053932,BiLSTM
S318,0.23921986894159178,0.31430043274859626,0.3886547856426306,0.05782491266718144,BiLSTM
S319,0.1793302580405675,0.36300687753933725,0.36709411452629553,0.09056874989379984,BiLSTM
S320,0.3248220297621518,0.3617281630280751,0.24025255100162646,0.0731972562081472,ANN
S321,0.4421860393135171,0.24681501202348502,0.23134225840050424,0.07965669026249343,1D-CNN
S322,0.3937704128059581,0.31439360533789934,0.23261413111543022,0.05922185074071219,1D-CNN
S323,0.5704181704607431,0.2133237904506008,0.16778188548628087,0.04847615360237518,1D-CNN
S324,0.3080820354632661,0.45478630592759145,0.20679665212636164,0.030335006482781177,ANN
S325,0.4106336816103553,0.3006395422779301,0.24524751334936745,0.0434792627623472,1D-CNN
S326,0.3766800921863234,0.31902911202854806,0.2554857718373003,0.048805023947827965,1D-CNN
S327,0.264356312534778,0.3067929498069771,0.37227747603147043,0.05657326162677457,BiLSTM
S328,0.2717763196672795,0.3060870018555546,0.3760729857080464,0.04606369276911909,BiLSTM
S329,0.3132720909080837,0.28914809791650825,0.3541883714993519,0.043391439676056714,BiLSTM
S330,0.3221678859954561,0.2714517916296672,0.357319165999778,0.049061156375098294,BiLSTM
S331,0.28830339853128134,0.24447773720125845,0.4236360239271504,0.043582840340310264,BiLSTM
S332,0.2607107070721974,0.2509133089768783,0.45548257737669523,0.03289340657422853,BiLSTM
S333,0.33071199011744157,0.3301942944413011,0.2917455146961648,0.04734820074509221,1D-CNN
S334,0.36822018323238037,0.3096287540648876,0.2532165486212544,0.06893451408147731,1D-CNN
S335,0.3953750561309131,0.31319596616277584,0.2317622534530674,0.059666724253244194,1D-CNN
S336,0.3732301036912225,0.3054460693416827,0.27783052382209505,0.043493303145000294,1D-CNN
S337,0.22984299171940054,0.19912957293012096,0.5090366016968393,0.06199083365363885,BiLSTM
S338,0.17013610756307124,0.1882223486683419,0.5699634457302128,0.07167809803837388,BiLSTM
S339,0.36140730867235626,0.3145382836475935,0.30678158090642016,0.01727282677362995,1D-CNN
S340,0.2908833329741334,0.24401074470489312,0.43307925372183026,0.03202666859914355,BiLSTM
S341,0.2589641221239625,0.3181566431886029,0.37058150222933395,0.052297732458100765,BiLSTM
S342,0.2472112370275924,0.24767053236647973,0.44726364333654806,0.05785458726937964,BiLSTM
S343,0.16225210232654116,0.35769398289366466,0.4410185053120964,0.0390354094676973,BiLSTM
S344,0.30182144408288564,0.2833000596161625,0.35602315681659125,0.05885533948436057,BiLSTM
S345,0.3328199987984371,0.3286212614938101,0.29224606482826804,0.04631267487948429,1D-CNN
S346,0.35883995572204275,0.28876928919583356,0.2756424849615239,0.07674827012059995,1D-CNN
S347,0.25900399942153157,0.32671084189141236,0.33981199947048024,0.07447315921657603,BiLSTM
S348,0.2479202622620743,0.3412755215097589,0.37756905159981985,0.033235164628346706,BiLSTM
S349,0.3515718888199495,0.33378388414034627,0.26750570723771566,0.04713851980198889,1D-CNN
S350,0.3089834896341857,0.30847311367868613,0.32524547931709163,0.057297917370036186,BiLSTM
S351,0.3668368277925635,0.3162068951444399,0.27197067620365156,0.04498560085934511,1D-CNN
S352,0.40392525233427035,0.3114633342725386,0.2419592721013027,0.04265214129188865,1D-CNN
S353,0.3137989342211309,0.27719754977428046,0.34855190309559236,0.060451612908995776,BiLSTM
S354,0.33177667827627794,0.2487009999433556,0.37247143046754694,0.04705089131282025,BiLSTM
S355,0.3134041765702748,0.2582766754759291,0.3866700823809252,0.041649065572871014,BiLSTM
S356,0.334527480524743,0.2921229596425235,0.32119891093756525,0.05215064889516793,1D-CNN
S357,0.4061972574774087,0.3371326459669396,0.21925544015567372,0.037414656399977674,1D-CNN
S358,0.3619755320823247,0.3069951209882248,0.2836364994034489,0.04739284752600188,1D-CNN
S359,0.33841416310252,0.3002479396064911,0.3106247947951701,0.05071310249581858,1D-CNN
S360,0.2565346250553119,0.21897055426757894,0.4777805071130294,0.04671431356407958,BiLSTM
S361,0.19464535549875553,0.2677156207711245,0.48945241574090836,0.04818660798921114,BiLSTM
S362,0.27864970794102023,0.2796286656939782,0.4314634393089601,0.010258187056043125,BiLSTM
S363,0.2578474467903584,0.3304620066904297,0.3968392525818875,0.014851293937323711,BiLSTM
S364,0.1148015208910564,0.49409226050666616,0.36631289306900117,0.02479332553327636,ANN
S365,0.24778241749298835,0.4043933610752501,0.30571528367865625,0.04210893775310519,ANN
S366,0.1796247735573819,0.44017278414364924,0.3196412753884176,0.060561166910550975,ANN
S367,0.28793439308237195,0.3850637584224553,0.2715294743655144,0.05547237412965847,ANN
S368,0.23458947793600554,0.39411583174663967,0.32520461351838864,0.0460900767989667,ANN
S369,0.2480323718572088,0.3336285053537471,0.38085104346558174,0.03748807932346267,BiLSTM
S370,0.26838990178716166,0.38340603004868296,0.31402725139887544,0.03417681676527986,ANN
S371,0.5005753980901934,0.23854817128673034,0.21629575965621406,0.0445806709668624,1D-CNN
S372,0.4390089813734851,0.2782945141396232,0.2303961122450949,0.052300392241797146,1D-CNN
S373,0.30786500564162506,0.37837526981883846,0.26228815176879805,0.051471572770738626,ANN
S374,0.3024086885677932,0.3083904032680571,0.3307132589004198,0.05848764926373096,BiLSTM
S375,0.24065442655423683,0.26325786677812085,0.42528191155359224,0.07080579511404969,BiLSTM
S376,0.2288051325270834,0.3688650421464389,0.34524120382588774,0.05708862150059052,ANN
S377,0.35926766711800195,0.3294524158712762,0.2621660930100978,0.04911382400062386,1D-CNN
S378,0.26024490228738645,0.3148476165145703,0.3596483142100804,0.06525916698796268,BiLSTM
S379,0.19383875110985324,0.25511341622151235,0.5118919683287011,0.0391558643399336,BiLSTM
S380,0.1930750634414455,0.2108221054825842,0.5669706712649941,0.029132159810975975,BiLSTM
S381,0.19293613187816996,0.5864408722686695,0.18999055120950287,0.030632444643657972,ANN
S382,0.21922391693785995,0.5878083406930484,0.15044433086096548,0.04252341150812657,ANN
S383,0.3764284184712873,0.3730454034783509,0.2176695344516757,0.03285664359868643,1D-CNN
S384,0.3307622181443649,0.41679577185663824,0.2305965877910113,0.021845422207984137,ANN
S385,0.25879243010848346,0.2997620183506485,0.41186285677073625,0.029582694770131864,BiLSTM
S386,0.29134019865526495,0.3917585500223695,0.2792512751826994,0.037649976139666586,ANN
S387,0.2417453571091508,0.37239021569873615,0.3285211720435526,0.05734325514856056,ANN
S388,0.21467502404708436,0.3396065269693735,0.37048088028900816,0.0752375686945337,BiLSTM
S389,0.2711903587510872,0.3286240993935895,0.3710300453073179,0.02915549654800591,BiLSTM
S390,0.5004031798857698,0.308931022054986,0.16226361081719562,0.028402187242048366,1D-CNN
S391,0.3988109277170553,0.29298075162803067,0.21915590518056793,0.08905241547434595,1D-CNN
S392,0.4129600453608272,0.38532109781445656,0.17276505483660165,0.028953801988114827,1D-CNN
S393,0.434777591535773,0.4445677551490134,0.09632636587920361,0.02432828743601003,ANN
S394,0.3856728875749363,0.3540363524972595,0.22133293874755713,0.038957821180248056,1D-CNN
S395,0.4347190362939599,0.2609644362751047,0.26370143021599546,0.04061509721493953,1D-CNN
S396,0.34280271152137237,0.3686982739998055,0.24952569484443954,0.03897331963438306,ANN
S397,0.3070418347254562,0.36665925096995167,0.28403530548032113,0.04226360882427112,ANN
S398,0.2783872108807005,0.34822316217455324,0.3206456295090667,0.052743997435679,ANN
S399,0.30284715761416253,0.36635067565829127,0.28653752489674933,0.04426464183079695,ANN
S400,0.27920393920868475,0.3920627458638431,0.2869812172912697,0.04175209763620299,ANN
S401,0.33423728830675165,0.27377521580414094,0.3460820832623231,0.045905412626784325,BiLSTM
S402,0.2738833625202443,0.35517733317039035,0.33405284767168597,0.03688645663767951,ANN
S403,0.41085357166848496,0.27266240411669485,0.2880593747339131,0.028424649480907498,1D-CNN
S404,0.38604510462319647,0.34543512195043596,0.24254527662129127,0.025974496805076467,1D-CNN
S405,0.3766562308723863,0.4058686965580683,0.18702593161339479,0.030449140956150835,ANN
S406,0.3825291257287385,0.3900533016816182,0.19147001896840105,0.03594755362124212,ANN
S407,0.3088157214251364,0.4197841250674042,0.23793184658940153,0.03346830691805711,ANN
S408,0.32730834043184276,0.34212856944458797,0.290793330885478,0.03976975923809137,ANN
S409,0.2975183391362523,0.35348901098520047,0.30952338286758035,0.03946926701096748,ANN
S410,0.29196482887106984,0.37260560637718987,0.29094018065443045,0.044489384097310805,ANN
S411,0.287957170113083,0.3108628460489018,0.33006946649147434,0.0711105173465408,BiLSTM
S412,0.3100106499549125,0.39167250366651213,0.22813435625380404,0.07018249012477144,ANN
S413,0.3715413095728848,0.4057821459334844,0.19611118547946327,0.02656535901416841,ANN
S414,0.37726394435706334,0.42058245375506265,0.16542115918768457,0.03673244270018974,ANN
S415,0.24779201963596822,0.4742824347357763,0.24452123413834082,0.033404311489914885,ANN
S416,0.3335026950800832,0.4344513732437671,0.1968949545242342,0.03515097715191495,ANN
S417,0.3994104022420681,0.29404223324748024,0.27352229038593695,0.033025074124515545,1D-CNN
S418,0.3265045933145126,0.3266285194259868,0.2996667131779315,0.04720017408156961,ANN
S419,0.29379118043116875,0.3961867106675384,0.2684558319931486,0.04156627690814369,ANN
S420,0.42490186130856883,0.32429756790938846,0.21343697780706192,0.03736359297498109,1D-CNN
S421,0.3388347995819615,0.3427617876424315,0.2540493879988917,0.06435402477671551,ANN
S422,0.254958849026308,0.48552663493635245,0.2208343496301693,0.038680166407170084,ANN
S423,0.375596936905308,0.34084949866238096,0.23890519225170231,0.04464837218060917,1D-CNN
S424,0.23908383977990352,0.4651160859119767,0.2547461575406086,0.041053916767510586,ANN
S425,0.28472870120437616,0.29308841248257744,0.3682576575502175,0.05392522876282895,BiLSTM
S426,0.2995841463563161,0.36693445461557683,0.2671076982663008,0.0663737007618065,ANN
S427,0.27433952240033427,0.3658923307135573,0.2589803752425259,0.10078777164358259,ANN
S428,0.32679873001960613,0.3265150117434825,0.23913996121605055,0.10754629702086073,1D-CNN
S429,0.44630435108196526,0.3147030919070305,0.19027275530475948,0.04871980170624505,1D-CNN
S430,0.4227013044562044,0.24687585922397817,0.2803893826806567,0.05003345363916038,1D-CNN
S431,0.4462408799254609,0.2220256535925528,0.25631321001156826,0.07542025647041851,1D-CNN
S432,0.31548034034515343,0.29429439625119536,0.34735573146680304,0.042869531936847984,BiLSTM
S433,0.31488121750811227,0.29687556082435895,0.31870278040574324,0.06954044126178559,BiLSTM
S434,0.232833565117737,0.31465120934123125,0.38508775723756317,0.06742746830346892,BiLSTM
S435,0.2257679520756046,0.34012442057410774,0.3831443277546299,0.050963299595657485,BiLSTM
S436,0.30756417829207794,0.2271645153077931,0.4063199023980739,0.05895140400205497,BiLSTM
S437,0.35139935386295823,0.25141591252298695,0.34713237488797344,0.05005235872608079,1D-CNN
S438,0.4914994195101908,0.22656604005555567,0.24529942704980956,0.03663511338444387,1D-CNN
S439,0.3509707894060569,0.26318276917806394,0.3400866246210009,0.04575981679487891,1D-CNN
S440,0.37218498937327255,0.2632761072906365,0.32122643618701174,0.04331246714907979,1D-CNN
S441,0.3241862976716208,0.25796955431312596,0.3734109765289221,0.04443317148633078,BiLSTM
S442,0.2970544374985396,0.2831843188466388,0.3734692278474977,0.04629201580732356,BiLSTM
S443,0.2842909043693887,0.34221798336349685,0.3471952851976888,0.02629582706942538,BiLSTM
S444,0.2662970964155933,0.25362492806069326,0.4636101646375475,0.016467810886166608,BiLSTM
S445,0.11090153242542428,0.40032093876328095,0.4763546633256739,0.012422865485620284,BiLSTM
S446,0.22861572223742976,0.4559572965207842,0.2988575225952978,0.016569458646488525,ANN
