Segment,1D-CNN,ANN,BiLSTM,LSTM,CNN-LSTM,GRU,Selected
S1,0.17991794615765197,0.1389177811773489,0.1705222415512656,0.25972225931536486,0.24007689566567364,0.010842876132699655,LSTM
S2,0.17392062104736086,0.17158978265431607,0.15653268727980985,0.24537131351215247,0.23889098006819492,0.013694615438166155,LSTM
S3,0.1525802728813352,0.18103961314556877,0.14154649006721381,0.23469469759240788,0.27765941913805237,0.012479507175422393,CNN-LSTM
S4,0.1672772841688617,0.1950056848399154,0.2013415756726498,0.15816362138172027,0.26682312217924403,0.011388711757607637,CNN-LSTM
S5,0.18157033437665343,0.14397941109916376,0.2101300493712942,0.18604167100844618,0.26704380054518756,0.01123473359925967,CNN-LSTM
S6,0.22399413266774787,0.1927932790912464,0.16714473605902208,0.2015086184595221,0.20259010845037237,0.011969125272089251,1D-CNN
S7,0.18079781381404528,0.22244554535864572,0.1535088160250328,0.2415385250142196,0.19033340722987122,0.011375892558185966,LSTM
S8,0.15951066099278313,0.1930151944951035,0.22423884465221333,0.24413312602410298,0.16470687155510344,0.014395302280694659,LSTM
S9,0.17006685766215504,0.16541995656093234,0.23699076710647096,0.21210047402617,0.20205754478996435,0.01336439985430412,BiLSTM
S10,0.1795802498157262,0.2505863169712764,0.2037548425419658,0.17672317787300112,0.17941850460216474,0.009936908195863963,ANN
S11,0.18759972154951873,0.27802260629288755,0.256470507265163,0.12153438910759155,0.15002625457866078,0.00634652120616884,ANN
S12,0.1454325048517687,0.3130791203272008,0.2232694591901126,0.11972194552524607,0.19279728743211536,0.005699682673558492,ANN
S13,0.11488284580795417,0.2633361764367653,0.15818830922324156,0.1642931569645244,0.29298900378913023,0.0063105077783824366,CNN-LSTM
S14,0.1875876136187546,0.3059840305896982,0.12301801252400349,0.20203274780878316,0.1738995824183009,0.0074780130404625165,ANN
S15,0.3269779484293366,0.24345386030913238,0.11971100911122243,0.1703392647151075,0.13081443090757477,0.008703486527630817,1D-CNN
S16,0.26304838508693745,0.292866233891945,0.14568544316034276,0.13970157858078341,0.14834365152100545,0.010354707758983412,ANN
S17,0.182532901915368,0.20694234093636796,0.21973470360355718,0.1814285312056733,0.19636669992700004,0.01299482241203265,BiLSTM
S18,0.17768815367498436,0.19650652667483234,0.2067464164444139,0.1615261256638727,0.24602430166317102,0.011508475878729059,CNN-LSTM
S19,0.17601464695755056,0.1614833775633328,0.13956410578255388,0.17840356103085347,0.33591894385477766,0.008615364810932986,CNN-LSTM
S20,0.08484697344190222,0.0755363207401446,0.0890116378117129,0.1621567473122721,0.5832951617961386,0.005153158897827616,CNN-LSTM
S21,0.21792440842553065,0.2521843587396174,0.09103967815746589,0.1453779736761545,0.28599559178433165,0.007477989216896942,CNN-LSTM
S22,0.2558543012715279,0.2773720265859141,0.08869434175899786,0.12556843240216964,0.24280279165564378,0.009708106325753038,ANN
S23,0.14568954675553347,0.3344422247305458,0.1104453283997057,0.14105086410660264,0.25651692352802336,0.011855112479590634,ANN
S24,0.20157127106575645,0.2351208747848172,0.16074130048626156,0.23734317732197469,0.14930929198991252,0.01591408435127965,LSTM
S25,0.18862795417894943,0.197405933651959,0.24974346652504875,0.22060760895355658,0.13016863402632078,0.013446402664164863,BiLSTM
S26,0.1960785744091549,0.17937189499108916,0.2405062440689689,0.25157335012480636,0.12104032750854607,0.011429608897434105,LSTM
S27,0.11838994524486618,0.30131257454021376,0.2535780901094982,0.21916163310327358,0.10165550597430549,0.005902251027844838,ANN
S28,0.21611547901640088,0.18791848800549454,0.17707513369535813,0.15663973931191671,0.2572783326139843,0.004972827356847359,CNN-LSTM
S29,0.04797158081843411,0.037449596915384305,0.04064886292189714,0.33606799700593604,0.5363072597876108,0.0015547025507386503,CNN-LSTM
S30,0.0768138161661736,0.20135832972573503,0.0838717523705991,0.5006398722947035,0.1328770076372595,0.004439221805528767,LSTM
S31,0.23137098483450416,0.1557901770254962,0.1366924153323504,0.33002815746498415,0.1341915006208916,0.011926764721768757,LSTM
S32,0.20732270102754674,0.10838497903352234,0.15133066931744077,0.2897330758399844,0.22725819344393947,0.015970381337562914,LSTM
S33,0.1317073899384109,0.11047305174759671,0.1402387672214069,0.23129060400283608,0.3710560230670792,0.015234164022667822,CNN-LSTM
S34,0.1945892315513132,0.16390055550955074,0.19849163290933336,0.193088313581926,0.2341932549648398,0.015737011483036797,CNN-LSTM
S35,0.16945944696881657,0.1847223454064055,0.23246764106600806,0.18330492798607495,0.21587147479407987,0.01417416377861227,BiLSTM
S36,0.2503351277781608,0.17108354704455403,0.2102224879817995,0.1670358256219989,0.19040022888075395,0.01092278269273437,1D-CNN
S37,0.24520537941317438,0.1984238801206045,0.17208173550689315,0.1800239785865155,0.19360544710439972,0.01065957926841572,1D-CNN
S38,0.1814205266350703,0.2627847390850125,0.16905429086316767,0.2332929424628042,0.14099851557136672,0.012448985382574513,ANN
S39,0.17449394803050403,0.20080782509936376,0.21714277897774617,0.2486003373382628,0.14682955852082807,0.012125552033294275,LSTM
S40,0.19869436884946276,0.16317355203229097,0.22070059547445445,0.18812982333315764,0.2169956734102283,0.012305986900409726,BiLSTM
S41,0.19229290405941338,0.17274166932856078,0.17866216511321653,0.20106939111214664,0.2431742002005758,0.012059670186085225,CNN-LSTM
S42,0.19943426968486921,0.18646984255290264,0.2042142868509926,0.1895978564176027,0.2063998489905171,0.01388389550311667,CNN-LSTM
S43,0.17183695861207282,0.1945874131921195,0.2028760921186401,0.19739990729372314,0.22282832655934987,0.010471302224093515,CNN-LSTM
S44,0.2008820192508273,0.19046777310471288,0.15928147247097812,0.18654081923092689,0.25388591966703766,0.00894199627551712,CNN-LSTM
S45,0.2552191073220507,0.17411737430145935,0.11848221315096687,0.24195631485409877,0.19932270343367128,0.01090228693775359,1D-CNN
S46,0.20981842917991225,0.23305756398041497,0.15728628220507418,0.20848438252362403,0.17706949367075622,0.014283848440217527,ANN
S47,0.1949584484885393,0.2285780507056382,0.19762225878149672,0.1812466009605824,0.1827798260086417,0.014814815055102029,ANN
S48,0.18852337314899423,0.1604517042543141,0.23122209956773995,0.21254145192723284,0.19239997567174627,0.014861395429972946,BiLSTM
S49,0.18482598557050953,0.18089162750668542,0.22662568008634368,0.21522551649513103,0.18057659153401331,0.011854598807314673,BiLSTM
S50,0.17597482404237472,0.21589960149576373,0.21124768389653878,0.20632964229117856,0.17732406933549677,0.013224178938647777,ANN
S51,0.024882087423507008,0.04399514377260453,0.10702653582867006,0.6514369325581401,0.16935397551281456,0.0033053249042626024,LSTM
S52,0.2664731686484507,0.19057553321385345,0.13652414806815535,0.27803043230921337,0.12061225994783435,0.00778445781249092,LSTM
S53,0.23041265938755776,0.1837299754460056,0.19755058535556133,0.21387599914164113,0.1606087938084449,0.013821986860788404,1D-CNN
S54,0.4441443965533569,0.06988877379651337,0.11688705609922832,0.13118938323064636,0.22724163771487918,0.010648752605375613,1D-CNN
S55,0.043902329417017584,0.028295598827892832,0.02520777446612251,0.05231000618161221,0.8479447788489498,0.0023395122584007476,CNN-LSTM
S56,0.2523971530172463,0.16363970665104013,0.10360094604023024,0.18763700101346234,0.27596174462230066,0.016763448655718483,CNN-LSTM
S57,0.21404125048636416,0.10566984940294034,0.18054241882864283,0.23073564253505535,0.24773853270345958,0.0212723060435375,CNN-LSTM
S58,0.27809104391974687,0.11801432988221701,0.20202132011114907,0.20782161722864956,0.1779239392232428,0.01612774963499511,1D-CNN
S59,0.16802757681187952,0.18924325573566095,0.2294843681635193,0.23873220217758484,0.15919784821923247,0.015314748892120972,LSTM
S60,0.1619708665245815,0.28142468080663346,0.20479858432831488,0.20176355784144584,0.1354245404024499,0.014617770096572506,ANN
S61,0.1073192982521734,0.17998776007584016,0.24356673228175357,0.232380073977975,0.20178156709214606,0.03496456832011241,BiLSTM
S62,0.09805842049121496,0.19335955204693395,0.24339722953026502,0.19022993584885958,0.2507466720249909,0.024208190057733135,CNN-LSTM
S63,0.18790787053073704,0.3594297910328328,0.20133060623548799,0.10955595642940537,0.1320938714201204,0.009681904351416786,ANN
S64,0.2058880326559291,0.23322490813484842,0.33787788420309484,0.10524395607100677,0.1111483675549034,0.006616851380221454,BiLSTM
S65,0.1417317827331528,0.257770051985146,0.21296272121699764,0.18304811992675518,0.19689287922731466,0.007594444910637083,ANN
S66,0.17389645887519417,0.22358257575818866,0.17854354984873272,0.2576037734018549,0.15816272039746976,0.008210921718552118,LSTM
S67,0.27440448521566874,0.20009552830769894,0.16407253642484074,0.2014026363658683,0.1498661966820517,0.010158617003874899,1D-CNN
S68,0.36124313973960326,0.18855652294129596,0.11286326532472404,0.12458425821711644,0.20440229752746222,0.008350516249799583,1D-CNN
S69,0.19420402375823984,0.23761264217748007,0.11844509712574904,0.12768328768427922,0.31158019930201725,0.010474749952237477,CNN-LSTM
S70,0.16622438258911448,0.19376299976529596,0.2129481369099806,0.15153298421949446,0.26212887316686545,0.01340262334924886,CNN-LSTM
S71,0.24709893448179762,0.18998718286318586,0.1904639968691865,0.134824189948729,0.22589147345202798,0.011734222385075528,1D-CNN
S72,0.22879924918104033,0.1975164104391261,0.15102232849634342,0.140988904328575,0.2710790424414452,0.010594065113468488,CNN-LSTM
S73,0.26948881215426485,0.1661711881485551,0.1257939081883318,0.1742794955909743,0.2517908800965379,0.012475715821337644,1D-CNN
S74,0.19895978931269356,0.24418547822073897,0.16182430584741384,0.19794429896869326,0.1828141543082135,0.014271973342248178,ANN
S75,0.19338089881918347,0.2123296239860784,0.21443684759367868,0.22760311692807733,0.13793934637596544,0.014310166297014693,LSTM
S76,0.21874834809073818,0.1825102326340023,0.24722905271360748,0.2004871306998462,0.13786355068396067,0.01316168517784764,BiLSTM
S77,0.2095091134962881,0.1705059788424197,0.2337638664167753,0.2127592645647387,0.1601804929064499,0.013281283773328975,BiLSTM
S78,0.3611295846266086,0.24996020165269373,0.15605283520400215,0.12738465789752715,0.08828122019008533,0.01719150042908374,1D-CNN
S79,0.19713103565775383,0.2726043615403833,0.217528360623839,0.18435671302358886,0.11304299158343617,0.015336537570997783,ANN
S80,0.21541395194527213,0.18033046893140675,0.21177068090554763,0.18481567766073045,0.19312879977829,0.014540420778752861,1D-CNN
S81,0.2771810948026371,0.13236081429791485,0.13672647882867126,0.236018567678318,0.20621222114955026,0.011500823242908813,1D-CNN
S82,0.2980689769427991,0.14056672368382622,0.13556006485272332,0.22317644757539948,0.1914657216617155,0.011162065283533865,1D-CNN
S83,0.2615456596712025,0.18433175006147623,0.1893191831147504,0.1667384432214009,0.1874710052831699,0.01059395864800215,1D-CNN
S84,0.2506681337353654,0.19289100243423493,0.20266361449601408,0.14853771862067267,0.1936876616959815,0.011551869017728068,1D-CNN
S85,0.19040345525018043,0.20320835028086195,0.20947439478448518,0.23155143741458686,0.15356583330808635,0.011796528961798171,LSTM
S86,0.2779908586908623,0.1493769269375115,0.21482705877736769,0.21268039331837246,0.13124715674436568,0.013877605531519607,1D-CNN
S87,0.21663026150250833,0.2430428205792697,0.2185760570048466,0.17719870618576483,0.13006716084622016,0.014484993881394875,ANN
S88,0.15640121666172407,0.21244740749418328,0.28613924009101266,0.18776942869399774,0.14091401713110158,0.016328689927982153,BiLSTM
S89,0.12426563122932782,0.13823489054223634,0.3639139439340794,0.2065079447411411,0.15496987506505178,0.01210771448816249,BiLSTM
S90,0.14339711746069841,0.22090532024042517,0.2842237432961904,0.17617586621162112,0.1616706967605132,0.013627256030549704,BiLSTM
S91,0.0848247416623051,0.15273122827484784,0.19411619544213385,0.2980965823989121,0.2604341830567554,0.009797069165045757,LSTM
S92,0.18309060427192658,0.1640667465405912,0.16984284607844882,0.2638167930454415,0.21034059363261232,0.00884241643098131,LSTM
S93,0.3566359458117931,0.243504005689939,0.11157454273941671,0.12617784339286378,0.15529992186265826,0.006807740503329884,1D-CNN
S94,0.3133700499011103,0.1762669297767481,0.13753121353346903,0.14838674481946307,0.2147335546299497,0.009711507339259408,1D-CNN
S95,0.28126774316463937,0.18616567624967514,0.14552949743950705,0.17131874747211687,0.20190935473851337,0.013808980935546403,1D-CNN
S96,0.27470785459401537,0.23502737768654036,0.13534541119201027,0.17723872454170603,0.1642625578821286,0.013418074103603683,1D-CNN
S97,0.2005036445309286,0.22298678547774026,0.1641324139608991,0.2157558351672084,0.18136715242867002,0.015254168434550788,ANN
S98,0.20048597979422697,0.1817720031038228,0.1928395613086502,0.24387258578186502,0.1671056213238473,0.013924248687590316,LSTM
S99,0.17290752759780395,0.2025348441850514,0.22097215502581216,0.22291652048504657,0.1665920823504905,0.014076870355797827,LSTM
S100,0.16318108407411333,0.33263195303004994,0.18683455214761688,0.1680582119721106,0.13802243211659052,0.011271766659518826,ANN
S101,0.10082139719986564,0.17721455341129855,0.24961810915835062,0.21474756490892688,0.23644632760052778,0.02115204772102991,BiLSTM
S102,0.060646540149853864,0.11381946298417049,0.2523631666385318,0.19901100033065375,0.3636584808416247,0.010501349055167936,CNN-LSTM
S103,0.07765069509551842,0.13712844248823267,0.17369767469778705,0.30528019815225066,0.3011783587540228,0.005064630812184975,LSTM
S104,0.15334109314147004,0.21272053763650778,0.150880087049439,0.313811818139825,0.16298774038586322,0.006258723646893983,LSTM
S105,0.33297019113171633,0.3665256541559422,0.09015104121651303,0.12130319238528331,0.08153392641946482,0.007515994691082808,ANN
S106,0.5492536348858531,0.22940060626667844,0.06680722197082369,0.0655811252083172,0.08134873938629365,0.007608672282034437,1D-CNN
S107,0.18069802965834325,0.4480573176476921,0.12305331382784201,0.10027526406897953,0.13480118230018265,0.013114892496959856,ANN
S108,0.2735423897174574,0.2845783419334699,0.16112159248884633,0.11599662435441854,0.15202400039511949,0.012737051110688275,ANN
S109,0.2820375039807913,0.28106202583420925,0.1581802504062644,0.12210649616518823,0.14485980727246067,0.011753916341089545,1D-CNN
S110,0.13502459236275338,0.14792127698835872,0.15495913075090567,0.19396992309355168,0.35659389894637805,0.011531177858055805,CNN-LSTM
S111,0.09086695780163948,0.16655510687379968,0.11189295429830287,0.16326041988229434,0.45875808938846735,0.008666471755491676,CNN-LSTM
S112,0.0751446678547795,0.07559051262486298,0.09138137122884085,0.1935869004132466,0.5548067566573431,0.009489791220925768,CNN-LSTM
S113,0.08485964256635821,0.10843316859216647,0.10407006993455754,0.1806541463150339,0.5107232244941742,0.0112597480977095,CNN-LSTM
S114,0.08052305103758733,0.16559405316953493,0.11340728348750985,0.19680331163164733,0.43362035812422495,0.010051942549498831,CNN-LSTM
S115,0.20533015701233076,0.22590967449442512,0.15318401691094194,0.2109825790592513,0.19706853878844602,0.007525033734603526,ANN
S116,0.2696622822569911,0.33904642109184663,0.12507408461588923,0.13326477055089525,0.1283538035487479,0.004598637935632216,ANN
S117,0.20103655296490808,0.28332798715981466,0.10543097159865904,0.2251258704796932,0.180091867526578,0.00498675027033948,ANN
S118,0.16105974951451743,0.24119028729148026,0.1217543988766083,0.26758603112827173,0.2028921187875797,0.005517414401545205,LSTM
S119,0.137778435771472,0.2961677695008653,0.14562528717864773,0.24165031313166838,0.1698959470318222,0.008882247385527104,ANN
S120,0.21513018311298907,0.13517645972667108,0.17511270253560662,0.18363283074007505,0.28495734875802214,0.00599047512663804,CNN-LSTM
S121,0.16524298844749707,0.10703063572147227,0.07738633568065131,0.13920270804237173,0.5068104872219932,0.004326844886013154,CNN-LSTM
S122,0.20426596858294632,0.17780842639906527,0.10703988078537092,0.29202408640891786,0.20799223262285405,0.010869405200846206,LSTM
S123,0.20379411735986366,0.19171931756297741,0.1423636685254998,0.2809486636807392,0.16298782874575837,0.018186404125162564,LSTM
S124,0.2574387443676324,0.12338952219703957,0.18208920039951557,0.2151399891742985,0.1990048333425082,0.022937710519006164,1D-CNN
S125,0.16496314898913372,0.12404884377686264,0.24285668393654478,0.19992323156058225,0.25118745851077234,0.01702063322610558,CNN-LSTM
S126,0.1409760591441717,0.16360395467629707,0.24957247927531329,0.24557741864686208,0.18124933707188337,0.019020751185470742,BiLSTM
S127,0.233859856733779,0.2025864240673566,0.2500146072852336,0.17089395143130612,0.12657984048448015,0.016065319997845887,BiLSTM
S128,0.1967523365178863,0.2262453859569021,0.24984382386450366,0.1828173227129874,0.13146134724164293,0.012879783706077908,BiLSTM
S129,0.23652146699325366,0.24055852378642426,0.21758130195311048,0.16544487071433497,0.13039183619154024,0.009502000361340305,ANN
S130,0.2052538091603999,0.24668640956703294,0.1860944801526607,0.21527007181729146,0.13413765140209577,0.012557577900517961,ANN
S131,0.1789642541426856,0.17664382417445434,0.23546864276602456,0.2490767726723681,0.14838071602439173,0.011465790220073564,LSTM
S132,0.15901714207265247,0.14508732094053373,0.24812043651596313,0.20787575003062467,0.23092042978241042,0.008978920657813812,BiLSTM
S133,0.1434633021727112,0.12136644299659724,0.18721011289261433,0.16666849301113676,0.37396276842863097,0.007328880498310125,CNN-LSTM
S134,0.18582743900779733,0.15871515625560717,0.1309585872642926,0.22361347585087066,0.29288906397869086,0.007996277642739254,CNN-LSTM
S135,0.16505560008445394,0.15332000002622512,0.121992496602522,0.2474345527795695,0.30634996795314096,0.005847382554090144,CNN-LSTM
S136,0.2411608620625891,0.1339232734671385,0.11077595408257931,0.27885502302980464,0.22642366231546832,0.00886122504241967,LSTM
S137,0.1745761413009647,0.12379052040821938,0.18652746135988574,0.23988753518680303,0.2555933637225367,0.019624978021590685,CNN-LSTM
S138,0.12249444674218099,0.16213911401986966,0.2265216733392514,0.27876497221271607,0.19281843707504276,0.01726135661093842,LSTM
S139,0.18868276668405037,0.2022211252761841,0.22812457262648944,0.20178011533775858,0.16307384891365634,0.01611757116186437,BiLSTM
S140,0.18434330585291847,0.21197706020631532,0.22078820602626173,0.19026509389552546,0.1791522943017146,0.013474039717264838,BiLSTM
S141,0.14972025726143048,0.26432188310230914,0.22886380741325615,0.19328780717931737,0.1523097842064072,0.011496460837280587,ANN
S142,0.1871345292380628,0.3212004929456336,0.17645244662659088,0.1548377638206144,0.15290469671974924,0.007470070649353223,ANN
S143,0.18696603146470858,0.19840786633068963,0.13987712142720093,0.2561307284834252,0.21190730263805527,0.006710949655925789,LSTM
S144,0.1744224013393373,0.19254141778980607,0.1824841249381419,0.24956915164690652,0.19279560012476996,0.008187304161033554,LSTM
S145,0.17677693522904905,0.15986129138485786,0.2529500167173456,0.19389234796122132,0.20723541101455786,0.009283997692964249,BiLSTM
S146,0.17728714558123343,0.16821494877307125,0.2615963277700231,0.1526383498234911,0.23387270028246016,0.006390527769720477,BiLSTM
S147,0.15629615765237276,0.3527996675982736,0.10476211733325974,0.15424246678729864,0.22713871075744896,0.004760879871341458,ANN
S148,0.2425491009959939,0.14979335383083076,0.07331164662461917,0.254212825488695,0.27560275037324533,0.004530322686616566,CNN-LSTM
S149,0.2800483699823855,0.28339773462630646,0.07670063152443701,0.1298280473780672,0.22200490853019608,0.008020307958607075,ANN
S150,0.300469616159328,0.2526880742849211,0.09666255529806718,0.143464203052214,0.1939700160719089,0.012745535133561116,1D-CNN
S151,0.21366810373896553,0.2163252552140288,0.1763002361624878,0.161367936341485,0.2156727423453007,0.016665726197733675,ANN
S152,0.1550903247825471,0.16582688950135305,0.2322638421529621,0.28360415947265966,0.14833255035670045,0.014882233733779811,LSTM
S153,0.10431684290904125,0.31305763335562525,0.2214506677560112,0.23174250702998536,0.12098672188713977,0.008445627062198978,ANN
S154,0.1958910272741111,0.18700053005879771,0.19484294866027055,0.27793198413787923,0.13586897162898856,0.008464538239949873,LSTM
S155,0.2537646264620927,0.16658095787693755,0.17323430294089726,0.2364139325086907,0.16012921534662455,0.009876964864758142,1D-CNN
S156,0.1960807153982821,0.17950225390988622,0.17882080363754058,0.20278344493609823,0.23129216106586353,0.011520621052325849,CNN-LSTM
S157,0.21303935262750448,0.1085567566989223,0.2039762782513498,0.16467740123528854,0.2983471249677507,0.011403086219183508,CNN-LSTM
S158,0.1634288669371412,0.27123967327915405,0.14518710569045123,0.13575352229878765,0.2755086099514073,0.008882221843060232,CNN-LSTM
S159,0.19730483074500946,0.3095731583990703,0.12069034296121996,0.18696331588733192,0.1745185168939176,0.010949835113454383,ANN
S160,0.19449678283054964,0.23219153529063008,0.1418837113707096,0.26174418682831324,0.15475666824694587,0.014927115432851072,LSTM
S161,0.2238116201666468,0.13748522786794518,0.18142048945381747,0.25576500439204586,0.18115267803039933,0.020364980089146723,LSTM
S162,0.12754267261091612,0.18462996364533768,0.23331589748996087,0.2534474720239799,0.18169456769288977,0.019369426536913766,LSTM
S163,0.13329858565853464,0.1636142744771283,0.3075899234161021,0.20968651150354317,0.16908707794094702,0.016723627003743136,BiLSTM
S164,0.191683022001519,0.1411946140590957,0.32931801258690585,0.1818778512935263,0.14009605677369305,0.015830443285257262,BiLSTM
S165,0.1773998238216562,0.20715665850953155,0.2704561823602508,0.1480715281715484,0.1864651192698705,0.010450687867144738,BiLSTM
S166,0.16307729517531827,0.1329831123456397,0.10707356536347586,0.1824705115302842,0.4079284850132882,0.006467030571994392,CNN-LSTM
S167,0.16423696924340903,0.09710157612321416,0.0863517521565698,0.5132709718818812,0.13208126957391295,0.006957461021011624,LSTM
S168,0.19229525926064908,0.16745565674005167,0.17270669629073468,0.2741796705653339,0.17273786569278365,0.020624851450447353,LSTM
S169,0.20286308565520111,0.125115273514894,0.2377079891841904,0.22168481556761693,0.18694034783548683,0.02568848824261401,BiLSTM
S170,0.10651454565694453,0.09392383609753749,0.39756180578479394,0.20150924925107802,0.1882928443230452,0.01219771888660125,BiLSTM
S171,0.18058631701231576,0.13653479834581259,0.21268394802247592,0.2749565307809594,0.1764732188475883,0.018765186990850325,LSTM
S172,0.179712837037896,0.1261490937785497,0.2402354697660571,0.1842882524001987,0.24365453919220126,0.02595980782509732,CNN-LSTM
S173,0.13441496376109816,0.11961599277547151,0.19495007917159077,0.17348095300399977,0.3608477081912627,0.016690303096576316,CNN-LSTM
S174,0.1545489926465741,0.14682428399892958,0.22014683222169798,0.18723199623977269,0.2727769682953929,0.018470926597632033,CNN-LSTM
S175,0.1735173994087799,0.18606659189461125,0.23066471401495056,0.20198183519472052,0.18720709256521817,0.020562366921718436,BiLSTM
S176,0.13762493138985854,0.3114622747153178,0.22156992600721007,0.172402594457603,0.13730952708168298,0.019630746348328662,ANN
S177,0.19639214576976446,0.21268676635725745,0.24432306315086036,0.18783191244112393,0.14240113355273112,0.016364978728264274,BiLSTM
S178,0.11956559000245044,0.12059364031240039,0.39997174141096903,0.18637002094274632,0.15646000287569228,0.017039004455742274,BiLSTM
S179,0.17354545070842328,0.2545761783450831,0.26823632626398825,0.165849340505365,0.12265726562693852,0.015135438550206333,BiLSTM
S180,0.1822805655959359,0.33617039701058116,0.2932798488453271,0.10331113403519242,0.07777779596184807,0.007180258551116015,ANN
S181,0.20366052029413634,0.31602582738503626,0.2470096691260902,0.12360062641769502,0.10350880978079856,0.006194546996243092,ANN
S182,0.13686204427465357,0.27165990874841633,0.1920628057027936,0.20644235742591843,0.18391045313020551,0.009062430718012323,ANN
S183,0.14809049013772846,0.22413241208455043,0.12928559059188774,0.21257232881446417,0.2772244815720986,0.008694696799268677,CNN-LSTM
S184,0.19363014755937108,0.36743196772958486,0.10590418559607023,0.19972620680208325,0.12572948045199742,0.007578011860891465,ANN
S185,0.31210251464480543,0.28800529307503175,0.12502112105940438,0.13532636142178595,0.1304250625355477,0.00911964726342688,1D-CNN
S186,0.29639711217354553,0.25644642479782936,0.1499520244363364,0.14795781266212532,0.1362294595040623,0.01301716642610343,1D-CNN
S187,0.18347956045976335,0.23590792485882373,0.2131936262980629,0.17252452578533053,0.1837814127437502,0.011112949854271817,ANN
S188,0.18267369847967815,0.3069174875244327,0.14708657075639076,0.1660847579082272,0.18917765061284833,0.008059834718418823,ANN
S189,0.16806569126293394,0.16099761981100974,0.12109509705099643,0.15785969484290094,0.384367026175226,0.0076148708569344775,CNN-LSTM
S190,0.14752721043412964,0.21700837356641045,0.12877101061291416,0.1330379167524272,0.36529602689976454,0.008359461734355767,CNN-LSTM
S191,0.18199176945066675,0.14931949395087699,0.131280861438455,0.17646152296673157,0.3496307714219661,0.011315580771309218,CNN-LSTM
S192,0.17275639925601585,0.21194020977913589,0.12742727736317325,0.1712353735632622,0.3058210124238774,0.010819727614535977,CNN-LSTM
S193,0.1633417299761588,0.2935271244328969,0.10198835356688063,0.18842875001175366,0.2431862129768839,0.009527829035424026,ANN
S194,0.17421038866663682,0.3067841390876975,0.11717477317404441,0.1742949213445172,0.21721365178811822,0.010322125938990036,ANN
S195,0.1818096319965311,0.19937927008915143,0.18081116058656102,0.2327763562621085,0.19125470312990028,0.013968877935747866,LSTM
S196,0.1845422333142934,0.23992775727389898,0.22579351066313771,0.19374835004506719,0.14476850518951934,0.011219643514082955,ANN
S197,0.19221086405487567,0.2663767797123581,0.22635719066316554,0.17574421607226562,0.13066227443539052,0.008648675061945504,ANN
S198,0.1873341270882726,0.22433694998548567,0.21464601806275568,0.16103528409107115,0.2061290075077076,0.006518613264709624,ANN
S199,0.13188739408805272,0.17281058027796256,0.14507957315617306,0.18640123403464817,0.3572229923473998,0.006598226095759279,CNN-LSTM
S200,0.17131951771734497,0.17986144745444899,0.15732491075723487,0.20376601365291427,0.2792201685765227,0.00850794184153176,CNN-LSTM
S201,0.18201527083883376,0.3938798493439713,0.12507945708353793,0.12993764045175893,0.1639580355766859,0.0051297467052127095,ANN
S202,0.2669921743339719,0.25697047567345843,0.1275000182593043,0.18170520655136982,0.15935933871993144,0.007472786461969403,1D-CNN
S203,0.22525608466912211,0.32714500867823704,0.1216314791832621,0.15789994561335755,0.1605829583443341,0.007484523511687617,ANN
S204,0.29771430495611556,0.2272052775476179,0.10789304475714484,0.15463968750366658,0.20334334701782775,0.009204338217630517,1D-CNN
S205,0.2267556718141452,0.27200128756154124,0.1317554100826161,0.1424887737670718,0.2171379975526946,0.00986085922192974,ANN
S206,0.19153260185498144,0.25670292689856417,0.17689530068274328,0.1605465524434379,0.2026082473420176,0.01171437077825268,ANN
S207,0.22068159438733365,0.22737645961039646,0.17943200373352164,0.15944461326710876,0.2033142055275427,0.009751123474097722,ANN
S208,0.240583025312759,0.18719806774381703,0.13247553432467774,0.16375696691560374,0.26867191192687556,0.007314493776265791,CNN-LSTM
S209,0.1707814733695621,0.16828022439596443,0.084846011111312,0.2281745012235805,0.34183006669189014,0.006087723207693785,CNN-LSTM
S210,0.17260612267238842,0.275916291406895,0.11910512722823056,0.22292169271229542,0.19859837827270835,0.010852387707482898,ANN
S211,0.21621078882017028,0.25214969535909043,0.16611549018831373,0.17880519942361944,0.17292578266337064,0.013793043545436963,ANN
S212,0.16874003591260217,0.15589251505972468,0.2538053493602053,0.20424760412013623,0.20449666910235845,0.012817826444968016,BiLSTM
S213,0.17785941800968416,0.1500834328450292,0.22049057849140657,0.18416486374088656,0.2584836537469462,0.008918053166051506,CNN-LSTM
S214,0.2401085680245416,0.21489179524167976,0.1017401632123147,0.15657592925651884,0.28108918195013455,0.005594362314813273,CNN-LSTM
S215,0.11572275989483519,0.19038455314984148,0.11608650878025054,0.22898603453397015,0.34201331355741976,0.006806830083680372,CNN-LSTM
S216,0.20489605895019597,0.3556972984774378,0.11563214642649758,0.141090338494644,0.17755258847728614,0.005131569173941711,ANN
S217,0.24042818904223318,0.19858242719214383,0.16965017369827412,0.1758739597072909,0.20817830248016592,0.00728694787988855,1D-CNN
S218,0.1287278038216053,0.41815032331853363,0.12100493204467769,0.16316106424728688,0.1626777313533086,0.006278145214583661,ANN
S219,0.15128476932380797,0.2920969723963397,0.1342202075921758,0.1857997904012553,0.2299304205691084,0.006667839717316255,ANN
S220,0.13625261387413554,0.2696395582137305,0.1536946206186918,0.2052249954563334,0.22849275894149695,0.006695452895611237,ANN
S221,0.1856812012392309,0.28373784558590287,0.21971351977451864,0.12257507932700942,0.18387672491553955,0.004415629157792814,ANN
S222,0.2099967521218614,0.3342993333019962,0.11622383749634106,0.13934705768742706,0.1964399471871438,0.0036930722052252412,ANN
S223,0.23720973025124895,0.2670553629066148,0.10051930723077769,0.14000764152101133,0.2517349606238456,0.0034729974664984304,ANN
S224,0.24047559700886154,0.15294996192479088,0.06771404918069557,0.2014363667167605,0.33291553411809877,0.004508491050787635,CNN-LSTM
S225,0.18653584816545957,0.3284998474210973,0.0885430030335407,0.16995508670489473,0.21862189194332407,0.007844322731683636,ANN
S226,0.23576234496200288,0.36439700356548566,0.08397501895337496,0.08210616466376384,0.22856074273117377,0.005198725124203758,ANN
S227,0.43560199673687233,0.2565950872961158,0.0667688089947786,0.0857028598484073,0.1509695681956396,0.004361678928180461,1D-CNN
S228,0.30078477766403827,0.3550553931849359,0.09059585308102577,0.09095681264002378,0.1580062316540022,0.004600931775970611,ANN
S229,0.18926131180050373,0.2963661213767311,0.12390490915402909,0.2224982088188825,0.16035697650294095,0.007612472346915557,ANN
S230,0.22074911609086914,0.2712475709603611,0.1611738203361878,0.16407831266760947,0.17595095060323923,0.006800229341734451,ANN
S231,0.2441757026517362,0.19567525126248278,0.12627637969345398,0.1664762429744597,0.2592878340174902,0.00810858940037828,CNN-LSTM
S232,0.19711939951698362,0.19550340817614897,0.1500955354807534,0.2330982448526486,0.21439160619905132,0.0097918057744176,LSTM
S233,0.19467529715756793,0.20548637590990065,0.18395615007177246,0.15594353166901748,0.25010786637425747,0.00983077881748338,CNN-LSTM
S234,0.23049178998981548,0.13776330010179072,0.11879920239325478,0.14259732169658354,0.36327633012603133,0.007072055692522786,CNN-LSTM
S235,0.18249467247186527,0.2562655671391352,0.11015057564161962,0.1358632518810923,0.30916958262897204,0.006056350237319888,CNN-LSTM
S236,0.2782828195680796,0.22145322591961736,0.12761721735656287,0.1619057423485604,0.20203193841474948,0.008709056392431712,1D-CNN
S237,0.2617363556954073,0.2724403609193585,0.1381352088827291,0.17157018996186765,0.14699042338905885,0.00912746115157871,ANN
S238,0.21549695506826913,0.20924312288688932,0.19649087729204878,0.17885503273592243,0.188375234980711,0.011538777036157674,1D-CNN
S239,0.20628803868000725,0.19319454860366528,0.19761228589472316,0.20239164905200227,0.189789702646106,0.010723775123496955,1D-CNN
S240,0.194016816129682,0.2184161310146936,0.18696969706848676,0.19350362551894787,0.19729846160332573,0.009795268664867506,ANN
S241,0.14232406871005396,0.16872390354826325,0.18057846945361672,0.21337029194796683,0.28974023922437464,0.005263027115722599,CNN-LSTM
S242,0.1212267087356856,0.23468781489723112,0.138822593209899,0.30744538969897606,0.19310114081306337,0.004716352645148836,LSTM
S243,0.22760191325897955,0.2561990679496964,0.11933177121240138,0.21311305165484784,0.1774774570280814,0.0062767388959937866,ANN
S244,0.36912459904346584,0.089670319260237,0.07230595490505469,0.291068228597253,0.17191278943581573,0.0059181087581790795,1D-CNN
S245,0.15755735202795523,0.19918360480720085,0.11545610190916902,0.2513018740927392,0.2643824480106749,0.012118619152261863,CNN-LSTM
S246,0.23092307712735605,0.2074186397051957,0.126456405332968,0.14470615670794237,0.27811769813135295,0.012378022995182003,CNN-LSTM
S247,0.19751944441470756,0.1982796881179349,0.17702688772766942,0.16167114129938379,0.25257544635789186,0.012927392082412285,CNN-LSTM
S248,0.19502032661787586,0.14964224498670334,0.20713334669655736,0.22800926959662438,0.2063625417789463,0.013832270323292192,LSTM
S249,0.2662088946091414,0.1929648576792659,0.17577873000886016,0.2049982420118841,0.14859414397795,0.011455131712897075,1D-CNN
S250,0.31079800693651827,0.15211207405651994,0.16911235572094713,0.197862591701602,0.15796708834530665,0.01214788323910433,1D-CNN
S251,0.19087001853189836,0.20440302514386602,0.20147824387180496,0.2351286464838375,0.15153015253872398,0.016589913429868885,LSTM
S252,0.17804807430753214,0.17764727415113724,0.26305962228310337,0.19864146536301705,0.16563473706536852,0.016968826829839665,BiLSTM
S253,0.1794550550896682,0.1586785919096631,0.25419267035391746,0.19234628780542287,0.2016217623089599,0.013705632532362007,BiLSTM
S254,0.15548407943246256,0.291200786372681,0.21672997820877152,0.11942761915614789,0.21137838470338205,0.005779152126555083,ANN
S255,0.1243171169756676,0.31602391568224447,0.13053426152345582,0.2339438009231897,0.1888518227876361,0.006329082107807683,ANN
S256,0.1808862214207265,0.1687353752755826,0.13227957056913858,0.35508560056401167,0.15708626683318558,0.005926965337354821,LSTM
S257,0.22035145762297548,0.17894353639000898,0.13131100420893085,0.26839938103167293,0.19231971086663793,0.008674909879774335,LSTM
S258,0.20774446236288185,0.20217635341076154,0.15621326457848628,0.23760280942803666,0.1830203446365734,0.013242765583262917,LSTM
S259,0.10900108452534876,0.1480183805980522,0.2965377599775594,0.2489401238252763,0.1832320338710907,0.014270617202671138,BiLSTM
S260,0.2196073565463511,0.14150258158576082,0.2639033605457657,0.18271426701828125,0.17901129616357087,0.013261138140269803,BiLSTM
S261,0.12982892112335598,0.14276776911618336,0.12591327954241177,0.23824373160972304,0.3554440137947942,0.007802284813528915,CNN-LSTM
S262,0.2521967441847022,0.11887274986950676,0.09961004876972242,0.36388986482074187,0.15512137912979082,0.010309213225531804,LSTM
S263,0.239020579400952,0.14886526406598602,0.16301369982920616,0.24110543382752342,0.19042902406516068,0.01756599881116838,LSTM
S264,0.2051303152785857,0.2216361677776383,0.17575538229754084,0.16809155174145765,0.21400053344489883,0.015386049459876103,ANN
S265,0.18181894440167198,0.1348325888795429,0.24539519535398138,0.21754149516599552,0.20593042841026069,0.014481347788549538,BiLSTM
S266,0.18437738147596439,0.17469889051867415,0.2734584442616731,0.21757011338508597,0.13553387340057452,0.014361296958030212,BiLSTM
S267,0.24695639751796564,0.18725658233246495,0.209721033529282,0.18555333329771634,0.1577424425811973,0.012770210741376433,1D-CNN
S268,0.14319329270473924,0.12453894122445845,0.1437996390450849,0.27602882861470757,0.30260286890720417,0.009836429503805031,CNN-LSTM
S269,0.14852008126026167,0.108400378743879,0.2038597919320162,0.22739043019565774,0.2954959668677166,0.016333351000470585,CNN-LSTM
S270,0.11720343838552312,0.21410006500878023,0.2669261433287155,0.1955295454946155,0.1882108123630067,0.01802999541936214,BiLSTM
S271,0.15778509548159106,0.20393281984102038,0.3098291835147512,0.16392592726678476,0.14939683240240065,0.0151301414934557,BiLSTM
S272,0.1636752745108795,0.18988702235139426,0.3055600314247446,0.16535745448491682,0.16446591749256995,0.01105429973549733,BiLSTM
S273,0.1873783877422601,0.17421724267262456,0.2000057504999944,0.2694985983140866,0.1560447071657819,0.012855313605256338,LSTM
S274,0.19431995325881182,0.21646454123943906,0.17811820858345606,0.23586291714190213,0.16410489954104032,0.01112948023535099,LSTM
S275,0.188155227801819,0.15698055553266146,0.18018059925876515,0.21031595743552625,0.25276244628481476,0.011605213686412697,CNN-LSTM
S276,0.1477632197700457,0.21777781669665808,0.19477149350548528,0.18343659156328598,0.24568999754179788,0.010560880922726008,CNN-LSTM
S277,0.18112420248312858,0.1656754957972744,0.2452599000579903,0.17809825769221946,0.21772929244903386,0.012112851520354642,BiLSTM
S278,0.21413383166982272,0.17450320391204407,0.19971286598743662,0.17269052953189987,0.22618458091971158,0.01277498797908501,CNN-LSTM
S279,0.1983067150019486,0.3108837144504176,0.12898647235602514,0.1644618341141733,0.18898606120256667,0.008375202874867092,ANN
S280,0.23427069614874374,0.2181654563431336,0.1473867269612186,0.23187175697289714,0.15551745507140968,0.012787908502594392,1D-CNN
S281,0.18471618716614222,0.21117210656066468,0.20469139025134964,0.21764994330963877,0.16688089955854518,0.014889473153660649,LSTM
S282,0.14810552206804364,0.18786772456223108,0.25300722965475647,0.22625542715564187,0.17071955916876067,0.01404453739056554,BiLSTM
S283,0.16652539669198116,0.16121132523895898,0.2871394016914628,0.19955764310858456,0.1738840407555181,0.011682192513496274,BiLSTM
S284,0.1679630061707325,0.1838615774852175,0.25526869866773,0.18650557781275665,0.19514732198492513,0.0112538178786395,BiLSTM
S285,0.06958700885167925,0.10955327449617909,0.21316720647758233,0.22553391308231266,0.371977382106961,0.010181214985286985,CNN-LSTM
S286,0.07861519852704967,0.1509834748965824,0.18188993629348585,0.28257325623896656,0.2986494127472322,0.0072887212966899545,CNN-LSTM
S287,0.3152008703997561,0.20897865791367065,0.1266381846405015,0.1839391978669359,0.15827933255241838,0.006963756626716467,1D-CNN
S288,0.32439326757849113,0.15985694677549367,0.12355651093974523,0.17702539992456157,0.20394540702814812,0.011222467753555536,1D-CNN
S289,0.15789578813243133,0.34041164111241345,0.12199781306958245,0.1848319194300147,0.18099860531701548,0.013864232938543082,ANN
S290,0.17946445873490618,0.190033632827066,0.1995597770782344,0.2380144442456047,0.1772517226011287,0.015675964513057326,LSTM
S291,0.18315319380957493,0.14298222460666316,0.2596271230259478,0.24217818656189086,0.15863685122598611,0.013422420769939748,BiLSTM
S292,0.18745283109026523,0.2199124501279872,0.24433994529280287,0.20055350671239872,0.13594441403197552,0.011796852744574433,BiLSTM
S293,0.25387680357000464,0.19896711933866768,0.2266539843767035,0.15800595162136652,0.15143608572819683,0.011060055365062393,1D-CNN
S294,0.10735507063425434,0.21859693769777283,0.22583492137522446,0.25308831690924755,0.1861087336221309,0.009016019761370585,LSTM
S295,0.13271765282071707,0.12837646857628124,0.2077209569926101,0.3496484663347037,0.17580196719978916,0.005734488075899364,LSTM
S296,0.3156830244587086,0.165383551636081,0.10832604972543317,0.2567405340455224,0.14862140342884583,0.005245436705412054,1D-CNN
S297,0.35172693838649494,0.1449521150887713,0.0747067056183165,0.31526948529031085,0.10584373042876097,0.0075010251873535065,1D-CNN
S298,0.14829732650807434,0.2642978067674463,0.13621718852483441,0.16509599430306976,0.273712588970647,0.012379094925926256,CNN-LSTM
S299,0.23392506918890463,0.17319440922695187,0.18641981480473954,0.1823542710786315,0.20688514634196745,0.017221289358806825,1D-CNN
S300,0.19435170025658843,0.17039781916979127,0.27106523045431596,0.1805089313548167,0.17025151557212703,0.01342480319235919,BiLSTM
S301,0.19240307539361975,0.16634538412150318,0.23916056452159504,0.2226633004882899,0.16530899895866608,0.014118676516323205,BiLSTM
S302,0.2675810678869734,0.17797358495219615,0.18828586533214223,0.19578320258891604,0.15602177743483892,0.014354501804934161,1D-CNN
S303,0.1881189560089079,0.2061668545268107,0.1870468038641574,0.2424916199038772,0.16181051184781278,0.014365253848439046,LSTM
S304,0.1517529676841295,0.14526003626114467,0.3047163353852826,0.21980943273204956,0.16162287839682124,0.01683834954057628,BiLSTM
S305,0.14618554362017902,0.13994453984956254,0.306850272759461,0.18094438920844322,0.213177688347415,0.01289756621494009,BiLSTM
S306,0.13643033361294532,0.17792670200808133,0.2521729037523571,0.18669853414950618,0.23587972610095684,0.010891800376155503,BiLSTM
S307,0.09589649601948713,0.19518793779753674,0.17417680382375908,0.3018073630219832,0.22635046641266562,0.006580932924573957,LSTM
