Segment,1D-CNN,ANN,BiLSTM,LSTM,CNN-LSTM,GRU,Selected
S1,0.17891545594328345,0.13768186548426353,0.16739342821058487,0.2568157585156518,0.23574360717177031,0.023449884674445552,LSTM
S2,0.1723015367970143,0.16730949189636546,0.1554565838211295,0.24435607922280725,0.2305321683904785,0.03004413987220479,LSTM
S3,0.15459841269069716,0.17769668337781389,0.14555146360992352,0.2317978987651039,0.2618948977033601,0.02846064385310077,CNN-LSTM
S4,0.16099456237051854,0.18164685672766007,0.20964595024787885,0.15995812006347743,0.26241209963861195,0.02534241095185335,CNN-LSTM
S5,0.17685139131022612,0.14417490034785624,0.211352244209191,0.18700188891960062,0.2559738573770456,0.024645717836081563,CNN-LSTM
S6,0.21520235785680067,0.18754867859872668,0.17015968522678349,0.20122890131740911,0.19941032417487697,0.02645005282540252,1D-CNN
S7,0.18725182348078317,0.2176573099473359,0.1559375344697982,0.23031107947400564,0.18311841311329327,0.025723839514783894,LSTM
S8,0.16058800287834174,0.18989565932474536,0.22140891544893243,0.23409057658636293,0.16387253087336204,0.030144314888254767,LSTM
S9,0.1720613281209534,0.17239441669162264,0.22523701091225878,0.20409253195687935,0.19855570712477247,0.027659005193512835,BiLSTM
S10,0.17973927559979078,0.244345886383879,0.1995781916222514,0.1752378179610919,0.1793556562139419,0.02174317221904586,ANN
S11,0.19051054425708494,0.2676138179541053,0.26095231775778605,0.12007494170557086,0.1461236390708456,0.014724739254604892,ANN
S12,0.14971915689954024,0.30289674739229033,0.23527423115189994,0.11654831424549898,0.1818020962840484,0.013759454026723386,ANN
S13,0.12057822548296976,0.26373592612986285,0.16607225841471693,0.15527703590462233,0.27876024041944103,0.01557631364838621,CNN-LSTM
S14,0.1944329073535997,0.2838927984399722,0.13017092481973053,0.2007307857084671,0.1726773933154393,0.018095190362793192,ANN
S15,0.30528777840758164,0.228435010531473,0.12867660418628785,0.17975050086136957,0.1366070556300849,0.021243050383202844,1D-CNN
S16,0.24938315892748364,0.2720221973080559,0.15394313236313725,0.14776245293954748,0.1532219475323491,0.02366711092942695,ANN
S17,0.17808379776103886,0.19415967754718758,0.2225135861172868,0.18358090297238128,0.19402208823461667,0.02763994736748821,BiLSTM
S18,0.17488470166053852,0.18429128639820605,0.21213073998230889,0.16697131461772666,0.23663480018465025,0.025087157156569853,CNN-LSTM
S19,0.17126898141737576,0.15957291175217608,0.15037696510097578,0.18464054550714326,0.31376409419873136,0.02037650202359834,CNN-LSTM
S20,0.09207495048752597,0.07917693337848208,0.10046144036259706,0.1693260871155994,0.5457190423729257,0.013241546282869252,CNN-LSTM
S21,0.22222479716125493,0.23581318325726003,0.10069423451552488,0.15274006679963645,0.2703787884362617,0.01814892983006095,CNN-LSTM
S22,0.24572817899430222,0.2733302305064001,0.09841630355919341,0.13282451849319588,0.22742893211493195,0.022271836331978666,ANN
S23,0.1550516066352659,0.30752087734227185,0.11950235948354286,0.14843486321406726,0.24287415699587234,0.02661613632898025,ANN
S24,0.20285482481724373,0.22140720436406033,0.16441918895003274,0.23008108087811316,0.1481676504971593,0.03307005049339254,LSTM
S25,0.18754715293617377,0.19740605557416033,0.2402280668272419,0.21044022497785042,0.1358086160194723,0.028569883665101707,BiLSTM
S26,0.19412594941577424,0.17365615420464328,0.23180426631342227,0.24308565730928977,0.13106253213795166,0.02626544061891821,LSTM
S27,0.12194954199590913,0.29261397149683044,0.2532119668614192,0.20946286712137896,0.10755292608678796,0.015208726437674475,ANN
S28,0.2156789160709538,0.17962037563927086,0.19366166733072432,0.16156707497635417,0.23565631832530126,0.013815647657396145,CNN-LSTM
S29,0.06924093606939394,0.05552314453308381,0.061124447702783004,0.34803949368933523,0.4599664130716789,0.006105564933724618,CNN-LSTM
S30,0.09630922859004407,0.20477822374993274,0.10076418673401927,0.4601336792921553,0.12510835143676785,0.012906330197080635,LSTM
S31,0.2092285787484203,0.1533183657799398,0.1474842423558171,0.3282709304236961,0.1318569077947481,0.029840974897378858,LSTM
S32,0.20701146835443893,0.10841490104356838,0.15210341846010975,0.2768901368111521,0.22020384624883027,0.035376229081899045,LSTM
S33,0.13270935337313122,0.11014567870114844,0.13756943791621687,0.22350408367642277,0.3626628674766631,0.03340857885641689,CNN-LSTM
S34,0.1883800578841627,0.16519781646236842,0.1975969770530634,0.18360876441539548,0.23238259218711432,0.032833791997895316,CNN-LSTM
S35,0.17324482820005985,0.18550315880465718,0.22109474562339004,0.17627963203529642,0.2146807932468193,0.02919684208977576,BiLSTM
S36,0.2433481352149339,0.16644822014945715,0.21019361629885003,0.16492819595862143,0.19144169924351975,0.023640133134620153,1D-CNN
S37,0.2379669923901915,0.19566436568305942,0.17064683001564324,0.17876592820308604,0.19384040675351108,0.023115476954508565,1D-CNN
S38,0.17791327788661193,0.2560795399088559,0.16874692638532324,0.2309354357069702,0.13950779033754881,0.026817029774688295,ANN
S39,0.1708340781563676,0.19810027159358137,0.21588659074136302,0.24508007669259022,0.14427903045049453,0.02581995236560339,LSTM
S40,0.19750974711702757,0.16116540915783686,0.21740581501596679,0.1846781599748486,0.2131229167445389,0.026117951989782673,BiLSTM
S41,0.18894812345173284,0.16885571058176874,0.17514308600152328,0.1998666089891065,0.24120284193752947,0.025983629038338455,CNN-LSTM
S42,0.19551587487741834,0.18007089352039868,0.2031577724399859,0.18813857908206638,0.20225471972848488,0.030862160351645698,BiLSTM
S43,0.1743496770064532,0.1930886360636125,0.20270148549856734,0.1899720684961573,0.21648069095083322,0.02340744198437533,CNN-LSTM
S44,0.19621254024502527,0.18536729863588214,0.16179005287817155,0.18285246865391863,0.25366546430480635,0.020112175282195756,CNN-LSTM
S45,0.24138527294443335,0.16507198632739267,0.12029013224308824,0.24737222806115064,0.2015529563966029,0.024327424027331897,LSTM
S46,0.2015051220421655,0.21566032369719684,0.15960185879969577,0.21469843504425254,0.17739545915428243,0.031138801262406753,ANN
S47,0.18479049615149085,0.21470450947744435,0.20214122323242997,0.18561790454043064,0.18119272676361228,0.03155313983459296,ANN
S48,0.1812612922765541,0.15429409570914338,0.23241607328444544,0.2145258777101921,0.18662125548184227,0.030881405537822277,BiLSTM
S49,0.1828376067245118,0.17664001014925815,0.22403559423313457,0.21247944036471,0.17892302810121732,0.0250843204271687,BiLSTM
S50,0.19885639238673838,0.21314532358227148,0.20598228303982913,0.18894528700928095,0.16389363117485028,0.02917708280703125,ANN
S51,0.03586509682637482,0.05562225178046764,0.11920021437396763,0.6041874192892323,0.17615734016955176,0.00896767756040673,LSTM
S52,0.26081203208328824,0.19286738217332786,0.13832995679121335,0.26783567896420735,0.12324515428290399,0.01690979570505944,LSTM
S53,0.22809301566048673,0.17975448134392455,0.19436721777645183,0.2111041303616668,0.15744527659617513,0.02923587826129493,1D-CNN
S54,0.39519923212853564,0.07569336909791129,0.12227618196229065,0.13921580911408457,0.24347428374677463,0.024141123950402268,1D-CNN
S55,0.043220177241755635,0.02920020846244889,0.025317395882385626,0.052616112639099544,0.8446597094838099,0.004986396290500987,CNN-LSTM
S56,0.24149266985723308,0.16564922727278794,0.10032390363198576,0.18548485798050343,0.271080030396861,0.03596931086062853,CNN-LSTM
S57,0.21008849546399952,0.10778188499154688,0.1749622312178867,0.22285636296991837,0.24021703303185196,0.04409399232479687,CNN-LSTM
S58,0.2659164971235478,0.1258315343894072,0.19503845306324905,0.19994704429848215,0.1796728558295251,0.033593615295789,1D-CNN
S59,0.17105200514420577,0.18665632811102084,0.21784206750922477,0.22902880361329303,0.1638435016609907,0.03157729396126432,LSTM
S60,0.16838420796174944,0.2657899623228463,0.20064967429333436,0.19703352183309905,0.13799897546603065,0.030143658122939457,ANN
S61,0.11070974625480991,0.18076900116174932,0.23345362328957348,0.21681401049205917,0.186252930248763,0.0720006885530462,BiLSTM
S62,0.10395130475583345,0.19506909669241237,0.23449715677554406,0.178730879618565,0.2346691216912112,0.053082440466433484,CNN-LSTM
S63,0.18666786967236612,0.3348754512279792,0.20504850390307144,0.11112543101784053,0.13753220994090365,0.024750534237839347,ANN
S64,0.1997501365185147,0.22096649701609897,0.349967930838642,0.10060736503275401,0.1124141944979131,0.01629387609607898,BiLSTM
S65,0.15028212311787673,0.2589753743773755,0.2125864621484823,0.16655804767959073,0.1933517830507523,0.018246209625922646,ANN
S66,0.17576601546418308,0.21880975986381507,0.18458384188904692,0.24024761040487635,0.16086431703193618,0.01972845534613979,LSTM
S67,0.257091667352289,0.185691786054917,0.1728930419252561,0.20361515738485966,0.15714127760584054,0.02356706967683873,1D-CNN
S68,0.33008912864167395,0.1803348826616902,0.12186278777350401,0.1308211792102818,0.2177883220086683,0.01910369970418293,1D-CNN
S69,0.18535096326502706,0.22708578173837235,0.1215209073936666,0.13051104092240245,0.31284169693898556,0.022689609741545606,CNN-LSTM
S70,0.16310037638831673,0.19483137045723747,0.2143872419561527,0.1528765722959601,0.24673899542362596,0.028065443478706095,CNN-LSTM
S71,0.24059845176102035,0.1874358192010442,0.1925618137265674,0.13595975873776425,0.2180882430478339,0.025355913525770345,1D-CNN
S72,0.22565367838283498,0.1948794182293081,0.15287217941150621,0.14339172579698106,0.26017449793180025,0.023028500247570142,CNN-LSTM
S73,0.2628069760615756,0.16478241617669237,0.12589925788395231,0.1745864713725483,0.2450841979369825,0.026840680568249637,1D-CNN
S74,0.1964225661976861,0.23319133925508304,0.16130474286652385,0.19831312473261486,0.18002907075250604,0.03073915619558503,ANN
S75,0.18756393397758042,0.20666684792811796,0.20990074779465565,0.22433133023807256,0.14056326242457837,0.030973877636995054,LSTM
S76,0.20828265346626146,0.18038870119354522,0.2370861545196999,0.19769583546637515,0.14748008566168866,0.02906656969243032,BiLSTM
S77,0.2030833016880556,0.17161774045439301,0.22322834300153613,0.20731851998876727,0.16708803932609922,0.027664055541149073,BiLSTM
S78,0.3236586776265862,0.2499293962184096,0.1578952460788446,0.1364314460276018,0.09726883150719963,0.03481640254135797,1D-CNN
S79,0.19510968994236036,0.2568869101808677,0.2017090488727822,0.1991098822689978,0.11652579315336696,0.030658675581624925,ANN
S80,0.20810555280479867,0.17421555646008832,0.2038369081700246,0.19349012367223672,0.18948332727601316,0.030868531616839157,1D-CNN
S81,0.2794150122157542,0.12876169246532373,0.12985707488832104,0.24391884766846575,0.19399034519819858,0.024057027563937516,1D-CNN
S82,0.2969222911867965,0.13639616119811238,0.13569707824110158,0.22231961178306664,0.18459897375213283,0.024065883838790363,1D-CNN
S83,0.26021030560629616,0.1805647072510409,0.18838416618450965,0.16068237071957123,0.18592224329252074,0.024236206946062214,1D-CNN
S84,0.24453076960555925,0.18736772518737402,0.20288366320253112,0.14539522617242528,0.1941959896993661,0.025626626132742948,1D-CNN
S85,0.18669487009473018,0.19887111054988035,0.20333826949825493,0.23153994805232742,0.15430853021738802,0.02524727158741894,LSTM
S86,0.2716620548955699,0.13909004706861242,0.2126229985713161,0.2137734683773647,0.13253953834927457,0.03031189273786279,1D-CNN
S87,0.2167473762456601,0.23247994634213862,0.21851142857753136,0.17121681950693232,0.12859185730476047,0.03245257202297932,ANN
S88,0.15512314105686395,0.202635322861457,0.2859923147522383,0.18284827368203038,0.1376606104226043,0.03574033722480581,BiLSTM
S89,0.12571740553567443,0.13688396097394667,0.3595344232684001,0.20146441690105207,0.1512452273665551,0.025154565954370666,BiLSTM
S90,0.1445036235755522,0.22042493199328508,0.2825204181710222,0.17004002315570804,0.1533771474289982,0.02913385567543498,BiLSTM
S91,0.09833757600307053,0.16120169359916264,0.19120059497292652,0.27994798027871565,0.24720489462167575,0.022107260524447128,LSTM
S92,0.18804640945575243,0.16760667324708972,0.1731548143273454,0.24464114379557902,0.20653740644195406,0.02001355273227915,LSTM
S93,0.3330611670287496,0.24184858320791652,0.11854049130777201,0.12924747704663078,0.16188893000604504,0.01541335140288577,1D-CNN
S94,0.2960224818456258,0.17234318837293497,0.14262267216811295,0.150698300321686,0.21728156607044433,0.02103179122119477,1D-CNN
S95,0.27174670765892495,0.18181558185564917,0.1464175941440334,0.17071897260063465,0.1998978266322583,0.029403317108498726,1D-CNN
S96,0.2682731900567707,0.22679550394323764,0.13467426906619323,0.17858941527041922,0.16324095923008722,0.028426662433293476,1D-CNN
S97,0.19784375459198542,0.21728944990452745,0.16185335935646183,0.2120930483949449,0.17922132072942712,0.03169906702265357,ANN
S98,0.1999686005521072,0.17789075409814908,0.19036736119741995,0.23861770670625282,0.16409724824257002,0.02905832920350109,LSTM
S99,0.17201925877624347,0.2003179162212997,0.2163790061439658,0.21487262298405582,0.16730508639018138,0.02910610948425296,BiLSTM
S100,0.16428266125167484,0.3252605269769164,0.18536728396436872,0.16550408532348523,0.13617179401425764,0.023413648469297575,ANN
S101,0.1154939324401355,0.1830127149658446,0.24392778175618463,0.19787921821294113,0.21424013499042588,0.04544621763446892,BiLSTM
S102,0.07448581478875262,0.12220275557932504,0.2591757126755381,0.18356320178686475,0.33556292089793305,0.02500959427158678,CNN-LSTM
S103,0.09466916103758759,0.14765290731723307,0.18096841522869972,0.26935621043224733,0.29409960056530043,0.01325370541892871,CNN-LSTM
S104,0.1652541436497414,0.2027051921304853,0.15634720486159775,0.2884232918879849,0.1715199841028534,0.01575018336733508,LSTM
S105,0.32375393665589763,0.32191248091719726,0.10237212045281778,0.13627877756681142,0.09628371294558562,0.019398971461691172,1D-CNN
S106,0.4756956416340254,0.23262722822424134,0.08305100420942937,0.08347212556729629,0.10431754010194505,0.020836460263062413,1D-CNN
S107,0.19319567178812283,0.3699472991340098,0.13823303963737263,0.1163393792241471,0.15197605911362427,0.030308551102723905,ANN
S108,0.2432775524789297,0.2469261542882628,0.1819941809427194,0.13734252861871957,0.16243311115385048,0.02802647251751775,ANN
S109,0.25247939138560993,0.24528495757114593,0.18037762550532288,0.13938268556729222,0.15620888381837794,0.02626645615225176,1D-CNN
S110,0.1466434885641463,0.1558865158492459,0.1657465327781694,0.19423743092761123,0.3120515812780381,0.025434450602790055,CNN-LSTM
S111,0.10960783585724673,0.185147143079917,0.12660644083690364,0.16631407837018003,0.39267459958365736,0.01964990227209582,CNN-LSTM
S112,0.09577613073808326,0.09263370227803827,0.11000191884134176,0.20938051692127224,0.4688891506658075,0.023318580555457134,CNN-LSTM
S113,0.10594568487890484,0.12845156004877953,0.11806663209627566,0.1819473638129416,0.43835765442358404,0.027231104739514737,CNN-LSTM
S114,0.09799873444471216,0.17387317372059863,0.12897728383587143,0.201988544144082,0.37311113940911694,0.024051124445619566,CNN-LSTM
S115,0.19392936494166876,0.22101339715156454,0.16846945018648998,0.2058662808012799,0.1923060858924682,0.018415421026529145,ANN
S116,0.2661517116910498,0.3126906380687409,0.1305855153392663,0.14148809504705656,0.1371850137150499,0.011899026138837627,ANN
S117,0.20043173321465402,0.2747101060056175,0.11626125976356988,0.21750569094745945,0.17832356992141304,0.012767640147286596,ANN
S118,0.16330853505126205,0.2375573153041723,0.1343227932668175,0.25854091702260595,0.19190878162247427,0.014361657732669201,LSTM
S119,0.1467831584022293,0.2908906214279815,0.14955765491302794,0.23132595589601043,0.16122453606451792,0.0202180732962342,ANN
S120,0.20289673756582918,0.14075472890915283,0.19410529857979647,0.1757819722393496,0.2717670995616668,0.014694163144206157,CNN-LSTM
S121,0.16415499718077461,0.107950265562908,0.08544500638061804,0.14206106833609863,0.4898686894748767,0.010519973064723439,CNN-LSTM
S122,0.20976376046448408,0.18546043416069588,0.10635390924453987,0.27385200306749263,0.20196562234070162,0.022604270722086185,LSTM
S123,0.20277189412839736,0.198247310231933,0.12937471256703637,0.27124080079075,0.1610421777996074,0.03732310448227744,LSTM
S124,0.2725463402162363,0.12542423071480646,0.16184610830583715,0.19901665699344007,0.19780636030195117,0.04336030346772931,1D-CNN
S125,0.17748645469454125,0.1368896446894357,0.2153262742775511,0.18459778310357364,0.25336003611077446,0.03233980712412383,CNN-LSTM
S126,0.15297096664667803,0.1734675047084227,0.22183003023456532,0.22883470760236466,0.185883311029089,0.03701347977887929,LSTM
S127,0.2269492334074339,0.20321330767769713,0.23222766956863566,0.17014664848665081,0.13515575525809087,0.032307385601492176,BiLSTM
S128,0.1957089693342514,0.2242842762295265,0.23128480194583298,0.18161012977841784,0.14120805794970145,0.025903764762270177,BiLSTM
S129,0.23141322785661317,0.2414216588281109,0.2009506622195003,0.16657854529049515,0.1401551685370438,0.01948073726823523,ANN
S130,0.20010758521731448,0.24391482632384687,0.17869768878704884,0.21421010140039634,0.1375193136209894,0.025550484650403413,ANN
S131,0.17779074234066555,0.17631417769987962,0.23291064609112233,0.24175217031322419,0.1464898172802258,0.024742446274881695,LSTM
S132,0.1591253112194613,0.14939472023244363,0.24049023826627633,0.20089607358678735,0.23071853935050107,0.01937511734453024,BiLSTM
S133,0.14849440525592253,0.12657509900940567,0.1812836414076429,0.1657946637278167,0.36200097312472723,0.015851217474485445,CNN-LSTM
S134,0.18636122810211145,0.15831329845163114,0.13225745637511,0.2192879262375292,0.28601250592533567,0.01776758490828252,CNN-LSTM
S135,0.1662806602092541,0.15509405262624187,0.12575739386722,0.24209704112277033,0.29610824136020153,0.01466261081431106,CNN-LSTM
S136,0.23831355673645177,0.13726734003574784,0.11219371395029444,0.26860873067741936,0.22363425596100753,0.01998240263907944,LSTM
S137,0.18022208348195456,0.12898199394502355,0.1758533510047655,0.22941537561107067,0.24623867050661039,0.039288525450576185,CNN-LSTM
S138,0.13433167105788313,0.16899472200648955,0.2102578147206822,0.25875243032150613,0.19284810562725382,0.03481525626618596,LSTM
S139,0.187748008180073,0.20331704650968904,0.21153519493447653,0.19475497565119249,0.16929823968966295,0.033346535034907164,BiLSTM
S140,0.18183910568758738,0.2047264935592282,0.21344064186889947,0.18781685930630362,0.18332675412846666,0.028850145449513497,BiLSTM
S141,0.14772919949390909,0.259025202137779,0.22611474036234397,0.1877293189305644,0.15442999135762095,0.024971547717781532,ANN
S142,0.20028461450036839,0.3044638149652581,0.18180391504616336,0.15122234798907408,0.14485742114485878,0.017367886354277873,ANN
S143,0.19895192408813564,0.20714787962009182,0.15071863324869628,0.23274083839322077,0.1931569030019756,0.017283821647881246,LSTM
S144,0.17257839908811187,0.18392770592519578,0.1925452207527591,0.24273149030016505,0.18818800405986094,0.020029179873906455,LSTM
S145,0.17997711537302852,0.15390363471068055,0.2591585217902519,0.1891341792498225,0.19732290284346046,0.020503646032755136,BiLSTM
S146,0.17877714387548344,0.15347864753810783,0.27710295950036556,0.1521384201470277,0.2234148619998041,0.015087966939211845,BiLSTM
S147,0.15183546057704264,0.3147887289039878,0.11594398693320851,0.16506568263069804,0.24027073938002244,0.012095401575041962,ANN
S148,0.2184293531762894,0.14010454000413244,0.08058961273586229,0.2647849131280694,0.2840647989732678,0.012026781982379426,CNN-LSTM
S149,0.2570333034058988,0.25949692411387165,0.0839084812110827,0.14177138372746298,0.23757137154403354,0.020218535997650878,ANN
S150,0.28109873840981575,0.23661268944808012,0.10282984214721659,0.15253572256946385,0.19715637282199053,0.02976663460343298,1D-CNN
S151,0.20812639688717527,0.2047219983269414,0.1769738053203679,0.16304138219992448,0.21327040756669172,0.03386600969889942,CNN-LSTM
S152,0.16232005124020613,0.1712683120077574,0.2156129024222621,0.2613250151252643,0.1586522775641286,0.030821441640381773,LSTM
S153,0.11122657009503881,0.2977543956627663,0.21354553251337663,0.2257326332360397,0.13327723514819786,0.018463633344582987,ANN
S154,0.19317147267142992,0.18547313155224104,0.19589193344778366,0.26505783601699956,0.14181255888923586,0.018593067422309543,LSTM
S155,0.2446036727094274,0.16375564894134811,0.17478234175888757,0.2283343406246443,0.166809751260096,0.021714244705597418,1D-CNN
S156,0.19370046478043956,0.17334433447037126,0.1764044057869591,0.19955128509349013,0.23215678285125052,0.024842727017489803,CNN-LSTM
S157,0.21055498168411907,0.1112194790771625,0.2029748943734666,0.16192685251554823,0.28903812052328337,0.024285671826420923,CNN-LSTM
S158,0.16713544018169424,0.2650459766430017,0.14377461130999422,0.13652716628832154,0.26851687447316075,0.01899993110382694,CNN-LSTM
S159,0.1954803257379566,0.30097741670413797,0.12069593646097317,0.18505714745577223,0.17438893051523138,0.023400243125929747,ANN
S160,0.18931612381799734,0.22929204216933693,0.13868200403977413,0.25933798825971255,0.15185526252501771,0.031516579188160795,LSTM
S161,0.22487241052075882,0.13672031091408157,0.17520787213543224,0.2458523961808164,0.17603256962554104,0.041314440623370245,LSTM
S162,0.13458906919254945,0.1934773572011769,0.2174740888896638,0.23924451002678113,0.17718191159851351,0.03803306309131491,LSTM
S163,0.13554452919246296,0.16691084375191365,0.2888460956607147,0.20401236654118923,0.17055178145695957,0.03413438339676104,BiLSTM
S164,0.18522739819649595,0.1417291261985453,0.3178300696627482,0.17867408597294993,0.14478266802515274,0.031756651944106845,BiLSTM
S165,0.1715998989444066,0.20131152829553156,0.2623555871489245,0.15041749384464848,0.19370700701545351,0.020608484751035865,BiLSTM
S166,0.15856336945355776,0.13489731863929208,0.10635346736201319,0.18668606689811856,0.399141560869929,0.01435821677708886,CNN-LSTM
S167,0.16355457492937017,0.0968173133913697,0.08663931361980622,0.5084455013450989,0.12999448363826907,0.01454881307608719,LSTM
S168,0.19307865157274434,0.16742687761795993,0.1628395828440516,0.26877258053751363,0.16776118280122235,0.04012112462650809,LSTM
S169,0.20823390887006857,0.1256845016248243,0.2197069903400686,0.21239778801097844,0.18298213168878152,0.05099467946527925,BiLSTM
S170,0.11456759740331261,0.10162681775776711,0.3739792059025055,0.19347314418070194,0.1914109857535853,0.02494224900212863,BiLSTM
S171,0.17970323546915642,0.14122728765591055,0.1968422394002374,0.26778545675531124,0.17828613095510704,0.03615564976427825,LSTM
S172,0.1718430122809907,0.12508089220243648,0.2227783091676858,0.18302933679145778,0.2508695736168262,0.04639887594060249,CNN-LSTM
S173,0.13363816693276348,0.1242494532743916,0.18520396320714905,0.17456415292289898,0.35043693849541896,0.03190732516737774,CNN-LSTM
S174,0.1545687000883571,0.14805911916721765,0.2102819982121332,0.18121698504894712,0.269504909804867,0.036368287678477614,CNN-LSTM
S175,0.1729686973812909,0.18501350020321256,0.21662977230486002,0.1982520285589595,0.18499476483767296,0.04214123671400339,BiLSTM
S176,0.14029982807755317,0.2908682295536907,0.2193778893345898,0.1716495185357114,0.13672207243522533,0.04108246206322933,ANN
S177,0.1948986792623827,0.20780177058991536,0.23855442265950458,0.18180293370561493,0.14262922184427798,0.03431297193830526,BiLSTM
S178,0.12370349319114661,0.12382794743945127,0.3769058173966464,0.18307626134254,0.15661586621387244,0.03587061441634252,BiLSTM
S179,0.16730149823554286,0.24933062537576914,0.2557422468161329,0.1665695691042657,0.12671626412330317,0.03433979634498667,BiLSTM
S180,0.18301280567685543,0.3033800042689413,0.30384709986614733,0.10746959711512938,0.08414805402455111,0.01814243904837641,BiLSTM
S181,0.19443335393158026,0.29868512547095577,0.26226821645215925,0.12177865287291911,0.10718819685587791,0.015646454416506327,ANN
S182,0.14007315748454996,0.265250585195432,0.19905496070831255,0.19438734214528774,0.17978378492838515,0.021450169538032336,ANN
S183,0.14768223182125187,0.22400830872096675,0.13541142112817595,0.19830402775351183,0.2736139922758343,0.02098001830025768,CNN-LSTM
S184,0.19537684795014382,0.33824729796860065,0.11472214597565585,0.2040645232890751,0.12904056129514271,0.01854862352138125,ANN
S185,0.27736155108413724,0.2582625715591817,0.14729896907368137,0.149929111563315,0.14374782023404484,0.023399976485639355,1D-CNN
S186,0.27248786483896104,0.2292965777930365,0.16540954037363065,0.16224628846418074,0.14258931948729428,0.02797040904289803,1D-CNN
S187,0.17437417795692373,0.22299675776051012,0.21995566176497586,0.17812827120439703,0.18130074278676372,0.023244388526429707,ANN
S188,0.17913787459362424,0.28155897422270915,0.16008116199946462,0.17742462047613283,0.18355708281801023,0.01824028589005653,ANN
S189,0.17917396094362906,0.17001744407432853,0.14276751610111185,0.169850182705905,0.31898261842190373,0.019208277753121644,CNN-LSTM
S190,0.14849292366064562,0.2155330597854059,0.14892530653889355,0.1373548042872649,0.3302667755407063,0.01942713018708553,CNN-LSTM
S191,0.18365547897454448,0.14646886039495785,0.14095081032951798,0.17956695590461663,0.3236659611034229,0.02569193329294003,CNN-LSTM
S192,0.17714611229527535,0.21019907780620317,0.1350556626743873,0.17049356448224776,0.2827967734510756,0.024308809290811004,CNN-LSTM
S193,0.16522483153589312,0.2831736735193238,0.11079410137439669,0.1902584512409113,0.2279939184509411,0.022555023878533108,ANN
S194,0.17872790084120152,0.28573797444368976,0.12528013988195133,0.1753634122848954,0.21102952512731726,0.023861047420945677,ANN
S195,0.18378056145891927,0.20265202738237764,0.1776918780946527,0.22237293809552788,0.18494229470737308,0.02856030026114874,LSTM
S196,0.17721359429976127,0.2301717587404128,0.22551298236493958,0.19267969301878493,0.14961464314568507,0.024807328430415963,ANN
S197,0.18980344164560356,0.25180141833929964,0.22322880467080045,0.17726995425855646,0.13844998481416823,0.019446396271572883,ANN
S198,0.18401492522784965,0.2193597776415111,0.21718370601989095,0.16288543836013678,0.20138504708954555,0.015171105661065378,ANN
S199,0.14530711903577345,0.17608919639034987,0.15538820167200754,0.1812216077405301,0.32554800844270376,0.016445866718633326,CNN-LSTM
S200,0.1753761994938456,0.17428782459425277,0.1722429283310011,0.19502798276296113,0.2606005397363422,0.022464525081596753,CNN-LSTM
S201,0.16933780285567282,0.3815066692230228,0.14018629123771784,0.13093225535777173,0.16477606706922826,0.013260914256586123,ANN
S202,0.2521856124346231,0.23776823280936793,0.14001506362235666,0.18922176177076486,0.16252393606877502,0.018285393294110566,1D-CNN
S203,0.2114490937974688,0.30474725961228927,0.13468332203601244,0.1699913565094225,0.1616103983474902,0.017518569697316595,ANN
S204,0.27805361325975037,0.21790916466553756,0.11798006491566893,0.1650004339117867,0.1998431117258351,0.02121361152142201,1D-CNN
S205,0.22072241448855429,0.2579413050071497,0.1405500863588353,0.14783504841831463,0.21064426253692084,0.022306883190226213,ANN
S206,0.18779169922202715,0.24951068666652212,0.17869148714527716,0.16067673403710572,0.19855225423195508,0.024777138697112316,ANN
S207,0.21228123435439256,0.22102639855297412,0.1824863074199164,0.162257055831572,0.20059955217135086,0.021349451669793604,ANN
S208,0.23928497200502175,0.1869461054322781,0.14108591564854062,0.166858647622031,0.2491041956027551,0.01672016368937265,CNN-LSTM
S209,0.18937562987186257,0.17387554407727918,0.09127717153699066,0.2250227042880439,0.3058355259940716,0.014613424231754496,CNN-LSTM
S210,0.17788518533414863,0.25992307627519246,0.12615723611603658,0.22295551221470777,0.18771086556148137,0.02536812449843261,ANN
S211,0.20522559943929317,0.2301337842015957,0.17749895368651683,0.18436211010077153,0.17137801402859293,0.03140153854322924,ANN
S212,0.16392310306954325,0.1558804122526701,0.2532983037883013,0.20171715418629524,0.19762875111249573,0.027552275590693166,BiLSTM
S213,0.17752015581276245,0.15427335269325937,0.2230363768350814,0.1879969416497476,0.23656592407582297,0.020607248933327122,CNN-LSTM
S214,0.25213231651589735,0.2161837278673519,0.11092286782708392,0.15347270988075212,0.2528282572839071,0.014460120625006545,CNN-LSTM
S215,0.1313027540122196,0.18511280137156744,0.12743899066407177,0.22193896879139183,0.31444343079108417,0.01976305436966464,CNN-LSTM
S216,0.20278707001129892,0.3252635937272995,0.13330673754510763,0.14855354985954392,0.17590054264135788,0.01418850621539333,ANN
S217,0.23577217919825033,0.2019918667854442,0.17225161315245927,0.17595617232506888,0.19697484635222898,0.01705332218654796,1D-CNN
S218,0.14032498350727896,0.3792908712649941,0.13045825639851402,0.16693124301745965,0.1679525209223837,0.015042124889370357,ANN
S219,0.15371082097089986,0.2785124765823611,0.14361402207433677,0.18218223551295923,0.22554604149410568,0.016434403365337028,ANN
S220,0.14287713395792723,0.2517912559035958,0.164566099936543,0.2065896394657391,0.2175683821505778,0.016607488585617884,ANN
S221,0.17960580824492178,0.25763980991477703,0.2390017741970509,0.12887415159633375,0.1837871825369389,0.011091273509976532,ANN
S222,0.2034271987380292,0.2987950791263117,0.1306073025309383,0.1551431436821722,0.20194235763573976,0.010084918286807975,ANN
S223,0.2301435579093024,0.2406736230281199,0.11817431994622657,0.1527385653592407,0.24870969789077355,0.009560235866336916,CNN-LSTM
S224,0.24177773780922035,0.15452660749525526,0.07556505661763215,0.20655271163443625,0.3095216657489284,0.012056220694526176,CNN-LSTM
S225,0.19290454646325078,0.2987370724203996,0.10151734248522082,0.1823993076083282,0.20369464824374625,0.020747082779053693,ANN
S226,0.2263117644061678,0.3096520804184547,0.11010304577127522,0.10011796561465297,0.23921873638357308,0.014596407405876154,ANN
S227,0.3765679266637724,0.2494336354166786,0.08864378327401405,0.1100167997735137,0.1627249410248625,0.01261291384715886,1D-CNN
S228,0.27935284506488434,0.3144470729041893,0.1156437614220855,0.10931953384917524,0.16855392446762824,0.012682862292035949,ANN
S229,0.18396003988598003,0.2760270722573547,0.13712649535763494,0.22886423111836898,0.15565729609631354,0.018364865284348702,ANN
S230,0.2177490998183119,0.24577805875624975,0.1802204516014303,0.16708781321225472,0.17256190696898488,0.016602669642769703,ANN
S231,0.23343346055050448,0.19055163195302433,0.1373095075505847,0.17219534207599868,0.24738991802603458,0.019120139843851327,CNN-LSTM
S232,0.18801502446907237,0.1900270201848298,0.16341251820619285,0.23094964939005333,0.2047282020715841,0.022867585678267275,LSTM
S233,0.1919570598276303,0.19859588281321705,0.19129099811074735,0.15745952162369778,0.2386120431180305,0.02208449450667658,CNN-LSTM
S234,0.22674348304681938,0.14058015980262337,0.13086499711165395,0.14554876197369687,0.3394912361405889,0.01677136192461691,CNN-LSTM
S235,0.18437253965896144,0.2478277257930389,0.11935403367596778,0.13978001095398365,0.2941516585147867,0.014514031403262488,CNN-LSTM
S236,0.2674265280513151,0.21282688463884683,0.13605821824927058,0.16606206325330447,0.19736245407072922,0.020263851736533636,1D-CNN
S237,0.24713559621208026,0.2643685017156348,0.14445693723858205,0.17526413143535155,0.1475762982605365,0.02119853513781582,ANN
S238,0.20561280982217578,0.19691685354601537,0.2056642574049166,0.1842374395597192,0.181505997457801,0.026062642209371302,BiLSTM
S239,0.19566472479358346,0.18844341744736834,0.20335284395628986,0.20411902646329663,0.18450662036056717,0.023913366978894356,LSTM
S240,0.1914780177681966,0.20488811846131166,0.19318875451501494,0.19848758063332997,0.18917196394679464,0.022785564675354423,ANN
S241,0.15551885508754576,0.17145302186248731,0.19013859613217793,0.20974623513063087,0.2598231675267352,0.013320124260423612,CNN-LSTM
S242,0.1277691552198562,0.22458541605971458,0.15030231553940773,0.29575665490352443,0.1894500342840461,0.01213642399345099,LSTM
S243,0.21983406847215756,0.24190036675328302,0.1268431031512923,0.21733686062017268,0.17903473733831285,0.01505086366478182,ANN
S244,0.34408603266052595,0.09161869624958964,0.07782220312142761,0.2975842397015069,0.17446003122282341,0.014428797044127415,1D-CNN
S245,0.1592205589595844,0.18651752656987935,0.11718549552905769,0.2530415518994488,0.2559702618691065,0.02806460517292328,CNN-LSTM
S246,0.21673358976903523,0.2004798633801118,0.1326031896357559,0.14789618492538806,0.2747029516382486,0.027584220651459563,CNN-LSTM
S247,0.19364807701466502,0.19211255053775464,0.17925063825374543,0.1657411567624426,0.24111549030703827,0.028132087124354527,CNN-LSTM
S248,0.19262988429077785,0.15408291590217482,0.20447019505110253,0.22049039374291501,0.19901952170056625,0.02930708931246341,LSTM
S249,0.2691138584283753,0.18761741032550755,0.1757967664788268,0.19766022851121334,0.14541756081051363,0.024394175445563656,1D-CNN
S250,0.3015951498932961,0.15246771278817575,0.1702934734928494,0.19474424748171923,0.15494620993991928,0.02595320640403906,1D-CNN
S251,0.1844408193159958,0.20112298570270115,0.19919620202502997,0.22806749257933695,0.15307645829435615,0.034096042082579193,LSTM
S252,0.17620260743443178,0.17776252372728696,0.2506446395741327,0.19465688327100952,0.1659804031189898,0.03475294287414922,BiLSTM
S253,0.1767102196071966,0.15986067012377192,0.2442664615382262,0.18964477335295452,0.20081323308320895,0.028704642294641668,BiLSTM
S254,0.1570244335769964,0.2775282680977202,0.21895343966945913,0.12316973455467878,0.20987455394220494,0.013449570158940704,ANN
S255,0.13236610288758277,0.29566954805462314,0.13649832412822818,0.23245883730352085,0.18758201929816729,0.015425168327878405,ANN
S256,0.17904103523318385,0.16820465357256503,0.13667338311535368,0.3394894888545903,0.16204699300888087,0.014544446215426606,LSTM
S257,0.21138455814172252,0.17604956279556686,0.13295242497146484,0.26725963006013326,0.19194718234479224,0.020406641686321347,LSTM
S258,0.20529774841929208,0.19758141724028078,0.1503057152274076,0.2348123110965542,0.18286986260504481,0.02913294541142028,LSTM
S259,0.11478597037205363,0.1504394628307523,0.2802839383452533,0.2377139329937966,0.18662798004007594,0.030148715418067712,BiLSTM
S260,0.21723981043204396,0.13789242978421795,0.25446423575936944,0.17995341901468462,0.18253954080902385,0.027910564200659096,BiLSTM
S261,0.13511369067037324,0.1395359335678989,0.13002346672340154,0.23193052793089045,0.34583762153704656,0.017558759570388466,CNN-LSTM
S262,0.24393681022512786,0.1235763501054647,0.098667994063786,0.360552431412249,0.15078570434058886,0.022480709852782516,LSTM
S263,0.23168765748853273,0.14808402932158055,0.1626688127147986,0.23490762392821285,0.185028462307761,0.03762341423911395,LSTM
S264,0.2019934833284977,0.2186542701945016,0.1733737599436778,0.16638620545474742,0.20692527811095046,0.032667002967623954,ANN
S265,0.1745946062978691,0.13461315689571682,0.2424156959657938,0.21564301194744362,0.20218160457227008,0.030551924320906806,BiLSTM
S266,0.18023986122209218,0.17261952121287305,0.26465500661312097,0.21330345795102698,0.139497400779095,0.029684752221792312,BiLSTM
S267,0.23545499071669682,0.18821544326781753,0.20354385901921385,0.18423292359774468,0.16236398725160223,0.026188796146923227,1D-CNN
S268,0.14454694191613013,0.12495935055771593,0.1398057483462095,0.2687664920548122,0.30054229094129215,0.0213791761838409,CNN-LSTM
S269,0.15773306741291745,0.11225726433953392,0.19491183697429865,0.21568051506393732,0.2857144050199197,0.03370291118939331,CNN-LSTM
S270,0.12454312037425957,0.21439242572422915,0.25183265946033573,0.18668055065664924,0.18609571889945797,0.03645552488506921,BiLSTM
S271,0.15711505659434716,0.2010394145679922,0.3042033275972601,0.15866729020898843,0.14623110297478842,0.03274380805662488,BiLSTM
S272,0.16438663926342187,0.1875183856355188,0.30028765675169666,0.16200229331372878,0.1619433766957271,0.023861648339906713,BiLSTM
S273,0.1856865994282664,0.17338390328335354,0.19533953046365507,0.2648004450041745,0.15329696066017298,0.027492561160378428,LSTM
S274,0.19131858688520087,0.21761482744462854,0.17382501502404868,0.231184995133475,0.1619162920171696,0.02414028349547779,LSTM
S275,0.1858882011359308,0.15134538881755266,0.18101080363482494,0.20515889959836228,0.2505512289899782,0.026045477823350795,CNN-LSTM
S276,0.1488666560898031,0.20910599184792036,0.19469380024386954,0.17977679340961772,0.2446219718618274,0.02293478654696083,CNN-LSTM
S277,0.18040940325297605,0.15936771223016702,0.24349299834518745,0.17486321363525553,0.21575225983635718,0.02611441270005687,BiLSTM
S278,0.22611217235533618,0.17254569664330244,0.19576212242556007,0.16351884312666887,0.2141422229606834,0.027918942488448523,1D-CNN
S279,0.204248469806747,0.30256445045790015,0.13175624358837432,0.15812095887607497,0.18404305527427692,0.01926682199662547,ANN
S280,0.22305238727518176,0.20340138844413955,0.15324050334756728,0.23445717655805332,0.15620501426283423,0.029643530112223267,LSTM
S281,0.18013586384972924,0.2026162776613584,0.20563879523677786,0.2156244282709149,0.1647160315640465,0.03126860341717371,LSTM
S282,0.1506360542839973,0.18796000021999135,0.2429174646440026,0.21994020076465717,0.16905555035274755,0.02949072973460426,BiLSTM
S283,0.16471155028953624,0.15749491664219184,0.2836935638178503,0.19616895219971756,0.17308573204120828,0.024845285009495344,BiLSTM
S284,0.16734728598674173,0.1824112058045091,0.2533965548749352,0.1833753355065889,0.1897318120890196,0.023737805738205723,BiLSTM
S285,0.0801926959065512,0.11763563682150352,0.21439099621605529,0.21484506396376601,0.35042335957381693,0.022512247518308184,CNN-LSTM
S286,0.08985497990242407,0.15806323218501842,0.18307346414221126,0.2610697307113438,0.29082238899350277,0.017116204065499803,CNN-LSTM
S287,0.3013556086308016,0.20466284828051665,0.1318718570848848,0.1823903330345404,0.16366734646160494,0.01605200650765061,1D-CNN
S288,0.3023862109474575,0.16114321637069254,0.12620389228955975,0.17699841980895584,0.2085059924487756,0.024762268134558042,1D-CNN
S289,0.16402107969461754,0.32096413545619423,0.12161375007144483,0.1854953657322609,0.17843281704355038,0.02947285200193179,ANN
S290,0.17607125599009157,0.19178484555606984,0.19487918927478998,0.23202755948602533,0.17280835506716502,0.03242879462585626,LSTM
S291,0.18142445263378157,0.14940304436485727,0.24837325083764183,0.23070412306350227,0.16163867658523182,0.02845645251498554,BiLSTM
S292,0.18553966143592587,0.21679266207248005,0.23502916399767873,0.19698216028683557,0.14044931753815867,0.025207034668922677,BiLSTM
S293,0.2547411527587184,0.20105743773917628,0.21885273118176043,0.15476283301907556,0.14793063810231336,0.02265520719895619,1D-CNN
S294,0.11808514122482072,0.2210919280745766,0.21584045925440024,0.24253264937221028,0.1820228275542094,0.020426994519781718,LSTM
S295,0.15492461794128926,0.1406802558228308,0.20140539585863082,0.32519277676396835,0.16412771879759747,0.01366923481568249,LSTM
S296,0.329052354300814,0.1673643666996139,0.10742850357983527,0.2419577251354312,0.1425465119175388,0.011650538366767929,1D-CNN
S297,0.3342275427965763,0.14559953849612817,0.0744785465112191,0.3240047718857619,0.10604274893344738,0.01564685137686863,1D-CNN
S298,0.14920840207039404,0.2719058346528554,0.1308490386675794,0.1580668715796128,0.2647974386780821,0.02517241435147687,ANN
S299,0.2303911476475039,0.1730090287160731,0.1819662301636099,0.17661991729718496,0.20243602509008574,0.03557765108554233,1D-CNN
S300,0.19571301692921947,0.1750511064096849,0.25916055500499124,0.17620990417496032,0.16632802423446408,0.027537393246679774,BiLSTM
S301,0.19793076311429886,0.1719717349421502,0.22270921203675167,0.21289878423123837,0.1656485772257658,0.028840928449794353,BiLSTM
S302,0.2615696871996939,0.179142636141373,0.18025892980999406,0.19233669675212378,0.15726344480923254,0.029428605287582708,1D-CNN
S303,0.18485219853619383,0.2036825804196769,0.18377773592340393,0.2333953818797974,0.16406958218490456,0.030222521056023664,LSTM
S304,0.1551981663816459,0.14160465452874427,0.29537712201605226,0.21215682611725936,0.16062531690766596,0.03503791404863247,BiLSTM
S305,0.1527236617625915,0.14288548143769172,0.29653285434159915,0.17536526952584416,0.20581559022701254,0.026677142705260604,BiLSTM
S306,0.14244185136621737,0.17957863172572772,0.24400966507300853,0.17930269933387677,0.23134610681379494,0.02332104568737442,BiLSTM
S307,0.10865479686845776,0.1924092443875192,0.1674569866481663,0.2924869758035693,0.2228720650889489,0.01611993120334051,LSTM
