,1D-CNN,ANN,BiLSTM,LSTM,CNN-LSTM,GRU,Selected
S1,0.1547153275981058,0.15768874540462408,0.19947718284712918,0.1785431975661834,0.17318015565300965,0.13639539093094818,BiLSTM
S2,0.32461023613690465,0.4126367009286534,0.09365657490231152,0.07083731038091527,0.07639067644793861,0.021868501203277515,ANN
S3,0.1822784816379121,0.34869640371056276,0.1423879905095645,0.15556161508959218,0.1424202740991883,0.028655234953180356,ANN
S4,0.3413009615737775,0.1411767498908571,0.0920926405867042,0.2859127417566654,0.10468681861966006,0.03483008757233529,1D-CNN
S5,0.004273303432278096,0.0022834555592712593,0.9825600576059944,0.004333331605145601,0.005214420441555458,0.0013354313557546584,BiLSTM
S6,0.27290796431587894,0.15017814386235706,0.12118413555116982,0.19476826680862802,0.20213544045291684,0.05882604900904913,1D-CNN
S7,0.1493978676125647,0.14759793733540325,0.11084691577611254,0.42759563971342995,0.12529079642352006,0.03927084313896938,LSTM
S8,0.0760820878537145,0.09228005518895004,0.5020359155111215,0.16459717857111097,0.08378906837258229,0.08121569450252035,BiLSTM
S9,0.1715145369422635,0.16922849297994147,0.24442486296366026,0.17828801939675834,0.1767690302389351,0.05977505747844144,BiLSTM
S10,0.12791434695644427,0.39697706718263326,0.17527663822694567,0.12399209351529655,0.1394018215293835,0.03643803258929706,ANN
S11,0.16228372283611264,0.194160493656437,0.16839125170944835,0.1702875600777164,0.19860653947024734,0.10627043225003831,CNN-LSTM
S12,0.15767491885830007,0.15614627267245246,0.12701114467562954,0.14242062981935447,0.3596997377852015,0.057047296189061875,CNN-LSTM
S13,0.30366083973654734,0.1491260747442715,0.15364496033908362,0.16812805146665216,0.17240820743567048,0.05303186627777485,1D-CNN
S14,0.1278541608437328,0.2078158197058117,0.1368648757787572,0.21327549599504253,0.2671772646947934,0.047012382981862555,CNN-LSTM
S15,0.3045550559631684,0.18051281018486823,0.1593330411621965,0.21629193697733665,0.1032952173313795,0.03601193838105066,1D-CNN
S16,0.13079742368020286,0.3716847614989518,0.08896023990724655,0.32468919751113157,0.06475708636863868,0.019111291033828668,ANN
S17,0.1137617858017983,0.1006346784897677,0.047451863934894825,0.06190159478885506,0.6447037611712759,0.03154631581340813,CNN-LSTM
S18,0.12013065932952795,0.13911354787239785,0.12844672225303075,0.19683393799873866,0.36376811092769296,0.05170702161861228,CNN-LSTM
S19,0.14558511223331547,0.1338955037323821,0.29265242497418353,0.15719092625070008,0.18401561140190126,0.08666042140751794,BiLSTM
S20,0.999210296714817,0.000171963197555443,0.000176368116267366,0.00017993597241730428,0.00021881031127606517,4.262568766610345e-05,1D-CNN
S21,0.1904599473381362,0.21685294018458737,0.16134636513141762,0.17322204545944664,0.2140782513680917,0.044040450518320506,ANN
S22,0.19757320596858244,0.19412453754727838,0.1710358511040918,0.16670832724316195,0.2215291876063129,0.049028890530572466,CNN-LSTM
S23,0.16903264603775633,0.1994889159244674,0.1749076432421277,0.17482777595881957,0.22856624519506108,0.05317677364176737,CNN-LSTM
S24,0.10267473730838594,0.11177055454309553,0.11270997266396045,0.09315094362027468,0.5489838056594706,0.030709986204812835,CNN-LSTM
S25,0.07221846380982187,0.7065747178336347,0.09787040354524496,0.0613337236694964,0.03710794899943467,0.024894742142367796,ANN
S26,0.14075240287549515,0.1857271771045397,0.2020681784738333,0.2995652747900247,0.11264468311537351,0.05924228364073338,LSTM
S27,0.10106498341359071,0.16420167778243203,0.22455863592114808,0.30006901044488354,0.16233628371256958,0.04776940872537613,LSTM
S28,0.2502221636624531,0.12892898992515014,0.22659591227404186,0.11037373941214543,0.2624317107160927,0.021447484010116362,CNN-LSTM
S29,0.1857762617586756,0.09292066598019079,0.11501380619305811,0.26519379250375597,0.31906191409833756,0.022033559465981026,CNN-LSTM
S30,0.035443697218488106,0.028861893994454386,0.8522810778800237,0.027015453127027744,0.05186057671696005,0.0045373010630456855,BiLSTM
S31,0.11623325379913917,0.3868634002614398,0.2134237802219418,0.09031135243062316,0.1617713956863546,0.03139681760050097,ANN
S32,0.11605336967684778,0.2663638382311682,0.2772749261221994,0.1370557010679847,0.1487295747728665,0.0545225901289334,BiLSTM
S33,0.11267299194199903,0.6347462326698728,0.1051093454038594,0.06966094451708427,0.05397936294318607,0.023831122523997612,ANN
S34,0.1317769960605708,0.160969141485241,0.19477300753656654,0.3484385628445286,0.12333414050851617,0.040708151564576724,LSTM
S35,0.1328505369507131,0.1461755867590687,0.2533783490723666,0.1406383038067896,0.18928834923455157,0.13766887417651025,BiLSTM
S36,0.1961614472201153,0.0965190727528063,0.34769019122013817,0.10205223236518318,0.20653098012000526,0.0510460763217513,BiLSTM
S37,0.4516770267443895,0.13341213028233914,0.10968871177275477,0.11895160648631638,0.14703176938016238,0.03923875533403811,1D-CNN
S38,0.17687910710802823,0.17720378110854268,0.16662186277148447,0.18090422609119114,0.14468444867363767,0.15370657424711567,LSTM
S39,0.12894194731008907,0.44216184728451857,0.17570941424491446,0.11229563063474546,0.08429701866074006,0.056594141864992155,ANN
S40,0.6020470513944419,0.057008998781528444,0.10521575500636822,0.1097505148253991,0.09788431798509603,0.028093362007166108,1D-CNN
S41,0.2855961117975994,0.14613003525315643,0.14888535151081742,0.2313754989791379,0.11486255661148323,0.07315044584780532,1D-CNN
S42,0.06798631611904087,0.6973383708112069,0.05007412509510712,0.12213881569200122,0.05106499330001553,0.011397378982628891,ANN
S43,0.05592794014791534,0.16548982088330352,0.5756220056514463,0.07426863341327287,0.11380113108994863,0.01489046881411281,BiLSTM
S44,0.44438009217048446,0.24815708793154198,0.0712873675566774,0.16813748785382196,0.05412968214489634,0.013908282342577918,1D-CNN
S45,0.12713608502859972,0.436897195445129,0.10460454745318334,0.1180819768068223,0.1443106417741611,0.0689695534921046,ANN
S46,0.27458392715344654,0.1590315162871066,0.10574419813987887,0.17516261940924976,0.22793645470377,0.05754128430654815,1D-CNN
S47,0.16635362006395252,0.24834417393216004,0.19773884425282814,0.13977952696473406,0.14164274715659828,0.10614108762972695,ANN
S48,0.13576365898050566,0.10423922199455612,0.3421081701435697,0.1892290944247476,0.14775554138411587,0.08090431307250544,BiLSTM
S49,0.162721325846969,0.1679056377357003,0.2569116238790449,0.20241573495285176,0.16344938498074643,0.04659629260468762,BiLSTM
S50,0.13167857556743431,0.18610562331150646,0.20940618954978382,0.1695873658627572,0.1474806467086175,0.15574159899990078,BiLSTM
S51,0.06734762502023384,0.0888595556766457,0.16683097670012023,0.42207858978246654,0.2219298818223998,0.03295337099813411,LSTM
S52,0.1511326725300608,0.2669446298039228,0.08263888076809985,0.4073030912575062,0.06936097716429541,0.02261974847611498,LSTM
S53,0.07668936749824817,0.2766939878788137,0.2511781670958744,0.1488214014649302,0.18335170839065879,0.06326536767147538,ANN
S54,0.14932047609362592,0.07151304804961917,0.44321605501921246,0.19501529382036345,0.09617198510193962,0.04476314191523919,BiLSTM
S55,0.4633060192384516,0.14409463940299228,0.08511057723454123,0.1575074008466298,0.09804722906478841,0.05193413421259664,1D-CNN
S56,0.26055854441704707,0.16201472082686422,0.15321938658730302,0.19087430831748983,0.17271133181316262,0.0606217080381331,1D-CNN
S57,0.16834348669444055,0.10619902354958026,0.18642560921126206,0.3057397567387688,0.18660602816574143,0.046686095640206725,LSTM
S58,0.2645421374087303,0.10038861602353967,0.16230786393920302,0.1710820280509674,0.1727136554888799,0.12896569908867983,1D-CNN
S59,0.1526874250457479,0.2171313037154654,0.1816321369493502,0.2328349357480187,0.14170010700936866,0.07401409153204905,LSTM
S60,0.11136747682644933,0.4703128332636729,0.13422164312354776,0.14472096486809347,0.08979973954734567,0.049577342370890655,ANN
S61,0.15762349272420306,0.20308918704761497,0.20874560668330636,0.19278392304175052,0.15070830271429494,0.08704948778883029,BiLSTM
S62,0.5299346555727081,0.30440592497806646,0.04744766628870054,0.02423489022686708,0.08638574287727073,0.00759112005638663,1D-CNN
S63,0.1347828314813629,0.1456427136905011,0.1281360898708904,0.41476845846575894,0.14941234819500465,0.027257558296482364,LSTM
S64,0.17393977942731909,0.17912459497468172,0.15149734037926388,0.29398283831455224,0.16700872426942184,0.03444672263476103,LSTM
S65,0.14465475319032878,0.16478605898905,0.17068987684403425,0.29991287015220436,0.17975444412400712,0.04020199670037519,LSTM
S66,0.19862082193053945,0.2720719335342665,0.12326622700891561,0.2756686129461645,0.10285542305093859,0.027516981529175585,LSTM
S67,0.32147100626911657,0.12867092421410226,0.16169413934879362,0.19957609571984075,0.11873400340594559,0.06985383104220164,1D-CNN
S68,0.20378064418532227,0.26547703242878273,0.1471187232518123,0.15244439297343337,0.16684314919149087,0.06433605796915859,ANN
S69,0.22489241982451144,0.15192100131511943,0.15210390235262516,0.29059586158433387,0.1110824213324063,0.06940439359100359,LSTM
S70,0.2492709528040823,0.17603873161626823,0.14075822121380477,0.2172355543539224,0.15799661701242518,0.058699922999497375,1D-CNN
S71,0.16477579473224271,0.17717958323725094,0.15550519210471744,0.2710052634037894,0.17510239961191187,0.056431766910087916,LSTM
S72,0.16127562207485593,0.18195731857789407,0.20049742438893484,0.22763148347163734,0.1674838834377774,0.061154268048900826,LSTM
S73,0.1568259661944953,0.18646765738398188,0.30632982734870723,0.15709195697301706,0.14574897366112344,0.04753561843867535,BiLSTM
S74,0.18292640516079184,0.1548717142909259,0.2829117045723394,0.16963603725445575,0.16178918182626845,0.047864956895218885,BiLSTM
S75,0.2081846419950444,0.17058946405627232,0.20057396590199408,0.15835341919606238,0.21910861128056744,0.043189897570059296,CNN-LSTM
S76,0.1765190030120464,0.4901527611628869,0.06408760432529119,0.09571942919550334,0.16003296623284122,0.013488236071431209,ANN
S77,0.19885207260934915,0.16169201757293514,0.20593306617340454,0.18946758981996525,0.18663408458689681,0.05742116923744945,BiLSTM
S78,0.26337781430623936,0.16709744655801723,0.14951568516962788,0.2315192365971371,0.07759490327321292,0.11089491409576516,1D-CNN
S79,0.12958147943570802,0.33970522878890974,0.27161797942201377,0.1652080446901801,0.05304280021996803,0.04084446744322072,ANN
S80,0.12841481806904817,0.10174604364887413,0.15715615219744286,0.4294764745515413,0.14923266037411284,0.033973851158980335,LSTM
S81,0.1242816814932848,0.21420907507146947,0.16673040815005888,0.1286827670160797,0.2888087341482636,0.07728733412084371,CNN-LSTM
S82,0.15355386606581733,0.21546854509058205,0.17010545771808527,0.1386823513817303,0.16814811309748282,0.15404166664630242,ANN
S83,0.0948150371251417,0.18492125625126263,0.2119232469487397,0.1660473613796666,0.2856290197363341,0.05666407855885547,CNN-LSTM
S84,0.17148981670435207,0.14665516388174846,0.18022234852129684,0.15625596730195496,0.18768339690486513,0.15769330668578233,CNN-LSTM
S85,0.14946986427361222,0.13350946276729772,0.21028698193091577,0.17656536880644066,0.1856059236487633,0.14456239857297,BiLSTM
S86,0.11596014547113773,0.3277332811044697,0.19378674639348875,0.17372739283794209,0.1292551790998046,0.05953725509315707,ANN
S87,0.11894035223659474,0.12397816493752378,0.11586315744261026,0.5269950737159211,0.08375687913369309,0.030466372533656718,LSTM
S88,0.002255711114446029,0.004000914033705788,0.0016102929703299977,0.990309238535801,0.0012687013697319448,0.0005551419759853262,LSTM
S89,0.11175042926700389,0.11634897269752946,0.1568141113254746,0.43448971858817437,0.12457192886000457,0.05602483926181321,LSTM
S90,0.17322206582451075,0.16682384964968797,0.12719123903860455,0.3089182868578894,0.15727408731168507,0.0665704713176222,LSTM
S91,0.03819925735924438,0.08160327576205019,0.06922549718543905,0.6661943171745933,0.12406308219857956,0.020714570320092995,LSTM
S92,0.24545128164056548,0.1443250952882636,0.15670423595910243,0.21347391200189536,0.19775228872579323,0.04229318638438035,1D-CNN
S93,0.0833765789536054,0.10700735345472993,0.07215807230419573,0.06764704509620195,0.6518049176460975,0.018006032545169654,CNN-LSTM
S94,0.16748112416463468,0.28432399044749035,0.13034479207104618,0.13845397860194703,0.24008567736190278,0.03931043735297882,ANN
S95,0.08607491149389938,0.4549900033905581,0.07271491461110796,0.2032348080086751,0.14074307394487962,0.0422422885508797,ANN
S96,0.10937601160100589,0.12305112519463164,0.07880103627534865,0.4749969314321985,0.1421386159011208,0.07163627959569492,LSTM
S97,0.6289972553839521,0.11032376400186016,0.044540562855198834,0.11229721666686118,0.07003127088405994,0.03380993020806783,1D-CNN
S98,0.08174967946205362,0.06207643754332529,0.05535460999698293,0.7320087681836607,0.043471728076870886,0.025338776737105804,LSTM
S99,0.1639183947556107,0.22044961329040844,0.20915421119983835,0.19278485838786505,0.15076969380996624,0.06292322855631106,ANN
S100,0.13829468524297914,0.38073633042198574,0.18550788658364675,0.14075681072278948,0.11340116212380948,0.041303124904788914,ANN
S101,0.13408516215422606,0.17467847413950097,0.26876487869627413,0.16129403978606616,0.21543887744803125,0.0457385677759016,BiLSTM
S102,0.16304151858112514,0.32696433036277195,0.12735027655176712,0.16421356390637037,0.18323685134503917,0.03519345925292554,ANN
S103,0.16662940048469171,0.17739611829706575,0.16130549424805093,0.2681139504789627,0.17078177953137935,0.055773256959849644,LSTM
S104,0.2020358478743436,0.17536574107020858,0.1324132714585633,0.27295725226199974,0.1807840147200334,0.03644387261485125,LSTM
S105,0.12414550832882988,0.4215501306801054,0.054404410491152466,0.32016138445147546,0.056840196941224816,0.022898369107211807,ANN
S106,0.16972110809965077,0.38700537997724643,0.11165118103173464,0.22004890176159625,0.09205902259329157,0.019514406536480726,ANN
S107,0.21484981004495235,0.1619970548047512,0.3837263004546925,0.06381026795276239,0.16180740564197954,0.013809161100861776,BiLSTM
S108,0.12667407444306858,0.1951420009976584,0.2857857187022486,0.1905910770963853,0.1583746170815879,0.043432511679051086,BiLSTM
S109,0.16548189159200838,0.1760091556758795,0.3699880465756596,0.11646227734867583,0.12884256545967432,0.04321606334810302,BiLSTM
S110,0.0850057872884932,0.08325607166931437,0.3257166798393535,0.12922258992303984,0.3473306317072532,0.029468239572545716,CNN-LSTM
S111,0.09971291412750283,0.1274641090319683,0.1424838549786947,0.22672332026492859,0.30310410531546295,0.10051169628144256,CNN-LSTM
S112,0.09891226290211566,0.22199309155107916,0.19211823682652843,0.1634551945246353,0.2733679910100025,0.050153223185639084,CNN-LSTM
S113,0.15455817169979097,0.2598530865100603,0.09325025336442878,0.16324454755309864,0.28686458135763376,0.042229359514987484,CNN-LSTM
S114,0.08081762529690659,0.18151380479786475,0.09622694802932863,0.18051938571884582,0.3737805782235649,0.08714165793348927,CNN-LSTM
S115,0.18362144408670655,0.21461112097561835,0.12974486690346068,0.1781321948438505,0.1913274387938079,0.10256293439655598,ANN
S116,0.28653347363050347,0.4815814386903715,0.08612246800326503,0.07680155270299754,0.05534922207102206,0.013611844901841298,ANN
S117,0.17921342500520643,0.2980633404546418,0.11050607400848449,0.14732818082023957,0.22560358641426895,0.03928539329715838,ANN
S118,0.10873323348701701,0.23131496722338596,0.13471405693433208,0.10756563730465367,0.3893913004498577,0.028280804600753898,CNN-LSTM
S119,0.3985511536998742,0.09380780411718857,0.1372827652255058,0.10099517835671998,0.23833708923349517,0.031026009367215678,1D-CNN
S120,0.1885863013889186,0.27027906407002467,0.12282244777153027,0.18151877273278433,0.1864921613015253,0.050301252735216934,ANN
S121,0.17537496692423443,0.21813269278507488,0.16688804803944526,0.17979459002324943,0.2076309186059655,0.0521787836220303,ANN
S122,0.1576889854429434,0.15648260069522274,0.2955332454913048,0.16776503570734344,0.17300604530188388,0.04952408736130141,BiLSTM
S123,0.12376295967594703,0.11582480000523127,0.42368187923692413,0.13686389886786843,0.15606077261608797,0.04380568959794126,BiLSTM
S124,0.13493968638415835,0.1759412175249478,0.24656891748533305,0.2024071403459575,0.17460369521531754,0.06553934304428542,BiLSTM
S125,0.0723261509115917,0.09520699623975531,0.17221228228044166,0.535507230949457,0.07849727584499352,0.046250063773760876,LSTM
S126,0.1343737325311887,0.16106989194528157,0.17318022512210152,0.19586688362983923,0.1877682575061624,0.14774100926542688,LSTM
S127,0.568084093492129,0.11870201898156592,0.13784355650037977,0.06605271078314803,0.051207676145395155,0.05810994409738172,1D-CNN
S128,0.045015473749730466,0.8059378544114973,0.07333194920076293,0.038850554159945046,0.025920468732583683,0.010943699745480769,ANN
S129,0.2804242531260514,0.16439557666710064,0.290234351119313,0.14241242812103502,0.09906264082706867,0.02347075013943141,BiLSTM
S130,0.10698165689828869,0.08823329944148409,0.05616407233356766,0.6838962677249977,0.038952811002585144,0.02577189259907668,LSTM
S131,0.09233856357346888,0.09892262750924481,0.47397241371458204,0.2148490558171328,0.07094490574510713,0.048972433640464365,BiLSTM
S132,0.0641032671976413,0.0653227221042893,0.23514015691040055,0.19325489997106432,0.4244094267832649,0.01776952703333927,CNN-LSTM
S133,0.31167795701951134,0.009813703146567293,0.018664747048422563,0.650340226008423,0.007262398319806361,0.0022409684572697384,LSTM
S134,0.16088935359954235,0.3831166207779477,0.12516793966682585,0.13102100067543052,0.12990544438618945,0.06989964089406409,ANN
S135,0.17715032479418838,0.13075537995980843,0.10745813500281506,0.37304938176816765,0.17810053962744882,0.03348623884757137,LSTM
S136,0.22501043122261674,0.14369246072220077,0.11748706477885353,0.18995257294135867,0.22306510948193511,0.10079236085303521,1D-CNN
S137,0.09082682941236599,0.3378996389009294,0.25248768922967085,0.1461491926409827,0.13509772140310558,0.03753892841294474,ANN
S138,0.1484836923170409,0.18720664242712928,0.15022707518096778,0.24495011263387925,0.18265453083135594,0.08647794660962654,LSTM
S139,0.1724861285732835,0.19940099132887834,0.20003633611205904,0.17371826133283824,0.1652919325760903,0.08906635007685064,BiLSTM
S140,0.16381614096672614,0.18495622430143466,0.2415220420139681,0.16461158245658755,0.16835370339997147,0.07674030686131215,BiLSTM
S141,0.014848426148378587,0.6232146292235266,0.3190110965974206,0.020382450720562592,0.014440091438332707,0.008103305871778705,ANN
S142,0.1412796971365378,0.20837428038276745,0.19451302305725396,0.18156657156279898,0.17405255090627703,0.10021387695436484,ANN
S143,0.06618575929773696,0.12513316292018803,0.28345196444742093,0.4039098711613399,0.09595936810073975,0.025359874072574368,LSTM
S144,0.13132597153903455,0.14535846206063294,0.15291253282843748,0.35104014522781124,0.15581565842788772,0.06354722991619582,LSTM
S145,0.19806375530386275,0.12544169908737754,0.14562051654124053,0.2299104595855086,0.2391717409095688,0.061791828572441164,CNN-LSTM
S146,0.29421808243403913,0.08162460652011778,0.0696112545387027,0.10085302864945724,0.4296145216604122,0.02407850619727117,CNN-LSTM
S147,0.14123804102383297,0.20184261928367045,0.24301019356735776,0.2527693467941368,0.13359227726431872,0.02754752206668379,LSTM
S148,0.26485141919194954,0.18858028038031718,0.11081283105746145,0.16609767308371182,0.18960008617411708,0.0800577101124429,1D-CNN
S149,0.22048064507543352,0.31682221622827844,0.08628778619330599,0.2021748585467335,0.13760685186202679,0.03662764209422227,ANN
S150,0.17222942187703877,0.2260688934985448,0.2985345068299236,0.12100713584598576,0.15317522796613114,0.028984813982376057,BiLSTM
S151,0.13090100845593808,0.15745814926990895,0.23298950302584975,0.09406143618142322,0.32918059071935696,0.05540931234752301,CNN-LSTM
S152,0.15386510313091548,0.15607689543071504,0.2065752125156635,0.30099740978635675,0.12311565745040139,0.05936972168594818,LSTM
S153,0.5323597733875312,0.0786407605456205,0.08188988608552034,0.11120593601305011,0.1676005045587788,0.02830313940949932,1D-CNN
S154,0.14365541523206643,0.1682232966180406,0.14955742517081436,0.1521300173611253,0.3056848777174919,0.08074896790046142,CNN-LSTM
S155,0.1616598557205293,0.21474544579849472,0.20428958916275633,0.160902385151775,0.18023476778799705,0.0781679563784476,ANN
S156,0.187884869229804,0.2079200511272653,0.22878151933706398,0.17713405262716492,0.13945325468507347,0.05882625299362848,BiLSTM
S157,0.17059631663919142,0.12799277083445393,0.15039510960689526,0.3587424421753477,0.13376015820292805,0.05851320254118328,LSTM
S158,0.12191517135158157,0.09863141821183252,0.2043038937022684,0.41172679021347997,0.10197570828273561,0.061447018238102134,LSTM
S159,0.18613700913956185,0.1420474845233599,0.2023041686702619,0.20312575539356403,0.21418955395561193,0.05219602831764051,CNN-LSTM
S160,0.2505689319203682,0.12709398853613643,0.12245028730312875,0.14063974024368517,0.30814521269939665,0.05110183929728458,CNN-LSTM
S161,0.021448170603229698,0.47861675401297654,0.03637960442284324,0.03712327526642323,0.4146904481393027,0.011741747555224603,ANN
S162,0.07714887137104806,0.03865469425579649,0.5238127182074583,0.083879478335617,0.24694207619364553,0.02956216163643496,BiLSTM
S163,0.08678856628353943,0.23669973701749353,0.26457522257303634,0.14874641422158774,0.17303037087116832,0.09015968903317492,BiLSTM
S164,0.17055911279907335,0.10628398150141188,0.18314202778011665,0.24330852694318506,0.20697137931393098,0.0897349716622823,LSTM
S165,0.1796444526965166,0.23538982287245813,0.12265633933385987,0.33066515419699305,0.10636283872050757,0.02528139217966475,LSTM
S166,0.8139729554923244,0.06557425292561522,0.02654300121873503,0.05225495207264721,0.03129122035747799,0.010363617933199789,1D-CNN
S167,0.2865693845330149,0.12135725944124941,0.09673201522551039,0.11921738996489428,0.32249509530191095,0.05362885553341985,CNN-LSTM
S168,0.18399405971593596,0.4383936759874601,0.09667137832434576,0.11989518089832041,0.11292785962283185,0.04811784545110578,ANN
S169,0.045618634637902354,0.05884448223714495,0.2828768025834847,0.31513879460867633,0.27690815338125707,0.020613132551534703,LSTM
S170,0.2507881275952465,0.05931913977669976,0.048313968806120766,0.5680476078475714,0.04699740242660471,0.026533753547756285,LSTM
S171,0.4647587256937959,0.19373783672397912,0.09741199930721822,0.07871083684235886,0.09486510046653251,0.07051550096611572,1D-CNN
S172,0.1147622848751736,0.07607302729470176,0.2175515494083923,0.3310813298474546,0.10010443438293978,0.16042737419133765,LSTM
S173,0.10902696442160105,0.12519395463207453,0.19817795902794905,0.351451720665943,0.13972849665588646,0.07642090459654534,LSTM
S174,0.10171482828701216,0.061539277004564234,0.6132826367662022,0.10392184056535128,0.08602723278139097,0.03351418459547896,BiLSTM
S175,0.13364602710558796,0.19435451394001632,0.25282668799933816,0.18450023250113484,0.16791524349722872,0.06675729495669411,BiLSTM
S176,0.1457835400517426,0.16608754830374992,0.2549065040261633,0.2764282099304152,0.11386672658100083,0.04292747110692863,LSTM
S177,0.201758169905405,0.38806765074139316,0.13930116986691454,0.17091452174706367,0.068907282842653,0.031051204896570584,ANN
S178,0.1333307966288738,0.13528227692058495,0.21950751209729333,0.24961927809159073,0.1727377655852158,0.08952237067644134,LSTM
S179,0.23708633454697303,0.026385842610189635,0.02247882147077174,0.6893463062577765,0.019449501708971615,0.0052531934053167435,LSTM
S180,0.16468005729397103,0.19896755581979603,0.1339976940408205,0.34101458441133603,0.12820267524659343,0.03313743318748278,LSTM
S181,0.2361621862431844,0.18716285166780458,0.13210213553672967,0.19589501672570733,0.20994616582733805,0.03873164399923573,1D-CNN
S182,0.12200116377338287,0.10241982894492459,0.08548813577175798,0.21610132210185784,0.4476235095173833,0.02636603989069324,CNN-LSTM
S183,0.26580432169571466,0.06859255715658243,0.3114375185817837,0.2750949952008759,0.06131587607738205,0.017754731287661512,BiLSTM
S184,0.08864681363008801,0.09812549415449157,0.5739841723158658,0.07763871394140281,0.13873629826959527,0.022868507688556552,BiLSTM
S185,0.18853714361224796,0.27322312600440946,0.13621139030565274,0.21756480048022356,0.15754660245589425,0.026916937141572065,ANN
S186,0.1982049383889841,0.09927119543688014,0.40942963970286295,0.1828234528258118,0.06560598576947684,0.04466478787598437,BiLSTM
S187,0.13079296840686286,0.2405162158875653,0.04107632577991009,0.07422432147458599,0.4907400594107122,0.022650109040363155,CNN-LSTM
S188,0.29319363784348285,0.177807276783413,0.11335722492312693,0.12976386030313053,0.2204145670432157,0.0654634331036312,1D-CNN
S189,0.13289521640640684,0.3526695614100134,0.12267765664905002,0.18380171758618957,0.15789076165968366,0.0500650862886565,ANN
S190,0.06387952706154418,0.07113255601790436,0.04443328736011066,0.7154233460664227,0.07327972815758879,0.03185155533642972,LSTM
S191,0.038153060497154175,0.029317309837105635,0.6970199216713134,0.19922511483458255,0.02799831005184181,0.008286283108002512,BiLSTM
S192,0.15887667511670145,0.23042637711945113,0.14708313673012122,0.20702074726234146,0.194278398875112,0.06231466489627286,ANN
S193,0.2169963507033438,0.11797834077888492,0.09137513876919649,0.2272221249963607,0.30658028222110684,0.03984776253110724,CNN-LSTM
S194,0.7868210986734248,0.037621509236807,0.021888354665527382,0.05552504625296372,0.08591819468852582,0.012225796482752137,1D-CNN
S195,0.16580026867361708,0.2207947713702329,0.14877080677070942,0.2414209546280844,0.1516143420726928,0.07159885648466384,LSTM
S196,0.1283257821922932,0.21176015554279481,0.34525198606659263,0.15698300187187514,0.1048586562696003,0.052820418056843926,BiLSTM
S197,0.11841065341033905,0.2817609782777703,0.34806712182909905,0.13085618317366726,0.0897346277477916,0.031170435561333417,BiLSTM
S198,0.049441530517732056,0.08672565160620788,0.7433472097370585,0.043809538887102775,0.06782511515279045,0.008850954099108506,BiLSTM
S199,0.11319668373191412,0.14599550732410244,0.3088052531619371,0.14675671752947278,0.21656515703569534,0.06868068121687847,BiLSTM
S200,0.685227994236664,0.05844109968910747,0.05321797567547282,0.08756819131935717,0.10589317932696728,0.009651559752431064,1D-CNN
S201,0.16617298740510167,0.14828900094993563,0.11115036966816846,0.13054247451324982,0.39970678886607625,0.04413837859746775,CNN-LSTM
S202,0.22405064858895116,0.11083494055923043,0.4799169300858145,0.08422244337604401,0.07229309335465554,0.028681944035304486,BiLSTM
S203,0.202433425004819,0.1226894376044325,0.08549363971783636,0.07615162643071667,0.4654152855200627,0.047816585722133056,CNN-LSTM
S204,0.13480533588354546,0.43957727642257544,0.08503572691669596,0.11542673082922933,0.18700678374724305,0.03814814620071111,ANN
S205,0.2996486483868801,0.09186954925763499,0.29511749970771084,0.24856078477895846,0.05418575679715537,0.010617761071659317,1D-CNN
S206,0.1315770510298821,0.30476627976138193,0.175036145747048,0.12493665412206746,0.1722836237656537,0.09140024557396648,ANN
S207,0.1585899398707613,0.33549141315594405,0.13889005478737443,0.12809634582370533,0.20196267302195361,0.036969573340260825,ANN
S208,0.08053555383969248,0.22750459057989328,0.21149471131921044,0.30458172091680463,0.15638301245396452,0.019500410890434156,LSTM
S209,0.11737130259339555,0.1680956756525594,0.19591445932172935,0.19297060548918338,0.26515498997438186,0.06049296696875055,CNN-LSTM
S210,0.021107370136053544,0.022617669551354545,0.033986000398627814,0.01982750857333384,0.8983011208129545,0.004160330527676281,CNN-LSTM
S211,0.19211618737665356,0.16620192144392273,0.10423770722512209,0.16589762855948834,0.34305958827727334,0.028486967117540337,CNN-LSTM
S212,0.5697262779468326,0.12126714727803031,0.05357035291010604,0.10951720925031123,0.11911505953404104,0.026803953080678435,1D-CNN
S213,0.09225197432435803,0.06424752889754844,0.4760784275649075,0.09809656399528685,0.2487731246534587,0.020552380564439993,BiLSTM
S214,0.15321268736917626,0.22709665649080338,0.11815364995350157,0.19062368545603817,0.23782080485936402,0.07309251587111633,CNN-LSTM
S215,0.08449497249607722,0.11786026443583882,0.5757100562150252,0.12349204281904629,0.09343017390317676,0.00501249013083614,BiLSTM
S216,0.32559350883081795,0.10275290651536076,0.045268082631419015,0.2598021510781535,0.25553369455225694,0.011049656391991652,1D-CNN
S217,0.2232347356509116,0.15220084681600843,0.2559915355076951,0.1657453483175455,0.16534693669144868,0.03748059701639016,BiLSTM
S218,0.03926053885261167,0.8074718231672883,0.039384283013825155,0.05655434035919802,0.04662462328435938,0.010704391322717702,ANN
S219,0.062158479338218144,0.7265054656841549,0.05525963119287422,0.06491262023727809,0.07324270329003643,0.017921100257437827,ANN
S220,0.12297033646762909,0.21137429224332396,0.23053553547358302,0.21106997227124297,0.1743992169249323,0.0496506466192882,BiLSTM
S221,0.16538204622806396,0.28308215062950914,0.15199984738123254,0.13904477792121123,0.2276010800548933,0.032890097785089806,ANN
S222,0.12182445214078454,0.2846646349140599,0.21736363968370542,0.15308589888800636,0.205311320688348,0.01775005368509649,ANN
S223,0.4390680373722281,0.3149137888351476,0.08105106093567793,0.09703751633679111,0.06268242986350349,0.005247166656652006,1D-CNN
S224,0.14084844536985983,0.43575944896953117,0.0753054562838534,0.1404899092617352,0.17441023420129612,0.033186505913724046,ANN
S225,0.14102681942414527,0.20081599375297693,0.15930299776858564,0.12452378537265474,0.3490295204046486,0.02530088327698865,CNN-LSTM
S226,0.25704906301149555,0.30998050095780777,0.11956993808195501,0.1026088763001685,0.1617074363367474,0.049084185311825686,ANN
S227,0.7597982241769303,0.06965033422941694,0.02943674810338997,0.056175628138095415,0.07115515442080063,0.013783910931366524,1D-CNN
S228,0.1489217379846132,0.4370463522672862,0.20221835102404928,0.07404663599055535,0.11586280768088889,0.02190411505260764,ANN
S229,0.7223456633704267,0.0625562323513059,0.0892588931087229,0.04545562353540847,0.05513413003282099,0.025249457601315316,1D-CNN
S230,0.15624937694145852,0.16842628245905325,0.10462441434252634,0.15964895025131287,0.3559670853502984,0.055083890655350604,CNN-LSTM
S231,0.06392803872606345,0.13589539299874503,0.6475206093521395,0.06356917702512659,0.06137720275927888,0.027709579138646873,BiLSTM
S232,0.25573335020188176,0.2311594127758369,0.13293384126843144,0.13572162220595976,0.20642613106526897,0.038025642482621934,1D-CNN
S233,0.13327888239155197,0.14108363680270822,0.0714885050904714,0.5244180036259193,0.10099515385245172,0.028735818236897494,LSTM
S234,0.0136472949977078,0.018812198925213745,0.02549605863850028,0.9208058744529986,0.0155109127546587,0.005727660230920938,LSTM
S235,0.1485768492041291,0.15905409862865638,0.21171220453644532,0.24750127086027066,0.16299409546405177,0.07016148130644646,LSTM
S236,0.13095241018363712,0.2627795296619573,0.08140189403117819,0.1398026490142093,0.33357330039720484,0.0514902167118133,CNN-LSTM
S237,0.08012416591860556,0.06274034286112387,0.06180095413128144,0.7376657202845806,0.039537062218303394,0.018131754586105213,LSTM
S238,0.11225735925583591,0.10844206410752437,0.5165762307523576,0.10574383764680835,0.09628467164217547,0.06069583659529846,BiLSTM
S239,0.18306440908158006,0.15914178504021612,0.22776253085897846,0.2131941620471124,0.16334354363239,0.05349356933972308,BiLSTM
S240,0.1758723223875163,0.19465171690835376,0.19464349263816863,0.20039285033435097,0.18306163368186934,0.05137798404974094,LSTM
S241,0.2252686172294101,0.1799074610805213,0.3527230565620376,0.10214044290434104,0.12403385128569208,0.015926570937996865,BiLSTM
S242,0.051862183238324054,0.1853625504072803,0.5748199204906997,0.07843642986956868,0.09436170997659139,0.015157206017536194,BiLSTM
S243,0.17845719137586827,0.17321280777292491,0.23861917308883962,0.14408876775470936,0.19190733392703838,0.07371472608061927,BiLSTM
S244,0.2190681278939113,0.1615582205862548,0.1330806094244079,0.17761637542002087,0.2411957944962187,0.06748087217918648,CNN-LSTM
S245,0.15960337227887927,0.18272442468218353,0.3915705103592877,0.10991461032717413,0.12564950945306075,0.03053757289941536,BiLSTM
S246,0.18780112069493562,0.18005164503785526,0.21991424793741904,0.19960199745046645,0.1612112386143705,0.05141975026495281,BiLSTM
S247,0.16656342325242315,0.15601497091716707,0.17937039999926158,0.3176179577387865,0.13045558069033317,0.0499776674020288,LSTM
S248,0.020207631281432995,0.9321582881802858,0.020834067303406915,0.011235676880432423,0.010785114946183342,0.004779221408258048,ANN
S249,0.11106080176698545,0.13797247404684024,0.20357141304791035,0.14672846056855568,0.3321092352496002,0.06855761532010796,CNN-LSTM
S250,0.10841274730338313,0.11986776396924446,0.17113806884305643,0.14830320072373757,0.37181661957060885,0.08046159958997,CNN-LSTM
S251,0.26231315398592536,0.35076486597782813,0.1945821369520287,0.09317127153034814,0.0698806939076359,0.02928787764623407,ANN
S252,0.09646372607505542,0.09832656345776697,0.5109595793128912,0.10845807842379267,0.09023066130959702,0.09556139142089656,BiLSTM
S253,0.1418121511517833,0.11407876706784005,0.27601941252183876,0.15541622973701905,0.2557815976096147,0.05689184191190423,BiLSTM
S254,0.37705540732368165,0.1343265536013406,0.14738510494669285,0.13227251005755938,0.17731337272244702,0.03164705134827916,1D-CNN
S255,0.11196138201928947,0.09271934618401836,0.08366645872905432,0.12103197122574788,0.5579045441352832,0.03271629770660658,CNN-LSTM
S256,0.22926990821463145,0.17768530731335663,0.1407818058221537,0.25895823066433604,0.15709449184312535,0.03621025614239617,LSTM
S257,0.23717349195595522,0.1529503695468461,0.1141567412489353,0.1812447697859627,0.23124952388025452,0.08322510358204643,1D-CNN
S258,0.10637714114752422,0.09082356018575051,0.44638426558894323,0.10867359707166939,0.2059817142645244,0.04175972174158822,BiLSTM
S259,0.07584494757005764,0.11032422606875235,0.15368977648917365,0.2597755854821285,0.28859141450390885,0.1117740498859793,CNN-LSTM
S260,0.31831348975815416,0.06866617433354708,0.14368390158479336,0.1152503687055759,0.295612089758049,0.0584739758598806,1D-CNN
S261,0.1942764705868328,0.22827901261872063,0.15425187577633204,0.20348637048339047,0.15976552516019632,0.059940745374527385,ANN
S262,0.14966193012960347,0.2767894666200072,0.1490416017635353,0.14409246803778683,0.21430086773191648,0.06611366571715024,ANN
S263,0.0830930315469777,0.4720872639599956,0.1501382759713569,0.09767476553451367,0.16876479464245112,0.028241868344704747,ANN
S264,0.05271300854744073,0.033183055541417296,0.647502697428991,0.2135825336770512,0.03840929830913296,0.014609406495967807,BiLSTM
S265,0.22774844697796637,0.13116816477459084,0.20551323310204264,0.20055901531858294,0.14010546893699682,0.09490567088982034,1D-CNN
S266,0.3180792182594198,0.31285333615319316,0.10505091672534794,0.13488185129038635,0.07597951241609961,0.05315516515555276,1D-CNN
S267,0.2231672289521295,0.3987159796397919,0.09706579959602027,0.15705061590570119,0.1152916943236324,0.00870868158272487,ANN
S268,0.20435348083180385,0.14786531657100904,0.1581211152316036,0.22713385413824483,0.2074524685334898,0.05507376469384823,LSTM
S269,0.1688177980948474,0.07461370621796234,0.394280113748075,0.17817647261198524,0.11506560723806525,0.06904630208906422,BiLSTM
S270,0.08600573051211123,0.263804653555379,0.276884673495789,0.1321255023908918,0.15415192711861353,0.0870275129272155,BiLSTM
S271,0.14279041461279332,0.4885546257642945,0.1100926572056557,0.11376444792131146,0.1024830291149966,0.04231482538094758,ANN
S272,0.14770131281881832,0.38297238906397846,0.15289938853726867,0.12630556708985285,0.14018580446808165,0.04993553802199969,ANN
S273,0.26265131965221594,0.19246241638053482,0.2671531832006603,0.12133338897886017,0.09704658286535794,0.05935310892237057,BiLSTM
S274,0.28320613664631844,0.24818446275272588,0.1537820708512158,0.15973580559592662,0.1137852646307493,0.041306259523064465,1D-CNN
S275,0.16432298177966265,0.09494485020285034,0.1531668925924455,0.3167929698853055,0.21908346135045642,0.051688844189279534,LSTM
S276,0.18762914741725997,0.062136966115934715,0.1357292016690488,0.521245845159202,0.06412625413993649,0.029132585498618434,LSTM
S277,0.35202077621202826,0.08807999743466072,0.13213039663714113,0.11579973154249316,0.2628817776151998,0.04908732055847708,1D-CNN
S278,0.09128350274211858,0.2505768272621491,0.26495100213676775,0.10638261892319997,0.23353204602516714,0.05327400291059755,BiLSTM
S279,0.09697449882855368,0.10434493756001097,0.13928495194795545,0.47525285978347087,0.12338746448433387,0.060755287395674956,LSTM
S280,0.12144774291004759,0.6297040224590781,0.0919042553483816,0.06497774911623021,0.07247522171921354,0.019491008447048153,ANN
S281,0.01165888426416868,0.03710271234112026,0.9124782695430711,0.02205004630977027,0.00914429311416863,0.00756579442770189,BiLSTM
S282,0.0826321258654514,0.18403383485253116,0.20061308720742968,0.3743119517974632,0.09324613266053457,0.06516286761659011,LSTM
S283,0.14325214619251675,0.11926584589978129,0.2008975398307651,0.27502699940504755,0.2117619282375418,0.04979554043434753,LSTM
S284,0.1002557551358363,0.14045553266723906,0.3789261161328425,0.12945900613885805,0.222571716020662,0.028331873904561947,BiLSTM
S285,0.07591728700418182,0.12243725831061229,0.2105239088573935,0.23776330218566272,0.2246370677115743,0.12872117593057522,LSTM
S286,0.07201793028887069,0.14218978384043604,0.22559183162993038,0.24738836939449996,0.2738052138224815,0.03900687102378169,CNN-LSTM
S287,0.1437973427387321,0.4295444850014762,0.0781002891247169,0.13905236434503943,0.18893940234552012,0.020566116444515094,ANN
S288,0.19492235059709598,0.15547883381714084,0.11480636750767481,0.2633453869012087,0.1688029554505125,0.10264410572636692,LSTM
S289,0.21877645287984895,0.14214736171970968,0.11220925488073463,0.17135085271433542,0.2946818286530197,0.06083424915235162,CNN-LSTM
S290,0.23366756595707666,0.09817465925181279,0.36694889725415214,0.06355818499670025,0.2144141258091715,0.023236566731086306,BiLSTM
S291,0.15635447027813917,0.14850312491714365,0.33382920792393694,0.1759952324294761,0.11771865575772211,0.06759930869358244,BiLSTM
S292,0.12940850404367063,0.42940370537521055,0.19116277921351724,0.12046991240100648,0.09327172011264846,0.03628337885394686,ANN
S293,0.16603361203725714,0.32188514665209306,0.2933763888291441,0.08466505041430593,0.1085647944048241,0.025475007662375922,ANN
S294,0.166102394232003,0.12180316018889431,0.15898266582413598,0.1876163059516107,0.2861640704390424,0.07933140336431384,CNN-LSTM
S295,0.04900642850190699,0.37422428469508096,0.4123664526603832,0.09698325223740016,0.05594721136832657,0.01147237053690189,BiLSTM
S296,0.09221629540334207,0.313290149739957,0.11673030640041761,0.229254522212377,0.223977693294408,0.02453103294949813,ANN
S297,0.10630622081197133,0.07930542545953186,0.06101179691377481,0.07408583026934928,0.6166739753127285,0.06261675123264428,CNN-LSTM
S298,0.16541855319866744,0.09327735875594861,0.17186032511866095,0.3729850727181296,0.12558531573690573,0.07087337447168723,LSTM
S299,0.024167408421134896,0.7080680500719438,0.16265082434134387,0.053797444892741714,0.044480087023611656,0.006836185249224393,ANN
S300,0.16719126028982823,0.12966029116514316,0.13644653278653016,0.23540868884708965,0.22995805738801017,0.10133516952339866,LSTM
S301,0.6000181923983031,0.09888345246101633,0.11772962812138982,0.10072611937088176,0.05662788066024853,0.026014726988160514,1D-CNN
S302,0.2401132368396705,0.18613595947914907,0.14997489670612466,0.1959838934424361,0.137322456573409,0.09046955695921034,1D-CNN
S303,0.13579588127044204,0.3473555331563572,0.1274927142553577,0.20080861363227287,0.10559856655290296,0.08294869113266731,ANN
S304,0.12579092392831817,0.07919959671797454,0.1366263973779772,0.4964833779787419,0.10215541181349373,0.05974429218349465,LSTM
S305,0.0811101741203753,0.06541871987021661,0.6100823733086497,0.07861054116273558,0.1360660173674759,0.02871217417054682,BiLSTM
S306,0.13108820398123902,0.20758290251608963,0.17165855990422266,0.17089513301327333,0.18301581456291605,0.13575938602225945,ANN
S307,0.04963245142849649,0.2754045846546005,0.15006131403285913,0.07790507718549936,0.42159718093055815,0.025399391767986636,CNN-LSTM
